32
89 49 80 91 60 49 38 91 4 91 1 63 92 12 94 67 34 51 69 83 7 66 69 38 23 15 31 45 16 67 78 46 
41 25 55 62 60 57 97 30 3 6 43 52 55 93 77 27 71 60 1 28 42 58 93 74 70 11 66 13 85 4 60 49 
15 23 33 41 34 53 72 84 96 94 58 33 4 95 95 37 75 7 27 66 18 26 64 94 47 39 43 99 41 21 77 16 
29 54 42 93 86 81 54 55 39 99 1 14 70 6 66 66 25 44 13 23 98 37 16 11 19 45 67 97 90 33 60 13 
54 96 55 3 93 62 75 21 85 44 98 5 70 7 9 57 5 66 70 12 53 45 17 53 32 19 50 33 65 34 58 17 
43 12 77 53 65 25 72 16 28 64 94 90 79 78 78 3 54 76 48 60 55 50 48 36 38 50 74 56 12 60 94 29 
87 35 57 33 49 62 77 50 37 13 35 61 28 16 10 62 15 95 13 83 30 64 46 55 13 31 12 10 40 57 50 39 
42 37 27 8 81 2 94 89 66 93 26 9 4 15 99 39 73 79 80 71 49 66 1 79 52 38 46 58 98 30 29 92 
75 51 52 17 66 38 62 87 48 58 78 21 37 68 16 39 82 44 53 48 78 19 52 28 46 35 48 4 8 3 87 16 
67 100 43 98 33 69 69 43 8 19 43 75 42 7 3 83 29 11 91 92 66 50 76 70 20 84 68 41 83 24 27 84 
30 17 85 67 69 37 34 78 37 28 43 60 12 67 20 29 13 56 81 81 39 91 36 13 66 94 14 41 15 17 35 56 
44 34 56 4 39 85 16 76 6 18 91 69 26 29 41 92 7 21 89 86 44 34 45 85 53 8 76 51 21 93 68 92 
57 44 48 40 15 76 16 92 48 77 25 38 56 3 78 77 45 20 70 1 72 12 39 68 25 96 62 89 67 4 47 41 
82 64 46 72 71 49 39 77 17 36 92 66 94 11 23 7 40 6 6 66 99 44 30 72 71 58 8 13 61 42 39 98 
16 62 84 47 65 42 85 16 93 64 33 39 45 68 82 72 79 6 98 82 68 83 62 23 6 8 87 66 38 76 96 86 
1 6 29 26 78 46 16 54 79 52 39 11 19 83 10 29 22 65 62 96 12 57 57 96 14 96 75 75 15 59 36 70 
71 46 36 30 23 26 6 92 87 8 56 99 15 40 72 44 61 31 28 43 58 72 87 84 37 21 38 85 6 28 46 73 
14 38 29 82 48 40 59 66 47 28 14 57 56 88 96 71 94 19 84 8 1 6 78 54 23 54 18 41 4 37 28 26 
57 77 16 34 61 47 44 21 71 47 34 58 40 54 72 47 54 45 14 29 12 64 35 1 39 56 15 72 78 8 16 76 
51 92 76 32 21 38 10 47 96 12 63 11 88 96 92 53 68 23 1 74 89 12 43 30 20 12 67 36 89 29 2 97 
14 44 10 81 81 33 2 75 62 21 89 38 24 48 64 68 45 67 5 16 90 1 80 19 41 89 26 38 72 95 97 11 
63 82 30 60 35 1 22 65 72 80 64 32 48 79 59 55 47 41 41 54 83 26 26 7 24 93 38 26 82 75 48 33 
96 76 6 88 32 93 11 18 15 94 47 78 100 63 79 17 97 50 20 94 23 13 88 14 31 74 42 57 62 65 23 81 
5 23 57 32 10 10 76 34 3 93 36 94 44 84 10 17 41 76 1 36 2 2 73 34 80 90 57 37 40 19 61 68 
40 20 6 75 56 69 24 17 5 19 27 24 13 79 15 2 15 52 88 8 48 10 32 98 57 23 38 46 25 69 76 21 
19 16 94 60 4 39 28 100 30 67 61 59 17 48 91 43 64 6 58 91 31 93 12 86 8 94 73 31 6 3 38 2 
64 12 10 84 62 40 41 82 49 89 51 52 11 68 59 60 20 26 30 66 27 42 91 43 97 47 81 46 77 81 13 8 
59 6 59 22 2 96 67 21 84 28 12 33 77 24 77 83 18 75 43 59 60 93 98 68 55 44 44 99 80 35 92 18 
82 38 96 87 41 86 99 88 40 42 55 74 80 8 40 53 99 51 92 32 72 77 21 86 65 19 36 83 72 48 6 65 
85 15 24 62 56 30 39 89 45 34 38 97 68 99 21 93 77 82 38 93 59 58 92 2 46 39 34 14 59 83 89 52 
19 60 55 79 38 35 71 60 94 57 95 68 78 79 43 61 63 75 34 21 85 7 13 65 8 22 91 51 18 93 61 87 
31 72 31 95 48 96 90 23 24 83 3 7 36 42 74 55 87 50 71 8 83 75 97 17 88 29 57 72 81 74 10 63 
0.0 1.0 1.0 1.0 1.0 1.0 1.0 1.0 1.0 1.0 1.0 1.0 1.0 1.0 1.0 1.0 1.0 1.0 1.0 1.0 1.0 1.0 1.0 1.0 1.0 1.0 1.0 1.0 1.0 1.0 1.0 1.0 
1.0 0.0 1.0 1.0 1.0 1.0 1.0 1.0 1.0 1.0 1.0 1.0 1.0 1.0 1.0 1.0 1.0 1.0 1.0 1.0 1.0 1.0 1.0 1.0 1.0 1.0 1.0 1.0 1.0 1.0 1.0 1.0 
1.0 1.0 0.0 1.0 1.0 1.0 1.0 1.0 1.0 1.0 1.0 1.0 1.0 1.0 1.0 1.0 1.0 1.0 1.0 1.0 1.0 1.0 1.0 1.0 1.0 1.0 1.0 1.0 1.0 1.0 1.0 1.0 
1.0 1.0 1.0 0.0 1.0 1.0 1.0 1.0 1.0 1.0 1.0 1.0 1.0 1.0 1.0 1.0 1.0 1.0 1.0 1.0 1.0 1.0 1.0 1.0 1.0 1.0 1.0 1.0 1.0 1.0 1.0 1.0 
1.0 1.0 1.0 1.0 0.0 1.0 1.0 1.0 1.0 1.0 1.0 1.0 1.0 1.0 1.0 1.0 1.0 1.0 1.0 1.0 1.0 1.0 1.0 1.0 1.0 1.0 1.0 1.0 1.0 1.0 1.0 1.0 
1.0 1.0 1.0 1.0 1.0 0.0 1.0 1.0 1.0 1.0 1.0 1.0 1.0 1.0 1.0 1.0 1.0 1.0 1.0 1.0 1.0 1.0 1.0 1.0 1.0 1.0 1.0 1.0 1.0 1.0 1.0 1.0 
1.0 1.0 1.0 1.0 1.0 1.0 0.0 1.0 1.0 1.0 1.0 1.0 1.0 1.0 1.0 1.0 1.0 1.0 1.0 1.0 1.0 1.0 1.0 1.0 1.0 1.0 1.0 1.0 1.0 1.0 1.0 1.0 
1.0 1.0 1.0 1.0 1.0 1.0 1.0 0.0 1.0 1.0 1.0 1.0 1.0 1.0 1.0 1.0 1.0 1.0 1.0 1.0 1.0 1.0 1.0 1.0 1.0 1.0 1.0 1.0 1.0 1.0 1.0 1.0 
1.0 1.0 1.0 1.0 1.0 1.0 1.0 1.0 0.0 1.0 1.0 1.0 1.0 1.0 1.0 1.0 1.0 1.0 1.0 1.0 1.0 1.0 1.0 1.0 1.0 1.0 1.0 1.0 1.0 1.0 1.0 1.0 
1.0 1.0 1.0 1.0 1.0 1.0 1.0 1.0 1.0 0.0 1.0 1.0 1.0 1.0 1.0 1.0 1.0 1.0 1.0 1.0 1.0 1.0 1.0 1.0 1.0 1.0 1.0 1.0 1.0 1.0 1.0 1.0 
1.0 1.0 1.0 1.0 1.0 1.0 1.0 1.0 1.0 1.0 0.0 1.0 1.0 1.0 1.0 1.0 1.0 1.0 1.0 1.0 1.0 1.0 1.0 1.0 1.0 1.0 1.0 1.0 1.0 1.0 1.0 1.0 
1.0 1.0 1.0 1.0 1.0 1.0 1.0 1.0 1.0 1.0 1.0 0.0 1.0 1.0 1.0 1.0 1.0 1.0 1.0 1.0 1.0 1.0 1.0 1.0 1.0 1.0 1.0 1.0 1.0 1.0 1.0 1.0 
1.0 1.0 1.0 1.0 1.0 1.0 1.0 1.0 1.0 1.0 1.0 1.0 0.0 1.0 1.0 1.0 1.0 1.0 1.0 1.0 1.0 1.0 1.0 1.0 1.0 1.0 1.0 1.0 1.0 1.0 1.0 1.0 
1.0 1.0 1.0 1.0 1.0 1.0 1.0 1.0 1.0 1.0 1.0 1.0 1.0 0.0 1.0 1.0 1.0 1.0 1.0 1.0 1.0 1.0 1.0 1.0 1.0 1.0 1.0 1.0 1.0 1.0 1.0 1.0 
1.0 1.0 1.0 1.0 1.0 1.0 1.0 1.0 1.0 1.0 1.0 1.0 1.0 1.0 0.0 1.0 1.0 1.0 1.0 1.0 1.0 1.0 1.0 1.0 1.0 1.0 1.0 1.0 1.0 1.0 1.0 1.0 
1.0 1.0 1.0 1.0 1.0 1.0 1.0 1.0 1.0 1.0 1.0 1.0 1.0 1.0 1.0 0.0 1.0 1.0 1.0 1.0 1.0 1.0 1.0 1.0 1.0 1.0 1.0 1.0 1.0 1.0 1.0 1.0 
1.0 1.0 1.0 1.0 1.0 1.0 1.0 1.0 1.0 1.0 1.0 1.0 1.0 1.0 1.0 1.0 0.0 1.0 1.0 1.0 1.0 1.0 1.0 1.0 1.0 1.0 1.0 1.0 1.0 1.0 1.0 1.0 
1.0 1.0 1.0 1.0 1.0 1.0 1.0 1.0 1.0 1.0 1.0 1.0 1.0 1.0 1.0 1.0 1.0 0.0 1.0 1.0 1.0 1.0 1.0 1.0 1.0 1.0 1.0 1.0 1.0 1.0 1.0 1.0 
1.0 1.0 1.0 1.0 1.0 1.0 1.0 1.0 1.0 1.0 1.0 1.0 1.0 1.0 1.0 1.0 1.0 1.0 0.0 1.0 1.0 1.0 1.0 1.0 1.0 1.0 1.0 1.0 1.0 1.0 1.0 1.0 
1.0 1.0 1.0 1.0 1.0 1.0 1.0 1.0 1.0 1.0 1.0 1.0 1.0 1.0 1.0 1.0 1.0 1.0 1.0 0.0 1.0 1.0 1.0 1.0 1.0 1.0 1.0 1.0 1.0 1.0 1.0 1.0 
1.0 1.0 1.0 1.0 1.0 1.0 1.0 1.0 1.0 1.0 1.0 1.0 1.0 1.0 1.0 1.0 1.0 1.0 1.0 1.0 0.0 1.0 1.0 1.0 1.0 1.0 1.0 1.0 1.0 1.0 1.0 1.0 
1.0 1.0 1.0 1.0 1.0 1.0 1.0 1.0 1.0 1.0 1.0 1.0 1.0 1.0 1.0 1.0 1.0 1.0 1.0 1.0 1.0 0.0 1.0 1.0 1.0 1.0 1.0 1.0 1.0 1.0 1.0 1.0 
1.0 1.0 1.0 1.0 1.0 1.0 1.0 1.0 1.0 1.0 1.0 1.0 1.0 1.0 1.0 1.0 1.0 1.0 1.0 1.0 1.0 1.0 0.0 1.0 1.0 1.0 1.0 1.0 1.0 1.0 1.0 1.0 
1.0 1.0 1.0 1.0 1.0 1.0 1.0 1.0 1.0 1.0 1.0 1.0 1.0 1.0 1.0 1.0 1.0 1.0 1.0 1.0 1.0 1.0 1.0 0.0 1.0 1.0 1.0 1.0 1.0 1.0 1.0 1.0 
1.0 1.0 1.0 1.0 1.0 1.0 1.0 1.0 1.0 1.0 1.0 1.0 1.0 1.0 1.0 1.0 1.0 1.0 1.0 1.0 1.0 1.0 1.0 1.0 0.0 1.0 1.0 1.0 1.0 1.0 1.0 1.0 
1.0 1.0 1.0 1.0 1.0 1.0 1.0 1.0 1.0 1.0 1.0 1.0 1.0 1.0 1.0 1.0 1.0 1.0 1.0 1.0 1.0 1.0 1.0 1.0 1.0 0.0 1.0 1.0 1.0 1.0 1.0 1.0 
1.0 1.0 1.0 1.0 1.0 1.0 1.0 1.0 1.0 1.0 1.0 1.0 1.0 1.0 1.0 1.0 1.0 1.0 1.0 1.0 1.0 1.0 1.0 1.0 1.0 1.0 0.0 1.0 1.0 1.0 1.0 1.0 
1.0 1.0 1.0 1.0 1.0 1.0 1.0 1.0 1.0 1.0 1.0 1.0 1.0 1.0 1.0 1.0 1.0 1.0 1.0 1.0 1.0 1.0 1.0 1.0 1.0 1.0 1.0 0.0 1.0 1.0 1.0 1.0 
1.0 1.0 1.0 1.0 1.0 1.0 1.0 1.0 1.0 1.0 1.0 1.0 1.0 1.0 1.0 1.0 1.0 1.0 1.0 1.0 1.0 1.0 1.0 1.0 1.0 1.0 1.0 1.0 0.0 1.0 1.0 1.0 
1.0 1.0 1.0 1.0 1.0 1.0 1.0 1.0 1.0 1.0 1.0 1.0 1.0 1.0 1.0 1.0 1.0 1.0 1.0 1.0 1.0 1.0 1.0 1.0 1.0 1.0 1.0 1.0 1.0 0.0 1.0 1.0 
1.0 1.0 1.0 1.0 1.0 1.0 1.0 1.0 1.0 1.0 1.0 1.0 1.0 1.0 1.0 1.0 1.0 1.0 1.0 1.0 1.0 1.0 1.0 1.0 1.0 1.0 1.0 1.0 1.0 1.0 0.0 1.0 
1.0 1.0 1.0 1.0 1.0 1.0 1.0 1.0 1.0 1.0 1.0 1.0 1.0 1.0 1.0 1.0 1.0 1.0 1.0 1.0 1.0 1.0 1.0 1.0 1.0 1.0 1.0 1.0 1.0 1.0 1.0 0.0 