64
2 5 36 77 71 24 60 66 7 12 46 100 20 54 18 8 93 50 7 63 89 65 19 23 8 69 44 57 52 33 96 60 83 59 100 21 49 60 71 75 29 49 41 31 41 96 19 64 48 84 42 21 30 50 45 31 18 70 29 56 44 62 9 19 
54 26 4 42 45 83 63 28 13 69 55 72 82 52 56 28 93 81 79 96 44 9 97 57 10 24 41 68 19 34 100 85 35 97 14 55 3 79 61 40 97 87 17 44 63 99 24 82 26 74 60 21 72 7 14 91 3 25 98 55 82 86 51 58 
10 76 93 41 94 24 88 1 55 71 22 12 4 63 85 98 28 85 80 54 94 49 22 43 78 20 85 85 85 63 67 89 75 83 25 92 50 61 51 47 54 44 31 35 36 44 14 78 76 87 47 31 20 26 6 98 56 31 90 18 20 93 89 10 
38 60 72 33 98 40 32 15 17 89 75 19 66 90 100 42 29 39 99 45 15 6 26 23 14 94 26 61 29 36 95 69 21 14 60 4 47 10 21 40 100 50 54 25 59 16 38 83 80 18 1 34 53 25 83 67 92 23 30 25 46 2 74 22 
59 92 71 33 71 80 80 3 34 76 71 94 60 76 99 23 77 20 49 39 20 4 48 23 23 97 93 64 33 87 80 14 19 45 56 73 60 82 56 39 79 2 38 26 69 8 84 88 100 47 84 96 57 52 66 85 18 50 7 51 5 30 87 52 
8 53 71 46 2 45 54 2 98 82 54 3 20 97 92 75 23 7 30 45 24 93 44 30 39 57 20 48 21 83 91 3 57 89 49 24 24 20 50 47 95 74 92 56 5 55 65 93 91 36 84 93 29 53 62 30 48 37 55 3 85 69 41 56 
13 45 67 4 95 88 16 81 96 15 99 66 97 43 25 94 24 49 55 4 33 13 34 4 97 72 23 2 89 23 75 78 22 4 47 40 6 56 41 92 65 31 11 53 19 85 40 37 56 24 20 73 21 18 43 81 30 4 3 61 28 31 50 42 
32 37 59 2 11 92 57 18 6 46 52 73 9 6 70 75 67 43 85 100 49 80 65 87 8 94 18 37 23 65 75 51 50 5 62 48 51 86 31 96 27 6 17 51 66 1 44 12 93 56 72 99 93 7 76 17 10 88 32 45 68 9 46 3 
44 68 62 63 15 30 87 88 52 58 68 59 100 43 68 96 20 29 20 39 32 73 22 3 21 17 49 23 68 19 15 69 80 57 73 45 95 62 95 48 11 15 24 46 4 53 61 56 23 11 46 73 11 18 85 4 95 48 4 24 11 36 66 20 
80 23 11 94 99 45 61 87 76 80 38 50 18 14 14 64 34 14 6 73 12 73 71 79 92 57 24 24 16 24 40 96 65 67 51 28 92 20 54 49 61 27 17 72 3 28 74 63 35 51 57 65 81 40 21 3 28 65 21 29 60 70 56 56 
25 4 66 61 53 97 29 32 56 60 83 62 38 13 100 3 26 55 58 9 47 62 71 93 34 59 57 32 34 77 46 80 55 59 42 95 89 2 1 17 20 89 81 23 100 38 76 85 5 12 64 82 56 54 25 62 7 13 6 10 60 50 55 46 
14 17 66 96 60 32 66 82 33 3 61 74 30 65 41 5 65 22 35 99 93 46 15 8 54 69 51 74 49 6 79 34 57 78 49 17 6 2 59 9 18 27 17 82 46 80 87 4 68 84 22 90 13 88 3 57 81 47 61 73 36 78 64 68 
35 20 5 20 34 22 24 93 27 2 3 13 78 24 35 84 11 81 59 37 46 44 3 14 23 19 89 26 83 29 97 29 14 78 15 49 46 2 60 4 77 48 6 16 88 88 18 94 12 27 76 68 60 35 77 62 22 34 99 40 77 1 46 56 
10 17 43 50 90 46 41 29 57 13 77 17 90 87 12 96 93 8 6 91 52 38 1 39 28 74 82 33 100 84 5 70 18 38 13 24 94 48 69 92 46 60 24 74 84 73 4 60 64 76 34 45 95 51 16 14 29 99 96 52 40 30 18 51 
47 92 31 71 56 9 70 39 63 16 53 11 89 60 25 37 90 50 12 19 75 13 57 48 53 16 21 28 76 73 63 8 100 67 65 23 18 70 20 45 62 35 37 85 28 53 87 41 22 88 50 19 8 60 23 12 29 55 82 67 96 100 68 57 
80 41 100 56 23 78 86 99 16 31 82 10 4 76 100 15 30 53 86 75 73 5 32 90 75 69 76 13 10 12 38 70 96 13 86 35 72 94 15 72 15 91 11 99 22 70 17 20 98 38 52 3 22 33 80 50 59 56 96 26 39 99 33 34 
70 11 45 81 35 50 79 21 40 19 83 19 47 36 53 15 88 27 97 35 56 37 78 63 21 72 1 88 3 48 5 82 88 43 54 36 44 53 66 5 24 82 7 86 33 93 42 70 34 2 22 85 27 77 48 3 64 78 90 59 79 61 64 7 
77 64 79 62 17 98 49 86 26 48 61 70 72 94 99 44 59 22 41 29 63 10 92 95 81 91 69 62 79 59 97 99 61 90 97 38 81 6 8 49 63 34 54 4 62 50 69 7 17 69 60 28 17 73 69 95 81 7 34 46 13 15 67 29 
43 38 89 57 64 74 86 79 70 2 32 36 67 15 87 79 73 34 84 90 16 83 91 82 99 2 52 80 15 5 24 64 57 20 54 73 37 15 50 63 6 84 71 16 22 63 74 47 59 1 43 18 70 86 72 87 76 16 2 10 81 88 99 35 
68 58 9 63 11 76 51 23 21 40 48 29 97 65 32 91 37 47 82 46 14 41 100 5 65 58 100 67 100 78 96 49 55 53 86 28 20 90 78 90 50 69 49 58 12 45 56 35 67 19 22 24 49 14 15 12 85 38 21 7 21 20 47 5 
30 40 3 53 90 16 73 76 23 88 44 11 72 56 88 56 40 90 69 46 91 88 9 8 28 27 27 13 49 98 40 96 48 40 25 93 19 73 85 66 67 96 17 63 98 43 49 30 29 55 30 80 96 66 42 68 13 17 2 44 50 47 7 99 
69 33 31 77 48 80 85 7 63 41 50 30 81 1 86 70 33 81 70 50 70 7 26 31 39 68 19 36 95 87 99 7 62 99 27 37 29 86 17 4 18 65 92 20 74 78 99 91 79 6 64 27 89 73 60 81 59 58 3 66 32 6 66 22 
78 86 86 49 8 6 34 77 79 38 36 56 42 37 16 22 58 68 99 41 28 91 100 2 32 95 81 87 97 4 23 2 42 46 13 78 99 14 13 98 47 62 42 76 17 39 6 55 57 76 100 18 77 19 73 88 55 58 99 93 26 60 65 47 
42 57 13 32 36 25 4 57 18 70 28 33 75 65 87 50 38 26 52 30 100 12 25 91 42 19 37 60 96 15 31 44 91 11 50 81 91 61 63 35 72 33 31 34 72 62 91 57 20 10 58 63 66 72 100 51 55 29 38 38 71 28 79 33 
31 25 38 62 90 78 71 29 88 24 50 52 91 72 85 30 45 49 75 58 78 37 80 3 84 54 98 95 83 1 89 11 54 45 52 94 41 85 39 91 52 74 17 87 83 26 38 81 1 11 17 68 38 43 83 75 72 57 51 16 51 32 3 20 
55 24 46 9 79 88 43 65 52 74 39 74 64 43 17 15 93 50 61 66 70 39 82 61 28 53 19 20 82 42 81 29 32 14 68 87 50 17 48 7 71 14 45 88 28 39 10 17 46 98 61 95 92 90 46 52 45 75 56 20 38 22 47 64 
56 14 64 98 43 74 21 34 26 15 89 33 2 38 100 65 5 79 49 86 27 20 40 48 61 38 48 9 63 26 69 27 40 94 90 47 69 64 83 86 2 33 22 84 60 11 31 94 40 20 23 62 99 72 62 17 78 41 31 73 38 97 89 71 
62 34 76 11 13 4 43 6 8 76 29 37 72 95 34 31 99 13 71 70 37 91 15 79 86 31 78 95 45 93 71 34 48 53 100 73 86 1 26 89 42 30 15 3 3 53 96 53 96 54 13 3 40 7 52 26 100 67 28 45 59 57 21 98 
66 97 55 92 63 44 83 89 64 46 22 96 81 28 62 31 95 4 48 92 90 38 42 20 40 29 1 27 98 50 98 36 91 45 53 33 91 6 30 6 9 77 76 68 68 82 54 49 80 30 60 82 25 52 89 72 58 46 44 8 59 83 88 72 
95 72 1 64 40 45 13 85 61 42 46 94 75 71 23 82 50 36 10 64 85 50 84 15 64 41 42 72 23 47 15 31 13 18 40 29 92 15 77 23 1 17 93 30 13 91 28 28 81 48 23 20 96 78 75 43 2 71 45 87 52 90 12 42 
18 20 11 74 18 48 41 72 29 55 54 50 96 79 16 94 31 54 99 78 20 56 61 15 16 67 94 18 66 38 45 18 47 55 37 26 72 32 79 65 59 85 48 63 81 86 20 45 68 19 13 33 67 27 98 70 30 11 26 37 2 68 55 60 
13 64 82 50 78 80 81 77 54 16 13 91 61 74 54 80 92 29 42 80 24 76 29 47 93 88 61 24 39 4 35 80 8 16 4 10 86 25 17 81 16 69 48 49 8 14 18 22 35 23 93 88 57 65 16 22 10 53 44 46 95 29 60 50 
41 82 92 30 33 36 94 98 22 33 76 40 95 32 55 72 14 99 84 65 88 77 32 1 7 96 13 36 28 68 22 76 72 1 15 20 48 35 30 13 18 17 46 99 91 60 82 66 37 78 92 38 60 5 55 80 50 97 89 76 22 88 94 46 
90 77 32 73 67 66 8 27 4 71 91 32 83 47 20 75 91 74 72 98 13 66 38 79 78 32 17 95 67 7 72 54 18 79 93 82 20 81 54 48 14 63 3 33 4 31 96 26 64 90 95 58 51 26 83 80 1 76 61 99 96 24 63 100 
93 4 39 41 60 2 74 66 14 27 48 20 64 46 4 79 85 27 63 1 91 94 60 38 64 82 54 72 29 39 31 80 41 97 6 60 15 3 70 48 98 94 11 19 29 12 73 98 66 70 59 53 88 37 82 35 44 46 50 40 29 42 67 65 
63 79 78 46 84 2 86 26 18 43 50 13 22 15 21 76 19 89 10 12 90 14 25 66 42 69 66 87 67 48 68 29 57 71 99 9 78 88 19 57 73 63 7 5 15 85 7 18 27 44 50 65 25 74 72 31 32 94 61 44 86 41 63 82 
17 78 23 25 21 96 87 3 94 52 52 24 39 83 92 97 16 84 73 81 74 100 53 36 34 51 64 70 15 34 92 85 59 85 39 77 41 1 87 2 39 67 38 41 58 43 62 70 36 9 54 33 62 8 32 38 99 96 19 78 13 99 39 83 
15 21 2 59 81 78 40 33 59 72 43 21 82 65 80 29 74 32 5 4 85 89 62 85 9 10 94 37 2 62 44 23 96 90 36 3 46 13 41 84 66 66 72 66 59 11 80 97 5 40 38 36 47 87 20 100 99 26 65 3 27 63 23 60 
72 91 33 83 32 86 93 23 51 19 16 20 18 17 85 10 51 17 52 33 54 59 50 19 43 45 37 88 98 90 33 86 28 64 89 20 1 61 10 90 57 85 81 53 66 72 42 4 1 71 9 64 30 72 92 13 55 47 89 6 48 49 31 97 
19 4 11 54 88 2 16 81 38 58 12 20 12 69 4 57 23 29 51 62 69 84 59 96 16 10 97 25 83 36 36 5 93 20 76 56 32 98 19 45 75 51 96 1 85 10 46 57 13 25 86 73 44 88 18 47 11 97 98 76 43 27 33 12 
55 36 1 81 61 54 33 90 32 53 27 76 61 85 100 67 23 52 23 3 20 58 97 96 33 77 76 31 90 69 53 33 94 89 25 14 98 13 100 55 50 41 69 17 63 39 30 14 93 1 53 78 38 27 26 44 20 35 78 55 57 76 84 96 
51 85 50 50 83 71 91 79 31 85 27 38 17 28 13 7 52 37 87 12 65 8 64 61 68 39 44 96 25 15 5 37 73 66 30 40 54 3 79 79 49 63 33 56 95 53 61 29 71 66 94 97 54 97 69 41 96 36 100 67 39 79 95 48 
13 95 20 86 20 6 6 75 1 80 22 27 6 20 22 38 54 37 48 42 34 43 47 21 20 100 9 2 82 46 90 31 89 70 10 46 78 37 30 14 15 59 100 78 67 65 46 56 89 7 80 70 7 53 84 10 67 65 81 17 27 75 5 59 
75 17 86 51 48 78 95 49 99 48 19 6 37 26 77 83 47 56 4 91 20 88 94 77 78 96 9 96 95 57 99 47 14 19 14 94 23 91 97 99 5 86 81 13 26 14 36 93 97 59 71 52 5 14 73 94 27 7 25 65 18 17 51 18 
1 51 80 79 85 15 38 80 76 74 75 24 15 67 57 1 80 58 97 91 6 52 55 24 73 49 61 38 69 55 86 47 81 71 86 35 32 75 82 1 15 81 23 74 17 19 75 84 11 93 23 4 21 41 27 61 55 30 71 44 94 29 67 58 
72 28 19 91 70 80 64 42 45 53 71 57 95 79 76 67 49 86 79 22 47 32 17 61 6 57 43 67 43 70 86 68 44 67 98 4 26 45 8 93 15 1 22 53 54 98 24 58 73 54 28 50 41 26 58 31 74 72 14 3 98 39 86 56 
69 11 55 30 12 63 30 29 21 81 23 67 32 1 20 70 41 14 50 72 61 85 70 21 15 85 60 53 84 47 69 54 54 67 36 4 47 2 62 11 72 87 43 81 34 62 1 32 3 56 19 93 99 69 61 18 42 98 23 59 65 84 49 51 
41 54 37 1 1 7 76 81 88 57 53 45 38 11 37 41 31 37 99 51 85 49 8 60 17 44 34 94 10 85 89 29 36 64 58 57 80 6 40 37 99 55 50 37 51 3 53 74 26 16 6 89 60 90 60 96 19 93 37 61 17 10 26 54 
3 69 80 64 76 62 46 2 58 22 71 86 71 86 30 60 19 52 32 32 79 4 59 92 30 55 3 17 64 5 29 50 39 43 3 21 76 53 50 38 53 63 23 66 12 8 61 77 71 18 86 85 51 87 61 47 86 47 14 4 22 66 20 98 
25 13 9 39 4 70 42 25 78 17 17 34 86 91 32 14 33 59 13 9 89 25 69 91 2 83 26 20 33 100 37 27 72 15 78 36 30 55 20 14 24 58 41 98 2 86 35 70 50 79 23 35 28 91 96 75 47 49 59 46 76 45 41 39 
89 54 65 81 22 64 52 39 25 46 45 91 99 3 50 72 39 57 16 56 10 48 87 34 24 3 4 34 83 53 2 46 45 99 45 22 39 74 43 97 95 95 25 36 52 90 30 69 85 23 90 12 95 21 30 38 30 96 84 42 79 70 90 43 
56 96 30 94 32 57 64 82 97 34 59 98 73 1 33 27 50 43 8 5 82 20 84 48 86 32 100 45 6 50 17 42 3 2 66 19 11 36 52 70 11 21 34 12 30 37 83 74 45 27 13 99 52 9 18 2 48 77 99 95 14 45 38 84 
9 66 52 83 51 57 19 25 11 51 42 76 6 89 68 17 43 54 37 87 39 15 13 30 11 84 81 39 68 91 95 27 89 11 6 42 48 71 58 55 9 23 96 81 9 32 2 54 83 84 86 9 64 84 31 47 29 53 96 61 74 98 47 16 
21 64 58 38 49 71 42 63 65 25 54 13 8 61 4 48 79 16 19 27 60 44 37 25 17 3 42 31 16 11 13 93 31 87 16 89 4 58 20 88 6 80 16 24 25 70 72 68 41 9 27 53 8 39 50 100 1 40 60 82 85 1 26 41 
51 58 66 39 19 31 12 14 8 52 91 57 76 48 92 33 84 52 43 11 100 89 37 46 63 60 85 18 15 5 27 41 54 41 22 89 53 10 34 72 95 19 63 72 31 96 3 74 10 49 78 43 14 8 81 24 91 17 47 89 14 94 50 91 
96 99 63 61 31 73 38 91 45 32 52 94 77 27 74 53 61 50 33 6 60 44 96 36 57 31 25 71 68 88 43 67 36 18 31 68 98 83 70 40 100 53 55 24 18 18 66 51 58 55 23 30 65 60 57 32 89 94 18 69 15 96 34 91 
14 4 9 26 22 57 70 52 53 85 10 32 58 69 76 10 94 83 51 12 26 69 68 85 99 57 43 15 40 15 93 15 18 9 76 60 30 38 96 70 36 1 11 35 72 51 96 73 26 55 99 65 40 21 9 18 57 32 66 39 20 34 33 61 
46 34 13 27 48 35 31 47 13 56 13 86 7 80 29 44 16 1 77 88 28 45 39 73 32 43 39 94 85 42 38 15 42 96 3 24 34 46 38 63 63 23 94 24 61 4 14 78 16 80 81 31 9 99 51 57 51 21 52 69 74 58 76 1 
31 64 28 87 93 25 96 78 68 73 96 41 38 25 69 42 6 71 16 3 1 74 83 51 75 99 40 12 42 84 86 51 55 25 84 9 30 37 81 2 64 36 23 75 16 60 95 35 17 95 72 12 54 40 23 64 36 14 100 51 47 96 18 55 
94 44 47 50 90 18 76 67 23 74 51 90 49 85 96 17 6 66 5 58 40 97 27 21 57 91 31 14 55 10 8 80 86 25 28 9 99 47 24 66 8 53 74 45 92 78 78 4 41 76 97 35 14 72 43 8 15 67 90 2 43 56 5 86 
19 39 45 11 85 26 32 34 38 6 5 60 23 100 99 12 49 77 9 15 26 6 80 92 84 84 76 19 98 88 95 84 45 37 4 54 99 57 24 68 54 56 74 16 98 81 8 14 5 41 38 59 2 68 97 34 37 51 14 68 49 36 14 77 
7 87 32 68 92 11 75 83 78 39 73 63 46 29 79 24 35 1 79 38 20 36 16 72 82 90 76 65 95 40 85 95 67 17 7 55 33 11 38 65 8 37 20 96 20 13 30 77 6 16 87 68 63 68 41 51 36 73 69 36 64 86 29 98 
88 96 41 79 54 6 76 76 35 53 54 100 99 85 60 14 88 65 8 73 67 73 30 67 4 20 95 31 59 77 47 30 15 98 64 9 57 61 96 81 10 16 29 98 63 10 47 85 63 9 82 84 15 80 99 66 89 55 59 40 54 85 99 12 
26 37 78 37 30 59 28 57 34 36 99 76 40 17 62 14 28 93 88 82 24 82 73 57 45 25 85 20 63 64 29 26 38 88 28 65 20 98 64 10 51 25 99 95 50 72 11 64 97 99 49 64 28 45 60 43 27 19 46 28 72 84 85 14 
0.0 1.0 1.0 1.0 1.0 1.0 1.0 1.0 1.0 1.0 1.0 1.0 1.0 1.0 1.0 1.0 1.0 1.0 1.0 1.0 1.0 1.0 1.0 1.0 1.0 1.0 1.0 1.0 1.0 1.0 1.0 1.0 1.0 1.0 1.0 1.0 1.0 1.0 1.0 1.0 1.0 1.0 1.0 1.0 1.0 1.0 1.0 1.0 1.0 1.0 1.0 1.0 1.0 1.0 1.0 1.0 1.0 1.0 1.0 1.0 1.0 1.0 1.0 1.0 
1.0 0.0 1.0 1.0 1.0 1.0 1.0 1.0 1.0 1.0 1.0 1.0 1.0 1.0 1.0 1.0 1.0 1.0 1.0 1.0 1.0 1.0 1.0 1.0 1.0 1.0 1.0 1.0 1.0 1.0 1.0 1.0 1.0 1.0 1.0 1.0 1.0 1.0 1.0 1.0 1.0 1.0 1.0 1.0 1.0 1.0 1.0 1.0 1.0 1.0 1.0 1.0 1.0 1.0 1.0 1.0 1.0 1.0 1.0 1.0 1.0 1.0 1.0 1.0 
1.0 1.0 0.0 1.0 1.0 1.0 1.0 1.0 1.0 1.0 1.0 1.0 1.0 1.0 1.0 1.0 1.0 1.0 1.0 1.0 1.0 1.0 1.0 1.0 1.0 1.0 1.0 1.0 1.0 1.0 1.0 1.0 1.0 1.0 1.0 1.0 1.0 1.0 1.0 1.0 1.0 1.0 1.0 1.0 1.0 1.0 1.0 1.0 1.0 1.0 1.0 1.0 1.0 1.0 1.0 1.0 1.0 1.0 1.0 1.0 1.0 1.0 1.0 1.0 
1.0 1.0 1.0 0.0 1.0 1.0 1.0 1.0 1.0 1.0 1.0 1.0 1.0 1.0 1.0 1.0 1.0 1.0 1.0 1.0 1.0 1.0 1.0 1.0 1.0 1.0 1.0 1.0 1.0 1.0 1.0 1.0 1.0 1.0 1.0 1.0 1.0 1.0 1.0 1.0 1.0 1.0 1.0 1.0 1.0 1.0 1.0 1.0 1.0 1.0 1.0 1.0 1.0 1.0 1.0 1.0 1.0 1.0 1.0 1.0 1.0 1.0 1.0 1.0 
1.0 1.0 1.0 1.0 0.0 1.0 1.0 1.0 1.0 1.0 1.0 1.0 1.0 1.0 1.0 1.0 1.0 1.0 1.0 1.0 1.0 1.0 1.0 1.0 1.0 1.0 1.0 1.0 1.0 1.0 1.0 1.0 1.0 1.0 1.0 1.0 1.0 1.0 1.0 1.0 1.0 1.0 1.0 1.0 1.0 1.0 1.0 1.0 1.0 1.0 1.0 1.0 1.0 1.0 1.0 1.0 1.0 1.0 1.0 1.0 1.0 1.0 1.0 1.0 
1.0 1.0 1.0 1.0 1.0 0.0 1.0 1.0 1.0 1.0 1.0 1.0 1.0 1.0 1.0 1.0 1.0 1.0 1.0 1.0 1.0 1.0 1.0 1.0 1.0 1.0 1.0 1.0 1.0 1.0 1.0 1.0 1.0 1.0 1.0 1.0 1.0 1.0 1.0 1.0 1.0 1.0 1.0 1.0 1.0 1.0 1.0 1.0 1.0 1.0 1.0 1.0 1.0 1.0 1.0 1.0 1.0 1.0 1.0 1.0 1.0 1.0 1.0 1.0 
1.0 1.0 1.0 1.0 1.0 1.0 0.0 1.0 1.0 1.0 1.0 1.0 1.0 1.0 1.0 1.0 1.0 1.0 1.0 1.0 1.0 1.0 1.0 1.0 1.0 1.0 1.0 1.0 1.0 1.0 1.0 1.0 1.0 1.0 1.0 1.0 1.0 1.0 1.0 1.0 1.0 1.0 1.0 1.0 1.0 1.0 1.0 1.0 1.0 1.0 1.0 1.0 1.0 1.0 1.0 1.0 1.0 1.0 1.0 1.0 1.0 1.0 1.0 1.0 
1.0 1.0 1.0 1.0 1.0 1.0 1.0 0.0 1.0 1.0 1.0 1.0 1.0 1.0 1.0 1.0 1.0 1.0 1.0 1.0 1.0 1.0 1.0 1.0 1.0 1.0 1.0 1.0 1.0 1.0 1.0 1.0 1.0 1.0 1.0 1.0 1.0 1.0 1.0 1.0 1.0 1.0 1.0 1.0 1.0 1.0 1.0 1.0 1.0 1.0 1.0 1.0 1.0 1.0 1.0 1.0 1.0 1.0 1.0 1.0 1.0 1.0 1.0 1.0 
1.0 1.0 1.0 1.0 1.0 1.0 1.0 1.0 0.0 1.0 1.0 1.0 1.0 1.0 1.0 1.0 1.0 1.0 1.0 1.0 1.0 1.0 1.0 1.0 1.0 1.0 1.0 1.0 1.0 1.0 1.0 1.0 1.0 1.0 1.0 1.0 1.0 1.0 1.0 1.0 1.0 1.0 1.0 1.0 1.0 1.0 1.0 1.0 1.0 1.0 1.0 1.0 1.0 1.0 1.0 1.0 1.0 1.0 1.0 1.0 1.0 1.0 1.0 1.0 
1.0 1.0 1.0 1.0 1.0 1.0 1.0 1.0 1.0 0.0 1.0 1.0 1.0 1.0 1.0 1.0 1.0 1.0 1.0 1.0 1.0 1.0 1.0 1.0 1.0 1.0 1.0 1.0 1.0 1.0 1.0 1.0 1.0 1.0 1.0 1.0 1.0 1.0 1.0 1.0 1.0 1.0 1.0 1.0 1.0 1.0 1.0 1.0 1.0 1.0 1.0 1.0 1.0 1.0 1.0 1.0 1.0 1.0 1.0 1.0 1.0 1.0 1.0 1.0 
1.0 1.0 1.0 1.0 1.0 1.0 1.0 1.0 1.0 1.0 0.0 1.0 1.0 1.0 1.0 1.0 1.0 1.0 1.0 1.0 1.0 1.0 1.0 1.0 1.0 1.0 1.0 1.0 1.0 1.0 1.0 1.0 1.0 1.0 1.0 1.0 1.0 1.0 1.0 1.0 1.0 1.0 1.0 1.0 1.0 1.0 1.0 1.0 1.0 1.0 1.0 1.0 1.0 1.0 1.0 1.0 1.0 1.0 1.0 1.0 1.0 1.0 1.0 1.0 
1.0 1.0 1.0 1.0 1.0 1.0 1.0 1.0 1.0 1.0 1.0 0.0 1.0 1.0 1.0 1.0 1.0 1.0 1.0 1.0 1.0 1.0 1.0 1.0 1.0 1.0 1.0 1.0 1.0 1.0 1.0 1.0 1.0 1.0 1.0 1.0 1.0 1.0 1.0 1.0 1.0 1.0 1.0 1.0 1.0 1.0 1.0 1.0 1.0 1.0 1.0 1.0 1.0 1.0 1.0 1.0 1.0 1.0 1.0 1.0 1.0 1.0 1.0 1.0 
1.0 1.0 1.0 1.0 1.0 1.0 1.0 1.0 1.0 1.0 1.0 1.0 0.0 1.0 1.0 1.0 1.0 1.0 1.0 1.0 1.0 1.0 1.0 1.0 1.0 1.0 1.0 1.0 1.0 1.0 1.0 1.0 1.0 1.0 1.0 1.0 1.0 1.0 1.0 1.0 1.0 1.0 1.0 1.0 1.0 1.0 1.0 1.0 1.0 1.0 1.0 1.0 1.0 1.0 1.0 1.0 1.0 1.0 1.0 1.0 1.0 1.0 1.0 1.0 
1.0 1.0 1.0 1.0 1.0 1.0 1.0 1.0 1.0 1.0 1.0 1.0 1.0 0.0 1.0 1.0 1.0 1.0 1.0 1.0 1.0 1.0 1.0 1.0 1.0 1.0 1.0 1.0 1.0 1.0 1.0 1.0 1.0 1.0 1.0 1.0 1.0 1.0 1.0 1.0 1.0 1.0 1.0 1.0 1.0 1.0 1.0 1.0 1.0 1.0 1.0 1.0 1.0 1.0 1.0 1.0 1.0 1.0 1.0 1.0 1.0 1.0 1.0 1.0 
1.0 1.0 1.0 1.0 1.0 1.0 1.0 1.0 1.0 1.0 1.0 1.0 1.0 1.0 0.0 1.0 1.0 1.0 1.0 1.0 1.0 1.0 1.0 1.0 1.0 1.0 1.0 1.0 1.0 1.0 1.0 1.0 1.0 1.0 1.0 1.0 1.0 1.0 1.0 1.0 1.0 1.0 1.0 1.0 1.0 1.0 1.0 1.0 1.0 1.0 1.0 1.0 1.0 1.0 1.0 1.0 1.0 1.0 1.0 1.0 1.0 1.0 1.0 1.0 
1.0 1.0 1.0 1.0 1.0 1.0 1.0 1.0 1.0 1.0 1.0 1.0 1.0 1.0 1.0 0.0 1.0 1.0 1.0 1.0 1.0 1.0 1.0 1.0 1.0 1.0 1.0 1.0 1.0 1.0 1.0 1.0 1.0 1.0 1.0 1.0 1.0 1.0 1.0 1.0 1.0 1.0 1.0 1.0 1.0 1.0 1.0 1.0 1.0 1.0 1.0 1.0 1.0 1.0 1.0 1.0 1.0 1.0 1.0 1.0 1.0 1.0 1.0 1.0 
1.0 1.0 1.0 1.0 1.0 1.0 1.0 1.0 1.0 1.0 1.0 1.0 1.0 1.0 1.0 1.0 0.0 1.0 1.0 1.0 1.0 1.0 1.0 1.0 1.0 1.0 1.0 1.0 1.0 1.0 1.0 1.0 1.0 1.0 1.0 1.0 1.0 1.0 1.0 1.0 1.0 1.0 1.0 1.0 1.0 1.0 1.0 1.0 1.0 1.0 1.0 1.0 1.0 1.0 1.0 1.0 1.0 1.0 1.0 1.0 1.0 1.0 1.0 1.0 
1.0 1.0 1.0 1.0 1.0 1.0 1.0 1.0 1.0 1.0 1.0 1.0 1.0 1.0 1.0 1.0 1.0 0.0 1.0 1.0 1.0 1.0 1.0 1.0 1.0 1.0 1.0 1.0 1.0 1.0 1.0 1.0 1.0 1.0 1.0 1.0 1.0 1.0 1.0 1.0 1.0 1.0 1.0 1.0 1.0 1.0 1.0 1.0 1.0 1.0 1.0 1.0 1.0 1.0 1.0 1.0 1.0 1.0 1.0 1.0 1.0 1.0 1.0 1.0 
1.0 1.0 1.0 1.0 1.0 1.0 1.0 1.0 1.0 1.0 1.0 1.0 1.0 1.0 1.0 1.0 1.0 1.0 0.0 1.0 1.0 1.0 1.0 1.0 1.0 1.0 1.0 1.0 1.0 1.0 1.0 1.0 1.0 1.0 1.0 1.0 1.0 1.0 1.0 1.0 1.0 1.0 1.0 1.0 1.0 1.0 1.0 1.0 1.0 1.0 1.0 1.0 1.0 1.0 1.0 1.0 1.0 1.0 1.0 1.0 1.0 1.0 1.0 1.0 
1.0 1.0 1.0 1.0 1.0 1.0 1.0 1.0 1.0 1.0 1.0 1.0 1.0 1.0 1.0 1.0 1.0 1.0 1.0 0.0 1.0 1.0 1.0 1.0 1.0 1.0 1.0 1.0 1.0 1.0 1.0 1.0 1.0 1.0 1.0 1.0 1.0 1.0 1.0 1.0 1.0 1.0 1.0 1.0 1.0 1.0 1.0 1.0 1.0 1.0 1.0 1.0 1.0 1.0 1.0 1.0 1.0 1.0 1.0 1.0 1.0 1.0 1.0 1.0 
1.0 1.0 1.0 1.0 1.0 1.0 1.0 1.0 1.0 1.0 1.0 1.0 1.0 1.0 1.0 1.0 1.0 1.0 1.0 1.0 0.0 1.0 1.0 1.0 1.0 1.0 1.0 1.0 1.0 1.0 1.0 1.0 1.0 1.0 1.0 1.0 1.0 1.0 1.0 1.0 1.0 1.0 1.0 1.0 1.0 1.0 1.0 1.0 1.0 1.0 1.0 1.0 1.0 1.0 1.0 1.0 1.0 1.0 1.0 1.0 1.0 1.0 1.0 1.0 
1.0 1.0 1.0 1.0 1.0 1.0 1.0 1.0 1.0 1.0 1.0 1.0 1.0 1.0 1.0 1.0 1.0 1.0 1.0 1.0 1.0 0.0 1.0 1.0 1.0 1.0 1.0 1.0 1.0 1.0 1.0 1.0 1.0 1.0 1.0 1.0 1.0 1.0 1.0 1.0 1.0 1.0 1.0 1.0 1.0 1.0 1.0 1.0 1.0 1.0 1.0 1.0 1.0 1.0 1.0 1.0 1.0 1.0 1.0 1.0 1.0 1.0 1.0 1.0 
1.0 1.0 1.0 1.0 1.0 1.0 1.0 1.0 1.0 1.0 1.0 1.0 1.0 1.0 1.0 1.0 1.0 1.0 1.0 1.0 1.0 1.0 0.0 1.0 1.0 1.0 1.0 1.0 1.0 1.0 1.0 1.0 1.0 1.0 1.0 1.0 1.0 1.0 1.0 1.0 1.0 1.0 1.0 1.0 1.0 1.0 1.0 1.0 1.0 1.0 1.0 1.0 1.0 1.0 1.0 1.0 1.0 1.0 1.0 1.0 1.0 1.0 1.0 1.0 
1.0 1.0 1.0 1.0 1.0 1.0 1.0 1.0 1.0 1.0 1.0 1.0 1.0 1.0 1.0 1.0 1.0 1.0 1.0 1.0 1.0 1.0 1.0 0.0 1.0 1.0 1.0 1.0 1.0 1.0 1.0 1.0 1.0 1.0 1.0 1.0 1.0 1.0 1.0 1.0 1.0 1.0 1.0 1.0 1.0 1.0 1.0 1.0 1.0 1.0 1.0 1.0 1.0 1.0 1.0 1.0 1.0 1.0 1.0 1.0 1.0 1.0 1.0 1.0 
1.0 1.0 1.0 1.0 1.0 1.0 1.0 1.0 1.0 1.0 1.0 1.0 1.0 1.0 1.0 1.0 1.0 1.0 1.0 1.0 1.0 1.0 1.0 1.0 0.0 1.0 1.0 1.0 1.0 1.0 1.0 1.0 1.0 1.0 1.0 1.0 1.0 1.0 1.0 1.0 1.0 1.0 1.0 1.0 1.0 1.0 1.0 1.0 1.0 1.0 1.0 1.0 1.0 1.0 1.0 1.0 1.0 1.0 1.0 1.0 1.0 1.0 1.0 1.0 
1.0 1.0 1.0 1.0 1.0 1.0 1.0 1.0 1.0 1.0 1.0 1.0 1.0 1.0 1.0 1.0 1.0 1.0 1.0 1.0 1.0 1.0 1.0 1.0 1.0 0.0 1.0 1.0 1.0 1.0 1.0 1.0 1.0 1.0 1.0 1.0 1.0 1.0 1.0 1.0 1.0 1.0 1.0 1.0 1.0 1.0 1.0 1.0 1.0 1.0 1.0 1.0 1.0 1.0 1.0 1.0 1.0 1.0 1.0 1.0 1.0 1.0 1.0 1.0 
1.0 1.0 1.0 1.0 1.0 1.0 1.0 1.0 1.0 1.0 1.0 1.0 1.0 1.0 1.0 1.0 1.0 1.0 1.0 1.0 1.0 1.0 1.0 1.0 1.0 1.0 0.0 1.0 1.0 1.0 1.0 1.0 1.0 1.0 1.0 1.0 1.0 1.0 1.0 1.0 1.0 1.0 1.0 1.0 1.0 1.0 1.0 1.0 1.0 1.0 1.0 1.0 1.0 1.0 1.0 1.0 1.0 1.0 1.0 1.0 1.0 1.0 1.0 1.0 
1.0 1.0 1.0 1.0 1.0 1.0 1.0 1.0 1.0 1.0 1.0 1.0 1.0 1.0 1.0 1.0 1.0 1.0 1.0 1.0 1.0 1.0 1.0 1.0 1.0 1.0 1.0 0.0 1.0 1.0 1.0 1.0 1.0 1.0 1.0 1.0 1.0 1.0 1.0 1.0 1.0 1.0 1.0 1.0 1.0 1.0 1.0 1.0 1.0 1.0 1.0 1.0 1.0 1.0 1.0 1.0 1.0 1.0 1.0 1.0 1.0 1.0 1.0 1.0 
1.0 1.0 1.0 1.0 1.0 1.0 1.0 1.0 1.0 1.0 1.0 1.0 1.0 1.0 1.0 1.0 1.0 1.0 1.0 1.0 1.0 1.0 1.0 1.0 1.0 1.0 1.0 1.0 0.0 1.0 1.0 1.0 1.0 1.0 1.0 1.0 1.0 1.0 1.0 1.0 1.0 1.0 1.0 1.0 1.0 1.0 1.0 1.0 1.0 1.0 1.0 1.0 1.0 1.0 1.0 1.0 1.0 1.0 1.0 1.0 1.0 1.0 1.0 1.0 
1.0 1.0 1.0 1.0 1.0 1.0 1.0 1.0 1.0 1.0 1.0 1.0 1.0 1.0 1.0 1.0 1.0 1.0 1.0 1.0 1.0 1.0 1.0 1.0 1.0 1.0 1.0 1.0 1.0 0.0 1.0 1.0 1.0 1.0 1.0 1.0 1.0 1.0 1.0 1.0 1.0 1.0 1.0 1.0 1.0 1.0 1.0 1.0 1.0 1.0 1.0 1.0 1.0 1.0 1.0 1.0 1.0 1.0 1.0 1.0 1.0 1.0 1.0 1.0 
1.0 1.0 1.0 1.0 1.0 1.0 1.0 1.0 1.0 1.0 1.0 1.0 1.0 1.0 1.0 1.0 1.0 1.0 1.0 1.0 1.0 1.0 1.0 1.0 1.0 1.0 1.0 1.0 1.0 1.0 0.0 1.0 1.0 1.0 1.0 1.0 1.0 1.0 1.0 1.0 1.0 1.0 1.0 1.0 1.0 1.0 1.0 1.0 1.0 1.0 1.0 1.0 1.0 1.0 1.0 1.0 1.0 1.0 1.0 1.0 1.0 1.0 1.0 1.0 
1.0 1.0 1.0 1.0 1.0 1.0 1.0 1.0 1.0 1.0 1.0 1.0 1.0 1.0 1.0 1.0 1.0 1.0 1.0 1.0 1.0 1.0 1.0 1.0 1.0 1.0 1.0 1.0 1.0 1.0 1.0 0.0 1.0 1.0 1.0 1.0 1.0 1.0 1.0 1.0 1.0 1.0 1.0 1.0 1.0 1.0 1.0 1.0 1.0 1.0 1.0 1.0 1.0 1.0 1.0 1.0 1.0 1.0 1.0 1.0 1.0 1.0 1.0 1.0 
1.0 1.0 1.0 1.0 1.0 1.0 1.0 1.0 1.0 1.0 1.0 1.0 1.0 1.0 1.0 1.0 1.0 1.0 1.0 1.0 1.0 1.0 1.0 1.0 1.0 1.0 1.0 1.0 1.0 1.0 1.0 1.0 0.0 1.0 1.0 1.0 1.0 1.0 1.0 1.0 1.0 1.0 1.0 1.0 1.0 1.0 1.0 1.0 1.0 1.0 1.0 1.0 1.0 1.0 1.0 1.0 1.0 1.0 1.0 1.0 1.0 1.0 1.0 1.0 
1.0 1.0 1.0 1.0 1.0 1.0 1.0 1.0 1.0 1.0 1.0 1.0 1.0 1.0 1.0 1.0 1.0 1.0 1.0 1.0 1.0 1.0 1.0 1.0 1.0 1.0 1.0 1.0 1.0 1.0 1.0 1.0 1.0 0.0 1.0 1.0 1.0 1.0 1.0 1.0 1.0 1.0 1.0 1.0 1.0 1.0 1.0 1.0 1.0 1.0 1.0 1.0 1.0 1.0 1.0 1.0 1.0 1.0 1.0 1.0 1.0 1.0 1.0 1.0 
1.0 1.0 1.0 1.0 1.0 1.0 1.0 1.0 1.0 1.0 1.0 1.0 1.0 1.0 1.0 1.0 1.0 1.0 1.0 1.0 1.0 1.0 1.0 1.0 1.0 1.0 1.0 1.0 1.0 1.0 1.0 1.0 1.0 1.0 0.0 1.0 1.0 1.0 1.0 1.0 1.0 1.0 1.0 1.0 1.0 1.0 1.0 1.0 1.0 1.0 1.0 1.0 1.0 1.0 1.0 1.0 1.0 1.0 1.0 1.0 1.0 1.0 1.0 1.0 
1.0 1.0 1.0 1.0 1.0 1.0 1.0 1.0 1.0 1.0 1.0 1.0 1.0 1.0 1.0 1.0 1.0 1.0 1.0 1.0 1.0 1.0 1.0 1.0 1.0 1.0 1.0 1.0 1.0 1.0 1.0 1.0 1.0 1.0 1.0 0.0 1.0 1.0 1.0 1.0 1.0 1.0 1.0 1.0 1.0 1.0 1.0 1.0 1.0 1.0 1.0 1.0 1.0 1.0 1.0 1.0 1.0 1.0 1.0 1.0 1.0 1.0 1.0 1.0 
1.0 1.0 1.0 1.0 1.0 1.0 1.0 1.0 1.0 1.0 1.0 1.0 1.0 1.0 1.0 1.0 1.0 1.0 1.0 1.0 1.0 1.0 1.0 1.0 1.0 1.0 1.0 1.0 1.0 1.0 1.0 1.0 1.0 1.0 1.0 1.0 0.0 1.0 1.0 1.0 1.0 1.0 1.0 1.0 1.0 1.0 1.0 1.0 1.0 1.0 1.0 1.0 1.0 1.0 1.0 1.0 1.0 1.0 1.0 1.0 1.0 1.0 1.0 1.0 
1.0 1.0 1.0 1.0 1.0 1.0 1.0 1.0 1.0 1.0 1.0 1.0 1.0 1.0 1.0 1.0 1.0 1.0 1.0 1.0 1.0 1.0 1.0 1.0 1.0 1.0 1.0 1.0 1.0 1.0 1.0 1.0 1.0 1.0 1.0 1.0 1.0 0.0 1.0 1.0 1.0 1.0 1.0 1.0 1.0 1.0 1.0 1.0 1.0 1.0 1.0 1.0 1.0 1.0 1.0 1.0 1.0 1.0 1.0 1.0 1.0 1.0 1.0 1.0 
1.0 1.0 1.0 1.0 1.0 1.0 1.0 1.0 1.0 1.0 1.0 1.0 1.0 1.0 1.0 1.0 1.0 1.0 1.0 1.0 1.0 1.0 1.0 1.0 1.0 1.0 1.0 1.0 1.0 1.0 1.0 1.0 1.0 1.0 1.0 1.0 1.0 1.0 0.0 1.0 1.0 1.0 1.0 1.0 1.0 1.0 1.0 1.0 1.0 1.0 1.0 1.0 1.0 1.0 1.0 1.0 1.0 1.0 1.0 1.0 1.0 1.0 1.0 1.0 
1.0 1.0 1.0 1.0 1.0 1.0 1.0 1.0 1.0 1.0 1.0 1.0 1.0 1.0 1.0 1.0 1.0 1.0 1.0 1.0 1.0 1.0 1.0 1.0 1.0 1.0 1.0 1.0 1.0 1.0 1.0 1.0 1.0 1.0 1.0 1.0 1.0 1.0 1.0 0.0 1.0 1.0 1.0 1.0 1.0 1.0 1.0 1.0 1.0 1.0 1.0 1.0 1.0 1.0 1.0 1.0 1.0 1.0 1.0 1.0 1.0 1.0 1.0 1.0 
1.0 1.0 1.0 1.0 1.0 1.0 1.0 1.0 1.0 1.0 1.0 1.0 1.0 1.0 1.0 1.0 1.0 1.0 1.0 1.0 1.0 1.0 1.0 1.0 1.0 1.0 1.0 1.0 1.0 1.0 1.0 1.0 1.0 1.0 1.0 1.0 1.0 1.0 1.0 1.0 0.0 1.0 1.0 1.0 1.0 1.0 1.0 1.0 1.0 1.0 1.0 1.0 1.0 1.0 1.0 1.0 1.0 1.0 1.0 1.0 1.0 1.0 1.0 1.0 
1.0 1.0 1.0 1.0 1.0 1.0 1.0 1.0 1.0 1.0 1.0 1.0 1.0 1.0 1.0 1.0 1.0 1.0 1.0 1.0 1.0 1.0 1.0 1.0 1.0 1.0 1.0 1.0 1.0 1.0 1.0 1.0 1.0 1.0 1.0 1.0 1.0 1.0 1.0 1.0 1.0 0.0 1.0 1.0 1.0 1.0 1.0 1.0 1.0 1.0 1.0 1.0 1.0 1.0 1.0 1.0 1.0 1.0 1.0 1.0 1.0 1.0 1.0 1.0 
1.0 1.0 1.0 1.0 1.0 1.0 1.0 1.0 1.0 1.0 1.0 1.0 1.0 1.0 1.0 1.0 1.0 1.0 1.0 1.0 1.0 1.0 1.0 1.0 1.0 1.0 1.0 1.0 1.0 1.0 1.0 1.0 1.0 1.0 1.0 1.0 1.0 1.0 1.0 1.0 1.0 1.0 0.0 1.0 1.0 1.0 1.0 1.0 1.0 1.0 1.0 1.0 1.0 1.0 1.0 1.0 1.0 1.0 1.0 1.0 1.0 1.0 1.0 1.0 
1.0 1.0 1.0 1.0 1.0 1.0 1.0 1.0 1.0 1.0 1.0 1.0 1.0 1.0 1.0 1.0 1.0 1.0 1.0 1.0 1.0 1.0 1.0 1.0 1.0 1.0 1.0 1.0 1.0 1.0 1.0 1.0 1.0 1.0 1.0 1.0 1.0 1.0 1.0 1.0 1.0 1.0 1.0 0.0 1.0 1.0 1.0 1.0 1.0 1.0 1.0 1.0 1.0 1.0 1.0 1.0 1.0 1.0 1.0 1.0 1.0 1.0 1.0 1.0 
1.0 1.0 1.0 1.0 1.0 1.0 1.0 1.0 1.0 1.0 1.0 1.0 1.0 1.0 1.0 1.0 1.0 1.0 1.0 1.0 1.0 1.0 1.0 1.0 1.0 1.0 1.0 1.0 1.0 1.0 1.0 1.0 1.0 1.0 1.0 1.0 1.0 1.0 1.0 1.0 1.0 1.0 1.0 1.0 0.0 1.0 1.0 1.0 1.0 1.0 1.0 1.0 1.0 1.0 1.0 1.0 1.0 1.0 1.0 1.0 1.0 1.0 1.0 1.0 
1.0 1.0 1.0 1.0 1.0 1.0 1.0 1.0 1.0 1.0 1.0 1.0 1.0 1.0 1.0 1.0 1.0 1.0 1.0 1.0 1.0 1.0 1.0 1.0 1.0 1.0 1.0 1.0 1.0 1.0 1.0 1.0 1.0 1.0 1.0 1.0 1.0 1.0 1.0 1.0 1.0 1.0 1.0 1.0 1.0 0.0 1.0 1.0 1.0 1.0 1.0 1.0 1.0 1.0 1.0 1.0 1.0 1.0 1.0 1.0 1.0 1.0 1.0 1.0 
1.0 1.0 1.0 1.0 1.0 1.0 1.0 1.0 1.0 1.0 1.0 1.0 1.0 1.0 1.0 1.0 1.0 1.0 1.0 1.0 1.0 1.0 1.0 1.0 1.0 1.0 1.0 1.0 1.0 1.0 1.0 1.0 1.0 1.0 1.0 1.0 1.0 1.0 1.0 1.0 1.0 1.0 1.0 1.0 1.0 1.0 0.0 1.0 1.0 1.0 1.0 1.0 1.0 1.0 1.0 1.0 1.0 1.0 1.0 1.0 1.0 1.0 1.0 1.0 
1.0 1.0 1.0 1.0 1.0 1.0 1.0 1.0 1.0 1.0 1.0 1.0 1.0 1.0 1.0 1.0 1.0 1.0 1.0 1.0 1.0 1.0 1.0 1.0 1.0 1.0 1.0 1.0 1.0 1.0 1.0 1.0 1.0 1.0 1.0 1.0 1.0 1.0 1.0 1.0 1.0 1.0 1.0 1.0 1.0 1.0 1.0 0.0 1.0 1.0 1.0 1.0 1.0 1.0 1.0 1.0 1.0 1.0 1.0 1.0 1.0 1.0 1.0 1.0 
1.0 1.0 1.0 1.0 1.0 1.0 1.0 1.0 1.0 1.0 1.0 1.0 1.0 1.0 1.0 1.0 1.0 1.0 1.0 1.0 1.0 1.0 1.0 1.0 1.0 1.0 1.0 1.0 1.0 1.0 1.0 1.0 1.0 1.0 1.0 1.0 1.0 1.0 1.0 1.0 1.0 1.0 1.0 1.0 1.0 1.0 1.0 1.0 0.0 1.0 1.0 1.0 1.0 1.0 1.0 1.0 1.0 1.0 1.0 1.0 1.0 1.0 1.0 1.0 
1.0 1.0 1.0 1.0 1.0 1.0 1.0 1.0 1.0 1.0 1.0 1.0 1.0 1.0 1.0 1.0 1.0 1.0 1.0 1.0 1.0 1.0 1.0 1.0 1.0 1.0 1.0 1.0 1.0 1.0 1.0 1.0 1.0 1.0 1.0 1.0 1.0 1.0 1.0 1.0 1.0 1.0 1.0 1.0 1.0 1.0 1.0 1.0 1.0 0.0 1.0 1.0 1.0 1.0 1.0 1.0 1.0 1.0 1.0 1.0 1.0 1.0 1.0 1.0 
1.0 1.0 1.0 1.0 1.0 1.0 1.0 1.0 1.0 1.0 1.0 1.0 1.0 1.0 1.0 1.0 1.0 1.0 1.0 1.0 1.0 1.0 1.0 1.0 1.0 1.0 1.0 1.0 1.0 1.0 1.0 1.0 1.0 1.0 1.0 1.0 1.0 1.0 1.0 1.0 1.0 1.0 1.0 1.0 1.0 1.0 1.0 1.0 1.0 1.0 0.0 1.0 1.0 1.0 1.0 1.0 1.0 1.0 1.0 1.0 1.0 1.0 1.0 1.0 
1.0 1.0 1.0 1.0 1.0 1.0 1.0 1.0 1.0 1.0 1.0 1.0 1.0 1.0 1.0 1.0 1.0 1.0 1.0 1.0 1.0 1.0 1.0 1.0 1.0 1.0 1.0 1.0 1.0 1.0 1.0 1.0 1.0 1.0 1.0 1.0 1.0 1.0 1.0 1.0 1.0 1.0 1.0 1.0 1.0 1.0 1.0 1.0 1.0 1.0 1.0 0.0 1.0 1.0 1.0 1.0 1.0 1.0 1.0 1.0 1.0 1.0 1.0 1.0 
1.0 1.0 1.0 1.0 1.0 1.0 1.0 1.0 1.0 1.0 1.0 1.0 1.0 1.0 1.0 1.0 1.0 1.0 1.0 1.0 1.0 1.0 1.0 1.0 1.0 1.0 1.0 1.0 1.0 1.0 1.0 1.0 1.0 1.0 1.0 1.0 1.0 1.0 1.0 1.0 1.0 1.0 1.0 1.0 1.0 1.0 1.0 1.0 1.0 1.0 1.0 1.0 0.0 1.0 1.0 1.0 1.0 1.0 1.0 1.0 1.0 1.0 1.0 1.0 
1.0 1.0 1.0 1.0 1.0 1.0 1.0 1.0 1.0 1.0 1.0 1.0 1.0 1.0 1.0 1.0 1.0 1.0 1.0 1.0 1.0 1.0 1.0 1.0 1.0 1.0 1.0 1.0 1.0 1.0 1.0 1.0 1.0 1.0 1.0 1.0 1.0 1.0 1.0 1.0 1.0 1.0 1.0 1.0 1.0 1.0 1.0 1.0 1.0 1.0 1.0 1.0 1.0 0.0 1.0 1.0 1.0 1.0 1.0 1.0 1.0 1.0 1.0 1.0 
1.0 1.0 1.0 1.0 1.0 1.0 1.0 1.0 1.0 1.0 1.0 1.0 1.0 1.0 1.0 1.0 1.0 1.0 1.0 1.0 1.0 1.0 1.0 1.0 1.0 1.0 1.0 1.0 1.0 1.0 1.0 1.0 1.0 1.0 1.0 1.0 1.0 1.0 1.0 1.0 1.0 1.0 1.0 1.0 1.0 1.0 1.0 1.0 1.0 1.0 1.0 1.0 1.0 1.0 0.0 1.0 1.0 1.0 1.0 1.0 1.0 1.0 1.0 1.0 
1.0 1.0 1.0 1.0 1.0 1.0 1.0 1.0 1.0 1.0 1.0 1.0 1.0 1.0 1.0 1.0 1.0 1.0 1.0 1.0 1.0 1.0 1.0 1.0 1.0 1.0 1.0 1.0 1.0 1.0 1.0 1.0 1.0 1.0 1.0 1.0 1.0 1.0 1.0 1.0 1.0 1.0 1.0 1.0 1.0 1.0 1.0 1.0 1.0 1.0 1.0 1.0 1.0 1.0 1.0 0.0 1.0 1.0 1.0 1.0 1.0 1.0 1.0 1.0 
1.0 1.0 1.0 1.0 1.0 1.0 1.0 1.0 1.0 1.0 1.0 1.0 1.0 1.0 1.0 1.0 1.0 1.0 1.0 1.0 1.0 1.0 1.0 1.0 1.0 1.0 1.0 1.0 1.0 1.0 1.0 1.0 1.0 1.0 1.0 1.0 1.0 1.0 1.0 1.0 1.0 1.0 1.0 1.0 1.0 1.0 1.0 1.0 1.0 1.0 1.0 1.0 1.0 1.0 1.0 1.0 0.0 1.0 1.0 1.0 1.0 1.0 1.0 1.0 
1.0 1.0 1.0 1.0 1.0 1.0 1.0 1.0 1.0 1.0 1.0 1.0 1.0 1.0 1.0 1.0 1.0 1.0 1.0 1.0 1.0 1.0 1.0 1.0 1.0 1.0 1.0 1.0 1.0 1.0 1.0 1.0 1.0 1.0 1.0 1.0 1.0 1.0 1.0 1.0 1.0 1.0 1.0 1.0 1.0 1.0 1.0 1.0 1.0 1.0 1.0 1.0 1.0 1.0 1.0 1.0 1.0 0.0 1.0 1.0 1.0 1.0 1.0 1.0 
1.0 1.0 1.0 1.0 1.0 1.0 1.0 1.0 1.0 1.0 1.0 1.0 1.0 1.0 1.0 1.0 1.0 1.0 1.0 1.0 1.0 1.0 1.0 1.0 1.0 1.0 1.0 1.0 1.0 1.0 1.0 1.0 1.0 1.0 1.0 1.0 1.0 1.0 1.0 1.0 1.0 1.0 1.0 1.0 1.0 1.0 1.0 1.0 1.0 1.0 1.0 1.0 1.0 1.0 1.0 1.0 1.0 1.0 0.0 1.0 1.0 1.0 1.0 1.0 
1.0 1.0 1.0 1.0 1.0 1.0 1.0 1.0 1.0 1.0 1.0 1.0 1.0 1.0 1.0 1.0 1.0 1.0 1.0 1.0 1.0 1.0 1.0 1.0 1.0 1.0 1.0 1.0 1.0 1.0 1.0 1.0 1.0 1.0 1.0 1.0 1.0 1.0 1.0 1.0 1.0 1.0 1.0 1.0 1.0 1.0 1.0 1.0 1.0 1.0 1.0 1.0 1.0 1.0 1.0 1.0 1.0 1.0 1.0 0.0 1.0 1.0 1.0 1.0 
1.0 1.0 1.0 1.0 1.0 1.0 1.0 1.0 1.0 1.0 1.0 1.0 1.0 1.0 1.0 1.0 1.0 1.0 1.0 1.0 1.0 1.0 1.0 1.0 1.0 1.0 1.0 1.0 1.0 1.0 1.0 1.0 1.0 1.0 1.0 1.0 1.0 1.0 1.0 1.0 1.0 1.0 1.0 1.0 1.0 1.0 1.0 1.0 1.0 1.0 1.0 1.0 1.0 1.0 1.0 1.0 1.0 1.0 1.0 1.0 0.0 1.0 1.0 1.0 
1.0 1.0 1.0 1.0 1.0 1.0 1.0 1.0 1.0 1.0 1.0 1.0 1.0 1.0 1.0 1.0 1.0 1.0 1.0 1.0 1.0 1.0 1.0 1.0 1.0 1.0 1.0 1.0 1.0 1.0 1.0 1.0 1.0 1.0 1.0 1.0 1.0 1.0 1.0 1.0 1.0 1.0 1.0 1.0 1.0 1.0 1.0 1.0 1.0 1.0 1.0 1.0 1.0 1.0 1.0 1.0 1.0 1.0 1.0 1.0 1.0 0.0 1.0 1.0 
1.0 1.0 1.0 1.0 1.0 1.0 1.0 1.0 1.0 1.0 1.0 1.0 1.0 1.0 1.0 1.0 1.0 1.0 1.0 1.0 1.0 1.0 1.0 1.0 1.0 1.0 1.0 1.0 1.0 1.0 1.0 1.0 1.0 1.0 1.0 1.0 1.0 1.0 1.0 1.0 1.0 1.0 1.0 1.0 1.0 1.0 1.0 1.0 1.0 1.0 1.0 1.0 1.0 1.0 1.0 1.0 1.0 1.0 1.0 1.0 1.0 1.0 0.0 1.0 
1.0 1.0 1.0 1.0 1.0 1.0 1.0 1.0 1.0 1.0 1.0 1.0 1.0 1.0 1.0 1.0 1.0 1.0 1.0 1.0 1.0 1.0 1.0 1.0 1.0 1.0 1.0 1.0 1.0 1.0 1.0 1.0 1.0 1.0 1.0 1.0 1.0 1.0 1.0 1.0 1.0 1.0 1.0 1.0 1.0 1.0 1.0 1.0 1.0 1.0 1.0 1.0 1.0 1.0 1.0 1.0 1.0 1.0 1.0 1.0 1.0 1.0 1.0 0.0 