32 0.0 32.0 392 6122
23 95 88 37 12 86 62 90 19 11 50 12 4 94 17 48 26 90 95 85 29 31 93 53 86 83 58 30 17 43 97 55 
28 22 51 46 45 57 15 52 72 63 7 87 8 61 87 55 96 87 24 16 98 37 89 22 72 51 10 11 21 21 72 26 
80 85 41 47 20 35 16 57 28 74 78 44 50 95 86 18 19 80 2 20 23 18 41 100 21 1 10 86 97 96 11 12 
36 48 43 4 4 6 1 19 85 28 51 50 66 35 65 72 51 51 78 10 75 44 64 34 7 9 8 76 10 68 59 78 
23 4 37 84 94 35 4 88 5 20 35 57 79 26 72 84 52 34 5 29 11 2 38 90 10 65 41 38 8 47 69 6 
75 21 99 4 59 66 53 48 75 19 55 10 42 97 56 89 49 83 25 71 56 70 8 81 40 76 92 43 88 39 27 46 
98 41 16 45 46 93 5 3 39 17 15 10 70 33 10 61 50 6 68 45 79 59 95 8 81 6 12 38 55 55 20 82 
15 32 77 45 58 88 63 45 84 5 20 38 17 61 59 27 42 92 9 44 4 42 89 67 18 100 96 42 42 5 6 98 
73 70 38 37 63 64 41 21 97 28 60 51 80 99 89 27 83 35 67 8 66 76 94 64 96 84 10 45 13 60 5 90 
46 55 7 20 47 17 74 19 92 35 84 95 13 28 11 49 100 84 28 46 40 85 41 36 81 67 63 33 35 52 95 34 
81 97 57 90 22 32 20 85 75 21 36 86 16 7 70 38 92 76 24 31 34 14 25 55 65 66 15 67 45 94 78 53 
97 68 27 61 98 63 47 79 72 52 52 20 81 64 85 25 18 53 43 30 20 38 64 71 84 79 16 68 32 22 79 30 
21 24 34 63 29 63 6 98 24 64 52 2 12 78 22 11 30 95 56 57 43 24 4 7 85 74 35 67 79 55 21 29 
71 65 43 41 99 77 43 38 12 97 74 52 3 84 28 20 80 23 61 59 54 66 58 88 46 99 36 70 98 30 30 38 
45 53 61 38 54 5 33 12 52 100 75 76 86 32 92 3 58 31 9 37 6 45 15 87 97 45 81 46 36 36 19 12 
18 17 25 77 14 64 68 55 92 81 79 11 93 74 75 12 60 18 59 40 67 82 90 10 83 75 28 91 9 73 5 96 
31 81 26 3 69 84 95 31 10 6 83 94 10 42 25 38 64 34 54 23 51 24 78 63 69 79 62 72 24 56 91 10 
95 71 30 42 12 21 50 60 36 64 4 44 99 71 22 37 5 64 84 39 68 99 41 93 75 65 12 64 74 70 47 57 
13 85 58 39 71 27 90 78 3 48 9 63 80 96 75 39 100 69 59 72 17 64 2 34 51 98 46 6 60 9 41 31 
11 1 46 3 93 46 14 40 9 54 28 65 83 14 18 27 16 8 81 38 65 73 36 45 80 20 88 32 98 3 90 82 
78 91 79 36 48 50 60 78 72 9 57 60 74 17 5 22 32 19 93 80 83 78 79 31 26 26 98 9 57 80 55 41 
45 59 60 88 38 36 29 67 33 78 89 79 89 64 7 22 93 78 12 11 23 40 32 66 30 92 58 61 35 93 47 39 
43 84 3 2 67 60 74 35 52 15 91 38 72 69 44 47 44 97 61 99 39 98 93 98 17 12 41 14 36 93 67 30 
20 6 30 5 56 61 71 9 69 24 36 91 39 91 22 49 7 91 91 73 37 83 3 34 45 53 19 6 33 79 8 48 
100 73 13 45 25 83 35 41 95 96 15 92 99 2 38 85 13 77 25 18 1 82 88 4 79 50 31 90 63 92 22 9 
43 47 37 37 26 62 50 30 79 69 17 38 61 15 24 43 40 90 70 81 66 5 36 80 55 54 73 60 35 22 30 56 
86 56 63 69 38 85 54 67 30 23 40 70 74 89 39 43 79 34 57 58 86 73 56 42 38 57 53 90 45 40 33 25 
4 14 55 13 59 33 15 73 99 84 31 12 7 83 85 38 70 37 68 31 100 70 61 100 32 76 72 4 56 92 16 61 
48 30 23 90 21 32 64 66 55 83 36 43 32 18 81 11 17 98 76 9 56 56 41 26 95 6 4 49 52 82 43 76 
23 11 45 63 63 71 17 1 88 96 80 26 46 1 8 1 16 30 53 95 44 63 16 78 61 29 99 58 63 29 18 61 
18 87 87 16 76 20 28 47 42 57 89 90 70 55 98 34 21 69 32 38 43 84 67 3 92 84 81 44 88 18 98 57 
5 14 69 97 42 61 21 92 54 50 32 67 27 5 49 35 66 92 12 39 42 16 70 13 66 9 77 30 65 64 14 33 
0.0 1.0 1.0 1.0 1.0 1.0 1.0 1.0 1.0 1.0 1.0 1.0 1.0 1.0 1.0 1.0 1.0 1.0 1.0 1.0 1.0 1.0 1.0 1.0 1.0 1.0 1.0 1.0 1.0 1.0 1.0 1.0 
1.0 0.0 1.0 1.0 1.0 1.0 1.0 1.0 1.0 1.0 1.0 1.0 1.0 1.0 1.0 1.0 1.0 1.0 1.0 1.0 1.0 1.0 1.0 1.0 1.0 1.0 1.0 1.0 1.0 1.0 1.0 1.0 
1.0 1.0 0.0 1.0 1.0 1.0 1.0 1.0 1.0 1.0 1.0 1.0 1.0 1.0 1.0 1.0 1.0 1.0 1.0 1.0 1.0 1.0 1.0 1.0 1.0 1.0 1.0 1.0 1.0 1.0 1.0 1.0 
1.0 1.0 1.0 0.0 1.0 1.0 1.0 1.0 1.0 1.0 1.0 1.0 1.0 1.0 1.0 1.0 1.0 1.0 1.0 1.0 1.0 1.0 1.0 1.0 1.0 1.0 1.0 1.0 1.0 1.0 1.0 1.0 
1.0 1.0 1.0 1.0 0.0 1.0 1.0 1.0 1.0 1.0 1.0 1.0 1.0 1.0 1.0 1.0 1.0 1.0 1.0 1.0 1.0 1.0 1.0 1.0 1.0 1.0 1.0 1.0 1.0 1.0 1.0 1.0 
1.0 1.0 1.0 1.0 1.0 0.0 1.0 1.0 1.0 1.0 1.0 1.0 1.0 1.0 1.0 1.0 1.0 1.0 1.0 1.0 1.0 1.0 1.0 1.0 1.0 1.0 1.0 1.0 1.0 1.0 1.0 1.0 
1.0 1.0 1.0 1.0 1.0 1.0 0.0 1.0 1.0 1.0 1.0 1.0 1.0 1.0 1.0 1.0 1.0 1.0 1.0 1.0 1.0 1.0 1.0 1.0 1.0 1.0 1.0 1.0 1.0 1.0 1.0 1.0 
1.0 1.0 1.0 1.0 1.0 1.0 1.0 0.0 1.0 1.0 1.0 1.0 1.0 1.0 1.0 1.0 1.0 1.0 1.0 1.0 1.0 1.0 1.0 1.0 1.0 1.0 1.0 1.0 1.0 1.0 1.0 1.0 
1.0 1.0 1.0 1.0 1.0 1.0 1.0 1.0 0.0 1.0 1.0 1.0 1.0 1.0 1.0 1.0 1.0 1.0 1.0 1.0 1.0 1.0 1.0 1.0 1.0 1.0 1.0 1.0 1.0 1.0 1.0 1.0 
1.0 1.0 1.0 1.0 1.0 1.0 1.0 1.0 1.0 0.0 1.0 1.0 1.0 1.0 1.0 1.0 1.0 1.0 1.0 1.0 1.0 1.0 1.0 1.0 1.0 1.0 1.0 1.0 1.0 1.0 1.0 1.0 
1.0 1.0 1.0 1.0 1.0 1.0 1.0 1.0 1.0 1.0 0.0 1.0 1.0 1.0 1.0 1.0 1.0 1.0 1.0 1.0 1.0 1.0 1.0 1.0 1.0 1.0 1.0 1.0 1.0 1.0 1.0 1.0 
1.0 1.0 1.0 1.0 1.0 1.0 1.0 1.0 1.0 1.0 1.0 0.0 1.0 1.0 1.0 1.0 1.0 1.0 1.0 1.0 1.0 1.0 1.0 1.0 1.0 1.0 1.0 1.0 1.0 1.0 1.0 1.0 
1.0 1.0 1.0 1.0 1.0 1.0 1.0 1.0 1.0 1.0 1.0 1.0 0.0 1.0 1.0 1.0 1.0 1.0 1.0 1.0 1.0 1.0 1.0 1.0 1.0 1.0 1.0 1.0 1.0 1.0 1.0 1.0 
1.0 1.0 1.0 1.0 1.0 1.0 1.0 1.0 1.0 1.0 1.0 1.0 1.0 0.0 1.0 1.0 1.0 1.0 1.0 1.0 1.0 1.0 1.0 1.0 1.0 1.0 1.0 1.0 1.0 1.0 1.0 1.0 
1.0 1.0 1.0 1.0 1.0 1.0 1.0 1.0 1.0 1.0 1.0 1.0 1.0 1.0 0.0 1.0 1.0 1.0 1.0 1.0 1.0 1.0 1.0 1.0 1.0 1.0 1.0 1.0 1.0 1.0 1.0 1.0 
1.0 1.0 1.0 1.0 1.0 1.0 1.0 1.0 1.0 1.0 1.0 1.0 1.0 1.0 1.0 0.0 1.0 1.0 1.0 1.0 1.0 1.0 1.0 1.0 1.0 1.0 1.0 1.0 1.0 1.0 1.0 1.0 
1.0 1.0 1.0 1.0 1.0 1.0 1.0 1.0 1.0 1.0 1.0 1.0 1.0 1.0 1.0 1.0 0.0 1.0 1.0 1.0 1.0 1.0 1.0 1.0 1.0 1.0 1.0 1.0 1.0 1.0 1.0 1.0 
1.0 1.0 1.0 1.0 1.0 1.0 1.0 1.0 1.0 1.0 1.0 1.0 1.0 1.0 1.0 1.0 1.0 0.0 1.0 1.0 1.0 1.0 1.0 1.0 1.0 1.0 1.0 1.0 1.0 1.0 1.0 1.0 
1.0 1.0 1.0 1.0 1.0 1.0 1.0 1.0 1.0 1.0 1.0 1.0 1.0 1.0 1.0 1.0 1.0 1.0 0.0 1.0 1.0 1.0 1.0 1.0 1.0 1.0 1.0 1.0 1.0 1.0 1.0 1.0 
1.0 1.0 1.0 1.0 1.0 1.0 1.0 1.0 1.0 1.0 1.0 1.0 1.0 1.0 1.0 1.0 1.0 1.0 1.0 0.0 1.0 1.0 1.0 1.0 1.0 1.0 1.0 1.0 1.0 1.0 1.0 1.0 
1.0 1.0 1.0 1.0 1.0 1.0 1.0 1.0 1.0 1.0 1.0 1.0 1.0 1.0 1.0 1.0 1.0 1.0 1.0 1.0 0.0 1.0 1.0 1.0 1.0 1.0 1.0 1.0 1.0 1.0 1.0 1.0 
1.0 1.0 1.0 1.0 1.0 1.0 1.0 1.0 1.0 1.0 1.0 1.0 1.0 1.0 1.0 1.0 1.0 1.0 1.0 1.0 1.0 0.0 1.0 1.0 1.0 1.0 1.0 1.0 1.0 1.0 1.0 1.0 
1.0 1.0 1.0 1.0 1.0 1.0 1.0 1.0 1.0 1.0 1.0 1.0 1.0 1.0 1.0 1.0 1.0 1.0 1.0 1.0 1.0 1.0 0.0 1.0 1.0 1.0 1.0 1.0 1.0 1.0 1.0 1.0 
1.0 1.0 1.0 1.0 1.0 1.0 1.0 1.0 1.0 1.0 1.0 1.0 1.0 1.0 1.0 1.0 1.0 1.0 1.0 1.0 1.0 1.0 1.0 0.0 1.0 1.0 1.0 1.0 1.0 1.0 1.0 1.0 
1.0 1.0 1.0 1.0 1.0 1.0 1.0 1.0 1.0 1.0 1.0 1.0 1.0 1.0 1.0 1.0 1.0 1.0 1.0 1.0 1.0 1.0 1.0 1.0 0.0 1.0 1.0 1.0 1.0 1.0 1.0 1.0 
1.0 1.0 1.0 1.0 1.0 1.0 1.0 1.0 1.0 1.0 1.0 1.0 1.0 1.0 1.0 1.0 1.0 1.0 1.0 1.0 1.0 1.0 1.0 1.0 1.0 0.0 1.0 1.0 1.0 1.0 1.0 1.0 
1.0 1.0 1.0 1.0 1.0 1.0 1.0 1.0 1.0 1.0 1.0 1.0 1.0 1.0 1.0 1.0 1.0 1.0 1.0 1.0 1.0 1.0 1.0 1.0 1.0 1.0 0.0 1.0 1.0 1.0 1.0 1.0 
1.0 1.0 1.0 1.0 1.0 1.0 1.0 1.0 1.0 1.0 1.0 1.0 1.0 1.0 1.0 1.0 1.0 1.0 1.0 1.0 1.0 1.0 1.0 1.0 1.0 1.0 1.0 0.0 1.0 1.0 1.0 1.0 
1.0 1.0 1.0 1.0 1.0 1.0 1.0 1.0 1.0 1.0 1.0 1.0 1.0 1.0 1.0 1.0 1.0 1.0 1.0 1.0 1.0 1.0 1.0 1.0 1.0 1.0 1.0 1.0 0.0 1.0 1.0 1.0 
1.0 1.0 1.0 1.0 1.0 1.0 1.0 1.0 1.0 1.0 1.0 1.0 1.0 1.0 1.0 1.0 1.0 1.0 1.0 1.0 1.0 1.0 1.0 1.0 1.0 1.0 1.0 1.0 1.0 0.0 1.0 1.0 
1.0 1.0 1.0 1.0 1.0 1.0 1.0 1.0 1.0 1.0 1.0 1.0 1.0 1.0 1.0 1.0 1.0 1.0 1.0 1.0 1.0 1.0 1.0 1.0 1.0 1.0 1.0 1.0 1.0 1.0 0.0 1.0 
1.0 1.0 1.0 1.0 1.0 1.0 1.0 1.0 1.0 1.0 1.0 1.0 1.0 1.0 1.0 1.0 1.0 1.0 1.0 1.0 1.0 1.0 1.0 1.0 1.0 1.0 1.0 1.0 1.0 1.0 1.0 0.0 