64 0.0 64.0 350 12572
43 22 67 3 54 72 20 40 54 6 34 23 37 65 84 40 72 52 61 95 46 68 60 1 71 73 67 97 35 94 93 54 76 17 3 51 92 47 74 89 67 84 32 57 60 38 18 61 98 91 50 39 85 48 80 2 88 10 45 94 8 63 55 23 
17 60 70 49 13 42 10 15 51 91 88 100 74 14 71 94 53 92 66 85 27 70 75 94 56 69 51 10 3 53 25 26 40 13 72 99 67 24 4 59 55 100 39 28 60 50 75 65 75 48 72 8 4 57 93 64 86 95 21 67 47 84 62 41 
12 26 40 39 51 99 99 84 74 50 41 57 51 96 22 90 44 100 75 9 8 62 61 26 8 53 24 11 59 14 100 38 56 55 44 19 79 14 77 99 2 39 38 35 83 18 30 56 61 60 83 82 52 28 32 82 75 26 18 22 67 22 70 16 
12 89 37 56 67 79 90 35 71 34 58 4 65 6 44 99 31 74 69 3 7 20 50 53 1 2 86 22 52 20 8 92 35 22 65 37 79 16 25 45 85 68 67 47 98 29 64 22 28 86 90 70 38 61 5 85 77 86 48 40 76 8 42 73 
39 89 51 62 64 46 94 63 1 63 47 2 90 41 82 75 32 39 18 72 92 56 40 18 97 14 95 87 47 83 77 98 58 81 36 45 100 81 54 61 25 29 84 11 28 89 10 1 77 47 47 48 96 54 42 3 49 85 84 32 3 80 81 67 
88 26 100 24 96 5 14 57 98 38 71 94 66 58 33 33 75 57 69 58 54 73 58 30 35 59 84 95 85 28 2 27 43 74 75 15 83 25 23 42 46 56 91 63 93 43 25 58 82 60 76 60 11 8 56 14 7 29 72 90 91 34 13 9 
26 87 2 27 46 100 44 57 42 8 22 18 94 4 34 31 81 93 64 93 28 64 31 53 53 28 97 61 84 62 58 71 1 54 32 56 99 31 94 74 66 75 50 74 67 43 87 78 74 2 24 20 41 85 50 15 43 45 11 46 3 1 95 47 
51 82 28 23 51 83 9 45 31 23 10 21 95 34 54 26 2 92 93 67 77 99 67 20 59 68 100 45 85 91 23 38 10 92 80 96 86 10 79 55 98 75 79 50 92 2 85 79 73 23 20 22 24 24 4 69 100 23 33 63 6 92 33 91 
17 98 45 31 95 65 34 19 25 61 23 27 16 92 100 56 87 51 30 94 79 89 27 80 76 81 57 85 29 56 48 51 55 93 4 59 98 76 82 62 51 71 52 40 65 6 44 93 83 1 60 12 17 38 57 59 44 36 98 78 83 42 45 6 
82 81 87 2 40 88 4 56 34 93 18 96 9 90 27 39 96 25 30 57 31 92 72 4 18 43 9 8 2 81 69 34 16 38 4 38 26 74 84 20 57 1 91 59 81 18 89 33 16 5 11 17 70 79 24 80 11 82 97 14 89 51 23 72 
92 36 2 1 39 52 30 5 91 6 18 19 67 54 64 16 29 28 70 27 79 4 42 20 45 73 10 28 93 90 2 21 14 4 100 34 9 26 43 7 85 77 71 27 89 69 13 10 75 79 89 42 10 25 99 52 90 33 64 11 83 60 30 63 
83 12 50 25 12 63 7 62 48 94 76 48 71 49 31 7 25 49 5 95 30 62 51 47 72 84 57 90 85 18 89 47 72 25 76 74 40 83 5 42 80 70 48 61 63 88 88 56 89 90 72 99 16 2 47 19 32 34 85 90 53 5 30 3 
92 32 22 35 18 37 84 95 69 67 4 91 51 56 100 64 12 47 71 62 90 32 14 65 4 63 68 37 35 59 31 74 71 17 62 79 76 39 34 83 99 89 46 13 45 5 17 54 41 70 71 45 40 13 2 56 36 81 55 95 13 33 31 41 
54 98 56 30 25 89 6 33 44 35 40 74 64 25 23 25 79 93 40 94 86 28 38 72 24 1 27 31 99 100 38 97 26 40 52 74 47 53 58 8 79 65 57 34 79 42 56 57 75 12 73 69 95 37 73 74 65 7 61 85 44 82 10 42 
3 7 17 57 68 45 94 18 54 67 43 95 52 17 57 17 55 68 71 74 26 18 13 21 16 9 85 87 50 93 4 23 12 61 29 42 4 88 24 36 20 99 94 46 51 91 100 14 14 7 81 55 48 55 62 60 77 71 40 83 65 64 43 32 
1 98 71 89 23 28 37 27 37 96 75 25 58 45 30 8 74 100 77 18 89 79 2 42 13 100 92 43 24 51 13 16 56 24 36 59 42 80 8 22 46 18 77 13 11 66 97 92 97 59 70 79 43 41 87 67 75 87 34 29 28 40 13 59 
87 38 98 31 17 43 68 77 23 79 28 79 35 99 4 68 38 68 33 39 2 81 13 98 84 59 20 98 98 47 68 58 48 34 28 96 27 80 31 47 91 96 17 70 99 52 28 39 64 84 80 94 52 33 83 99 15 35 49 57 45 6 90 70 
12 16 79 3 37 39 19 34 97 99 48 30 92 15 84 59 7 9 39 96 36 67 49 19 66 24 14 51 60 73 9 71 1 58 86 16 74 95 96 46 2 72 16 49 99 5 90 97 23 29 5 18 64 8 72 13 28 46 73 89 91 81 47 93 
15 39 56 92 53 83 83 6 56 89 20 48 32 58 46 59 66 96 58 86 31 43 52 3 4 75 31 14 1 21 49 32 53 47 34 5 25 93 24 67 74 42 40 89 37 42 58 57 56 60 4 98 41 9 15 72 82 72 2 27 85 20 66 12 
47 10 12 37 44 76 51 44 20 41 92 37 78 77 88 77 24 81 57 59 63 40 91 42 31 8 60 38 13 29 60 99 14 51 36 92 93 21 36 64 28 48 36 27 31 39 93 35 76 9 74 28 12 87 49 5 28 65 97 56 75 78 75 57 
11 58 39 62 22 10 11 45 72 36 63 43 3 33 63 50 41 33 32 7 56 36 98 91 90 42 44 68 46 69 90 47 8 84 24 45 20 13 43 59 99 16 59 40 66 23 78 7 47 32 12 42 79 59 97 47 6 89 94 40 40 53 97 69 
58 23 5 52 72 20 71 61 91 72 31 48 11 39 9 57 19 72 28 27 65 83 35 41 94 41 26 29 99 39 41 96 91 68 25 92 76 7 45 7 60 3 7 42 2 26 56 79 72 58 35 83 3 4 51 55 55 97 35 23 12 66 14 17 
82 83 55 23 67 10 18 41 99 39 62 74 48 94 15 82 82 1 96 50 43 72 88 87 5 77 69 64 27 78 42 72 34 59 28 97 44 37 81 29 25 40 57 8 49 90 53 18 78 79 33 63 2 57 53 18 28 91 41 48 69 52 99 69 
67 1 24 61 86 92 86 65 25 28 22 67 99 99 39 97 98 70 26 8 96 67 84 28 76 57 78 20 80 38 99 89 94 44 38 91 33 74 43 41 11 12 77 90 40 25 84 31 45 66 51 28 54 57 50 4 57 40 26 50 46 70 88 61 
38 33 93 50 78 13 39 34 59 99 95 65 66 86 73 47 93 42 4 59 58 98 85 65 19 50 46 33 51 14 17 53 89 61 83 61 80 18 80 83 100 15 31 63 96 42 5 77 21 9 70 89 29 2 43 47 96 66 87 37 74 92 56 55 
13 68 23 65 71 27 44 51 32 100 86 88 7 92 37 84 40 23 84 27 33 65 82 13 78 58 44 44 57 77 94 46 48 58 41 48 28 95 50 55 78 67 58 7 19 82 48 94 36 35 54 77 53 97 4 38 43 76 50 95 99 27 77 62 
31 93 82 4 54 52 87 20 70 16 20 100 40 5 40 71 5 15 2 37 43 30 34 53 47 44 20 13 15 28 17 17 67 87 98 28 43 99 96 86 12 41 90 92 20 61 97 54 78 15 67 35 74 87 81 28 13 41 94 90 68 32 8 62 
74 70 63 5 73 52 9 17 3 69 58 37 63 35 25 56 79 10 90 37 66 67 100 41 44 92 36 5 60 7 91 52 1 3 96 82 35 17 60 10 27 12 16 73 25 10 29 78 2 17 29 41 61 75 18 46 71 15 4 15 72 17 86 84 
36 52 43 66 40 74 13 73 46 54 21 41 74 63 67 54 27 29 44 18 73 51 76 80 93 99 68 27 59 58 54 71 65 46 46 25 57 1 28 24 78 85 64 24 1 32 12 7 73 35 82 14 81 62 11 87 31 42 75 61 2 54 24 18 
49 55 30 96 64 52 6 54 89 13 60 64 1 10 71 9 24 85 25 91 75 95 62 53 29 14 16 64 45 3 6 10 1 16 30 28 53 95 11 80 16 28 48 20 36 79 77 5 35 29 36 24 25 2 45 23 21 56 67 73 7 78 47 71 
65 44 24 84 32 60 35 45 60 71 12 69 24 54 39 65 61 68 37 7 3 70 35 32 41 23 75 11 12 18 22 67 51 15 66 48 90 16 53 81 2 68 26 90 14 35 93 99 69 24 2 68 99 36 32 93 79 51 38 22 97 77 98 19 
20 37 54 92 75 87 78 100 76 78 48 90 59 47 87 94 76 46 95 35 25 67 35 78 82 92 66 29 61 60 69 83 34 80 93 43 3 54 42 75 97 61 69 28 32 16 51 32 83 59 67 66 28 90 71 46 31 45 45 80 92 88 95 33 
64 94 93 21 7 74 38 17 76 64 80 71 74 72 33 88 63 30 21 67 83 74 94 11 41 44 29 100 41 64 92 23 29 96 84 90 50 25 5 36 2 98 55 22 6 9 57 39 58 20 43 38 16 66 58 66 76 31 84 45 58 45 18 33 
76 2 10 66 20 20 21 39 30 21 96 78 9 35 46 74 33 63 8 83 28 3 50 12 13 38 18 2 23 41 76 94 49 49 67 66 40 16 26 71 93 45 55 42 98 25 99 13 40 38 33 67 19 68 8 19 56 26 56 71 44 19 43 89 
26 7 47 100 30 53 34 73 4 53 3 93 44 74 47 79 69 11 60 75 14 35 88 31 67 62 92 51 65 12 9 68 98 41 41 61 62 65 19 86 35 19 82 99 90 5 10 61 96 81 13 35 60 49 9 66 80 40 71 42 9 7 60 15 
100 19 86 26 8 82 83 99 57 92 42 88 17 68 59 72 2 97 2 90 42 71 31 78 50 97 57 75 62 21 76 78 94 5 66 92 77 36 44 37 16 51 100 93 1 91 100 72 75 61 79 83 60 93 91 7 32 61 31 97 63 82 68 23 
61 10 35 33 59 49 29 90 5 68 11 90 24 37 19 38 36 98 37 13 49 23 42 56 71 94 17 35 53 45 46 65 6 20 50 72 25 52 78 71 86 18 47 98 13 99 91 24 61 100 43 85 7 82 37 17 39 39 43 100 64 87 52 45 
42 35 36 40 5 26 18 73 63 77 49 19 54 11 4 2 48 61 78 98 16 55 3 44 29 7 76 7 11 10 55 46 15 7 95 75 6 73 94 98 73 41 20 17 13 6 68 40 49 72 20 50 68 68 72 31 66 20 82 59 9 46 35 67 
98 99 25 81 6 54 56 93 88 76 17 69 73 57 30 84 83 85 50 74 21 87 44 77 50 68 33 18 25 92 46 4 53 84 20 28 81 84 75 94 68 63 41 78 57 97 22 15 17 55 26 57 21 88 40 77 42 25 91 43 33 62 59 66 
96 39 73 8 64 3 16 10 54 8 6 10 92 98 64 62 88 81 35 50 4 59 68 26 45 22 24 97 77 87 28 24 71 12 14 61 58 13 86 50 14 23 27 17 79 18 61 91 48 86 70 93 23 52 21 8 61 85 92 30 91 15 72 76 
25 91 96 43 63 10 46 2 91 20 57 24 73 97 28 72 39 29 36 44 83 24 80 53 42 90 100 11 81 85 67 37 78 71 73 65 71 22 59 87 25 73 71 76 2 3 79 7 28 52 79 75 1 82 68 73 33 35 2 86 12 85 44 56 
5 48 95 90 76 32 47 31 95 45 77 5 58 2 87 66 27 91 8 9 30 9 38 66 24 70 33 14 40 67 98 51 54 7 63 42 30 6 26 45 38 28 49 76 91 93 91 3 33 47 50 94 21 72 82 34 23 69 20 44 96 11 69 93 
96 25 13 69 14 58 11 40 8 49 86 17 69 31 15 48 82 21 18 73 100 67 7 1 49 27 34 93 76 86 67 44 6 20 76 32 97 93 39 39 43 23 40 46 9 32 54 52 65 85 82 33 41 64 1 67 25 55 82 50 39 97 55 56 
20 34 8 51 62 48 67 21 59 17 21 23 1 93 4 83 79 58 13 80 52 94 49 33 88 78 67 70 13 32 14 60 48 82 53 100 85 3 72 88 15 80 81 79 24 73 61 96 14 44 38 37 56 64 52 23 46 75 2 6 6 95 13 26 
88 96 5 8 41 44 51 17 53 11 16 32 91 66 61 11 93 45 52 21 2 100 69 38 45 46 66 59 84 39 5 75 63 74 15 55 34 29 39 51 40 15 25 59 11 14 26 69 35 21 98 30 44 52 37 96 31 17 50 33 38 2 65 37 
2 94 69 92 21 19 1 43 17 4 72 60 14 14 93 42 53 88 75 43 1 70 78 75 49 2 12 84 53 21 51 15 40 17 92 71 23 44 54 100 52 42 51 7 42 33 7 74 39 40 3 75 9 54 36 42 66 20 17 58 97 45 75 45 
26 78 58 93 39 68 53 52 25 24 18 92 24 38 82 74 23 55 87 46 50 8 54 87 27 35 52 59 68 78 62 42 12 82 82 34 9 37 89 39 4 42 2 24 36 80 20 84 45 40 97 52 25 95 37 44 1 50 15 17 11 95 1 18 
55 17 44 41 85 16 69 46 66 82 45 17 22 32 54 52 40 84 90 66 76 82 45 2 21 20 30 58 40 49 61 46 95 19 94 45 32 68 98 84 76 82 18 65 15 92 12 9 60 1 74 24 3 77 47 15 87 73 70 29 82 53 10 53 
90 75 48 37 36 79 31 8 39 62 42 40 73 90 5 44 88 61 4 38 37 57 95 70 81 44 98 55 78 9 45 25 53 61 92 86 71 35 49 9 17 17 31 53 12 3 26 100 12 16 92 39 59 57 60 86 19 64 12 69 6 49 66 52 
56 41 76 83 11 13 86 70 45 13 45 86 95 71 61 31 93 65 33 39 89 71 41 15 14 94 84 65 6 98 18 35 51 82 56 64 46 26 43 3 31 36 77 22 72 87 88 22 57 45 44 87 89 51 66 6 80 73 31 27 68 60 21 75 
94 82 78 27 64 80 23 21 21 5 35 92 53 87 84 47 88 20 49 86 35 94 96 46 92 98 10 1 23 53 61 68 14 21 53 41 25 81 17 10 80 100 56 48 40 6 87 63 71 10 55 55 14 18 99 29 41 48 28 89 7 90 60 5 
32 85 9 48 82 78 81 56 79 87 96 44 94 85 22 75 23 5 86 20 21 74 62 60 78 76 27 37 52 6 74 7 74 7 96 26 67 52 16 59 16 54 61 1 41 5 32 13 85 25 34 88 52 69 27 12 66 63 87 50 77 97 99 80 
97 45 24 83 60 18 4 70 29 95 26 5 73 74 81 66 79 32 79 59 23 35 75 31 77 16 15 23 49 85 64 19 21 51 40 82 83 25 76 69 1 85 32 64 35 82 35 53 26 41 14 10 81 1 79 63 55 83 29 61 11 35 70 52 
13 5 31 95 98 27 88 44 24 68 20 3 53 74 46 81 2 41 35 53 69 8 52 62 16 66 88 74 26 98 96 23 23 64 5 68 63 54 45 18 97 14 91 58 79 76 96 18 57 10 5 14 34 32 82 50 80 63 26 81 38 43 52 34 
49 22 23 59 44 85 6 3 55 68 62 2 20 23 94 28 78 94 87 29 24 18 44 91 28 55 58 55 95 48 56 87 57 73 15 57 11 87 94 55 71 21 29 35 27 47 60 35 26 12 2 88 81 14 31 94 80 96 69 4 72 38 89 62 
64 11 49 50 63 33 71 45 4 89 49 97 96 68 44 65 32 16 12 85 95 58 91 44 69 74 87 84 55 27 4 50 60 64 46 1 2 94 58 43 11 7 83 70 38 22 90 95 41 83 74 62 19 78 45 62 95 95 73 5 80 11 71 62 
13 6 80 92 55 29 69 36 38 16 27 7 95 16 32 67 92 94 27 51 51 73 35 95 53 5 78 2 16 49 75 15 97 69 62 64 67 44 13 86 82 9 54 22 55 87 54 63 57 19 52 87 83 10 58 29 79 56 66 15 5 95 60 15 
55 12 56 20 3 96 57 34 53 74 5 21 1 36 93 17 50 97 82 11 62 91 60 40 36 4 42 51 35 6 97 66 78 20 80 51 92 52 91 88 35 4 78 79 94 68 49 92 74 32 24 77 73 14 5 93 26 95 86 58 66 87 29 61 
71 100 35 89 65 12 93 58 95 2 46 38 39 91 44 49 42 27 85 27 51 19 64 75 86 90 84 48 78 57 20 32 71 21 74 18 84 6 66 58 92 12 7 83 21 97 97 30 1 84 48 26 11 20 2 15 85 25 89 21 35 70 71 11 
85 38 17 67 82 55 96 100 100 36 15 93 56 35 62 30 72 49 96 4 66 41 26 73 34 62 73 43 90 1 68 7 69 45 9 40 15 85 98 87 47 34 95 90 83 51 35 67 18 44 57 22 39 96 57 31 85 88 81 93 12 52 19 30 
61 37 59 39 14 87 75 60 68 85 11 32 13 11 65 58 48 27 62 14 81 27 73 52 11 28 44 70 62 20 88 10 33 59 2 10 1 9 26 54 86 69 53 53 96 76 50 41 48 100 87 70 52 16 6 4 67 98 35 26 75 94 26 41 
48 57 66 31 61 87 14 82 13 57 85 83 86 77 86 54 64 79 84 47 15 83 46 25 88 7 78 81 39 11 86 88 98 76 26 81 7 16 68 82 3 73 56 43 86 17 42 41 11 14 18 14 56 71 90 37 50 95 34 54 12 50 41 40 
17 37 88 82 1 24 94 40 22 61 72 16 70 93 86 29 44 68 53 14 64 21 46 48 6 70 50 85 17 86 93 88 9 53 90 42 85 36 23 47 80 89 53 25 67 62 65 3 62 76 51 85 47 30 32 75 30 2 71 88 48 31 62 48 
64 67 5 87 5 97 17 27 96 26 63 91 9 10 24 13 55 61 76 99 42 23 14 3 60 56 69 58 83 13 60 6 81 1 68 63 19 18 11 34 17 24 47 26 45 55 27 19 19 62 12 44 47 80 54 39 84 10 9 7 31 18 41 69 
0.0 1.0 1.0 1.0 1.0 1.0 1.0 1.0 1.0 1.0 1.0 1.0 1.0 1.0 1.0 1.0 1.0 1.0 1.0 1.0 1.0 1.0 1.0 1.0 1.0 1.0 1.0 1.0 1.0 1.0 1.0 1.0 1.0 1.0 1.0 1.0 1.0 1.0 1.0 1.0 1.0 1.0 1.0 1.0 1.0 1.0 1.0 1.0 1.0 1.0 1.0 1.0 1.0 1.0 1.0 1.0 1.0 1.0 1.0 1.0 1.0 1.0 1.0 1.0 
1.0 0.0 1.0 1.0 1.0 1.0 1.0 1.0 1.0 1.0 1.0 1.0 1.0 1.0 1.0 1.0 1.0 1.0 1.0 1.0 1.0 1.0 1.0 1.0 1.0 1.0 1.0 1.0 1.0 1.0 1.0 1.0 1.0 1.0 1.0 1.0 1.0 1.0 1.0 1.0 1.0 1.0 1.0 1.0 1.0 1.0 1.0 1.0 1.0 1.0 1.0 1.0 1.0 1.0 1.0 1.0 1.0 1.0 1.0 1.0 1.0 1.0 1.0 1.0 
1.0 1.0 0.0 1.0 1.0 1.0 1.0 1.0 1.0 1.0 1.0 1.0 1.0 1.0 1.0 1.0 1.0 1.0 1.0 1.0 1.0 1.0 1.0 1.0 1.0 1.0 1.0 1.0 1.0 1.0 1.0 1.0 1.0 1.0 1.0 1.0 1.0 1.0 1.0 1.0 1.0 1.0 1.0 1.0 1.0 1.0 1.0 1.0 1.0 1.0 1.0 1.0 1.0 1.0 1.0 1.0 1.0 1.0 1.0 1.0 1.0 1.0 1.0 1.0 
1.0 1.0 1.0 0.0 1.0 1.0 1.0 1.0 1.0 1.0 1.0 1.0 1.0 1.0 1.0 1.0 1.0 1.0 1.0 1.0 1.0 1.0 1.0 1.0 1.0 1.0 1.0 1.0 1.0 1.0 1.0 1.0 1.0 1.0 1.0 1.0 1.0 1.0 1.0 1.0 1.0 1.0 1.0 1.0 1.0 1.0 1.0 1.0 1.0 1.0 1.0 1.0 1.0 1.0 1.0 1.0 1.0 1.0 1.0 1.0 1.0 1.0 1.0 1.0 
1.0 1.0 1.0 1.0 0.0 1.0 1.0 1.0 1.0 1.0 1.0 1.0 1.0 1.0 1.0 1.0 1.0 1.0 1.0 1.0 1.0 1.0 1.0 1.0 1.0 1.0 1.0 1.0 1.0 1.0 1.0 1.0 1.0 1.0 1.0 1.0 1.0 1.0 1.0 1.0 1.0 1.0 1.0 1.0 1.0 1.0 1.0 1.0 1.0 1.0 1.0 1.0 1.0 1.0 1.0 1.0 1.0 1.0 1.0 1.0 1.0 1.0 1.0 1.0 
1.0 1.0 1.0 1.0 1.0 0.0 1.0 1.0 1.0 1.0 1.0 1.0 1.0 1.0 1.0 1.0 1.0 1.0 1.0 1.0 1.0 1.0 1.0 1.0 1.0 1.0 1.0 1.0 1.0 1.0 1.0 1.0 1.0 1.0 1.0 1.0 1.0 1.0 1.0 1.0 1.0 1.0 1.0 1.0 1.0 1.0 1.0 1.0 1.0 1.0 1.0 1.0 1.0 1.0 1.0 1.0 1.0 1.0 1.0 1.0 1.0 1.0 1.0 1.0 
1.0 1.0 1.0 1.0 1.0 1.0 0.0 1.0 1.0 1.0 1.0 1.0 1.0 1.0 1.0 1.0 1.0 1.0 1.0 1.0 1.0 1.0 1.0 1.0 1.0 1.0 1.0 1.0 1.0 1.0 1.0 1.0 1.0 1.0 1.0 1.0 1.0 1.0 1.0 1.0 1.0 1.0 1.0 1.0 1.0 1.0 1.0 1.0 1.0 1.0 1.0 1.0 1.0 1.0 1.0 1.0 1.0 1.0 1.0 1.0 1.0 1.0 1.0 1.0 
1.0 1.0 1.0 1.0 1.0 1.0 1.0 0.0 1.0 1.0 1.0 1.0 1.0 1.0 1.0 1.0 1.0 1.0 1.0 1.0 1.0 1.0 1.0 1.0 1.0 1.0 1.0 1.0 1.0 1.0 1.0 1.0 1.0 1.0 1.0 1.0 1.0 1.0 1.0 1.0 1.0 1.0 1.0 1.0 1.0 1.0 1.0 1.0 1.0 1.0 1.0 1.0 1.0 1.0 1.0 1.0 1.0 1.0 1.0 1.0 1.0 1.0 1.0 1.0 
1.0 1.0 1.0 1.0 1.0 1.0 1.0 1.0 0.0 1.0 1.0 1.0 1.0 1.0 1.0 1.0 1.0 1.0 1.0 1.0 1.0 1.0 1.0 1.0 1.0 1.0 1.0 1.0 1.0 1.0 1.0 1.0 1.0 1.0 1.0 1.0 1.0 1.0 1.0 1.0 1.0 1.0 1.0 1.0 1.0 1.0 1.0 1.0 1.0 1.0 1.0 1.0 1.0 1.0 1.0 1.0 1.0 1.0 1.0 1.0 1.0 1.0 1.0 1.0 
1.0 1.0 1.0 1.0 1.0 1.0 1.0 1.0 1.0 0.0 1.0 1.0 1.0 1.0 1.0 1.0 1.0 1.0 1.0 1.0 1.0 1.0 1.0 1.0 1.0 1.0 1.0 1.0 1.0 1.0 1.0 1.0 1.0 1.0 1.0 1.0 1.0 1.0 1.0 1.0 1.0 1.0 1.0 1.0 1.0 1.0 1.0 1.0 1.0 1.0 1.0 1.0 1.0 1.0 1.0 1.0 1.0 1.0 1.0 1.0 1.0 1.0 1.0 1.0 
1.0 1.0 1.0 1.0 1.0 1.0 1.0 1.0 1.0 1.0 0.0 1.0 1.0 1.0 1.0 1.0 1.0 1.0 1.0 1.0 1.0 1.0 1.0 1.0 1.0 1.0 1.0 1.0 1.0 1.0 1.0 1.0 1.0 1.0 1.0 1.0 1.0 1.0 1.0 1.0 1.0 1.0 1.0 1.0 1.0 1.0 1.0 1.0 1.0 1.0 1.0 1.0 1.0 1.0 1.0 1.0 1.0 1.0 1.0 1.0 1.0 1.0 1.0 1.0 
1.0 1.0 1.0 1.0 1.0 1.0 1.0 1.0 1.0 1.0 1.0 0.0 1.0 1.0 1.0 1.0 1.0 1.0 1.0 1.0 1.0 1.0 1.0 1.0 1.0 1.0 1.0 1.0 1.0 1.0 1.0 1.0 1.0 1.0 1.0 1.0 1.0 1.0 1.0 1.0 1.0 1.0 1.0 1.0 1.0 1.0 1.0 1.0 1.0 1.0 1.0 1.0 1.0 1.0 1.0 1.0 1.0 1.0 1.0 1.0 1.0 1.0 1.0 1.0 
1.0 1.0 1.0 1.0 1.0 1.0 1.0 1.0 1.0 1.0 1.0 1.0 0.0 1.0 1.0 1.0 1.0 1.0 1.0 1.0 1.0 1.0 1.0 1.0 1.0 1.0 1.0 1.0 1.0 1.0 1.0 1.0 1.0 1.0 1.0 1.0 1.0 1.0 1.0 1.0 1.0 1.0 1.0 1.0 1.0 1.0 1.0 1.0 1.0 1.0 1.0 1.0 1.0 1.0 1.0 1.0 1.0 1.0 1.0 1.0 1.0 1.0 1.0 1.0 
1.0 1.0 1.0 1.0 1.0 1.0 1.0 1.0 1.0 1.0 1.0 1.0 1.0 0.0 1.0 1.0 1.0 1.0 1.0 1.0 1.0 1.0 1.0 1.0 1.0 1.0 1.0 1.0 1.0 1.0 1.0 1.0 1.0 1.0 1.0 1.0 1.0 1.0 1.0 1.0 1.0 1.0 1.0 1.0 1.0 1.0 1.0 1.0 1.0 1.0 1.0 1.0 1.0 1.0 1.0 1.0 1.0 1.0 1.0 1.0 1.0 1.0 1.0 1.0 
1.0 1.0 1.0 1.0 1.0 1.0 1.0 1.0 1.0 1.0 1.0 1.0 1.0 1.0 0.0 1.0 1.0 1.0 1.0 1.0 1.0 1.0 1.0 1.0 1.0 1.0 1.0 1.0 1.0 1.0 1.0 1.0 1.0 1.0 1.0 1.0 1.0 1.0 1.0 1.0 1.0 1.0 1.0 1.0 1.0 1.0 1.0 1.0 1.0 1.0 1.0 1.0 1.0 1.0 1.0 1.0 1.0 1.0 1.0 1.0 1.0 1.0 1.0 1.0 
1.0 1.0 1.0 1.0 1.0 1.0 1.0 1.0 1.0 1.0 1.0 1.0 1.0 1.0 1.0 0.0 1.0 1.0 1.0 1.0 1.0 1.0 1.0 1.0 1.0 1.0 1.0 1.0 1.0 1.0 1.0 1.0 1.0 1.0 1.0 1.0 1.0 1.0 1.0 1.0 1.0 1.0 1.0 1.0 1.0 1.0 1.0 1.0 1.0 1.0 1.0 1.0 1.0 1.0 1.0 1.0 1.0 1.0 1.0 1.0 1.0 1.0 1.0 1.0 
1.0 1.0 1.0 1.0 1.0 1.0 1.0 1.0 1.0 1.0 1.0 1.0 1.0 1.0 1.0 1.0 0.0 1.0 1.0 1.0 1.0 1.0 1.0 1.0 1.0 1.0 1.0 1.0 1.0 1.0 1.0 1.0 1.0 1.0 1.0 1.0 1.0 1.0 1.0 1.0 1.0 1.0 1.0 1.0 1.0 1.0 1.0 1.0 1.0 1.0 1.0 1.0 1.0 1.0 1.0 1.0 1.0 1.0 1.0 1.0 1.0 1.0 1.0 1.0 
1.0 1.0 1.0 1.0 1.0 1.0 1.0 1.0 1.0 1.0 1.0 1.0 1.0 1.0 1.0 1.0 1.0 0.0 1.0 1.0 1.0 1.0 1.0 1.0 1.0 1.0 1.0 1.0 1.0 1.0 1.0 1.0 1.0 1.0 1.0 1.0 1.0 1.0 1.0 1.0 1.0 1.0 1.0 1.0 1.0 1.0 1.0 1.0 1.0 1.0 1.0 1.0 1.0 1.0 1.0 1.0 1.0 1.0 1.0 1.0 1.0 1.0 1.0 1.0 
1.0 1.0 1.0 1.0 1.0 1.0 1.0 1.0 1.0 1.0 1.0 1.0 1.0 1.0 1.0 1.0 1.0 1.0 0.0 1.0 1.0 1.0 1.0 1.0 1.0 1.0 1.0 1.0 1.0 1.0 1.0 1.0 1.0 1.0 1.0 1.0 1.0 1.0 1.0 1.0 1.0 1.0 1.0 1.0 1.0 1.0 1.0 1.0 1.0 1.0 1.0 1.0 1.0 1.0 1.0 1.0 1.0 1.0 1.0 1.0 1.0 1.0 1.0 1.0 
1.0 1.0 1.0 1.0 1.0 1.0 1.0 1.0 1.0 1.0 1.0 1.0 1.0 1.0 1.0 1.0 1.0 1.0 1.0 0.0 1.0 1.0 1.0 1.0 1.0 1.0 1.0 1.0 1.0 1.0 1.0 1.0 1.0 1.0 1.0 1.0 1.0 1.0 1.0 1.0 1.0 1.0 1.0 1.0 1.0 1.0 1.0 1.0 1.0 1.0 1.0 1.0 1.0 1.0 1.0 1.0 1.0 1.0 1.0 1.0 1.0 1.0 1.0 1.0 
1.0 1.0 1.0 1.0 1.0 1.0 1.0 1.0 1.0 1.0 1.0 1.0 1.0 1.0 1.0 1.0 1.0 1.0 1.0 1.0 0.0 1.0 1.0 1.0 1.0 1.0 1.0 1.0 1.0 1.0 1.0 1.0 1.0 1.0 1.0 1.0 1.0 1.0 1.0 1.0 1.0 1.0 1.0 1.0 1.0 1.0 1.0 1.0 1.0 1.0 1.0 1.0 1.0 1.0 1.0 1.0 1.0 1.0 1.0 1.0 1.0 1.0 1.0 1.0 
1.0 1.0 1.0 1.0 1.0 1.0 1.0 1.0 1.0 1.0 1.0 1.0 1.0 1.0 1.0 1.0 1.0 1.0 1.0 1.0 1.0 0.0 1.0 1.0 1.0 1.0 1.0 1.0 1.0 1.0 1.0 1.0 1.0 1.0 1.0 1.0 1.0 1.0 1.0 1.0 1.0 1.0 1.0 1.0 1.0 1.0 1.0 1.0 1.0 1.0 1.0 1.0 1.0 1.0 1.0 1.0 1.0 1.0 1.0 1.0 1.0 1.0 1.0 1.0 
1.0 1.0 1.0 1.0 1.0 1.0 1.0 1.0 1.0 1.0 1.0 1.0 1.0 1.0 1.0 1.0 1.0 1.0 1.0 1.0 1.0 1.0 0.0 1.0 1.0 1.0 1.0 1.0 1.0 1.0 1.0 1.0 1.0 1.0 1.0 1.0 1.0 1.0 1.0 1.0 1.0 1.0 1.0 1.0 1.0 1.0 1.0 1.0 1.0 1.0 1.0 1.0 1.0 1.0 1.0 1.0 1.0 1.0 1.0 1.0 1.0 1.0 1.0 1.0 
1.0 1.0 1.0 1.0 1.0 1.0 1.0 1.0 1.0 1.0 1.0 1.0 1.0 1.0 1.0 1.0 1.0 1.0 1.0 1.0 1.0 1.0 1.0 0.0 1.0 1.0 1.0 1.0 1.0 1.0 1.0 1.0 1.0 1.0 1.0 1.0 1.0 1.0 1.0 1.0 1.0 1.0 1.0 1.0 1.0 1.0 1.0 1.0 1.0 1.0 1.0 1.0 1.0 1.0 1.0 1.0 1.0 1.0 1.0 1.0 1.0 1.0 1.0 1.0 
1.0 1.0 1.0 1.0 1.0 1.0 1.0 1.0 1.0 1.0 1.0 1.0 1.0 1.0 1.0 1.0 1.0 1.0 1.0 1.0 1.0 1.0 1.0 1.0 0.0 1.0 1.0 1.0 1.0 1.0 1.0 1.0 1.0 1.0 1.0 1.0 1.0 1.0 1.0 1.0 1.0 1.0 1.0 1.0 1.0 1.0 1.0 1.0 1.0 1.0 1.0 1.0 1.0 1.0 1.0 1.0 1.0 1.0 1.0 1.0 1.0 1.0 1.0 1.0 
1.0 1.0 1.0 1.0 1.0 1.0 1.0 1.0 1.0 1.0 1.0 1.0 1.0 1.0 1.0 1.0 1.0 1.0 1.0 1.0 1.0 1.0 1.0 1.0 1.0 0.0 1.0 1.0 1.0 1.0 1.0 1.0 1.0 1.0 1.0 1.0 1.0 1.0 1.0 1.0 1.0 1.0 1.0 1.0 1.0 1.0 1.0 1.0 1.0 1.0 1.0 1.0 1.0 1.0 1.0 1.0 1.0 1.0 1.0 1.0 1.0 1.0 1.0 1.0 
1.0 1.0 1.0 1.0 1.0 1.0 1.0 1.0 1.0 1.0 1.0 1.0 1.0 1.0 1.0 1.0 1.0 1.0 1.0 1.0 1.0 1.0 1.0 1.0 1.0 1.0 0.0 1.0 1.0 1.0 1.0 1.0 1.0 1.0 1.0 1.0 1.0 1.0 1.0 1.0 1.0 1.0 1.0 1.0 1.0 1.0 1.0 1.0 1.0 1.0 1.0 1.0 1.0 1.0 1.0 1.0 1.0 1.0 1.0 1.0 1.0 1.0 1.0 1.0 
1.0 1.0 1.0 1.0 1.0 1.0 1.0 1.0 1.0 1.0 1.0 1.0 1.0 1.0 1.0 1.0 1.0 1.0 1.0 1.0 1.0 1.0 1.0 1.0 1.0 1.0 1.0 0.0 1.0 1.0 1.0 1.0 1.0 1.0 1.0 1.0 1.0 1.0 1.0 1.0 1.0 1.0 1.0 1.0 1.0 1.0 1.0 1.0 1.0 1.0 1.0 1.0 1.0 1.0 1.0 1.0 1.0 1.0 1.0 1.0 1.0 1.0 1.0 1.0 
1.0 1.0 1.0 1.0 1.0 1.0 1.0 1.0 1.0 1.0 1.0 1.0 1.0 1.0 1.0 1.0 1.0 1.0 1.0 1.0 1.0 1.0 1.0 1.0 1.0 1.0 1.0 1.0 0.0 1.0 1.0 1.0 1.0 1.0 1.0 1.0 1.0 1.0 1.0 1.0 1.0 1.0 1.0 1.0 1.0 1.0 1.0 1.0 1.0 1.0 1.0 1.0 1.0 1.0 1.0 1.0 1.0 1.0 1.0 1.0 1.0 1.0 1.0 1.0 
1.0 1.0 1.0 1.0 1.0 1.0 1.0 1.0 1.0 1.0 1.0 1.0 1.0 1.0 1.0 1.0 1.0 1.0 1.0 1.0 1.0 1.0 1.0 1.0 1.0 1.0 1.0 1.0 1.0 0.0 1.0 1.0 1.0 1.0 1.0 1.0 1.0 1.0 1.0 1.0 1.0 1.0 1.0 1.0 1.0 1.0 1.0 1.0 1.0 1.0 1.0 1.0 1.0 1.0 1.0 1.0 1.0 1.0 1.0 1.0 1.0 1.0 1.0 1.0 
1.0 1.0 1.0 1.0 1.0 1.0 1.0 1.0 1.0 1.0 1.0 1.0 1.0 1.0 1.0 1.0 1.0 1.0 1.0 1.0 1.0 1.0 1.0 1.0 1.0 1.0 1.0 1.0 1.0 1.0 0.0 1.0 1.0 1.0 1.0 1.0 1.0 1.0 1.0 1.0 1.0 1.0 1.0 1.0 1.0 1.0 1.0 1.0 1.0 1.0 1.0 1.0 1.0 1.0 1.0 1.0 1.0 1.0 1.0 1.0 1.0 1.0 1.0 1.0 
1.0 1.0 1.0 1.0 1.0 1.0 1.0 1.0 1.0 1.0 1.0 1.0 1.0 1.0 1.0 1.0 1.0 1.0 1.0 1.0 1.0 1.0 1.0 1.0 1.0 1.0 1.0 1.0 1.0 1.0 1.0 0.0 1.0 1.0 1.0 1.0 1.0 1.0 1.0 1.0 1.0 1.0 1.0 1.0 1.0 1.0 1.0 1.0 1.0 1.0 1.0 1.0 1.0 1.0 1.0 1.0 1.0 1.0 1.0 1.0 1.0 1.0 1.0 1.0 
1.0 1.0 1.0 1.0 1.0 1.0 1.0 1.0 1.0 1.0 1.0 1.0 1.0 1.0 1.0 1.0 1.0 1.0 1.0 1.0 1.0 1.0 1.0 1.0 1.0 1.0 1.0 1.0 1.0 1.0 1.0 1.0 0.0 1.0 1.0 1.0 1.0 1.0 1.0 1.0 1.0 1.0 1.0 1.0 1.0 1.0 1.0 1.0 1.0 1.0 1.0 1.0 1.0 1.0 1.0 1.0 1.0 1.0 1.0 1.0 1.0 1.0 1.0 1.0 
1.0 1.0 1.0 1.0 1.0 1.0 1.0 1.0 1.0 1.0 1.0 1.0 1.0 1.0 1.0 1.0 1.0 1.0 1.0 1.0 1.0 1.0 1.0 1.0 1.0 1.0 1.0 1.0 1.0 1.0 1.0 1.0 1.0 0.0 1.0 1.0 1.0 1.0 1.0 1.0 1.0 1.0 1.0 1.0 1.0 1.0 1.0 1.0 1.0 1.0 1.0 1.0 1.0 1.0 1.0 1.0 1.0 1.0 1.0 1.0 1.0 1.0 1.0 1.0 
1.0 1.0 1.0 1.0 1.0 1.0 1.0 1.0 1.0 1.0 1.0 1.0 1.0 1.0 1.0 1.0 1.0 1.0 1.0 1.0 1.0 1.0 1.0 1.0 1.0 1.0 1.0 1.0 1.0 1.0 1.0 1.0 1.0 1.0 0.0 1.0 1.0 1.0 1.0 1.0 1.0 1.0 1.0 1.0 1.0 1.0 1.0 1.0 1.0 1.0 1.0 1.0 1.0 1.0 1.0 1.0 1.0 1.0 1.0 1.0 1.0 1.0 1.0 1.0 
1.0 1.0 1.0 1.0 1.0 1.0 1.0 1.0 1.0 1.0 1.0 1.0 1.0 1.0 1.0 1.0 1.0 1.0 1.0 1.0 1.0 1.0 1.0 1.0 1.0 1.0 1.0 1.0 1.0 1.0 1.0 1.0 1.0 1.0 1.0 0.0 1.0 1.0 1.0 1.0 1.0 1.0 1.0 1.0 1.0 1.0 1.0 1.0 1.0 1.0 1.0 1.0 1.0 1.0 1.0 1.0 1.0 1.0 1.0 1.0 1.0 1.0 1.0 1.0 
1.0 1.0 1.0 1.0 1.0 1.0 1.0 1.0 1.0 1.0 1.0 1.0 1.0 1.0 1.0 1.0 1.0 1.0 1.0 1.0 1.0 1.0 1.0 1.0 1.0 1.0 1.0 1.0 1.0 1.0 1.0 1.0 1.0 1.0 1.0 1.0 0.0 1.0 1.0 1.0 1.0 1.0 1.0 1.0 1.0 1.0 1.0 1.0 1.0 1.0 1.0 1.0 1.0 1.0 1.0 1.0 1.0 1.0 1.0 1.0 1.0 1.0 1.0 1.0 
1.0 1.0 1.0 1.0 1.0 1.0 1.0 1.0 1.0 1.0 1.0 1.0 1.0 1.0 1.0 1.0 1.0 1.0 1.0 1.0 1.0 1.0 1.0 1.0 1.0 1.0 1.0 1.0 1.0 1.0 1.0 1.0 1.0 1.0 1.0 1.0 1.0 0.0 1.0 1.0 1.0 1.0 1.0 1.0 1.0 1.0 1.0 1.0 1.0 1.0 1.0 1.0 1.0 1.0 1.0 1.0 1.0 1.0 1.0 1.0 1.0 1.0 1.0 1.0 
1.0 1.0 1.0 1.0 1.0 1.0 1.0 1.0 1.0 1.0 1.0 1.0 1.0 1.0 1.0 1.0 1.0 1.0 1.0 1.0 1.0 1.0 1.0 1.0 1.0 1.0 1.0 1.0 1.0 1.0 1.0 1.0 1.0 1.0 1.0 1.0 1.0 1.0 0.0 1.0 1.0 1.0 1.0 1.0 1.0 1.0 1.0 1.0 1.0 1.0 1.0 1.0 1.0 1.0 1.0 1.0 1.0 1.0 1.0 1.0 1.0 1.0 1.0 1.0 
1.0 1.0 1.0 1.0 1.0 1.0 1.0 1.0 1.0 1.0 1.0 1.0 1.0 1.0 1.0 1.0 1.0 1.0 1.0 1.0 1.0 1.0 1.0 1.0 1.0 1.0 1.0 1.0 1.0 1.0 1.0 1.0 1.0 1.0 1.0 1.0 1.0 1.0 1.0 0.0 1.0 1.0 1.0 1.0 1.0 1.0 1.0 1.0 1.0 1.0 1.0 1.0 1.0 1.0 1.0 1.0 1.0 1.0 1.0 1.0 1.0 1.0 1.0 1.0 
1.0 1.0 1.0 1.0 1.0 1.0 1.0 1.0 1.0 1.0 1.0 1.0 1.0 1.0 1.0 1.0 1.0 1.0 1.0 1.0 1.0 1.0 1.0 1.0 1.0 1.0 1.0 1.0 1.0 1.0 1.0 1.0 1.0 1.0 1.0 1.0 1.0 1.0 1.0 1.0 0.0 1.0 1.0 1.0 1.0 1.0 1.0 1.0 1.0 1.0 1.0 1.0 1.0 1.0 1.0 1.0 1.0 1.0 1.0 1.0 1.0 1.0 1.0 1.0 
1.0 1.0 1.0 1.0 1.0 1.0 1.0 1.0 1.0 1.0 1.0 1.0 1.0 1.0 1.0 1.0 1.0 1.0 1.0 1.0 1.0 1.0 1.0 1.0 1.0 1.0 1.0 1.0 1.0 1.0 1.0 1.0 1.0 1.0 1.0 1.0 1.0 1.0 1.0 1.0 1.0 0.0 1.0 1.0 1.0 1.0 1.0 1.0 1.0 1.0 1.0 1.0 1.0 1.0 1.0 1.0 1.0 1.0 1.0 1.0 1.0 1.0 1.0 1.0 
1.0 1.0 1.0 1.0 1.0 1.0 1.0 1.0 1.0 1.0 1.0 1.0 1.0 1.0 1.0 1.0 1.0 1.0 1.0 1.0 1.0 1.0 1.0 1.0 1.0 1.0 1.0 1.0 1.0 1.0 1.0 1.0 1.0 1.0 1.0 1.0 1.0 1.0 1.0 1.0 1.0 1.0 0.0 1.0 1.0 1.0 1.0 1.0 1.0 1.0 1.0 1.0 1.0 1.0 1.0 1.0 1.0 1.0 1.0 1.0 1.0 1.0 1.0 1.0 
1.0 1.0 1.0 1.0 1.0 1.0 1.0 1.0 1.0 1.0 1.0 1.0 1.0 1.0 1.0 1.0 1.0 1.0 1.0 1.0 1.0 1.0 1.0 1.0 1.0 1.0 1.0 1.0 1.0 1.0 1.0 1.0 1.0 1.0 1.0 1.0 1.0 1.0 1.0 1.0 1.0 1.0 1.0 0.0 1.0 1.0 1.0 1.0 1.0 1.0 1.0 1.0 1.0 1.0 1.0 1.0 1.0 1.0 1.0 1.0 1.0 1.0 1.0 1.0 
1.0 1.0 1.0 1.0 1.0 1.0 1.0 1.0 1.0 1.0 1.0 1.0 1.0 1.0 1.0 1.0 1.0 1.0 1.0 1.0 1.0 1.0 1.0 1.0 1.0 1.0 1.0 1.0 1.0 1.0 1.0 1.0 1.0 1.0 1.0 1.0 1.0 1.0 1.0 1.0 1.0 1.0 1.0 1.0 0.0 1.0 1.0 1.0 1.0 1.0 1.0 1.0 1.0 1.0 1.0 1.0 1.0 1.0 1.0 1.0 1.0 1.0 1.0 1.0 
1.0 1.0 1.0 1.0 1.0 1.0 1.0 1.0 1.0 1.0 1.0 1.0 1.0 1.0 1.0 1.0 1.0 1.0 1.0 1.0 1.0 1.0 1.0 1.0 1.0 1.0 1.0 1.0 1.0 1.0 1.0 1.0 1.0 1.0 1.0 1.0 1.0 1.0 1.0 1.0 1.0 1.0 1.0 1.0 1.0 0.0 1.0 1.0 1.0 1.0 1.0 1.0 1.0 1.0 1.0 1.0 1.0 1.0 1.0 1.0 1.0 1.0 1.0 1.0 
1.0 1.0 1.0 1.0 1.0 1.0 1.0 1.0 1.0 1.0 1.0 1.0 1.0 1.0 1.0 1.0 1.0 1.0 1.0 1.0 1.0 1.0 1.0 1.0 1.0 1.0 1.0 1.0 1.0 1.0 1.0 1.0 1.0 1.0 1.0 1.0 1.0 1.0 1.0 1.0 1.0 1.0 1.0 1.0 1.0 1.0 0.0 1.0 1.0 1.0 1.0 1.0 1.0 1.0 1.0 1.0 1.0 1.0 1.0 1.0 1.0 1.0 1.0 1.0 
1.0 1.0 1.0 1.0 1.0 1.0 1.0 1.0 1.0 1.0 1.0 1.0 1.0 1.0 1.0 1.0 1.0 1.0 1.0 1.0 1.0 1.0 1.0 1.0 1.0 1.0 1.0 1.0 1.0 1.0 1.0 1.0 1.0 1.0 1.0 1.0 1.0 1.0 1.0 1.0 1.0 1.0 1.0 1.0 1.0 1.0 1.0 0.0 1.0 1.0 1.0 1.0 1.0 1.0 1.0 1.0 1.0 1.0 1.0 1.0 1.0 1.0 1.0 1.0 
1.0 1.0 1.0 1.0 1.0 1.0 1.0 1.0 1.0 1.0 1.0 1.0 1.0 1.0 1.0 1.0 1.0 1.0 1.0 1.0 1.0 1.0 1.0 1.0 1.0 1.0 1.0 1.0 1.0 1.0 1.0 1.0 1.0 1.0 1.0 1.0 1.0 1.0 1.0 1.0 1.0 1.0 1.0 1.0 1.0 1.0 1.0 1.0 0.0 1.0 1.0 1.0 1.0 1.0 1.0 1.0 1.0 1.0 1.0 1.0 1.0 1.0 1.0 1.0 
1.0 1.0 1.0 1.0 1.0 1.0 1.0 1.0 1.0 1.0 1.0 1.0 1.0 1.0 1.0 1.0 1.0 1.0 1.0 1.0 1.0 1.0 1.0 1.0 1.0 1.0 1.0 1.0 1.0 1.0 1.0 1.0 1.0 1.0 1.0 1.0 1.0 1.0 1.0 1.0 1.0 1.0 1.0 1.0 1.0 1.0 1.0 1.0 1.0 0.0 1.0 1.0 1.0 1.0 1.0 1.0 1.0 1.0 1.0 1.0 1.0 1.0 1.0 1.0 
1.0 1.0 1.0 1.0 1.0 1.0 1.0 1.0 1.0 1.0 1.0 1.0 1.0 1.0 1.0 1.0 1.0 1.0 1.0 1.0 1.0 1.0 1.0 1.0 1.0 1.0 1.0 1.0 1.0 1.0 1.0 1.0 1.0 1.0 1.0 1.0 1.0 1.0 1.0 1.0 1.0 1.0 1.0 1.0 1.0 1.0 1.0 1.0 1.0 1.0 0.0 1.0 1.0 1.0 1.0 1.0 1.0 1.0 1.0 1.0 1.0 1.0 1.0 1.0 
1.0 1.0 1.0 1.0 1.0 1.0 1.0 1.0 1.0 1.0 1.0 1.0 1.0 1.0 1.0 1.0 1.0 1.0 1.0 1.0 1.0 1.0 1.0 1.0 1.0 1.0 1.0 1.0 1.0 1.0 1.0 1.0 1.0 1.0 1.0 1.0 1.0 1.0 1.0 1.0 1.0 1.0 1.0 1.0 1.0 1.0 1.0 1.0 1.0 1.0 1.0 0.0 1.0 1.0 1.0 1.0 1.0 1.0 1.0 1.0 1.0 1.0 1.0 1.0 
1.0 1.0 1.0 1.0 1.0 1.0 1.0 1.0 1.0 1.0 1.0 1.0 1.0 1.0 1.0 1.0 1.0 1.0 1.0 1.0 1.0 1.0 1.0 1.0 1.0 1.0 1.0 1.0 1.0 1.0 1.0 1.0 1.0 1.0 1.0 1.0 1.0 1.0 1.0 1.0 1.0 1.0 1.0 1.0 1.0 1.0 1.0 1.0 1.0 1.0 1.0 1.0 0.0 1.0 1.0 1.0 1.0 1.0 1.0 1.0 1.0 1.0 1.0 1.0 
1.0 1.0 1.0 1.0 1.0 1.0 1.0 1.0 1.0 1.0 1.0 1.0 1.0 1.0 1.0 1.0 1.0 1.0 1.0 1.0 1.0 1.0 1.0 1.0 1.0 1.0 1.0 1.0 1.0 1.0 1.0 1.0 1.0 1.0 1.0 1.0 1.0 1.0 1.0 1.0 1.0 1.0 1.0 1.0 1.0 1.0 1.0 1.0 1.0 1.0 1.0 1.0 1.0 0.0 1.0 1.0 1.0 1.0 1.0 1.0 1.0 1.0 1.0 1.0 
1.0 1.0 1.0 1.0 1.0 1.0 1.0 1.0 1.0 1.0 1.0 1.0 1.0 1.0 1.0 1.0 1.0 1.0 1.0 1.0 1.0 1.0 1.0 1.0 1.0 1.0 1.0 1.0 1.0 1.0 1.0 1.0 1.0 1.0 1.0 1.0 1.0 1.0 1.0 1.0 1.0 1.0 1.0 1.0 1.0 1.0 1.0 1.0 1.0 1.0 1.0 1.0 1.0 1.0 0.0 1.0 1.0 1.0 1.0 1.0 1.0 1.0 1.0 1.0 
1.0 1.0 1.0 1.0 1.0 1.0 1.0 1.0 1.0 1.0 1.0 1.0 1.0 1.0 1.0 1.0 1.0 1.0 1.0 1.0 1.0 1.0 1.0 1.0 1.0 1.0 1.0 1.0 1.0 1.0 1.0 1.0 1.0 1.0 1.0 1.0 1.0 1.0 1.0 1.0 1.0 1.0 1.0 1.0 1.0 1.0 1.0 1.0 1.0 1.0 1.0 1.0 1.0 1.0 1.0 0.0 1.0 1.0 1.0 1.0 1.0 1.0 1.0 1.0 
1.0 1.0 1.0 1.0 1.0 1.0 1.0 1.0 1.0 1.0 1.0 1.0 1.0 1.0 1.0 1.0 1.0 1.0 1.0 1.0 1.0 1.0 1.0 1.0 1.0 1.0 1.0 1.0 1.0 1.0 1.0 1.0 1.0 1.0 1.0 1.0 1.0 1.0 1.0 1.0 1.0 1.0 1.0 1.0 1.0 1.0 1.0 1.0 1.0 1.0 1.0 1.0 1.0 1.0 1.0 1.0 0.0 1.0 1.0 1.0 1.0 1.0 1.0 1.0 
1.0 1.0 1.0 1.0 1.0 1.0 1.0 1.0 1.0 1.0 1.0 1.0 1.0 1.0 1.0 1.0 1.0 1.0 1.0 1.0 1.0 1.0 1.0 1.0 1.0 1.0 1.0 1.0 1.0 1.0 1.0 1.0 1.0 1.0 1.0 1.0 1.0 1.0 1.0 1.0 1.0 1.0 1.0 1.0 1.0 1.0 1.0 1.0 1.0 1.0 1.0 1.0 1.0 1.0 1.0 1.0 1.0 0.0 1.0 1.0 1.0 1.0 1.0 1.0 
1.0 1.0 1.0 1.0 1.0 1.0 1.0 1.0 1.0 1.0 1.0 1.0 1.0 1.0 1.0 1.0 1.0 1.0 1.0 1.0 1.0 1.0 1.0 1.0 1.0 1.0 1.0 1.0 1.0 1.0 1.0 1.0 1.0 1.0 1.0 1.0 1.0 1.0 1.0 1.0 1.0 1.0 1.0 1.0 1.0 1.0 1.0 1.0 1.0 1.0 1.0 1.0 1.0 1.0 1.0 1.0 1.0 1.0 0.0 1.0 1.0 1.0 1.0 1.0 
1.0 1.0 1.0 1.0 1.0 1.0 1.0 1.0 1.0 1.0 1.0 1.0 1.0 1.0 1.0 1.0 1.0 1.0 1.0 1.0 1.0 1.0 1.0 1.0 1.0 1.0 1.0 1.0 1.0 1.0 1.0 1.0 1.0 1.0 1.0 1.0 1.0 1.0 1.0 1.0 1.0 1.0 1.0 1.0 1.0 1.0 1.0 1.0 1.0 1.0 1.0 1.0 1.0 1.0 1.0 1.0 1.0 1.0 1.0 0.0 1.0 1.0 1.0 1.0 
1.0 1.0 1.0 1.0 1.0 1.0 1.0 1.0 1.0 1.0 1.0 1.0 1.0 1.0 1.0 1.0 1.0 1.0 1.0 1.0 1.0 1.0 1.0 1.0 1.0 1.0 1.0 1.0 1.0 1.0 1.0 1.0 1.0 1.0 1.0 1.0 1.0 1.0 1.0 1.0 1.0 1.0 1.0 1.0 1.0 1.0 1.0 1.0 1.0 1.0 1.0 1.0 1.0 1.0 1.0 1.0 1.0 1.0 1.0 1.0 0.0 1.0 1.0 1.0 
1.0 1.0 1.0 1.0 1.0 1.0 1.0 1.0 1.0 1.0 1.0 1.0 1.0 1.0 1.0 1.0 1.0 1.0 1.0 1.0 1.0 1.0 1.0 1.0 1.0 1.0 1.0 1.0 1.0 1.0 1.0 1.0 1.0 1.0 1.0 1.0 1.0 1.0 1.0 1.0 1.0 1.0 1.0 1.0 1.0 1.0 1.0 1.0 1.0 1.0 1.0 1.0 1.0 1.0 1.0 1.0 1.0 1.0 1.0 1.0 1.0 0.0 1.0 1.0 
1.0 1.0 1.0 1.0 1.0 1.0 1.0 1.0 1.0 1.0 1.0 1.0 1.0 1.0 1.0 1.0 1.0 1.0 1.0 1.0 1.0 1.0 1.0 1.0 1.0 1.0 1.0 1.0 1.0 1.0 1.0 1.0 1.0 1.0 1.0 1.0 1.0 1.0 1.0 1.0 1.0 1.0 1.0 1.0 1.0 1.0 1.0 1.0 1.0 1.0 1.0 1.0 1.0 1.0 1.0 1.0 1.0 1.0 1.0 1.0 1.0 1.0 0.0 1.0 
1.0 1.0 1.0 1.0 1.0 1.0 1.0 1.0 1.0 1.0 1.0 1.0 1.0 1.0 1.0 1.0 1.0 1.0 1.0 1.0 1.0 1.0 1.0 1.0 1.0 1.0 1.0 1.0 1.0 1.0 1.0 1.0 1.0 1.0 1.0 1.0 1.0 1.0 1.0 1.0 1.0 1.0 1.0 1.0 1.0 1.0 1.0 1.0 1.0 1.0 1.0 1.0 1.0 1.0 1.0 1.0 1.0 1.0 1.0 1.0 1.0 1.0 1.0 0.0 