32
68 80 42 70 48 23 31 1 95 36 78 85 48 90 11 70 3 47 42 41 28 21 18 91 60 74 78 8 4 78 74 29 
13 14 82 25 64 35 13 55 25 8 77 57 55 46 89 58 86 2 49 87 55 57 27 47 97 70 18 44 27 85 88 43 
63 81 50 66 31 13 48 58 64 100 49 35 34 81 83 22 9 15 69 79 75 30 86 39 24 73 12 87 67 89 97 41 
84 86 12 14 84 23 56 83 71 71 75 88 31 94 83 36 93 29 72 34 41 6 24 100 59 71 10 52 99 42 17 23 
36 60 43 27 58 70 37 47 17 58 17 40 27 63 24 41 8 51 56 16 11 4 52 57 9 89 5 8 43 97 4 52 
50 71 45 43 45 43 75 42 8 74 82 65 39 46 7 18 99 72 20 22 100 60 49 100 81 63 100 79 55 91 31 24 
7 71 45 1 56 99 46 25 67 56 76 46 23 22 40 99 6 70 57 41 91 74 88 15 90 24 15 87 84 51 78 89 
79 8 52 98 90 43 12 69 4 38 71 3 85 41 7 5 53 32 81 71 75 84 71 63 45 91 29 19 40 53 53 44 
82 5 59 74 12 84 77 53 57 66 72 12 70 49 13 47 54 2 51 87 52 6 64 39 58 27 14 75 65 80 95 44 
5 19 64 16 6 80 48 25 36 58 66 70 77 83 95 18 41 95 87 1 84 18 56 100 1 96 77 79 96 24 37 26 
12 78 73 65 48 85 73 14 3 51 86 67 1 31 49 48 60 43 32 48 66 64 84 86 53 68 46 96 66 79 72 88 
51 32 26 44 78 13 79 17 48 35 83 15 78 87 47 17 49 18 94 21 20 16 7 11 87 20 27 37 84 61 98 12 
35 54 10 44 66 23 27 34 23 100 71 11 56 23 51 99 5 55 38 1 8 96 94 43 34 64 88 52 71 51 21 46 
44 5 16 67 24 85 29 45 67 34 53 8 25 53 33 71 4 37 22 47 45 25 73 60 15 51 33 59 13 87 95 50 
50 32 29 49 78 92 54 15 99 61 42 94 80 36 44 17 78 16 25 16 58 26 89 39 86 4 20 2 65 89 89 90 
87 39 62 36 45 46 30 55 29 96 60 86 38 79 64 48 20 80 42 53 40 39 95 79 67 70 89 6 23 2 29 49 
26 7 99 21 30 29 31 23 43 46 38 25 100 21 8 13 9 80 95 54 59 62 92 85 74 64 16 88 55 47 79 65 
66 5 74 14 33 42 52 94 60 65 48 78 60 36 27 3 31 55 79 76 86 71 50 94 21 96 8 7 28 13 50 79 
56 46 16 10 31 70 51 57 97 92 64 22 90 40 69 6 70 17 19 80 19 49 100 36 27 51 100 32 56 31 4 96 
88 77 84 46 68 37 50 47 7 59 66 32 92 39 62 78 62 92 95 14 86 78 4 74 81 69 71 42 27 8 21 93 
56 24 88 80 56 33 14 2 4 72 42 9 91 35 48 31 88 18 93 26 33 42 58 17 77 6 99 10 68 48 31 90 
71 42 8 31 74 21 72 57 27 22 30 64 84 82 24 89 50 12 46 25 14 48 91 97 77 6 40 11 33 83 81 25 
2 39 94 11 27 10 52 100 99 79 68 98 2 40 100 41 13 54 44 97 62 81 47 29 15 34 22 57 99 99 86 14 
81 67 40 13 31 90 69 86 43 50 70 95 4 29 88 28 89 61 13 35 74 50 55 21 65 4 2 57 10 65 46 7 
24 27 65 25 18 30 52 40 8 33 14 85 73 1 31 50 31 2 54 84 11 87 94 54 21 84 60 23 94 46 25 54 
6 99 13 28 85 85 48 23 52 83 64 47 80 46 22 23 46 24 30 75 76 3 12 53 72 90 6 61 15 64 33 53 
91 91 33 97 85 100 31 90 7 90 76 6 27 48 45 19 96 70 87 20 67 96 70 5 60 15 35 98 27 28 4 60 
33 36 14 49 89 15 83 69 4 33 34 60 10 73 52 22 49 60 79 99 38 57 71 73 8 84 24 99 46 5 27 29 
46 14 39 18 27 33 20 4 53 77 26 82 77 98 22 61 71 26 100 18 55 41 16 10 90 97 63 82 69 3 49 41 
64 18 32 11 50 8 100 58 66 58 45 44 71 54 2 67 56 39 27 71 82 17 36 25 98 6 74 18 19 57 4 1 
61 96 9 38 52 86 4 55 65 52 28 79 3 70 41 83 3 39 57 39 40 22 21 71 80 12 15 13 16 74 77 18 
7 28 29 23 84 24 25 71 82 22 37 15 93 30 56 94 43 3 8 62 51 64 25 86 80 99 100 96 5 87 66 89 
0.0 1.0 1.0 1.0 1.0 1.0 1.0 1.0 1.0 1.0 1.0 1.0 1.0 1.0 1.0 1.0 1.0 1.0 1.0 1.0 1.0 1.0 1.0 1.0 1.0 1.0 1.0 1.0 1.0 1.0 1.0 1.0 
1.0 0.0 1.0 1.0 1.0 1.0 1.0 1.0 1.0 1.0 1.0 1.0 1.0 1.0 1.0 1.0 1.0 1.0 1.0 1.0 1.0 1.0 1.0 1.0 1.0 1.0 1.0 1.0 1.0 1.0 1.0 1.0 
1.0 1.0 0.0 1.0 1.0 1.0 1.0 1.0 1.0 1.0 1.0 1.0 1.0 1.0 1.0 1.0 1.0 1.0 1.0 1.0 1.0 1.0 1.0 1.0 1.0 1.0 1.0 1.0 1.0 1.0 1.0 1.0 
1.0 1.0 1.0 0.0 1.0 1.0 1.0 1.0 1.0 1.0 1.0 1.0 1.0 1.0 1.0 1.0 1.0 1.0 1.0 1.0 1.0 1.0 1.0 1.0 1.0 1.0 1.0 1.0 1.0 1.0 1.0 1.0 
1.0 1.0 1.0 1.0 0.0 1.0 1.0 1.0 1.0 1.0 1.0 1.0 1.0 1.0 1.0 1.0 1.0 1.0 1.0 1.0 1.0 1.0 1.0 1.0 1.0 1.0 1.0 1.0 1.0 1.0 1.0 1.0 
1.0 1.0 1.0 1.0 1.0 0.0 1.0 1.0 1.0 1.0 1.0 1.0 1.0 1.0 1.0 1.0 1.0 1.0 1.0 1.0 1.0 1.0 1.0 1.0 1.0 1.0 1.0 1.0 1.0 1.0 1.0 1.0 
1.0 1.0 1.0 1.0 1.0 1.0 0.0 1.0 1.0 1.0 1.0 1.0 1.0 1.0 1.0 1.0 1.0 1.0 1.0 1.0 1.0 1.0 1.0 1.0 1.0 1.0 1.0 1.0 1.0 1.0 1.0 1.0 
1.0 1.0 1.0 1.0 1.0 1.0 1.0 0.0 1.0 1.0 1.0 1.0 1.0 1.0 1.0 1.0 1.0 1.0 1.0 1.0 1.0 1.0 1.0 1.0 1.0 1.0 1.0 1.0 1.0 1.0 1.0 1.0 
1.0 1.0 1.0 1.0 1.0 1.0 1.0 1.0 0.0 1.0 1.0 1.0 1.0 1.0 1.0 1.0 1.0 1.0 1.0 1.0 1.0 1.0 1.0 1.0 1.0 1.0 1.0 1.0 1.0 1.0 1.0 1.0 
1.0 1.0 1.0 1.0 1.0 1.0 1.0 1.0 1.0 0.0 1.0 1.0 1.0 1.0 1.0 1.0 1.0 1.0 1.0 1.0 1.0 1.0 1.0 1.0 1.0 1.0 1.0 1.0 1.0 1.0 1.0 1.0 
1.0 1.0 1.0 1.0 1.0 1.0 1.0 1.0 1.0 1.0 0.0 1.0 1.0 1.0 1.0 1.0 1.0 1.0 1.0 1.0 1.0 1.0 1.0 1.0 1.0 1.0 1.0 1.0 1.0 1.0 1.0 1.0 
1.0 1.0 1.0 1.0 1.0 1.0 1.0 1.0 1.0 1.0 1.0 0.0 1.0 1.0 1.0 1.0 1.0 1.0 1.0 1.0 1.0 1.0 1.0 1.0 1.0 1.0 1.0 1.0 1.0 1.0 1.0 1.0 
1.0 1.0 1.0 1.0 1.0 1.0 1.0 1.0 1.0 1.0 1.0 1.0 0.0 1.0 1.0 1.0 1.0 1.0 1.0 1.0 1.0 1.0 1.0 1.0 1.0 1.0 1.0 1.0 1.0 1.0 1.0 1.0 
1.0 1.0 1.0 1.0 1.0 1.0 1.0 1.0 1.0 1.0 1.0 1.0 1.0 0.0 1.0 1.0 1.0 1.0 1.0 1.0 1.0 1.0 1.0 1.0 1.0 1.0 1.0 1.0 1.0 1.0 1.0 1.0 
1.0 1.0 1.0 1.0 1.0 1.0 1.0 1.0 1.0 1.0 1.0 1.0 1.0 1.0 0.0 1.0 1.0 1.0 1.0 1.0 1.0 1.0 1.0 1.0 1.0 1.0 1.0 1.0 1.0 1.0 1.0 1.0 
1.0 1.0 1.0 1.0 1.0 1.0 1.0 1.0 1.0 1.0 1.0 1.0 1.0 1.0 1.0 0.0 1.0 1.0 1.0 1.0 1.0 1.0 1.0 1.0 1.0 1.0 1.0 1.0 1.0 1.0 1.0 1.0 
1.0 1.0 1.0 1.0 1.0 1.0 1.0 1.0 1.0 1.0 1.0 1.0 1.0 1.0 1.0 1.0 0.0 1.0 1.0 1.0 1.0 1.0 1.0 1.0 1.0 1.0 1.0 1.0 1.0 1.0 1.0 1.0 
1.0 1.0 1.0 1.0 1.0 1.0 1.0 1.0 1.0 1.0 1.0 1.0 1.0 1.0 1.0 1.0 1.0 0.0 1.0 1.0 1.0 1.0 1.0 1.0 1.0 1.0 1.0 1.0 1.0 1.0 1.0 1.0 
1.0 1.0 1.0 1.0 1.0 1.0 1.0 1.0 1.0 1.0 1.0 1.0 1.0 1.0 1.0 1.0 1.0 1.0 0.0 1.0 1.0 1.0 1.0 1.0 1.0 1.0 1.0 1.0 1.0 1.0 1.0 1.0 
1.0 1.0 1.0 1.0 1.0 1.0 1.0 1.0 1.0 1.0 1.0 1.0 1.0 1.0 1.0 1.0 1.0 1.0 1.0 0.0 1.0 1.0 1.0 1.0 1.0 1.0 1.0 1.0 1.0 1.0 1.0 1.0 
1.0 1.0 1.0 1.0 1.0 1.0 1.0 1.0 1.0 1.0 1.0 1.0 1.0 1.0 1.0 1.0 1.0 1.0 1.0 1.0 0.0 1.0 1.0 1.0 1.0 1.0 1.0 1.0 1.0 1.0 1.0 1.0 
1.0 1.0 1.0 1.0 1.0 1.0 1.0 1.0 1.0 1.0 1.0 1.0 1.0 1.0 1.0 1.0 1.0 1.0 1.0 1.0 1.0 0.0 1.0 1.0 1.0 1.0 1.0 1.0 1.0 1.0 1.0 1.0 
1.0 1.0 1.0 1.0 1.0 1.0 1.0 1.0 1.0 1.0 1.0 1.0 1.0 1.0 1.0 1.0 1.0 1.0 1.0 1.0 1.0 1.0 0.0 1.0 1.0 1.0 1.0 1.0 1.0 1.0 1.0 1.0 
1.0 1.0 1.0 1.0 1.0 1.0 1.0 1.0 1.0 1.0 1.0 1.0 1.0 1.0 1.0 1.0 1.0 1.0 1.0 1.0 1.0 1.0 1.0 0.0 1.0 1.0 1.0 1.0 1.0 1.0 1.0 1.0 
1.0 1.0 1.0 1.0 1.0 1.0 1.0 1.0 1.0 1.0 1.0 1.0 1.0 1.0 1.0 1.0 1.0 1.0 1.0 1.0 1.0 1.0 1.0 1.0 0.0 1.0 1.0 1.0 1.0 1.0 1.0 1.0 
1.0 1.0 1.0 1.0 1.0 1.0 1.0 1.0 1.0 1.0 1.0 1.0 1.0 1.0 1.0 1.0 1.0 1.0 1.0 1.0 1.0 1.0 1.0 1.0 1.0 0.0 1.0 1.0 1.0 1.0 1.0 1.0 
1.0 1.0 1.0 1.0 1.0 1.0 1.0 1.0 1.0 1.0 1.0 1.0 1.0 1.0 1.0 1.0 1.0 1.0 1.0 1.0 1.0 1.0 1.0 1.0 1.0 1.0 0.0 1.0 1.0 1.0 1.0 1.0 
1.0 1.0 1.0 1.0 1.0 1.0 1.0 1.0 1.0 1.0 1.0 1.0 1.0 1.0 1.0 1.0 1.0 1.0 1.0 1.0 1.0 1.0 1.0 1.0 1.0 1.0 1.0 0.0 1.0 1.0 1.0 1.0 
1.0 1.0 1.0 1.0 1.0 1.0 1.0 1.0 1.0 1.0 1.0 1.0 1.0 1.0 1.0 1.0 1.0 1.0 1.0 1.0 1.0 1.0 1.0 1.0 1.0 1.0 1.0 1.0 0.0 1.0 1.0 1.0 
1.0 1.0 1.0 1.0 1.0 1.0 1.0 1.0 1.0 1.0 1.0 1.0 1.0 1.0 1.0 1.0 1.0 1.0 1.0 1.0 1.0 1.0 1.0 1.0 1.0 1.0 1.0 1.0 1.0 0.0 1.0 1.0 
1.0 1.0 1.0 1.0 1.0 1.0 1.0 1.0 1.0 1.0 1.0 1.0 1.0 1.0 1.0 1.0 1.0 1.0 1.0 1.0 1.0 1.0 1.0 1.0 1.0 1.0 1.0 1.0 1.0 1.0 0.0 1.0 
1.0 1.0 1.0 1.0 1.0 1.0 1.0 1.0 1.0 1.0 1.0 1.0 1.0 1.0 1.0 1.0 1.0 1.0 1.0 1.0 1.0 1.0 1.0 1.0 1.0 1.0 1.0 1.0 1.0 1.0 1.0 0.0 