64
44 96 61 40 98 33 10 23 26 19 38 59 38 85 90 21 70 16 77 84 50 61 58 81 22 54 25 82 12 63 26 91 99 61 4 11 29 27 95 6 10 29 12 82 33 34 27 7 51 88 85 13 51 75 32 30 36 27 81 78 34 50 5 30 
50 15 20 26 86 93 44 62 62 18 40 68 16 49 60 84 60 33 16 65 13 55 1 62 89 91 83 42 77 35 11 65 40 75 69 79 18 34 39 21 3 74 5 57 49 61 32 77 88 70 55 42 49 69 27 13 46 90 18 7 38 64 28 5 
69 7 71 77 87 72 66 86 51 92 82 47 85 61 37 22 46 35 11 34 4 58 42 3 64 32 43 75 6 59 3 70 92 96 81 54 71 33 15 98 58 11 65 56 48 31 9 71 68 93 86 34 94 29 73 32 3 54 21 18 84 99 69 78 
77 67 9 100 94 10 51 30 54 6 71 83 50 97 59 87 32 53 53 51 27 96 60 65 45 64 11 34 93 100 13 78 24 4 39 85 38 41 72 83 16 59 81 30 98 38 46 84 65 45 56 19 17 67 96 85 57 65 5 66 83 9 93 81 
57 15 17 61 10 21 66 32 60 4 95 99 8 82 94 37 48 59 65 12 74 15 98 5 72 40 29 63 10 14 28 100 31 63 39 33 3 2 90 42 92 30 99 73 71 19 44 62 97 3 12 2 57 60 28 44 18 24 55 14 44 85 43 32 
70 49 26 9 90 9 79 81 12 70 14 59 87 19 75 41 41 18 59 20 84 17 39 75 73 74 68 41 74 99 70 98 3 47 58 28 8 59 14 75 52 59 68 89 88 20 29 54 50 42 34 94 96 28 82 36 89 68 35 62 54 47 20 71 
17 31 50 1 74 72 61 83 10 37 90 75 95 4 28 84 67 39 36 3 40 1 51 78 54 37 61 27 78 78 40 19 4 73 92 100 61 57 37 74 35 19 79 94 31 75 12 62 71 58 8 39 82 57 91 30 88 79 87 90 84 99 1 31 
42 27 5 50 44 64 53 96 92 94 5 6 56 50 23 91 52 95 29 66 98 81 57 98 2 42 22 96 34 18 100 96 82 100 1 7 20 9 3 67 10 57 67 53 61 30 91 67 52 8 89 47 61 52 67 54 63 21 93 11 28 4 80 70 
4 82 88 15 86 95 67 66 15 38 9 34 26 29 73 28 63 62 87 89 56 40 5 71 91 14 86 43 4 4 70 83 64 52 64 10 18 82 87 17 22 29 25 17 79 79 24 68 19 42 48 17 4 95 96 65 40 40 67 14 34 99 41 62 
45 33 97 75 32 35 100 54 66 97 8 61 71 83 89 26 64 98 28 21 80 41 13 13 92 19 96 36 41 100 64 36 13 78 31 84 85 73 36 78 51 38 62 72 52 19 5 4 83 4 63 99 77 86 90 64 68 63 40 70 36 4 73 48 
91 87 14 34 63 37 37 6 72 3 77 31 88 30 26 72 70 31 98 16 43 11 94 82 77 73 44 81 69 93 21 36 55 55 94 83 84 33 88 49 58 31 40 52 13 38 78 89 34 11 5 5 66 24 62 88 67 54 59 57 31 84 11 81 
58 7 13 27 91 22 85 43 10 37 34 69 5 9 64 54 12 28 41 42 89 54 25 12 82 91 79 72 46 42 45 90 20 63 10 26 67 70 5 34 97 50 70 44 3 79 12 45 45 24 99 14 100 57 41 10 9 93 69 82 54 21 80 9 
6 71 56 47 6 86 99 97 76 55 49 64 84 6 25 9 53 97 49 6 55 17 71 53 97 56 23 44 42 21 92 8 32 56 58 9 20 77 66 36 100 25 89 3 45 30 80 21 41 40 90 1 55 71 100 61 35 97 81 59 11 8 39 54 
14 41 37 25 33 11 7 14 98 63 4 17 39 87 90 59 40 61 35 33 64 68 48 43 95 20 69 6 46 52 94 37 71 73 93 100 5 35 29 15 70 72 1 9 32 16 18 51 30 8 9 53 8 2 92 67 25 41 100 97 18 34 44 50 
72 76 54 79 84 100 51 10 29 51 90 13 24 63 39 56 14 34 93 21 88 100 63 3 44 99 45 10 82 62 92 57 28 11 75 14 24 49 66 63 8 23 35 33 18 99 62 47 27 50 68 86 29 98 79 71 7 3 39 100 9 77 70 67 
85 99 48 33 90 90 35 55 48 73 20 100 23 41 73 64 69 27 6 9 64 2 4 77 9 80 7 90 29 51 4 100 24 47 35 97 61 73 43 96 45 38 60 35 45 5 32 64 84 67 72 42 47 83 85 22 53 31 35 18 57 87 3 83 
20 85 9 28 72 54 68 39 7 79 77 18 48 89 23 28 23 4 71 71 51 13 47 8 98 41 48 83 91 38 59 86 93 72 30 45 47 83 72 68 39 47 92 94 76 72 38 29 38 96 18 42 2 71 5 16 77 64 98 45 70 93 34 51 
36 80 72 24 47 69 65 94 39 19 60 82 15 31 51 13 90 83 57 75 39 78 48 83 41 22 2 77 51 57 92 1 3 80 21 41 8 65 8 34 17 34 23 2 20 59 90 16 42 38 40 39 12 6 41 72 66 86 21 83 98 62 59 22 
27 99 54 92 95 9 66 98 10 52 51 22 4 51 71 8 88 89 13 31 56 38 21 59 20 34 48 19 28 96 63 45 69 42 72 21 1 12 83 76 86 21 73 94 48 86 94 14 82 36 43 34 18 80 3 87 10 29 55 76 38 60 77 72 
77 73 75 25 31 36 93 83 35 99 72 58 42 75 37 45 56 16 22 34 54 12 7 52 7 65 57 71 4 19 46 54 45 91 83 15 7 25 8 83 4 39 52 74 32 73 74 34 50 9 23 40 30 24 22 9 14 26 17 58 9 53 44 92 
75 99 7 32 33 28 74 95 60 89 100 3 86 28 64 11 64 31 88 29 30 38 25 11 8 54 93 50 35 19 91 4 86 44 65 44 23 70 59 21 9 75 61 2 25 25 52 52 17 28 86 21 44 70 32 75 88 18 23 87 71 99 45 68 
68 80 21 37 100 43 10 37 38 96 74 57 42 30 43 85 4 5 75 84 21 25 2 7 3 8 48 38 66 63 77 61 19 7 36 76 99 6 76 50 36 76 89 81 98 14 59 66 53 12 33 44 30 53 62 68 14 80 68 55 66 51 28 84 
23 61 18 45 99 47 51 29 94 32 81 86 95 13 19 9 70 20 95 18 20 80 82 11 26 15 4 22 99 49 46 84 86 88 63 90 40 7 6 31 77 1 83 71 31 4 42 75 11 37 56 29 45 50 30 73 38 48 79 86 36 50 35 56 
19 35 1 89 47 24 53 100 11 36 31 95 65 1 48 37 69 80 97 86 35 88 17 91 52 53 76 2 9 20 75 3 83 86 47 24 46 96 2 33 5 69 34 59 65 69 41 28 73 56 13 95 71 74 55 9 70 28 78 2 50 65 30 58 
22 23 88 43 76 52 30 5 54 12 58 95 79 31 95 80 96 99 6 10 14 96 100 79 53 2 75 20 78 47 64 79 97 68 59 59 100 90 44 96 86 84 47 46 70 64 14 99 6 11 54 48 91 92 80 56 34 29 67 77 14 78 73 35 
55 33 30 98 69 88 91 17 53 81 84 7 15 11 3 57 43 69 14 52 23 48 50 14 70 80 23 32 85 80 85 65 19 80 51 44 7 66 25 66 2 37 31 89 98 2 29 89 66 99 63 48 88 87 55 44 73 60 46 23 74 34 62 6 
64 79 87 22 57 13 4 96 86 87 22 57 23 6 30 14 68 83 85 95 14 95 66 50 25 15 71 98 10 63 24 68 20 81 15 75 36 25 27 27 98 59 51 57 43 95 97 11 69 31 98 76 98 36 20 18 100 47 34 7 28 17 96 6 
56 16 65 81 47 98 50 29 14 8 52 96 76 96 55 34 14 77 91 82 77 75 56 90 15 81 51 71 69 14 72 19 43 6 55 15 29 5 86 46 24 63 99 93 39 75 47 99 50 78 70 16 14 37 14 24 19 54 54 53 60 8 54 89 
87 96 31 95 19 94 53 36 14 95 28 16 53 75 22 81 60 15 99 91 74 69 61 49 42 40 90 41 63 93 47 2 11 68 33 26 17 22 26 70 20 79 38 90 1 34 37 86 80 26 10 1 82 80 65 19 28 29 42 7 12 6 87 90 
61 65 93 37 74 39 99 59 19 41 63 8 24 59 80 37 20 84 28 16 78 10 41 28 72 85 70 86 18 47 34 94 88 2 65 32 18 50 21 6 44 7 72 38 100 73 85 33 26 86 60 38 74 87 78 100 27 38 28 76 5 12 46 64 
19 85 16 47 41 25 16 70 31 93 9 87 37 51 62 26 64 96 32 28 17 100 85 27 24 1 78 87 14 80 4 45 83 76 2 50 51 7 64 56 7 56 36 51 57 79 7 27 5 80 47 84 96 86 40 100 12 44 7 10 15 18 5 74 
46 84 25 100 64 60 54 2 68 84 58 96 44 75 25 84 29 89 48 12 29 25 39 30 77 44 63 92 4 67 2 61 75 24 21 5 23 15 44 42 32 43 12 64 49 60 97 69 69 73 15 12 82 35 32 38 5 24 73 99 24 74 52 15 
11 52 50 46 17 52 20 13 76 63 42 34 9 52 16 43 77 12 72 2 54 76 47 94 34 22 94 11 30 49 26 22 19 89 47 16 41 49 7 25 50 57 47 95 18 35 7 17 66 85 15 72 92 73 15 17 97 57 38 28 19 95 61 21 
90 81 4 5 99 42 37 55 74 30 71 62 28 65 76 67 93 53 3 9 33 54 28 67 79 90 45 94 2 59 44 17 61 96 29 70 13 6 74 38 83 66 92 77 54 43 80 67 18 61 78 81 29 7 90 69 16 82 44 48 100 63 50 88 
51 23 3 17 84 63 12 59 57 18 78 76 15 78 89 3 15 84 80 22 28 28 7 83 85 25 65 63 11 40 48 8 41 54 79 58 4 20 8 81 85 66 86 47 46 17 26 90 35 2 39 20 1 14 54 82 16 36 63 79 70 80 58 49 
18 2 59 85 18 88 96 8 66 16 84 36 68 96 48 75 86 6 65 83 80 40 78 5 73 67 22 95 25 56 29 37 26 53 33 24 47 44 17 22 78 66 94 88 80 57 13 3 40 62 6 50 43 51 83 93 61 95 19 76 97 36 58 61 
97 23 11 78 11 80 99 98 34 56 19 32 6 77 25 19 75 68 69 57 88 89 8 3 81 10 20 76 11 1 78 18 98 69 4 35 82 5 32 17 23 3 32 60 40 44 16 71 70 37 18 57 66 30 59 31 3 79 21 65 12 47 85 14 
96 7 59 12 89 87 67 95 26 78 65 4 10 83 84 91 96 85 64 18 43 28 61 56 29 19 89 65 100 75 9 27 82 15 58 48 44 74 56 43 14 58 65 6 50 1 73 44 22 90 4 95 62 16 52 44 66 67 8 58 56 98 54 38 
92 12 28 61 39 68 52 62 69 60 36 8 29 94 11 17 16 21 2 86 67 96 100 7 12 35 13 36 57 58 32 46 27 44 55 20 82 65 32 9 22 12 30 68 34 76 68 47 19 79 4 89 12 14 100 87 38 100 85 32 37 15 5 72 
87 65 68 15 4 40 74 49 71 59 42 77 94 80 13 61 39 43 99 25 90 12 90 48 71 58 10 87 30 48 11 1 72 92 57 31 31 38 65 61 11 2 85 85 77 67 85 87 44 90 23 64 69 29 67 45 70 92 84 4 62 79 99 28 
29 10 53 69 43 55 38 67 37 97 95 33 3 28 66 86 75 100 58 49 41 24 89 67 70 90 88 2 28 69 21 35 87 28 62 48 36 58 56 57 74 51 17 31 85 66 51 11 57 56 46 91 85 41 99 49 92 15 70 61 82 23 24 56 
65 68 66 44 45 34 31 17 45 24 33 74 43 30 24 55 73 49 32 47 81 56 36 78 24 100 88 90 72 88 14 33 78 86 22 10 4 65 73 97 33 51 78 22 93 61 1 91 24 98 52 97 87 49 31 19 64 84 62 36 87 46 69 67 
55 33 5 27 16 74 2 27 21 26 37 3 20 71 49 54 2 41 83 91 77 47 82 23 35 24 100 100 50 15 50 43 44 84 73 4 72 44 67 36 9 26 74 73 26 86 88 16 6 46 44 42 52 29 99 40 55 61 93 95 73 21 94 77 
23 89 35 19 7 11 53 77 88 70 81 94 21 96 62 12 4 83 58 13 99 48 83 60 94 51 4 45 73 20 28 52 67 88 41 34 65 25 6 54 26 91 66 73 64 62 40 98 22 6 68 90 56 82 36 59 18 25 25 88 8 51 49 45 
83 3 81 81 41 29 42 34 38 12 57 75 16 80 33 21 98 62 44 63 72 81 40 73 36 6 59 82 18 73 96 67 69 34 11 20 98 33 69 25 25 96 79 31 79 29 89 49 8 52 22 11 100 74 96 94 72 79 16 69 72 90 32 41 
91 2 63 85 46 13 15 33 88 9 94 55 18 34 79 69 61 59 98 87 73 28 80 11 6 100 99 15 90 38 81 72 13 43 20 42 90 20 87 56 36 60 8 60 14 11 32 4 48 60 27 3 70 94 7 80 26 11 60 58 6 79 53 76 
2 67 58 7 64 20 9 83 38 15 41 32 33 79 25 64 33 92 33 2 51 99 8 11 1 42 54 96 57 58 73 74 46 97 81 45 67 56 73 29 80 1 89 19 69 11 74 6 62 53 38 88 98 24 87 21 30 73 2 54 52 8 13 47 
55 50 39 66 46 63 77 67 20 73 90 39 14 67 67 26 20 7 64 67 62 56 98 55 64 36 97 17 18 59 11 1 52 83 96 92 66 38 73 62 42 82 15 51 91 52 80 28 72 42 32 33 77 3 83 17 27 6 11 26 25 17 73 93 
51 15 75 50 96 7 96 36 77 99 81 65 26 34 15 55 56 52 47 14 44 17 48 26 55 45 10 40 25 70 16 63 8 80 42 1 80 100 88 11 78 31 27 44 7 33 3 58 30 8 19 81 27 52 58 14 53 12 92 14 7 68 90 52 
26 98 39 43 11 77 50 8 73 83 93 89 15 77 57 32 97 87 57 93 23 58 86 51 29 73 45 2 12 77 16 9 81 71 5 59 49 22 64 54 93 11 10 55 63 63 81 87 22 88 14 14 51 33 6 22 95 45 95 60 89 80 40 71 
65 69 31 7 14 87 62 47 25 91 33 90 12 83 34 74 30 6 98 23 11 4 47 56 62 69 52 40 99 78 83 75 64 2 15 33 12 31 97 95 32 59 48 80 17 67 67 70 52 74 47 97 99 88 18 29 84 60 34 8 65 86 8 31 
65 60 48 49 15 79 45 29 6 14 83 85 10 54 48 75 34 47 51 76 10 57 97 51 28 45 62 53 60 42 91 31 63 5 4 9 4 67 72 87 14 8 53 58 4 57 49 43 59 11 83 39 39 54 67 53 78 54 47 100 53 25 91 43 
77 5 51 33 5 30 88 69 60 55 62 79 81 15 94 26 28 80 86 43 70 98 81 85 28 56 56 59 19 61 98 11 89 25 12 20 6 5 24 34 97 63 30 37 17 16 18 75 78 29 25 51 6 62 31 90 21 84 88 60 3 18 61 33 
15 70 6 80 25 100 16 6 62 38 31 25 96 29 38 22 80 66 76 65 88 5 43 16 100 98 5 11 80 19 93 74 48 62 20 78 92 68 6 97 64 99 15 61 97 54 29 91 65 52 63 15 61 24 17 46 84 51 88 21 38 100 44 59 
80 36 8 79 13 27 49 66 68 30 35 10 2 18 1 31 92 29 95 21 75 70 2 28 10 60 40 18 38 4 26 89 95 98 79 86 43 72 52 16 79 75 33 63 64 85 64 82 1 46 59 11 54 8 14 56 28 11 47 5 55 50 75 69 
40 69 14 46 99 95 56 60 91 14 29 26 15 27 25 59 100 90 57 65 25 73 27 85 99 63 9 74 55 12 88 98 15 6 45 92 55 62 46 63 67 78 30 24 61 81 98 87 30 55 86 50 79 30 31 17 40 9 29 11 95 30 51 95 
33 31 73 54 11 73 4 18 48 48 89 61 43 89 1 8 78 54 27 70 20 66 5 64 20 75 85 70 52 77 25 75 51 76 29 8 36 78 99 11 50 16 65 69 77 22 29 3 78 55 42 1 14 57 61 49 51 24 81 16 84 50 80 89 
49 86 100 93 100 59 85 15 55 11 67 29 27 41 78 13 75 88 94 14 69 46 50 98 100 13 88 23 67 76 42 31 88 27 77 27 35 95 63 49 27 72 20 41 20 73 65 26 69 46 39 19 5 34 5 94 89 68 49 43 40 23 79 43 
10 41 87 25 78 71 98 82 69 41 12 50 44 71 11 9 12 96 83 94 18 48 42 85 13 77 36 18 72 79 54 41 49 47 9 80 66 48 76 74 42 39 10 85 77 75 18 56 100 54 2 73 13 54 42 35 97 60 44 96 63 2 55 55 
27 18 32 20 22 18 44 71 69 49 10 78 27 14 91 86 8 55 43 16 47 82 55 91 96 35 58 64 60 46 62 1 27 72 37 62 84 83 52 91 62 66 92 49 71 82 39 57 26 89 6 71 36 51 88 1 15 13 79 54 71 86 96 98 
82 56 91 90 65 60 59 47 76 66 30 42 9 43 43 1 49 79 100 4 44 92 53 31 26 14 92 70 39 49 33 69 75 75 42 87 97 7 9 73 87 11 25 53 3 42 27 39 64 13 77 61 45 3 20 71 53 84 13 78 10 65 41 46 
51 81 4 31 7 86 57 6 91 13 88 9 49 44 20 43 88 58 66 25 4 70 98 39 54 63 83 73 65 37 6 17 51 17 37 62 14 90 85 34 89 55 32 75 21 18 4 9 3 14 42 20 4 72 68 68 32 61 13 75 8 40 16 65 
7 4 21 26 52 24 90 61 69 21 74 1 15 37 3 100 18 38 86 53 30 85 90 13 94 99 27 80 61 73 19 1 87 83 9 19 17 39 66 80 6 9 57 30 40 58 17 21 86 4 28 65 23 13 13 49 12 38 67 74 62 70 100 83 
51 18 11 11 7 42 7 65 6 81 92 27 54 41 100 73 99 41 17 6 43 18 27 4 98 9 27 61 6 22 37 69 16 63 97 75 47 100 32 17 77 39 92 70 30 88 60 85 78 24 42 76 51 10 100 65 99 15 71 94 57 84 15 11 
0.0 1.0 1.0 1.0 1.0 1.0 1.0 1.0 1.0 1.0 1.0 1.0 1.0 1.0 1.0 1.0 1.0 1.0 1.0 1.0 1.0 1.0 1.0 1.0 1.0 1.0 1.0 1.0 1.0 1.0 1.0 1.0 1.0 1.0 1.0 1.0 1.0 1.0 1.0 1.0 1.0 1.0 1.0 1.0 1.0 1.0 1.0 1.0 1.0 1.0 1.0 1.0 1.0 1.0 1.0 1.0 1.0 1.0 1.0 1.0 1.0 1.0 1.0 1.0 
1.0 0.0 1.0 1.0 1.0 1.0 1.0 1.0 1.0 1.0 1.0 1.0 1.0 1.0 1.0 1.0 1.0 1.0 1.0 1.0 1.0 1.0 1.0 1.0 1.0 1.0 1.0 1.0 1.0 1.0 1.0 1.0 1.0 1.0 1.0 1.0 1.0 1.0 1.0 1.0 1.0 1.0 1.0 1.0 1.0 1.0 1.0 1.0 1.0 1.0 1.0 1.0 1.0 1.0 1.0 1.0 1.0 1.0 1.0 1.0 1.0 1.0 1.0 1.0 
1.0 1.0 0.0 1.0 1.0 1.0 1.0 1.0 1.0 1.0 1.0 1.0 1.0 1.0 1.0 1.0 1.0 1.0 1.0 1.0 1.0 1.0 1.0 1.0 1.0 1.0 1.0 1.0 1.0 1.0 1.0 1.0 1.0 1.0 1.0 1.0 1.0 1.0 1.0 1.0 1.0 1.0 1.0 1.0 1.0 1.0 1.0 1.0 1.0 1.0 1.0 1.0 1.0 1.0 1.0 1.0 1.0 1.0 1.0 1.0 1.0 1.0 1.0 1.0 
1.0 1.0 1.0 0.0 1.0 1.0 1.0 1.0 1.0 1.0 1.0 1.0 1.0 1.0 1.0 1.0 1.0 1.0 1.0 1.0 1.0 1.0 1.0 1.0 1.0 1.0 1.0 1.0 1.0 1.0 1.0 1.0 1.0 1.0 1.0 1.0 1.0 1.0 1.0 1.0 1.0 1.0 1.0 1.0 1.0 1.0 1.0 1.0 1.0 1.0 1.0 1.0 1.0 1.0 1.0 1.0 1.0 1.0 1.0 1.0 1.0 1.0 1.0 1.0 
1.0 1.0 1.0 1.0 0.0 1.0 1.0 1.0 1.0 1.0 1.0 1.0 1.0 1.0 1.0 1.0 1.0 1.0 1.0 1.0 1.0 1.0 1.0 1.0 1.0 1.0 1.0 1.0 1.0 1.0 1.0 1.0 1.0 1.0 1.0 1.0 1.0 1.0 1.0 1.0 1.0 1.0 1.0 1.0 1.0 1.0 1.0 1.0 1.0 1.0 1.0 1.0 1.0 1.0 1.0 1.0 1.0 1.0 1.0 1.0 1.0 1.0 1.0 1.0 
1.0 1.0 1.0 1.0 1.0 0.0 1.0 1.0 1.0 1.0 1.0 1.0 1.0 1.0 1.0 1.0 1.0 1.0 1.0 1.0 1.0 1.0 1.0 1.0 1.0 1.0 1.0 1.0 1.0 1.0 1.0 1.0 1.0 1.0 1.0 1.0 1.0 1.0 1.0 1.0 1.0 1.0 1.0 1.0 1.0 1.0 1.0 1.0 1.0 1.0 1.0 1.0 1.0 1.0 1.0 1.0 1.0 1.0 1.0 1.0 1.0 1.0 1.0 1.0 
1.0 1.0 1.0 1.0 1.0 1.0 0.0 1.0 1.0 1.0 1.0 1.0 1.0 1.0 1.0 1.0 1.0 1.0 1.0 1.0 1.0 1.0 1.0 1.0 1.0 1.0 1.0 1.0 1.0 1.0 1.0 1.0 1.0 1.0 1.0 1.0 1.0 1.0 1.0 1.0 1.0 1.0 1.0 1.0 1.0 1.0 1.0 1.0 1.0 1.0 1.0 1.0 1.0 1.0 1.0 1.0 1.0 1.0 1.0 1.0 1.0 1.0 1.0 1.0 
1.0 1.0 1.0 1.0 1.0 1.0 1.0 0.0 1.0 1.0 1.0 1.0 1.0 1.0 1.0 1.0 1.0 1.0 1.0 1.0 1.0 1.0 1.0 1.0 1.0 1.0 1.0 1.0 1.0 1.0 1.0 1.0 1.0 1.0 1.0 1.0 1.0 1.0 1.0 1.0 1.0 1.0 1.0 1.0 1.0 1.0 1.0 1.0 1.0 1.0 1.0 1.0 1.0 1.0 1.0 1.0 1.0 1.0 1.0 1.0 1.0 1.0 1.0 1.0 
1.0 1.0 1.0 1.0 1.0 1.0 1.0 1.0 0.0 1.0 1.0 1.0 1.0 1.0 1.0 1.0 1.0 1.0 1.0 1.0 1.0 1.0 1.0 1.0 1.0 1.0 1.0 1.0 1.0 1.0 1.0 1.0 1.0 1.0 1.0 1.0 1.0 1.0 1.0 1.0 1.0 1.0 1.0 1.0 1.0 1.0 1.0 1.0 1.0 1.0 1.0 1.0 1.0 1.0 1.0 1.0 1.0 1.0 1.0 1.0 1.0 1.0 1.0 1.0 
1.0 1.0 1.0 1.0 1.0 1.0 1.0 1.0 1.0 0.0 1.0 1.0 1.0 1.0 1.0 1.0 1.0 1.0 1.0 1.0 1.0 1.0 1.0 1.0 1.0 1.0 1.0 1.0 1.0 1.0 1.0 1.0 1.0 1.0 1.0 1.0 1.0 1.0 1.0 1.0 1.0 1.0 1.0 1.0 1.0 1.0 1.0 1.0 1.0 1.0 1.0 1.0 1.0 1.0 1.0 1.0 1.0 1.0 1.0 1.0 1.0 1.0 1.0 1.0 
1.0 1.0 1.0 1.0 1.0 1.0 1.0 1.0 1.0 1.0 0.0 1.0 1.0 1.0 1.0 1.0 1.0 1.0 1.0 1.0 1.0 1.0 1.0 1.0 1.0 1.0 1.0 1.0 1.0 1.0 1.0 1.0 1.0 1.0 1.0 1.0 1.0 1.0 1.0 1.0 1.0 1.0 1.0 1.0 1.0 1.0 1.0 1.0 1.0 1.0 1.0 1.0 1.0 1.0 1.0 1.0 1.0 1.0 1.0 1.0 1.0 1.0 1.0 1.0 
1.0 1.0 1.0 1.0 1.0 1.0 1.0 1.0 1.0 1.0 1.0 0.0 1.0 1.0 1.0 1.0 1.0 1.0 1.0 1.0 1.0 1.0 1.0 1.0 1.0 1.0 1.0 1.0 1.0 1.0 1.0 1.0 1.0 1.0 1.0 1.0 1.0 1.0 1.0 1.0 1.0 1.0 1.0 1.0 1.0 1.0 1.0 1.0 1.0 1.0 1.0 1.0 1.0 1.0 1.0 1.0 1.0 1.0 1.0 1.0 1.0 1.0 1.0 1.0 
1.0 1.0 1.0 1.0 1.0 1.0 1.0 1.0 1.0 1.0 1.0 1.0 0.0 1.0 1.0 1.0 1.0 1.0 1.0 1.0 1.0 1.0 1.0 1.0 1.0 1.0 1.0 1.0 1.0 1.0 1.0 1.0 1.0 1.0 1.0 1.0 1.0 1.0 1.0 1.0 1.0 1.0 1.0 1.0 1.0 1.0 1.0 1.0 1.0 1.0 1.0 1.0 1.0 1.0 1.0 1.0 1.0 1.0 1.0 1.0 1.0 1.0 1.0 1.0 
1.0 1.0 1.0 1.0 1.0 1.0 1.0 1.0 1.0 1.0 1.0 1.0 1.0 0.0 1.0 1.0 1.0 1.0 1.0 1.0 1.0 1.0 1.0 1.0 1.0 1.0 1.0 1.0 1.0 1.0 1.0 1.0 1.0 1.0 1.0 1.0 1.0 1.0 1.0 1.0 1.0 1.0 1.0 1.0 1.0 1.0 1.0 1.0 1.0 1.0 1.0 1.0 1.0 1.0 1.0 1.0 1.0 1.0 1.0 1.0 1.0 1.0 1.0 1.0 
1.0 1.0 1.0 1.0 1.0 1.0 1.0 1.0 1.0 1.0 1.0 1.0 1.0 1.0 0.0 1.0 1.0 1.0 1.0 1.0 1.0 1.0 1.0 1.0 1.0 1.0 1.0 1.0 1.0 1.0 1.0 1.0 1.0 1.0 1.0 1.0 1.0 1.0 1.0 1.0 1.0 1.0 1.0 1.0 1.0 1.0 1.0 1.0 1.0 1.0 1.0 1.0 1.0 1.0 1.0 1.0 1.0 1.0 1.0 1.0 1.0 1.0 1.0 1.0 
1.0 1.0 1.0 1.0 1.0 1.0 1.0 1.0 1.0 1.0 1.0 1.0 1.0 1.0 1.0 0.0 1.0 1.0 1.0 1.0 1.0 1.0 1.0 1.0 1.0 1.0 1.0 1.0 1.0 1.0 1.0 1.0 1.0 1.0 1.0 1.0 1.0 1.0 1.0 1.0 1.0 1.0 1.0 1.0 1.0 1.0 1.0 1.0 1.0 1.0 1.0 1.0 1.0 1.0 1.0 1.0 1.0 1.0 1.0 1.0 1.0 1.0 1.0 1.0 
1.0 1.0 1.0 1.0 1.0 1.0 1.0 1.0 1.0 1.0 1.0 1.0 1.0 1.0 1.0 1.0 0.0 1.0 1.0 1.0 1.0 1.0 1.0 1.0 1.0 1.0 1.0 1.0 1.0 1.0 1.0 1.0 1.0 1.0 1.0 1.0 1.0 1.0 1.0 1.0 1.0 1.0 1.0 1.0 1.0 1.0 1.0 1.0 1.0 1.0 1.0 1.0 1.0 1.0 1.0 1.0 1.0 1.0 1.0 1.0 1.0 1.0 1.0 1.0 
1.0 1.0 1.0 1.0 1.0 1.0 1.0 1.0 1.0 1.0 1.0 1.0 1.0 1.0 1.0 1.0 1.0 0.0 1.0 1.0 1.0 1.0 1.0 1.0 1.0 1.0 1.0 1.0 1.0 1.0 1.0 1.0 1.0 1.0 1.0 1.0 1.0 1.0 1.0 1.0 1.0 1.0 1.0 1.0 1.0 1.0 1.0 1.0 1.0 1.0 1.0 1.0 1.0 1.0 1.0 1.0 1.0 1.0 1.0 1.0 1.0 1.0 1.0 1.0 
1.0 1.0 1.0 1.0 1.0 1.0 1.0 1.0 1.0 1.0 1.0 1.0 1.0 1.0 1.0 1.0 1.0 1.0 0.0 1.0 1.0 1.0 1.0 1.0 1.0 1.0 1.0 1.0 1.0 1.0 1.0 1.0 1.0 1.0 1.0 1.0 1.0 1.0 1.0 1.0 1.0 1.0 1.0 1.0 1.0 1.0 1.0 1.0 1.0 1.0 1.0 1.0 1.0 1.0 1.0 1.0 1.0 1.0 1.0 1.0 1.0 1.0 1.0 1.0 
1.0 1.0 1.0 1.0 1.0 1.0 1.0 1.0 1.0 1.0 1.0 1.0 1.0 1.0 1.0 1.0 1.0 1.0 1.0 0.0 1.0 1.0 1.0 1.0 1.0 1.0 1.0 1.0 1.0 1.0 1.0 1.0 1.0 1.0 1.0 1.0 1.0 1.0 1.0 1.0 1.0 1.0 1.0 1.0 1.0 1.0 1.0 1.0 1.0 1.0 1.0 1.0 1.0 1.0 1.0 1.0 1.0 1.0 1.0 1.0 1.0 1.0 1.0 1.0 
1.0 1.0 1.0 1.0 1.0 1.0 1.0 1.0 1.0 1.0 1.0 1.0 1.0 1.0 1.0 1.0 1.0 1.0 1.0 1.0 0.0 1.0 1.0 1.0 1.0 1.0 1.0 1.0 1.0 1.0 1.0 1.0 1.0 1.0 1.0 1.0 1.0 1.0 1.0 1.0 1.0 1.0 1.0 1.0 1.0 1.0 1.0 1.0 1.0 1.0 1.0 1.0 1.0 1.0 1.0 1.0 1.0 1.0 1.0 1.0 1.0 1.0 1.0 1.0 
1.0 1.0 1.0 1.0 1.0 1.0 1.0 1.0 1.0 1.0 1.0 1.0 1.0 1.0 1.0 1.0 1.0 1.0 1.0 1.0 1.0 0.0 1.0 1.0 1.0 1.0 1.0 1.0 1.0 1.0 1.0 1.0 1.0 1.0 1.0 1.0 1.0 1.0 1.0 1.0 1.0 1.0 1.0 1.0 1.0 1.0 1.0 1.0 1.0 1.0 1.0 1.0 1.0 1.0 1.0 1.0 1.0 1.0 1.0 1.0 1.0 1.0 1.0 1.0 
1.0 1.0 1.0 1.0 1.0 1.0 1.0 1.0 1.0 1.0 1.0 1.0 1.0 1.0 1.0 1.0 1.0 1.0 1.0 1.0 1.0 1.0 0.0 1.0 1.0 1.0 1.0 1.0 1.0 1.0 1.0 1.0 1.0 1.0 1.0 1.0 1.0 1.0 1.0 1.0 1.0 1.0 1.0 1.0 1.0 1.0 1.0 1.0 1.0 1.0 1.0 1.0 1.0 1.0 1.0 1.0 1.0 1.0 1.0 1.0 1.0 1.0 1.0 1.0 
1.0 1.0 1.0 1.0 1.0 1.0 1.0 1.0 1.0 1.0 1.0 1.0 1.0 1.0 1.0 1.0 1.0 1.0 1.0 1.0 1.0 1.0 1.0 0.0 1.0 1.0 1.0 1.0 1.0 1.0 1.0 1.0 1.0 1.0 1.0 1.0 1.0 1.0 1.0 1.0 1.0 1.0 1.0 1.0 1.0 1.0 1.0 1.0 1.0 1.0 1.0 1.0 1.0 1.0 1.0 1.0 1.0 1.0 1.0 1.0 1.0 1.0 1.0 1.0 
1.0 1.0 1.0 1.0 1.0 1.0 1.0 1.0 1.0 1.0 1.0 1.0 1.0 1.0 1.0 1.0 1.0 1.0 1.0 1.0 1.0 1.0 1.0 1.0 0.0 1.0 1.0 1.0 1.0 1.0 1.0 1.0 1.0 1.0 1.0 1.0 1.0 1.0 1.0 1.0 1.0 1.0 1.0 1.0 1.0 1.0 1.0 1.0 1.0 1.0 1.0 1.0 1.0 1.0 1.0 1.0 1.0 1.0 1.0 1.0 1.0 1.0 1.0 1.0 
1.0 1.0 1.0 1.0 1.0 1.0 1.0 1.0 1.0 1.0 1.0 1.0 1.0 1.0 1.0 1.0 1.0 1.0 1.0 1.0 1.0 1.0 1.0 1.0 1.0 0.0 1.0 1.0 1.0 1.0 1.0 1.0 1.0 1.0 1.0 1.0 1.0 1.0 1.0 1.0 1.0 1.0 1.0 1.0 1.0 1.0 1.0 1.0 1.0 1.0 1.0 1.0 1.0 1.0 1.0 1.0 1.0 1.0 1.0 1.0 1.0 1.0 1.0 1.0 
1.0 1.0 1.0 1.0 1.0 1.0 1.0 1.0 1.0 1.0 1.0 1.0 1.0 1.0 1.0 1.0 1.0 1.0 1.0 1.0 1.0 1.0 1.0 1.0 1.0 1.0 0.0 1.0 1.0 1.0 1.0 1.0 1.0 1.0 1.0 1.0 1.0 1.0 1.0 1.0 1.0 1.0 1.0 1.0 1.0 1.0 1.0 1.0 1.0 1.0 1.0 1.0 1.0 1.0 1.0 1.0 1.0 1.0 1.0 1.0 1.0 1.0 1.0 1.0 
1.0 1.0 1.0 1.0 1.0 1.0 1.0 1.0 1.0 1.0 1.0 1.0 1.0 1.0 1.0 1.0 1.0 1.0 1.0 1.0 1.0 1.0 1.0 1.0 1.0 1.0 1.0 0.0 1.0 1.0 1.0 1.0 1.0 1.0 1.0 1.0 1.0 1.0 1.0 1.0 1.0 1.0 1.0 1.0 1.0 1.0 1.0 1.0 1.0 1.0 1.0 1.0 1.0 1.0 1.0 1.0 1.0 1.0 1.0 1.0 1.0 1.0 1.0 1.0 
1.0 1.0 1.0 1.0 1.0 1.0 1.0 1.0 1.0 1.0 1.0 1.0 1.0 1.0 1.0 1.0 1.0 1.0 1.0 1.0 1.0 1.0 1.0 1.0 1.0 1.0 1.0 1.0 0.0 1.0 1.0 1.0 1.0 1.0 1.0 1.0 1.0 1.0 1.0 1.0 1.0 1.0 1.0 1.0 1.0 1.0 1.0 1.0 1.0 1.0 1.0 1.0 1.0 1.0 1.0 1.0 1.0 1.0 1.0 1.0 1.0 1.0 1.0 1.0 
1.0 1.0 1.0 1.0 1.0 1.0 1.0 1.0 1.0 1.0 1.0 1.0 1.0 1.0 1.0 1.0 1.0 1.0 1.0 1.0 1.0 1.0 1.0 1.0 1.0 1.0 1.0 1.0 1.0 0.0 1.0 1.0 1.0 1.0 1.0 1.0 1.0 1.0 1.0 1.0 1.0 1.0 1.0 1.0 1.0 1.0 1.0 1.0 1.0 1.0 1.0 1.0 1.0 1.0 1.0 1.0 1.0 1.0 1.0 1.0 1.0 1.0 1.0 1.0 
1.0 1.0 1.0 1.0 1.0 1.0 1.0 1.0 1.0 1.0 1.0 1.0 1.0 1.0 1.0 1.0 1.0 1.0 1.0 1.0 1.0 1.0 1.0 1.0 1.0 1.0 1.0 1.0 1.0 1.0 0.0 1.0 1.0 1.0 1.0 1.0 1.0 1.0 1.0 1.0 1.0 1.0 1.0 1.0 1.0 1.0 1.0 1.0 1.0 1.0 1.0 1.0 1.0 1.0 1.0 1.0 1.0 1.0 1.0 1.0 1.0 1.0 1.0 1.0 
1.0 1.0 1.0 1.0 1.0 1.0 1.0 1.0 1.0 1.0 1.0 1.0 1.0 1.0 1.0 1.0 1.0 1.0 1.0 1.0 1.0 1.0 1.0 1.0 1.0 1.0 1.0 1.0 1.0 1.0 1.0 0.0 1.0 1.0 1.0 1.0 1.0 1.0 1.0 1.0 1.0 1.0 1.0 1.0 1.0 1.0 1.0 1.0 1.0 1.0 1.0 1.0 1.0 1.0 1.0 1.0 1.0 1.0 1.0 1.0 1.0 1.0 1.0 1.0 
1.0 1.0 1.0 1.0 1.0 1.0 1.0 1.0 1.0 1.0 1.0 1.0 1.0 1.0 1.0 1.0 1.0 1.0 1.0 1.0 1.0 1.0 1.0 1.0 1.0 1.0 1.0 1.0 1.0 1.0 1.0 1.0 0.0 1.0 1.0 1.0 1.0 1.0 1.0 1.0 1.0 1.0 1.0 1.0 1.0 1.0 1.0 1.0 1.0 1.0 1.0 1.0 1.0 1.0 1.0 1.0 1.0 1.0 1.0 1.0 1.0 1.0 1.0 1.0 
1.0 1.0 1.0 1.0 1.0 1.0 1.0 1.0 1.0 1.0 1.0 1.0 1.0 1.0 1.0 1.0 1.0 1.0 1.0 1.0 1.0 1.0 1.0 1.0 1.0 1.0 1.0 1.0 1.0 1.0 1.0 1.0 1.0 0.0 1.0 1.0 1.0 1.0 1.0 1.0 1.0 1.0 1.0 1.0 1.0 1.0 1.0 1.0 1.0 1.0 1.0 1.0 1.0 1.0 1.0 1.0 1.0 1.0 1.0 1.0 1.0 1.0 1.0 1.0 
1.0 1.0 1.0 1.0 1.0 1.0 1.0 1.0 1.0 1.0 1.0 1.0 1.0 1.0 1.0 1.0 1.0 1.0 1.0 1.0 1.0 1.0 1.0 1.0 1.0 1.0 1.0 1.0 1.0 1.0 1.0 1.0 1.0 1.0 0.0 1.0 1.0 1.0 1.0 1.0 1.0 1.0 1.0 1.0 1.0 1.0 1.0 1.0 1.0 1.0 1.0 1.0 1.0 1.0 1.0 1.0 1.0 1.0 1.0 1.0 1.0 1.0 1.0 1.0 
1.0 1.0 1.0 1.0 1.0 1.0 1.0 1.0 1.0 1.0 1.0 1.0 1.0 1.0 1.0 1.0 1.0 1.0 1.0 1.0 1.0 1.0 1.0 1.0 1.0 1.0 1.0 1.0 1.0 1.0 1.0 1.0 1.0 1.0 1.0 0.0 1.0 1.0 1.0 1.0 1.0 1.0 1.0 1.0 1.0 1.0 1.0 1.0 1.0 1.0 1.0 1.0 1.0 1.0 1.0 1.0 1.0 1.0 1.0 1.0 1.0 1.0 1.0 1.0 
1.0 1.0 1.0 1.0 1.0 1.0 1.0 1.0 1.0 1.0 1.0 1.0 1.0 1.0 1.0 1.0 1.0 1.0 1.0 1.0 1.0 1.0 1.0 1.0 1.0 1.0 1.0 1.0 1.0 1.0 1.0 1.0 1.0 1.0 1.0 1.0 0.0 1.0 1.0 1.0 1.0 1.0 1.0 1.0 1.0 1.0 1.0 1.0 1.0 1.0 1.0 1.0 1.0 1.0 1.0 1.0 1.0 1.0 1.0 1.0 1.0 1.0 1.0 1.0 
1.0 1.0 1.0 1.0 1.0 1.0 1.0 1.0 1.0 1.0 1.0 1.0 1.0 1.0 1.0 1.0 1.0 1.0 1.0 1.0 1.0 1.0 1.0 1.0 1.0 1.0 1.0 1.0 1.0 1.0 1.0 1.0 1.0 1.0 1.0 1.0 1.0 0.0 1.0 1.0 1.0 1.0 1.0 1.0 1.0 1.0 1.0 1.0 1.0 1.0 1.0 1.0 1.0 1.0 1.0 1.0 1.0 1.0 1.0 1.0 1.0 1.0 1.0 1.0 
1.0 1.0 1.0 1.0 1.0 1.0 1.0 1.0 1.0 1.0 1.0 1.0 1.0 1.0 1.0 1.0 1.0 1.0 1.0 1.0 1.0 1.0 1.0 1.0 1.0 1.0 1.0 1.0 1.0 1.0 1.0 1.0 1.0 1.0 1.0 1.0 1.0 1.0 0.0 1.0 1.0 1.0 1.0 1.0 1.0 1.0 1.0 1.0 1.0 1.0 1.0 1.0 1.0 1.0 1.0 1.0 1.0 1.0 1.0 1.0 1.0 1.0 1.0 1.0 
1.0 1.0 1.0 1.0 1.0 1.0 1.0 1.0 1.0 1.0 1.0 1.0 1.0 1.0 1.0 1.0 1.0 1.0 1.0 1.0 1.0 1.0 1.0 1.0 1.0 1.0 1.0 1.0 1.0 1.0 1.0 1.0 1.0 1.0 1.0 1.0 1.0 1.0 1.0 0.0 1.0 1.0 1.0 1.0 1.0 1.0 1.0 1.0 1.0 1.0 1.0 1.0 1.0 1.0 1.0 1.0 1.0 1.0 1.0 1.0 1.0 1.0 1.0 1.0 
1.0 1.0 1.0 1.0 1.0 1.0 1.0 1.0 1.0 1.0 1.0 1.0 1.0 1.0 1.0 1.0 1.0 1.0 1.0 1.0 1.0 1.0 1.0 1.0 1.0 1.0 1.0 1.0 1.0 1.0 1.0 1.0 1.0 1.0 1.0 1.0 1.0 1.0 1.0 1.0 0.0 1.0 1.0 1.0 1.0 1.0 1.0 1.0 1.0 1.0 1.0 1.0 1.0 1.0 1.0 1.0 1.0 1.0 1.0 1.0 1.0 1.0 1.0 1.0 
1.0 1.0 1.0 1.0 1.0 1.0 1.0 1.0 1.0 1.0 1.0 1.0 1.0 1.0 1.0 1.0 1.0 1.0 1.0 1.0 1.0 1.0 1.0 1.0 1.0 1.0 1.0 1.0 1.0 1.0 1.0 1.0 1.0 1.0 1.0 1.0 1.0 1.0 1.0 1.0 1.0 0.0 1.0 1.0 1.0 1.0 1.0 1.0 1.0 1.0 1.0 1.0 1.0 1.0 1.0 1.0 1.0 1.0 1.0 1.0 1.0 1.0 1.0 1.0 
1.0 1.0 1.0 1.0 1.0 1.0 1.0 1.0 1.0 1.0 1.0 1.0 1.0 1.0 1.0 1.0 1.0 1.0 1.0 1.0 1.0 1.0 1.0 1.0 1.0 1.0 1.0 1.0 1.0 1.0 1.0 1.0 1.0 1.0 1.0 1.0 1.0 1.0 1.0 1.0 1.0 1.0 0.0 1.0 1.0 1.0 1.0 1.0 1.0 1.0 1.0 1.0 1.0 1.0 1.0 1.0 1.0 1.0 1.0 1.0 1.0 1.0 1.0 1.0 
1.0 1.0 1.0 1.0 1.0 1.0 1.0 1.0 1.0 1.0 1.0 1.0 1.0 1.0 1.0 1.0 1.0 1.0 1.0 1.0 1.0 1.0 1.0 1.0 1.0 1.0 1.0 1.0 1.0 1.0 1.0 1.0 1.0 1.0 1.0 1.0 1.0 1.0 1.0 1.0 1.0 1.0 1.0 0.0 1.0 1.0 1.0 1.0 1.0 1.0 1.0 1.0 1.0 1.0 1.0 1.0 1.0 1.0 1.0 1.0 1.0 1.0 1.0 1.0 
1.0 1.0 1.0 1.0 1.0 1.0 1.0 1.0 1.0 1.0 1.0 1.0 1.0 1.0 1.0 1.0 1.0 1.0 1.0 1.0 1.0 1.0 1.0 1.0 1.0 1.0 1.0 1.0 1.0 1.0 1.0 1.0 1.0 1.0 1.0 1.0 1.0 1.0 1.0 1.0 1.0 1.0 1.0 1.0 0.0 1.0 1.0 1.0 1.0 1.0 1.0 1.0 1.0 1.0 1.0 1.0 1.0 1.0 1.0 1.0 1.0 1.0 1.0 1.0 
1.0 1.0 1.0 1.0 1.0 1.0 1.0 1.0 1.0 1.0 1.0 1.0 1.0 1.0 1.0 1.0 1.0 1.0 1.0 1.0 1.0 1.0 1.0 1.0 1.0 1.0 1.0 1.0 1.0 1.0 1.0 1.0 1.0 1.0 1.0 1.0 1.0 1.0 1.0 1.0 1.0 1.0 1.0 1.0 1.0 0.0 1.0 1.0 1.0 1.0 1.0 1.0 1.0 1.0 1.0 1.0 1.0 1.0 1.0 1.0 1.0 1.0 1.0 1.0 
1.0 1.0 1.0 1.0 1.0 1.0 1.0 1.0 1.0 1.0 1.0 1.0 1.0 1.0 1.0 1.0 1.0 1.0 1.0 1.0 1.0 1.0 1.0 1.0 1.0 1.0 1.0 1.0 1.0 1.0 1.0 1.0 1.0 1.0 1.0 1.0 1.0 1.0 1.0 1.0 1.0 1.0 1.0 1.0 1.0 1.0 0.0 1.0 1.0 1.0 1.0 1.0 1.0 1.0 1.0 1.0 1.0 1.0 1.0 1.0 1.0 1.0 1.0 1.0 
1.0 1.0 1.0 1.0 1.0 1.0 1.0 1.0 1.0 1.0 1.0 1.0 1.0 1.0 1.0 1.0 1.0 1.0 1.0 1.0 1.0 1.0 1.0 1.0 1.0 1.0 1.0 1.0 1.0 1.0 1.0 1.0 1.0 1.0 1.0 1.0 1.0 1.0 1.0 1.0 1.0 1.0 1.0 1.0 1.0 1.0 1.0 0.0 1.0 1.0 1.0 1.0 1.0 1.0 1.0 1.0 1.0 1.0 1.0 1.0 1.0 1.0 1.0 1.0 
1.0 1.0 1.0 1.0 1.0 1.0 1.0 1.0 1.0 1.0 1.0 1.0 1.0 1.0 1.0 1.0 1.0 1.0 1.0 1.0 1.0 1.0 1.0 1.0 1.0 1.0 1.0 1.0 1.0 1.0 1.0 1.0 1.0 1.0 1.0 1.0 1.0 1.0 1.0 1.0 1.0 1.0 1.0 1.0 1.0 1.0 1.0 1.0 0.0 1.0 1.0 1.0 1.0 1.0 1.0 1.0 1.0 1.0 1.0 1.0 1.0 1.0 1.0 1.0 
1.0 1.0 1.0 1.0 1.0 1.0 1.0 1.0 1.0 1.0 1.0 1.0 1.0 1.0 1.0 1.0 1.0 1.0 1.0 1.0 1.0 1.0 1.0 1.0 1.0 1.0 1.0 1.0 1.0 1.0 1.0 1.0 1.0 1.0 1.0 1.0 1.0 1.0 1.0 1.0 1.0 1.0 1.0 1.0 1.0 1.0 1.0 1.0 1.0 0.0 1.0 1.0 1.0 1.0 1.0 1.0 1.0 1.0 1.0 1.0 1.0 1.0 1.0 1.0 
1.0 1.0 1.0 1.0 1.0 1.0 1.0 1.0 1.0 1.0 1.0 1.0 1.0 1.0 1.0 1.0 1.0 1.0 1.0 1.0 1.0 1.0 1.0 1.0 1.0 1.0 1.0 1.0 1.0 1.0 1.0 1.0 1.0 1.0 1.0 1.0 1.0 1.0 1.0 1.0 1.0 1.0 1.0 1.0 1.0 1.0 1.0 1.0 1.0 1.0 0.0 1.0 1.0 1.0 1.0 1.0 1.0 1.0 1.0 1.0 1.0 1.0 1.0 1.0 
1.0 1.0 1.0 1.0 1.0 1.0 1.0 1.0 1.0 1.0 1.0 1.0 1.0 1.0 1.0 1.0 1.0 1.0 1.0 1.0 1.0 1.0 1.0 1.0 1.0 1.0 1.0 1.0 1.0 1.0 1.0 1.0 1.0 1.0 1.0 1.0 1.0 1.0 1.0 1.0 1.0 1.0 1.0 1.0 1.0 1.0 1.0 1.0 1.0 1.0 1.0 0.0 1.0 1.0 1.0 1.0 1.0 1.0 1.0 1.0 1.0 1.0 1.0 1.0 
1.0 1.0 1.0 1.0 1.0 1.0 1.0 1.0 1.0 1.0 1.0 1.0 1.0 1.0 1.0 1.0 1.0 1.0 1.0 1.0 1.0 1.0 1.0 1.0 1.0 1.0 1.0 1.0 1.0 1.0 1.0 1.0 1.0 1.0 1.0 1.0 1.0 1.0 1.0 1.0 1.0 1.0 1.0 1.0 1.0 1.0 1.0 1.0 1.0 1.0 1.0 1.0 0.0 1.0 1.0 1.0 1.0 1.0 1.0 1.0 1.0 1.0 1.0 1.0 
1.0 1.0 1.0 1.0 1.0 1.0 1.0 1.0 1.0 1.0 1.0 1.0 1.0 1.0 1.0 1.0 1.0 1.0 1.0 1.0 1.0 1.0 1.0 1.0 1.0 1.0 1.0 1.0 1.0 1.0 1.0 1.0 1.0 1.0 1.0 1.0 1.0 1.0 1.0 1.0 1.0 1.0 1.0 1.0 1.0 1.0 1.0 1.0 1.0 1.0 1.0 1.0 1.0 0.0 1.0 1.0 1.0 1.0 1.0 1.0 1.0 1.0 1.0 1.0 
1.0 1.0 1.0 1.0 1.0 1.0 1.0 1.0 1.0 1.0 1.0 1.0 1.0 1.0 1.0 1.0 1.0 1.0 1.0 1.0 1.0 1.0 1.0 1.0 1.0 1.0 1.0 1.0 1.0 1.0 1.0 1.0 1.0 1.0 1.0 1.0 1.0 1.0 1.0 1.0 1.0 1.0 1.0 1.0 1.0 1.0 1.0 1.0 1.0 1.0 1.0 1.0 1.0 1.0 0.0 1.0 1.0 1.0 1.0 1.0 1.0 1.0 1.0 1.0 
1.0 1.0 1.0 1.0 1.0 1.0 1.0 1.0 1.0 1.0 1.0 1.0 1.0 1.0 1.0 1.0 1.0 1.0 1.0 1.0 1.0 1.0 1.0 1.0 1.0 1.0 1.0 1.0 1.0 1.0 1.0 1.0 1.0 1.0 1.0 1.0 1.0 1.0 1.0 1.0 1.0 1.0 1.0 1.0 1.0 1.0 1.0 1.0 1.0 1.0 1.0 1.0 1.0 1.0 1.0 0.0 1.0 1.0 1.0 1.0 1.0 1.0 1.0 1.0 
1.0 1.0 1.0 1.0 1.0 1.0 1.0 1.0 1.0 1.0 1.0 1.0 1.0 1.0 1.0 1.0 1.0 1.0 1.0 1.0 1.0 1.0 1.0 1.0 1.0 1.0 1.0 1.0 1.0 1.0 1.0 1.0 1.0 1.0 1.0 1.0 1.0 1.0 1.0 1.0 1.0 1.0 1.0 1.0 1.0 1.0 1.0 1.0 1.0 1.0 1.0 1.0 1.0 1.0 1.0 1.0 0.0 1.0 1.0 1.0 1.0 1.0 1.0 1.0 
1.0 1.0 1.0 1.0 1.0 1.0 1.0 1.0 1.0 1.0 1.0 1.0 1.0 1.0 1.0 1.0 1.0 1.0 1.0 1.0 1.0 1.0 1.0 1.0 1.0 1.0 1.0 1.0 1.0 1.0 1.0 1.0 1.0 1.0 1.0 1.0 1.0 1.0 1.0 1.0 1.0 1.0 1.0 1.0 1.0 1.0 1.0 1.0 1.0 1.0 1.0 1.0 1.0 1.0 1.0 1.0 1.0 0.0 1.0 1.0 1.0 1.0 1.0 1.0 
1.0 1.0 1.0 1.0 1.0 1.0 1.0 1.0 1.0 1.0 1.0 1.0 1.0 1.0 1.0 1.0 1.0 1.0 1.0 1.0 1.0 1.0 1.0 1.0 1.0 1.0 1.0 1.0 1.0 1.0 1.0 1.0 1.0 1.0 1.0 1.0 1.0 1.0 1.0 1.0 1.0 1.0 1.0 1.0 1.0 1.0 1.0 1.0 1.0 1.0 1.0 1.0 1.0 1.0 1.0 1.0 1.0 1.0 0.0 1.0 1.0 1.0 1.0 1.0 
1.0 1.0 1.0 1.0 1.0 1.0 1.0 1.0 1.0 1.0 1.0 1.0 1.0 1.0 1.0 1.0 1.0 1.0 1.0 1.0 1.0 1.0 1.0 1.0 1.0 1.0 1.0 1.0 1.0 1.0 1.0 1.0 1.0 1.0 1.0 1.0 1.0 1.0 1.0 1.0 1.0 1.0 1.0 1.0 1.0 1.0 1.0 1.0 1.0 1.0 1.0 1.0 1.0 1.0 1.0 1.0 1.0 1.0 1.0 0.0 1.0 1.0 1.0 1.0 
1.0 1.0 1.0 1.0 1.0 1.0 1.0 1.0 1.0 1.0 1.0 1.0 1.0 1.0 1.0 1.0 1.0 1.0 1.0 1.0 1.0 1.0 1.0 1.0 1.0 1.0 1.0 1.0 1.0 1.0 1.0 1.0 1.0 1.0 1.0 1.0 1.0 1.0 1.0 1.0 1.0 1.0 1.0 1.0 1.0 1.0 1.0 1.0 1.0 1.0 1.0 1.0 1.0 1.0 1.0 1.0 1.0 1.0 1.0 1.0 0.0 1.0 1.0 1.0 
1.0 1.0 1.0 1.0 1.0 1.0 1.0 1.0 1.0 1.0 1.0 1.0 1.0 1.0 1.0 1.0 1.0 1.0 1.0 1.0 1.0 1.0 1.0 1.0 1.0 1.0 1.0 1.0 1.0 1.0 1.0 1.0 1.0 1.0 1.0 1.0 1.0 1.0 1.0 1.0 1.0 1.0 1.0 1.0 1.0 1.0 1.0 1.0 1.0 1.0 1.0 1.0 1.0 1.0 1.0 1.0 1.0 1.0 1.0 1.0 1.0 0.0 1.0 1.0 
1.0 1.0 1.0 1.0 1.0 1.0 1.0 1.0 1.0 1.0 1.0 1.0 1.0 1.0 1.0 1.0 1.0 1.0 1.0 1.0 1.0 1.0 1.0 1.0 1.0 1.0 1.0 1.0 1.0 1.0 1.0 1.0 1.0 1.0 1.0 1.0 1.0 1.0 1.0 1.0 1.0 1.0 1.0 1.0 1.0 1.0 1.0 1.0 1.0 1.0 1.0 1.0 1.0 1.0 1.0 1.0 1.0 1.0 1.0 1.0 1.0 1.0 0.0 1.0 
1.0 1.0 1.0 1.0 1.0 1.0 1.0 1.0 1.0 1.0 1.0 1.0 1.0 1.0 1.0 1.0 1.0 1.0 1.0 1.0 1.0 1.0 1.0 1.0 1.0 1.0 1.0 1.0 1.0 1.0 1.0 1.0 1.0 1.0 1.0 1.0 1.0 1.0 1.0 1.0 1.0 1.0 1.0 1.0 1.0 1.0 1.0 1.0 1.0 1.0 1.0 1.0 1.0 1.0 1.0 1.0 1.0 1.0 1.0 1.0 1.0 1.0 1.0 0.0 