64 0.0 64.0 378 12530
62 88 24 36 41 32 34 62 4 93 51 93 54 25 59 76 17 47 56 64 68 52 77 84 24 35 77 47 37 95 47 58 92 86 55 67 7 96 33 24 71 55 26 95 18 83 33 36 81 72 11 43 39 18 58 78 8 66 84 46 70 1 52 39 
17 52 95 87 66 9 73 93 13 11 20 31 89 11 40 72 98 33 42 2 70 85 27 60 41 92 75 12 65 99 79 26 88 70 83 2 72 51 73 78 64 68 53 5 45 42 83 73 27 96 20 86 36 38 48 77 70 46 6 69 94 58 57 75 
3 46 24 33 32 96 8 6 4 97 41 45 96 45 84 62 18 25 100 37 11 2 97 54 52 25 24 58 43 14 91 37 49 74 79 100 87 80 9 26 95 63 85 2 79 5 11 59 71 79 28 71 74 35 13 12 8 18 93 18 97 85 80 62 
93 89 48 71 57 23 89 65 31 95 98 68 18 94 53 87 34 12 62 52 3 64 38 18 64 65 51 87 94 15 44 50 45 4 80 33 4 2 91 58 38 43 11 54 93 84 32 81 97 77 6 66 15 74 58 4 81 15 8 33 100 22 17 100 
82 51 27 25 25 33 4 60 55 35 94 49 24 66 18 7 20 55 47 1 81 50 94 24 35 92 68 55 47 7 92 69 96 37 90 30 39 35 47 79 41 86 42 69 89 42 5 82 91 52 95 26 48 87 55 49 89 15 91 29 57 37 64 61 
18 53 35 53 81 33 84 26 87 14 57 40 84 49 16 98 48 23 84 62 32 12 35 10 17 5 79 52 12 47 55 39 55 40 3 15 55 58 16 14 80 39 68 33 35 2 71 75 78 8 70 58 39 76 40 94 81 12 20 68 69 4 62 48 
95 37 100 14 66 97 52 46 15 62 69 14 7 68 82 70 33 14 69 65 29 3 94 59 26 20 32 64 16 12 23 64 97 90 41 88 52 1 56 5 45 51 13 54 39 2 89 14 42 34 63 97 64 93 28 25 50 12 94 47 17 43 63 72 
32 75 21 72 75 48 22 12 89 91 56 94 58 65 97 35 59 68 39 3 24 91 36 44 99 66 72 28 78 35 3 2 19 47 63 33 13 88 98 68 82 71 15 85 89 82 94 35 4 100 24 63 10 54 44 88 72 21 52 8 15 22 19 56 
20 66 81 41 52 37 17 12 88 2 52 33 49 83 57 15 33 12 69 51 24 78 29 20 38 68 90 95 49 59 44 26 72 90 84 30 94 39 25 5 51 92 83 7 75 3 88 57 18 96 11 69 67 38 37 77 51 23 93 16 97 60 83 80 
65 47 74 33 96 4 26 62 89 25 88 3 26 23 1 100 71 64 79 34 54 82 84 38 7 20 69 85 6 17 56 31 42 85 42 94 38 25 21 13 50 72 55 20 50 8 26 14 11 21 72 74 90 41 38 35 8 59 77 83 67 11 38 61 
56 77 61 10 15 58 3 73 83 100 4 49 65 48 13 44 95 32 63 67 95 55 25 17 23 69 15 29 32 68 43 59 96 23 5 4 49 23 9 69 87 63 17 73 97 71 14 28 67 88 51 26 13 71 37 90 92 41 76 15 37 83 83 59 
36 41 52 55 40 73 69 28 41 33 80 94 76 13 64 68 57 75 70 69 15 96 62 13 5 80 19 77 85 86 24 83 11 62 62 86 1 27 42 6 26 97 20 41 81 89 41 26 25 55 58 21 49 21 31 43 74 52 65 3 19 81 33 38 
87 87 36 53 31 25 15 97 50 58 1 75 75 17 95 68 33 29 90 44 5 24 7 28 32 89 41 26 1 13 23 3 11 34 79 9 15 60 15 79 61 16 47 27 30 40 57 19 41 16 75 98 8 26 88 28 29 14 57 93 52 20 94 85 
45 80 53 10 58 51 98 32 77 1 79 12 41 26 63 60 74 39 40 55 63 73 48 6 10 31 86 97 65 66 32 53 45 5 12 3 3 12 2 70 22 72 17 85 100 60 73 10 28 69 62 12 18 83 13 50 58 14 37 37 85 70 38 88 
31 17 25 92 53 47 27 100 97 28 53 100 18 100 97 72 13 95 35 65 52 6 65 52 95 83 38 83 60 95 48 86 17 89 80 19 44 59 80 24 71 43 77 95 81 92 39 37 72 58 96 100 61 95 26 92 67 65 97 72 1 95 36 31 
82 52 1 55 93 92 37 19 60 31 96 99 95 78 61 59 12 4 50 56 63 22 33 52 61 97 29 42 6 27 70 57 65 13 54 17 94 38 2 52 29 43 46 61 19 50 74 47 76 60 38 15 33 14 43 71 99 87 28 62 42 44 53 34 
76 87 100 2 57 12 13 56 33 61 64 77 44 33 4 49 100 1 55 58 16 45 17 26 91 62 88 70 49 52 88 68 36 5 32 75 80 88 72 31 48 99 94 8 24 28 53 92 79 33 59 80 25 64 41 60 61 9 96 50 52 16 38 98 
47 99 11 19 47 44 6 62 38 17 13 42 4 93 94 76 66 71 23 20 83 15 33 45 94 42 65 42 66 10 100 30 53 55 100 72 84 12 24 99 43 38 95 75 12 97 36 1 74 50 31 10 5 62 83 78 63 55 52 88 43 93 18 41 
22 14 65 22 87 46 45 75 32 22 22 93 46 81 21 35 14 75 56 55 22 94 93 32 22 64 32 66 25 5 89 16 59 4 21 24 16 1 10 43 90 91 7 11 56 78 70 38 7 84 50 43 6 33 90 7 84 90 9 65 33 67 71 83 
16 98 92 82 31 37 11 87 3 27 33 65 46 35 3 99 52 21 40 43 31 8 33 26 75 96 96 22 54 59 56 93 90 52 58 5 1 90 17 17 80 57 83 59 63 90 15 88 92 35 82 89 11 93 64 74 87 70 27 85 65 38 79 63 
5 30 43 68 81 67 88 34 71 60 19 69 51 31 8 45 89 80 75 68 27 57 36 2 55 68 30 85 44 24 90 38 69 96 43 73 82 48 94 54 67 32 78 35 16 45 43 83 73 6 10 21 93 45 79 7 37 67 38 66 34 38 4 43 
55 88 75 5 34 28 26 61 5 53 93 87 88 45 52 88 7 97 73 54 6 38 50 66 77 37 2 34 46 87 59 66 20 68 7 18 65 87 63 64 87 56 35 27 89 96 17 25 9 69 48 35 85 77 33 48 94 90 61 30 7 25 94 57 
24 68 86 73 39 5 94 59 91 95 32 60 57 22 77 16 26 49 33 70 13 98 11 10 18 49 76 66 38 65 96 52 2 41 20 96 78 33 67 74 4 67 26 14 24 42 34 95 29 44 65 6 55 45 93 69 78 92 97 54 30 22 48 78 
33 11 66 53 53 32 85 72 78 34 60 38 14 64 88 10 82 29 75 12 22 75 71 15 48 44 45 51 59 41 11 80 67 60 11 66 87 84 45 89 77 72 82 78 35 93 8 29 55 70 69 60 40 33 20 69 89 98 74 86 85 33 99 26 
33 52 39 75 23 99 98 17 44 58 15 46 7 96 80 45 7 39 51 71 90 52 48 67 70 35 1 13 71 71 51 74 78 64 88 8 6 50 13 5 40 24 9 41 21 76 17 26 66 47 89 64 10 5 35 83 22 60 8 62 1 86 94 73 
17 37 41 89 41 92 6 88 89 46 62 78 87 74 79 10 92 56 7 41 12 67 100 87 93 65 23 11 29 20 86 37 66 35 69 95 71 57 53 56 60 15 4 70 32 53 94 95 91 37 25 90 27 56 44 34 93 19 14 88 94 74 81 85 
8 5 36 72 51 31 24 34 81 23 84 47 57 71 3 35 49 83 55 54 84 92 25 81 98 32 6 27 15 35 97 14 77 90 12 7 94 2 90 82 4 78 56 52 31 25 89 71 98 96 50 47 21 52 77 50 83 42 45 19 10 18 68 26 
70 35 38 58 26 32 99 48 81 23 53 82 24 68 84 77 77 32 54 47 35 84 39 86 69 4 20 4 34 17 85 39 83 91 98 100 23 41 89 47 89 21 96 54 21 8 55 17 72 64 42 39 97 68 57 61 47 25 20 80 63 94 91 77 
24 64 26 25 60 62 89 12 52 33 72 18 59 20 11 99 17 1 22 39 77 89 89 6 11 97 5 80 2 45 14 20 31 39 22 61 88 48 83 94 21 78 45 97 23 87 76 23 1 97 42 11 10 59 89 69 91 28 100 77 22 22 52 54 
19 13 34 5 91 4 72 61 36 83 22 22 56 93 11 33 75 43 33 65 100 15 22 29 24 86 1 83 85 87 74 78 63 37 35 36 71 2 27 99 2 2 38 39 9 60 65 79 12 1 40 90 18 68 44 63 40 53 57 77 97 100 53 45 
60 17 55 58 56 17 79 64 62 61 72 76 59 45 22 13 46 24 88 98 10 75 18 53 67 33 18 59 52 14 84 72 78 79 67 32 90 7 23 25 41 85 48 60 85 1 8 88 3 85 42 7 80 23 25 59 24 68 95 41 71 7 90 65 
51 58 11 64 17 12 73 94 58 4 75 97 3 49 75 27 2 51 26 71 87 9 20 66 76 2 28 67 52 8 86 20 32 93 51 43 14 61 57 14 45 53 80 23 63 66 52 90 15 11 41 1 74 47 96 68 67 65 95 52 1 44 99 39 
18 34 89 66 11 86 80 27 97 43 42 56 89 93 44 63 52 66 97 75 83 60 79 14 34 64 60 24 20 30 55 97 54 67 53 47 49 84 99 61 95 40 28 80 53 51 12 13 96 51 59 97 30 6 98 21 10 5 79 93 74 24 86 77 
6 42 99 74 80 25 44 64 76 20 10 53 60 98 75 5 81 31 66 50 56 32 32 56 20 31 41 62 47 28 28 30 41 72 94 98 22 71 32 67 96 95 43 48 58 22 45 15 18 35 22 87 54 20 100 10 73 92 81 77 90 6 99 86 
26 2 41 78 40 65 73 25 67 1 33 15 32 29 37 14 23 46 18 62 53 48 19 38 34 72 86 38 30 2 91 83 97 87 58 98 26 49 68 2 72 17 82 20 52 8 33 5 61 67 24 75 66 65 32 69 39 75 47 44 9 59 24 34 
12 15 88 96 48 65 80 6 94 65 32 47 5 51 56 4 83 72 31 86 63 7 73 70 24 97 54 40 90 85 18 58 61 15 89 92 3 75 78 49 68 100 94 77 53 46 31 5 46 86 98 4 24 28 66 20 13 75 2 7 67 63 90 94 
22 8 39 45 88 29 17 95 21 72 87 23 48 4 84 7 15 74 21 14 96 95 33 44 97 3 85 67 96 10 13 11 50 6 8 43 90 19 11 7 50 36 78 16 56 75 100 97 41 45 98 92 56 62 35 22 60 15 58 77 45 84 24 21 
42 44 72 13 2 93 86 50 69 4 42 35 42 56 47 21 69 89 55 56 71 21 22 29 32 75 73 82 29 55 23 100 42 22 10 24 60 80 5 98 27 68 71 93 81 83 21 89 19 21 19 80 42 73 86 66 66 77 82 93 58 31 89 55 
1 59 72 25 35 22 55 20 3 45 78 1 8 70 88 79 76 85 11 55 61 88 85 69 24 97 55 46 2 76 47 76 51 71 53 32 17 21 13 23 41 33 86 11 21 22 52 58 39 66 67 18 30 42 59 88 21 23 2 93 31 32 62 74 
48 8 15 58 11 62 38 46 13 33 64 65 2 89 100 79 54 59 76 79 32 52 39 6 77 38 78 16 96 22 11 53 64 29 84 96 24 51 50 15 25 77 44 64 80 78 42 15 4 29 75 34 3 9 20 58 79 75 41 98 78 18 40 6 
92 48 18 22 65 87 72 37 34 62 11 77 32 82 21 9 41 49 55 76 43 5 55 12 68 76 46 33 2 49 6 99 67 52 54 45 74 81 91 14 38 33 59 56 75 40 73 58 94 85 61 96 57 58 15 84 11 79 9 28 68 49 6 90 
34 59 40 96 52 30 60 19 100 89 79 24 83 4 87 18 1 38 96 90 38 60 29 50 18 69 44 100 17 7 25 96 12 21 19 38 100 36 19 16 55 76 82 31 52 74 26 7 48 41 22 31 70 88 18 73 37 62 82 29 57 59 100 37 
36 72 65 71 55 56 22 31 63 79 56 45 27 73 26 18 23 60 25 14 22 51 80 65 74 25 40 5 23 56 79 73 58 63 80 48 14 38 9 57 28 13 61 12 88 21 27 29 49 81 10 54 8 98 74 78 49 72 77 4 60 47 43 80 
50 73 2 97 97 7 19 67 1 58 23 37 17 14 88 87 72 24 67 53 6 54 87 26 14 3 27 28 83 6 79 5 72 86 34 74 78 3 59 50 61 76 18 96 7 93 46 53 69 52 1 48 64 35 46 76 43 58 79 5 74 40 96 91 
63 99 59 11 100 80 12 100 41 53 85 71 28 51 55 69 29 16 34 20 28 80 11 28 96 20 42 55 65 46 64 31 100 23 27 59 96 57 95 69 61 47 12 24 90 42 79 76 9 24 34 89 47 60 48 64 41 20 86 79 60 85 83 72 
83 55 75 20 79 71 66 81 16 82 32 7 50 80 70 2 78 69 29 78 54 55 81 15 82 46 70 91 64 36 88 93 64 83 89 16 17 27 96 88 28 84 13 64 36 2 97 54 48 4 82 49 93 16 37 55 83 90 18 40 73 35 99 4 
46 60 60 16 88 71 56 2 84 39 41 22 12 23 49 7 11 71 9 50 69 63 88 65 59 4 100 45 49 32 34 42 99 71 84 78 85 73 79 41 32 46 89 98 47 61 86 97 6 68 66 19 83 68 20 27 73 100 5 42 29 80 53 14 
59 18 89 62 59 2 27 60 99 23 29 70 20 64 95 68 92 60 24 55 81 16 3 43 49 20 100 89 59 11 69 50 98 39 94 62 38 98 28 86 11 96 57 72 92 13 55 60 78 88 45 83 95 52 27 70 93 39 93 66 34 70 27 42 
55 45 43 73 33 80 50 74 26 93 50 60 75 65 55 61 87 2 81 49 14 89 57 4 50 72 61 31 90 46 24 40 100 49 5 30 41 46 92 45 87 79 46 44 5 47 29 7 38 7 72 41 22 96 89 63 10 100 31 64 20 2 57 66 
34 74 8 29 28 7 54 61 7 32 77 86 69 31 31 58 22 28 78 52 69 30 89 42 12 18 35 39 82 60 64 5 75 93 95 67 45 38 69 44 37 53 30 50 80 31 66 97 9 43 81 92 82 2 6 4 90 2 18 93 74 56 21 33 
69 4 7 31 69 74 99 86 58 54 84 65 32 82 65 41 29 28 43 53 83 78 64 82 42 76 88 62 54 95 12 17 84 12 35 26 49 74 65 82 10 38 86 30 68 70 64 21 71 25 66 47 18 29 36 63 69 64 52 44 56 92 7 71 
55 43 95 10 42 15 26 60 6 69 41 1 67 49 71 73 49 40 39 41 63 72 58 41 15 65 100 20 85 70 5 12 20 8 72 65 48 47 22 93 19 41 60 83 17 57 9 12 5 45 34 76 17 93 42 28 16 5 15 50 12 46 72 35 
24 65 91 75 54 82 43 98 53 91 12 81 40 59 34 37 99 48 5 78 4 30 31 29 98 25 93 43 64 45 55 38 37 19 65 33 49 86 97 80 22 74 3 94 48 29 57 2 73 38 78 76 31 49 97 64 71 42 42 35 66 23 4 46 
2 31 75 58 78 22 13 37 95 95 66 92 57 19 86 53 63 15 67 57 66 6 76 3 98 2 28 80 32 28 55 86 31 63 27 8 6 29 72 80 4 37 98 60 10 71 90 79 38 90 75 24 54 3 67 81 25 69 40 77 21 72 30 51 
45 90 43 76 83 55 33 59 47 4 21 68 18 47 92 38 87 72 82 78 10 75 41 46 26 59 77 3 2 48 60 81 29 22 16 44 85 47 76 81 34 42 67 25 44 9 38 30 77 54 64 54 23 5 54 41 80 66 90 17 28 36 59 57 
37 22 47 78 31 98 8 45 23 41 75 94 13 4 41 44 41 26 38 61 11 42 36 57 27 55 81 87 63 97 18 23 97 11 46 73 19 95 8 45 56 6 85 21 15 37 75 84 72 65 86 11 64 4 83 52 74 89 91 41 56 50 58 37 
70 96 92 25 66 72 82 67 22 3 88 49 27 39 42 13 92 99 60 4 1 8 45 54 6 22 44 64 80 6 83 85 73 30 97 24 28 94 53 30 78 71 60 59 27 75 69 78 91 70 6 80 59 41 88 99 85 92 98 10 64 21 62 53 
63 31 35 94 24 14 39 41 93 90 26 29 91 89 32 61 36 44 78 60 25 80 65 72 46 64 47 32 44 94 54 56 34 72 65 38 11 68 13 81 34 89 86 49 27 6 9 63 97 61 7 15 10 62 40 35 23 91 78 15 21 92 56 56 
59 72 66 50 16 76 31 80 36 2 54 56 54 91 66 84 15 6 12 15 89 71 40 42 57 67 39 6 91 36 82 41 13 6 25 82 40 35 38 69 100 10 6 86 75 16 21 6 46 20 45 63 28 91 55 83 41 8 68 84 87 47 91 50 
76 24 1 29 40 37 91 34 81 14 90 6 6 7 28 17 41 16 8 92 35 56 74 37 91 34 41 17 41 90 78 76 22 76 92 99 1 88 9 23 63 40 10 61 43 42 87 38 30 54 10 77 56 88 41 75 95 2 28 49 51 99 68 23 
35 12 81 7 15 94 81 40 86 84 43 61 13 27 80 3 47 55 41 91 59 6 91 37 94 58 100 88 97 1 79 64 35 1 65 39 15 59 57 41 63 76 15 20 60 28 56 47 89 36 76 47 64 54 34 32 18 46 62 62 22 99 71 7 
58 100 76 93 17 37 34 27 66 78 21 75 66 83 95 95 29 53 27 36 20 31 80 54 97 16 80 98 40 54 55 61 6 85 88 56 50 47 26 78 80 26 59 48 7 9 60 19 62 26 22 63 17 80 76 69 35 51 9 70 30 40 28 38 
6 23 19 100 55 14 67 30 78 86 76 63 25 96 22 1 63 66 94 50 78 43 63 11 60 31 38 84 89 22 73 41 64 27 5 94 80 28 74 69 23 53 42 48 18 44 87 47 89 54 100 85 1 84 76 48 16 93 6 15 7 67 32 77 
17 11 51 57 54 31 10 78 78 53 48 60 44 18 37 98 100 55 56 74 94 81 58 2 56 79 55 50 78 79 42 9 8 12 69 43 47 45 99 35 89 75 7 67 59 68 70 75 90 33 55 22 17 100 47 69 14 72 39 21 39 73 9 57 
0.0 1.0 1.0 1.0 1.0 1.0 1.0 1.0 1.0 1.0 1.0 1.0 1.0 1.0 1.0 1.0 1.0 1.0 1.0 1.0 1.0 1.0 1.0 1.0 1.0 1.0 1.0 1.0 1.0 1.0 1.0 1.0 1.0 1.0 1.0 1.0 1.0 1.0 1.0 1.0 1.0 1.0 1.0 1.0 1.0 1.0 1.0 1.0 1.0 1.0 1.0 1.0 1.0 1.0 1.0 1.0 1.0 1.0 1.0 1.0 1.0 1.0 1.0 1.0 
1.0 0.0 1.0 1.0 1.0 1.0 1.0 1.0 1.0 1.0 1.0 1.0 1.0 1.0 1.0 1.0 1.0 1.0 1.0 1.0 1.0 1.0 1.0 1.0 1.0 1.0 1.0 1.0 1.0 1.0 1.0 1.0 1.0 1.0 1.0 1.0 1.0 1.0 1.0 1.0 1.0 1.0 1.0 1.0 1.0 1.0 1.0 1.0 1.0 1.0 1.0 1.0 1.0 1.0 1.0 1.0 1.0 1.0 1.0 1.0 1.0 1.0 1.0 1.0 
1.0 1.0 0.0 1.0 1.0 1.0 1.0 1.0 1.0 1.0 1.0 1.0 1.0 1.0 1.0 1.0 1.0 1.0 1.0 1.0 1.0 1.0 1.0 1.0 1.0 1.0 1.0 1.0 1.0 1.0 1.0 1.0 1.0 1.0 1.0 1.0 1.0 1.0 1.0 1.0 1.0 1.0 1.0 1.0 1.0 1.0 1.0 1.0 1.0 1.0 1.0 1.0 1.0 1.0 1.0 1.0 1.0 1.0 1.0 1.0 1.0 1.0 1.0 1.0 
1.0 1.0 1.0 0.0 1.0 1.0 1.0 1.0 1.0 1.0 1.0 1.0 1.0 1.0 1.0 1.0 1.0 1.0 1.0 1.0 1.0 1.0 1.0 1.0 1.0 1.0 1.0 1.0 1.0 1.0 1.0 1.0 1.0 1.0 1.0 1.0 1.0 1.0 1.0 1.0 1.0 1.0 1.0 1.0 1.0 1.0 1.0 1.0 1.0 1.0 1.0 1.0 1.0 1.0 1.0 1.0 1.0 1.0 1.0 1.0 1.0 1.0 1.0 1.0 
1.0 1.0 1.0 1.0 0.0 1.0 1.0 1.0 1.0 1.0 1.0 1.0 1.0 1.0 1.0 1.0 1.0 1.0 1.0 1.0 1.0 1.0 1.0 1.0 1.0 1.0 1.0 1.0 1.0 1.0 1.0 1.0 1.0 1.0 1.0 1.0 1.0 1.0 1.0 1.0 1.0 1.0 1.0 1.0 1.0 1.0 1.0 1.0 1.0 1.0 1.0 1.0 1.0 1.0 1.0 1.0 1.0 1.0 1.0 1.0 1.0 1.0 1.0 1.0 
1.0 1.0 1.0 1.0 1.0 0.0 1.0 1.0 1.0 1.0 1.0 1.0 1.0 1.0 1.0 1.0 1.0 1.0 1.0 1.0 1.0 1.0 1.0 1.0 1.0 1.0 1.0 1.0 1.0 1.0 1.0 1.0 1.0 1.0 1.0 1.0 1.0 1.0 1.0 1.0 1.0 1.0 1.0 1.0 1.0 1.0 1.0 1.0 1.0 1.0 1.0 1.0 1.0 1.0 1.0 1.0 1.0 1.0 1.0 1.0 1.0 1.0 1.0 1.0 
1.0 1.0 1.0 1.0 1.0 1.0 0.0 1.0 1.0 1.0 1.0 1.0 1.0 1.0 1.0 1.0 1.0 1.0 1.0 1.0 1.0 1.0 1.0 1.0 1.0 1.0 1.0 1.0 1.0 1.0 1.0 1.0 1.0 1.0 1.0 1.0 1.0 1.0 1.0 1.0 1.0 1.0 1.0 1.0 1.0 1.0 1.0 1.0 1.0 1.0 1.0 1.0 1.0 1.0 1.0 1.0 1.0 1.0 1.0 1.0 1.0 1.0 1.0 1.0 
1.0 1.0 1.0 1.0 1.0 1.0 1.0 0.0 1.0 1.0 1.0 1.0 1.0 1.0 1.0 1.0 1.0 1.0 1.0 1.0 1.0 1.0 1.0 1.0 1.0 1.0 1.0 1.0 1.0 1.0 1.0 1.0 1.0 1.0 1.0 1.0 1.0 1.0 1.0 1.0 1.0 1.0 1.0 1.0 1.0 1.0 1.0 1.0 1.0 1.0 1.0 1.0 1.0 1.0 1.0 1.0 1.0 1.0 1.0 1.0 1.0 1.0 1.0 1.0 
1.0 1.0 1.0 1.0 1.0 1.0 1.0 1.0 0.0 1.0 1.0 1.0 1.0 1.0 1.0 1.0 1.0 1.0 1.0 1.0 1.0 1.0 1.0 1.0 1.0 1.0 1.0 1.0 1.0 1.0 1.0 1.0 1.0 1.0 1.0 1.0 1.0 1.0 1.0 1.0 1.0 1.0 1.0 1.0 1.0 1.0 1.0 1.0 1.0 1.0 1.0 1.0 1.0 1.0 1.0 1.0 1.0 1.0 1.0 1.0 1.0 1.0 1.0 1.0 
1.0 1.0 1.0 1.0 1.0 1.0 1.0 1.0 1.0 0.0 1.0 1.0 1.0 1.0 1.0 1.0 1.0 1.0 1.0 1.0 1.0 1.0 1.0 1.0 1.0 1.0 1.0 1.0 1.0 1.0 1.0 1.0 1.0 1.0 1.0 1.0 1.0 1.0 1.0 1.0 1.0 1.0 1.0 1.0 1.0 1.0 1.0 1.0 1.0 1.0 1.0 1.0 1.0 1.0 1.0 1.0 1.0 1.0 1.0 1.0 1.0 1.0 1.0 1.0 
1.0 1.0 1.0 1.0 1.0 1.0 1.0 1.0 1.0 1.0 0.0 1.0 1.0 1.0 1.0 1.0 1.0 1.0 1.0 1.0 1.0 1.0 1.0 1.0 1.0 1.0 1.0 1.0 1.0 1.0 1.0 1.0 1.0 1.0 1.0 1.0 1.0 1.0 1.0 1.0 1.0 1.0 1.0 1.0 1.0 1.0 1.0 1.0 1.0 1.0 1.0 1.0 1.0 1.0 1.0 1.0 1.0 1.0 1.0 1.0 1.0 1.0 1.0 1.0 
1.0 1.0 1.0 1.0 1.0 1.0 1.0 1.0 1.0 1.0 1.0 0.0 1.0 1.0 1.0 1.0 1.0 1.0 1.0 1.0 1.0 1.0 1.0 1.0 1.0 1.0 1.0 1.0 1.0 1.0 1.0 1.0 1.0 1.0 1.0 1.0 1.0 1.0 1.0 1.0 1.0 1.0 1.0 1.0 1.0 1.0 1.0 1.0 1.0 1.0 1.0 1.0 1.0 1.0 1.0 1.0 1.0 1.0 1.0 1.0 1.0 1.0 1.0 1.0 
1.0 1.0 1.0 1.0 1.0 1.0 1.0 1.0 1.0 1.0 1.0 1.0 0.0 1.0 1.0 1.0 1.0 1.0 1.0 1.0 1.0 1.0 1.0 1.0 1.0 1.0 1.0 1.0 1.0 1.0 1.0 1.0 1.0 1.0 1.0 1.0 1.0 1.0 1.0 1.0 1.0 1.0 1.0 1.0 1.0 1.0 1.0 1.0 1.0 1.0 1.0 1.0 1.0 1.0 1.0 1.0 1.0 1.0 1.0 1.0 1.0 1.0 1.0 1.0 
1.0 1.0 1.0 1.0 1.0 1.0 1.0 1.0 1.0 1.0 1.0 1.0 1.0 0.0 1.0 1.0 1.0 1.0 1.0 1.0 1.0 1.0 1.0 1.0 1.0 1.0 1.0 1.0 1.0 1.0 1.0 1.0 1.0 1.0 1.0 1.0 1.0 1.0 1.0 1.0 1.0 1.0 1.0 1.0 1.0 1.0 1.0 1.0 1.0 1.0 1.0 1.0 1.0 1.0 1.0 1.0 1.0 1.0 1.0 1.0 1.0 1.0 1.0 1.0 
1.0 1.0 1.0 1.0 1.0 1.0 1.0 1.0 1.0 1.0 1.0 1.0 1.0 1.0 0.0 1.0 1.0 1.0 1.0 1.0 1.0 1.0 1.0 1.0 1.0 1.0 1.0 1.0 1.0 1.0 1.0 1.0 1.0 1.0 1.0 1.0 1.0 1.0 1.0 1.0 1.0 1.0 1.0 1.0 1.0 1.0 1.0 1.0 1.0 1.0 1.0 1.0 1.0 1.0 1.0 1.0 1.0 1.0 1.0 1.0 1.0 1.0 1.0 1.0 
1.0 1.0 1.0 1.0 1.0 1.0 1.0 1.0 1.0 1.0 1.0 1.0 1.0 1.0 1.0 0.0 1.0 1.0 1.0 1.0 1.0 1.0 1.0 1.0 1.0 1.0 1.0 1.0 1.0 1.0 1.0 1.0 1.0 1.0 1.0 1.0 1.0 1.0 1.0 1.0 1.0 1.0 1.0 1.0 1.0 1.0 1.0 1.0 1.0 1.0 1.0 1.0 1.0 1.0 1.0 1.0 1.0 1.0 1.0 1.0 1.0 1.0 1.0 1.0 
1.0 1.0 1.0 1.0 1.0 1.0 1.0 1.0 1.0 1.0 1.0 1.0 1.0 1.0 1.0 1.0 0.0 1.0 1.0 1.0 1.0 1.0 1.0 1.0 1.0 1.0 1.0 1.0 1.0 1.0 1.0 1.0 1.0 1.0 1.0 1.0 1.0 1.0 1.0 1.0 1.0 1.0 1.0 1.0 1.0 1.0 1.0 1.0 1.0 1.0 1.0 1.0 1.0 1.0 1.0 1.0 1.0 1.0 1.0 1.0 1.0 1.0 1.0 1.0 
1.0 1.0 1.0 1.0 1.0 1.0 1.0 1.0 1.0 1.0 1.0 1.0 1.0 1.0 1.0 1.0 1.0 0.0 1.0 1.0 1.0 1.0 1.0 1.0 1.0 1.0 1.0 1.0 1.0 1.0 1.0 1.0 1.0 1.0 1.0 1.0 1.0 1.0 1.0 1.0 1.0 1.0 1.0 1.0 1.0 1.0 1.0 1.0 1.0 1.0 1.0 1.0 1.0 1.0 1.0 1.0 1.0 1.0 1.0 1.0 1.0 1.0 1.0 1.0 
1.0 1.0 1.0 1.0 1.0 1.0 1.0 1.0 1.0 1.0 1.0 1.0 1.0 1.0 1.0 1.0 1.0 1.0 0.0 1.0 1.0 1.0 1.0 1.0 1.0 1.0 1.0 1.0 1.0 1.0 1.0 1.0 1.0 1.0 1.0 1.0 1.0 1.0 1.0 1.0 1.0 1.0 1.0 1.0 1.0 1.0 1.0 1.0 1.0 1.0 1.0 1.0 1.0 1.0 1.0 1.0 1.0 1.0 1.0 1.0 1.0 1.0 1.0 1.0 
1.0 1.0 1.0 1.0 1.0 1.0 1.0 1.0 1.0 1.0 1.0 1.0 1.0 1.0 1.0 1.0 1.0 1.0 1.0 0.0 1.0 1.0 1.0 1.0 1.0 1.0 1.0 1.0 1.0 1.0 1.0 1.0 1.0 1.0 1.0 1.0 1.0 1.0 1.0 1.0 1.0 1.0 1.0 1.0 1.0 1.0 1.0 1.0 1.0 1.0 1.0 1.0 1.0 1.0 1.0 1.0 1.0 1.0 1.0 1.0 1.0 1.0 1.0 1.0 
1.0 1.0 1.0 1.0 1.0 1.0 1.0 1.0 1.0 1.0 1.0 1.0 1.0 1.0 1.0 1.0 1.0 1.0 1.0 1.0 0.0 1.0 1.0 1.0 1.0 1.0 1.0 1.0 1.0 1.0 1.0 1.0 1.0 1.0 1.0 1.0 1.0 1.0 1.0 1.0 1.0 1.0 1.0 1.0 1.0 1.0 1.0 1.0 1.0 1.0 1.0 1.0 1.0 1.0 1.0 1.0 1.0 1.0 1.0 1.0 1.0 1.0 1.0 1.0 
1.0 1.0 1.0 1.0 1.0 1.0 1.0 1.0 1.0 1.0 1.0 1.0 1.0 1.0 1.0 1.0 1.0 1.0 1.0 1.0 1.0 0.0 1.0 1.0 1.0 1.0 1.0 1.0 1.0 1.0 1.0 1.0 1.0 1.0 1.0 1.0 1.0 1.0 1.0 1.0 1.0 1.0 1.0 1.0 1.0 1.0 1.0 1.0 1.0 1.0 1.0 1.0 1.0 1.0 1.0 1.0 1.0 1.0 1.0 1.0 1.0 1.0 1.0 1.0 
1.0 1.0 1.0 1.0 1.0 1.0 1.0 1.0 1.0 1.0 1.0 1.0 1.0 1.0 1.0 1.0 1.0 1.0 1.0 1.0 1.0 1.0 0.0 1.0 1.0 1.0 1.0 1.0 1.0 1.0 1.0 1.0 1.0 1.0 1.0 1.0 1.0 1.0 1.0 1.0 1.0 1.0 1.0 1.0 1.0 1.0 1.0 1.0 1.0 1.0 1.0 1.0 1.0 1.0 1.0 1.0 1.0 1.0 1.0 1.0 1.0 1.0 1.0 1.0 
1.0 1.0 1.0 1.0 1.0 1.0 1.0 1.0 1.0 1.0 1.0 1.0 1.0 1.0 1.0 1.0 1.0 1.0 1.0 1.0 1.0 1.0 1.0 0.0 1.0 1.0 1.0 1.0 1.0 1.0 1.0 1.0 1.0 1.0 1.0 1.0 1.0 1.0 1.0 1.0 1.0 1.0 1.0 1.0 1.0 1.0 1.0 1.0 1.0 1.0 1.0 1.0 1.0 1.0 1.0 1.0 1.0 1.0 1.0 1.0 1.0 1.0 1.0 1.0 
1.0 1.0 1.0 1.0 1.0 1.0 1.0 1.0 1.0 1.0 1.0 1.0 1.0 1.0 1.0 1.0 1.0 1.0 1.0 1.0 1.0 1.0 1.0 1.0 0.0 1.0 1.0 1.0 1.0 1.0 1.0 1.0 1.0 1.0 1.0 1.0 1.0 1.0 1.0 1.0 1.0 1.0 1.0 1.0 1.0 1.0 1.0 1.0 1.0 1.0 1.0 1.0 1.0 1.0 1.0 1.0 1.0 1.0 1.0 1.0 1.0 1.0 1.0 1.0 
1.0 1.0 1.0 1.0 1.0 1.0 1.0 1.0 1.0 1.0 1.0 1.0 1.0 1.0 1.0 1.0 1.0 1.0 1.0 1.0 1.0 1.0 1.0 1.0 1.0 0.0 1.0 1.0 1.0 1.0 1.0 1.0 1.0 1.0 1.0 1.0 1.0 1.0 1.0 1.0 1.0 1.0 1.0 1.0 1.0 1.0 1.0 1.0 1.0 1.0 1.0 1.0 1.0 1.0 1.0 1.0 1.0 1.0 1.0 1.0 1.0 1.0 1.0 1.0 
1.0 1.0 1.0 1.0 1.0 1.0 1.0 1.0 1.0 1.0 1.0 1.0 1.0 1.0 1.0 1.0 1.0 1.0 1.0 1.0 1.0 1.0 1.0 1.0 1.0 1.0 0.0 1.0 1.0 1.0 1.0 1.0 1.0 1.0 1.0 1.0 1.0 1.0 1.0 1.0 1.0 1.0 1.0 1.0 1.0 1.0 1.0 1.0 1.0 1.0 1.0 1.0 1.0 1.0 1.0 1.0 1.0 1.0 1.0 1.0 1.0 1.0 1.0 1.0 
1.0 1.0 1.0 1.0 1.0 1.0 1.0 1.0 1.0 1.0 1.0 1.0 1.0 1.0 1.0 1.0 1.0 1.0 1.0 1.0 1.0 1.0 1.0 1.0 1.0 1.0 1.0 0.0 1.0 1.0 1.0 1.0 1.0 1.0 1.0 1.0 1.0 1.0 1.0 1.0 1.0 1.0 1.0 1.0 1.0 1.0 1.0 1.0 1.0 1.0 1.0 1.0 1.0 1.0 1.0 1.0 1.0 1.0 1.0 1.0 1.0 1.0 1.0 1.0 
1.0 1.0 1.0 1.0 1.0 1.0 1.0 1.0 1.0 1.0 1.0 1.0 1.0 1.0 1.0 1.0 1.0 1.0 1.0 1.0 1.0 1.0 1.0 1.0 1.0 1.0 1.0 1.0 0.0 1.0 1.0 1.0 1.0 1.0 1.0 1.0 1.0 1.0 1.0 1.0 1.0 1.0 1.0 1.0 1.0 1.0 1.0 1.0 1.0 1.0 1.0 1.0 1.0 1.0 1.0 1.0 1.0 1.0 1.0 1.0 1.0 1.0 1.0 1.0 
1.0 1.0 1.0 1.0 1.0 1.0 1.0 1.0 1.0 1.0 1.0 1.0 1.0 1.0 1.0 1.0 1.0 1.0 1.0 1.0 1.0 1.0 1.0 1.0 1.0 1.0 1.0 1.0 1.0 0.0 1.0 1.0 1.0 1.0 1.0 1.0 1.0 1.0 1.0 1.0 1.0 1.0 1.0 1.0 1.0 1.0 1.0 1.0 1.0 1.0 1.0 1.0 1.0 1.0 1.0 1.0 1.0 1.0 1.0 1.0 1.0 1.0 1.0 1.0 
1.0 1.0 1.0 1.0 1.0 1.0 1.0 1.0 1.0 1.0 1.0 1.0 1.0 1.0 1.0 1.0 1.0 1.0 1.0 1.0 1.0 1.0 1.0 1.0 1.0 1.0 1.0 1.0 1.0 1.0 0.0 1.0 1.0 1.0 1.0 1.0 1.0 1.0 1.0 1.0 1.0 1.0 1.0 1.0 1.0 1.0 1.0 1.0 1.0 1.0 1.0 1.0 1.0 1.0 1.0 1.0 1.0 1.0 1.0 1.0 1.0 1.0 1.0 1.0 
1.0 1.0 1.0 1.0 1.0 1.0 1.0 1.0 1.0 1.0 1.0 1.0 1.0 1.0 1.0 1.0 1.0 1.0 1.0 1.0 1.0 1.0 1.0 1.0 1.0 1.0 1.0 1.0 1.0 1.0 1.0 0.0 1.0 1.0 1.0 1.0 1.0 1.0 1.0 1.0 1.0 1.0 1.0 1.0 1.0 1.0 1.0 1.0 1.0 1.0 1.0 1.0 1.0 1.0 1.0 1.0 1.0 1.0 1.0 1.0 1.0 1.0 1.0 1.0 
1.0 1.0 1.0 1.0 1.0 1.0 1.0 1.0 1.0 1.0 1.0 1.0 1.0 1.0 1.0 1.0 1.0 1.0 1.0 1.0 1.0 1.0 1.0 1.0 1.0 1.0 1.0 1.0 1.0 1.0 1.0 1.0 0.0 1.0 1.0 1.0 1.0 1.0 1.0 1.0 1.0 1.0 1.0 1.0 1.0 1.0 1.0 1.0 1.0 1.0 1.0 1.0 1.0 1.0 1.0 1.0 1.0 1.0 1.0 1.0 1.0 1.0 1.0 1.0 
1.0 1.0 1.0 1.0 1.0 1.0 1.0 1.0 1.0 1.0 1.0 1.0 1.0 1.0 1.0 1.0 1.0 1.0 1.0 1.0 1.0 1.0 1.0 1.0 1.0 1.0 1.0 1.0 1.0 1.0 1.0 1.0 1.0 0.0 1.0 1.0 1.0 1.0 1.0 1.0 1.0 1.0 1.0 1.0 1.0 1.0 1.0 1.0 1.0 1.0 1.0 1.0 1.0 1.0 1.0 1.0 1.0 1.0 1.0 1.0 1.0 1.0 1.0 1.0 
1.0 1.0 1.0 1.0 1.0 1.0 1.0 1.0 1.0 1.0 1.0 1.0 1.0 1.0 1.0 1.0 1.0 1.0 1.0 1.0 1.0 1.0 1.0 1.0 1.0 1.0 1.0 1.0 1.0 1.0 1.0 1.0 1.0 1.0 0.0 1.0 1.0 1.0 1.0 1.0 1.0 1.0 1.0 1.0 1.0 1.0 1.0 1.0 1.0 1.0 1.0 1.0 1.0 1.0 1.0 1.0 1.0 1.0 1.0 1.0 1.0 1.0 1.0 1.0 
1.0 1.0 1.0 1.0 1.0 1.0 1.0 1.0 1.0 1.0 1.0 1.0 1.0 1.0 1.0 1.0 1.0 1.0 1.0 1.0 1.0 1.0 1.0 1.0 1.0 1.0 1.0 1.0 1.0 1.0 1.0 1.0 1.0 1.0 1.0 0.0 1.0 1.0 1.0 1.0 1.0 1.0 1.0 1.0 1.0 1.0 1.0 1.0 1.0 1.0 1.0 1.0 1.0 1.0 1.0 1.0 1.0 1.0 1.0 1.0 1.0 1.0 1.0 1.0 
1.0 1.0 1.0 1.0 1.0 1.0 1.0 1.0 1.0 1.0 1.0 1.0 1.0 1.0 1.0 1.0 1.0 1.0 1.0 1.0 1.0 1.0 1.0 1.0 1.0 1.0 1.0 1.0 1.0 1.0 1.0 1.0 1.0 1.0 1.0 1.0 0.0 1.0 1.0 1.0 1.0 1.0 1.0 1.0 1.0 1.0 1.0 1.0 1.0 1.0 1.0 1.0 1.0 1.0 1.0 1.0 1.0 1.0 1.0 1.0 1.0 1.0 1.0 1.0 
1.0 1.0 1.0 1.0 1.0 1.0 1.0 1.0 1.0 1.0 1.0 1.0 1.0 1.0 1.0 1.0 1.0 1.0 1.0 1.0 1.0 1.0 1.0 1.0 1.0 1.0 1.0 1.0 1.0 1.0 1.0 1.0 1.0 1.0 1.0 1.0 1.0 0.0 1.0 1.0 1.0 1.0 1.0 1.0 1.0 1.0 1.0 1.0 1.0 1.0 1.0 1.0 1.0 1.0 1.0 1.0 1.0 1.0 1.0 1.0 1.0 1.0 1.0 1.0 
1.0 1.0 1.0 1.0 1.0 1.0 1.0 1.0 1.0 1.0 1.0 1.0 1.0 1.0 1.0 1.0 1.0 1.0 1.0 1.0 1.0 1.0 1.0 1.0 1.0 1.0 1.0 1.0 1.0 1.0 1.0 1.0 1.0 1.0 1.0 1.0 1.0 1.0 0.0 1.0 1.0 1.0 1.0 1.0 1.0 1.0 1.0 1.0 1.0 1.0 1.0 1.0 1.0 1.0 1.0 1.0 1.0 1.0 1.0 1.0 1.0 1.0 1.0 1.0 
1.0 1.0 1.0 1.0 1.0 1.0 1.0 1.0 1.0 1.0 1.0 1.0 1.0 1.0 1.0 1.0 1.0 1.0 1.0 1.0 1.0 1.0 1.0 1.0 1.0 1.0 1.0 1.0 1.0 1.0 1.0 1.0 1.0 1.0 1.0 1.0 1.0 1.0 1.0 0.0 1.0 1.0 1.0 1.0 1.0 1.0 1.0 1.0 1.0 1.0 1.0 1.0 1.0 1.0 1.0 1.0 1.0 1.0 1.0 1.0 1.0 1.0 1.0 1.0 
1.0 1.0 1.0 1.0 1.0 1.0 1.0 1.0 1.0 1.0 1.0 1.0 1.0 1.0 1.0 1.0 1.0 1.0 1.0 1.0 1.0 1.0 1.0 1.0 1.0 1.0 1.0 1.0 1.0 1.0 1.0 1.0 1.0 1.0 1.0 1.0 1.0 1.0 1.0 1.0 0.0 1.0 1.0 1.0 1.0 1.0 1.0 1.0 1.0 1.0 1.0 1.0 1.0 1.0 1.0 1.0 1.0 1.0 1.0 1.0 1.0 1.0 1.0 1.0 
1.0 1.0 1.0 1.0 1.0 1.0 1.0 1.0 1.0 1.0 1.0 1.0 1.0 1.0 1.0 1.0 1.0 1.0 1.0 1.0 1.0 1.0 1.0 1.0 1.0 1.0 1.0 1.0 1.0 1.0 1.0 1.0 1.0 1.0 1.0 1.0 1.0 1.0 1.0 1.0 1.0 0.0 1.0 1.0 1.0 1.0 1.0 1.0 1.0 1.0 1.0 1.0 1.0 1.0 1.0 1.0 1.0 1.0 1.0 1.0 1.0 1.0 1.0 1.0 
1.0 1.0 1.0 1.0 1.0 1.0 1.0 1.0 1.0 1.0 1.0 1.0 1.0 1.0 1.0 1.0 1.0 1.0 1.0 1.0 1.0 1.0 1.0 1.0 1.0 1.0 1.0 1.0 1.0 1.0 1.0 1.0 1.0 1.0 1.0 1.0 1.0 1.0 1.0 1.0 1.0 1.0 0.0 1.0 1.0 1.0 1.0 1.0 1.0 1.0 1.0 1.0 1.0 1.0 1.0 1.0 1.0 1.0 1.0 1.0 1.0 1.0 1.0 1.0 
1.0 1.0 1.0 1.0 1.0 1.0 1.0 1.0 1.0 1.0 1.0 1.0 1.0 1.0 1.0 1.0 1.0 1.0 1.0 1.0 1.0 1.0 1.0 1.0 1.0 1.0 1.0 1.0 1.0 1.0 1.0 1.0 1.0 1.0 1.0 1.0 1.0 1.0 1.0 1.0 1.0 1.0 1.0 0.0 1.0 1.0 1.0 1.0 1.0 1.0 1.0 1.0 1.0 1.0 1.0 1.0 1.0 1.0 1.0 1.0 1.0 1.0 1.0 1.0 
1.0 1.0 1.0 1.0 1.0 1.0 1.0 1.0 1.0 1.0 1.0 1.0 1.0 1.0 1.0 1.0 1.0 1.0 1.0 1.0 1.0 1.0 1.0 1.0 1.0 1.0 1.0 1.0 1.0 1.0 1.0 1.0 1.0 1.0 1.0 1.0 1.0 1.0 1.0 1.0 1.0 1.0 1.0 1.0 0.0 1.0 1.0 1.0 1.0 1.0 1.0 1.0 1.0 1.0 1.0 1.0 1.0 1.0 1.0 1.0 1.0 1.0 1.0 1.0 
1.0 1.0 1.0 1.0 1.0 1.0 1.0 1.0 1.0 1.0 1.0 1.0 1.0 1.0 1.0 1.0 1.0 1.0 1.0 1.0 1.0 1.0 1.0 1.0 1.0 1.0 1.0 1.0 1.0 1.0 1.0 1.0 1.0 1.0 1.0 1.0 1.0 1.0 1.0 1.0 1.0 1.0 1.0 1.0 1.0 0.0 1.0 1.0 1.0 1.0 1.0 1.0 1.0 1.0 1.0 1.0 1.0 1.0 1.0 1.0 1.0 1.0 1.0 1.0 
1.0 1.0 1.0 1.0 1.0 1.0 1.0 1.0 1.0 1.0 1.0 1.0 1.0 1.0 1.0 1.0 1.0 1.0 1.0 1.0 1.0 1.0 1.0 1.0 1.0 1.0 1.0 1.0 1.0 1.0 1.0 1.0 1.0 1.0 1.0 1.0 1.0 1.0 1.0 1.0 1.0 1.0 1.0 1.0 1.0 1.0 0.0 1.0 1.0 1.0 1.0 1.0 1.0 1.0 1.0 1.0 1.0 1.0 1.0 1.0 1.0 1.0 1.0 1.0 
1.0 1.0 1.0 1.0 1.0 1.0 1.0 1.0 1.0 1.0 1.0 1.0 1.0 1.0 1.0 1.0 1.0 1.0 1.0 1.0 1.0 1.0 1.0 1.0 1.0 1.0 1.0 1.0 1.0 1.0 1.0 1.0 1.0 1.0 1.0 1.0 1.0 1.0 1.0 1.0 1.0 1.0 1.0 1.0 1.0 1.0 1.0 0.0 1.0 1.0 1.0 1.0 1.0 1.0 1.0 1.0 1.0 1.0 1.0 1.0 1.0 1.0 1.0 1.0 
1.0 1.0 1.0 1.0 1.0 1.0 1.0 1.0 1.0 1.0 1.0 1.0 1.0 1.0 1.0 1.0 1.0 1.0 1.0 1.0 1.0 1.0 1.0 1.0 1.0 1.0 1.0 1.0 1.0 1.0 1.0 1.0 1.0 1.0 1.0 1.0 1.0 1.0 1.0 1.0 1.0 1.0 1.0 1.0 1.0 1.0 1.0 1.0 0.0 1.0 1.0 1.0 1.0 1.0 1.0 1.0 1.0 1.0 1.0 1.0 1.0 1.0 1.0 1.0 
1.0 1.0 1.0 1.0 1.0 1.0 1.0 1.0 1.0 1.0 1.0 1.0 1.0 1.0 1.0 1.0 1.0 1.0 1.0 1.0 1.0 1.0 1.0 1.0 1.0 1.0 1.0 1.0 1.0 1.0 1.0 1.0 1.0 1.0 1.0 1.0 1.0 1.0 1.0 1.0 1.0 1.0 1.0 1.0 1.0 1.0 1.0 1.0 1.0 0.0 1.0 1.0 1.0 1.0 1.0 1.0 1.0 1.0 1.0 1.0 1.0 1.0 1.0 1.0 
1.0 1.0 1.0 1.0 1.0 1.0 1.0 1.0 1.0 1.0 1.0 1.0 1.0 1.0 1.0 1.0 1.0 1.0 1.0 1.0 1.0 1.0 1.0 1.0 1.0 1.0 1.0 1.0 1.0 1.0 1.0 1.0 1.0 1.0 1.0 1.0 1.0 1.0 1.0 1.0 1.0 1.0 1.0 1.0 1.0 1.0 1.0 1.0 1.0 1.0 0.0 1.0 1.0 1.0 1.0 1.0 1.0 1.0 1.0 1.0 1.0 1.0 1.0 1.0 
1.0 1.0 1.0 1.0 1.0 1.0 1.0 1.0 1.0 1.0 1.0 1.0 1.0 1.0 1.0 1.0 1.0 1.0 1.0 1.0 1.0 1.0 1.0 1.0 1.0 1.0 1.0 1.0 1.0 1.0 1.0 1.0 1.0 1.0 1.0 1.0 1.0 1.0 1.0 1.0 1.0 1.0 1.0 1.0 1.0 1.0 1.0 1.0 1.0 1.0 1.0 0.0 1.0 1.0 1.0 1.0 1.0 1.0 1.0 1.0 1.0 1.0 1.0 1.0 
1.0 1.0 1.0 1.0 1.0 1.0 1.0 1.0 1.0 1.0 1.0 1.0 1.0 1.0 1.0 1.0 1.0 1.0 1.0 1.0 1.0 1.0 1.0 1.0 1.0 1.0 1.0 1.0 1.0 1.0 1.0 1.0 1.0 1.0 1.0 1.0 1.0 1.0 1.0 1.0 1.0 1.0 1.0 1.0 1.0 1.0 1.0 1.0 1.0 1.0 1.0 1.0 0.0 1.0 1.0 1.0 1.0 1.0 1.0 1.0 1.0 1.0 1.0 1.0 
1.0 1.0 1.0 1.0 1.0 1.0 1.0 1.0 1.0 1.0 1.0 1.0 1.0 1.0 1.0 1.0 1.0 1.0 1.0 1.0 1.0 1.0 1.0 1.0 1.0 1.0 1.0 1.0 1.0 1.0 1.0 1.0 1.0 1.0 1.0 1.0 1.0 1.0 1.0 1.0 1.0 1.0 1.0 1.0 1.0 1.0 1.0 1.0 1.0 1.0 1.0 1.0 1.0 0.0 1.0 1.0 1.0 1.0 1.0 1.0 1.0 1.0 1.0 1.0 
1.0 1.0 1.0 1.0 1.0 1.0 1.0 1.0 1.0 1.0 1.0 1.0 1.0 1.0 1.0 1.0 1.0 1.0 1.0 1.0 1.0 1.0 1.0 1.0 1.0 1.0 1.0 1.0 1.0 1.0 1.0 1.0 1.0 1.0 1.0 1.0 1.0 1.0 1.0 1.0 1.0 1.0 1.0 1.0 1.0 1.0 1.0 1.0 1.0 1.0 1.0 1.0 1.0 1.0 0.0 1.0 1.0 1.0 1.0 1.0 1.0 1.0 1.0 1.0 
1.0 1.0 1.0 1.0 1.0 1.0 1.0 1.0 1.0 1.0 1.0 1.0 1.0 1.0 1.0 1.0 1.0 1.0 1.0 1.0 1.0 1.0 1.0 1.0 1.0 1.0 1.0 1.0 1.0 1.0 1.0 1.0 1.0 1.0 1.0 1.0 1.0 1.0 1.0 1.0 1.0 1.0 1.0 1.0 1.0 1.0 1.0 1.0 1.0 1.0 1.0 1.0 1.0 1.0 1.0 0.0 1.0 1.0 1.0 1.0 1.0 1.0 1.0 1.0 
1.0 1.0 1.0 1.0 1.0 1.0 1.0 1.0 1.0 1.0 1.0 1.0 1.0 1.0 1.0 1.0 1.0 1.0 1.0 1.0 1.0 1.0 1.0 1.0 1.0 1.0 1.0 1.0 1.0 1.0 1.0 1.0 1.0 1.0 1.0 1.0 1.0 1.0 1.0 1.0 1.0 1.0 1.0 1.0 1.0 1.0 1.0 1.0 1.0 1.0 1.0 1.0 1.0 1.0 1.0 1.0 0.0 1.0 1.0 1.0 1.0 1.0 1.0 1.0 
1.0 1.0 1.0 1.0 1.0 1.0 1.0 1.0 1.0 1.0 1.0 1.0 1.0 1.0 1.0 1.0 1.0 1.0 1.0 1.0 1.0 1.0 1.0 1.0 1.0 1.0 1.0 1.0 1.0 1.0 1.0 1.0 1.0 1.0 1.0 1.0 1.0 1.0 1.0 1.0 1.0 1.0 1.0 1.0 1.0 1.0 1.0 1.0 1.0 1.0 1.0 1.0 1.0 1.0 1.0 1.0 1.0 0.0 1.0 1.0 1.0 1.0 1.0 1.0 
1.0 1.0 1.0 1.0 1.0 1.0 1.0 1.0 1.0 1.0 1.0 1.0 1.0 1.0 1.0 1.0 1.0 1.0 1.0 1.0 1.0 1.0 1.0 1.0 1.0 1.0 1.0 1.0 1.0 1.0 1.0 1.0 1.0 1.0 1.0 1.0 1.0 1.0 1.0 1.0 1.0 1.0 1.0 1.0 1.0 1.0 1.0 1.0 1.0 1.0 1.0 1.0 1.0 1.0 1.0 1.0 1.0 1.0 0.0 1.0 1.0 1.0 1.0 1.0 
1.0 1.0 1.0 1.0 1.0 1.0 1.0 1.0 1.0 1.0 1.0 1.0 1.0 1.0 1.0 1.0 1.0 1.0 1.0 1.0 1.0 1.0 1.0 1.0 1.0 1.0 1.0 1.0 1.0 1.0 1.0 1.0 1.0 1.0 1.0 1.0 1.0 1.0 1.0 1.0 1.0 1.0 1.0 1.0 1.0 1.0 1.0 1.0 1.0 1.0 1.0 1.0 1.0 1.0 1.0 1.0 1.0 1.0 1.0 0.0 1.0 1.0 1.0 1.0 
1.0 1.0 1.0 1.0 1.0 1.0 1.0 1.0 1.0 1.0 1.0 1.0 1.0 1.0 1.0 1.0 1.0 1.0 1.0 1.0 1.0 1.0 1.0 1.0 1.0 1.0 1.0 1.0 1.0 1.0 1.0 1.0 1.0 1.0 1.0 1.0 1.0 1.0 1.0 1.0 1.0 1.0 1.0 1.0 1.0 1.0 1.0 1.0 1.0 1.0 1.0 1.0 1.0 1.0 1.0 1.0 1.0 1.0 1.0 1.0 0.0 1.0 1.0 1.0 
1.0 1.0 1.0 1.0 1.0 1.0 1.0 1.0 1.0 1.0 1.0 1.0 1.0 1.0 1.0 1.0 1.0 1.0 1.0 1.0 1.0 1.0 1.0 1.0 1.0 1.0 1.0 1.0 1.0 1.0 1.0 1.0 1.0 1.0 1.0 1.0 1.0 1.0 1.0 1.0 1.0 1.0 1.0 1.0 1.0 1.0 1.0 1.0 1.0 1.0 1.0 1.0 1.0 1.0 1.0 1.0 1.0 1.0 1.0 1.0 1.0 0.0 1.0 1.0 
1.0 1.0 1.0 1.0 1.0 1.0 1.0 1.0 1.0 1.0 1.0 1.0 1.0 1.0 1.0 1.0 1.0 1.0 1.0 1.0 1.0 1.0 1.0 1.0 1.0 1.0 1.0 1.0 1.0 1.0 1.0 1.0 1.0 1.0 1.0 1.0 1.0 1.0 1.0 1.0 1.0 1.0 1.0 1.0 1.0 1.0 1.0 1.0 1.0 1.0 1.0 1.0 1.0 1.0 1.0 1.0 1.0 1.0 1.0 1.0 1.0 1.0 0.0 1.0 
1.0 1.0 1.0 1.0 1.0 1.0 1.0 1.0 1.0 1.0 1.0 1.0 1.0 1.0 1.0 1.0 1.0 1.0 1.0 1.0 1.0 1.0 1.0 1.0 1.0 1.0 1.0 1.0 1.0 1.0 1.0 1.0 1.0 1.0 1.0 1.0 1.0 1.0 1.0 1.0 1.0 1.0 1.0 1.0 1.0 1.0 1.0 1.0 1.0 1.0 1.0 1.0 1.0 1.0 1.0 1.0 1.0 1.0 1.0 1.0 1.0 1.0 1.0 0.0 