32
42 91 10 53 30 31 92 42 74 82 77 90 4 79 87 27 44 84 56 43 36 65 78 2 37 60 4 41 57 15 49 97 
100 42 20 76 47 91 99 67 74 61 22 83 6 40 27 12 23 91 66 96 31 31 18 41 24 49 25 96 88 89 17 13 
74 89 92 39 21 91 43 25 64 35 69 22 36 39 98 75 57 95 42 71 4 54 94 64 91 78 49 34 92 34 33 36 
64 20 30 4 24 100 37 36 40 33 8 61 98 97 87 97 15 33 79 72 11 27 46 44 36 77 28 20 97 32 42 68 
98 62 2 57 59 35 45 99 36 59 41 30 51 31 79 49 94 28 59 41 4 98 11 61 92 59 1 46 35 62 4 93 
69 89 90 12 10 3 20 46 70 7 11 7 27 100 50 77 75 80 11 94 5 78 47 45 25 28 16 48 47 28 97 18 
49 33 25 88 19 11 31 24 43 87 19 40 5 58 44 39 87 37 16 12 11 55 77 82 22 49 19 6 10 72 99 75 
7 2 37 74 46 53 3 16 71 17 1 9 32 33 46 59 33 63 92 58 47 80 59 65 23 48 47 55 62 87 43 75 
55 70 95 44 80 6 23 63 57 41 76 80 60 4 32 22 53 63 30 96 77 6 78 84 80 68 92 43 52 57 49 9 
24 18 19 51 94 8 44 8 64 52 86 17 73 78 27 60 75 4 87 99 60 24 47 62 81 76 73 89 96 61 39 35 
26 46 7 21 94 45 8 53 45 98 23 71 2 25 17 3 52 12 42 47 12 81 61 69 58 100 43 61 66 29 68 51 
1 80 2 28 12 100 18 81 21 27 47 16 20 58 34 89 22 51 97 60 72 40 64 44 26 21 12 34 95 56 73 27 
98 52 38 56 33 58 97 91 25 4 78 62 100 47 55 26 31 29 59 1 87 95 88 20 75 40 79 20 90 46 83 89 
5 46 61 48 13 69 9 48 61 28 34 70 26 44 8 43 31 91 18 99 20 34 15 67 19 92 76 61 69 90 70 89 
48 22 57 66 14 91 22 38 7 55 24 88 76 88 50 66 82 31 59 9 68 85 26 25 88 92 72 72 32 51 6 30 
79 73 50 83 16 60 89 9 62 43 48 68 1 1 78 3 4 67 28 21 96 21 50 92 93 48 48 41 74 16 68 53 
46 27 47 72 94 66 71 21 90 41 38 2 17 81 99 10 82 95 16 72 24 59 16 67 84 75 99 97 72 70 29 40 
38 92 39 84 65 91 26 85 49 44 3 97 75 91 6 81 77 65 43 21 40 79 53 22 43 78 27 37 20 33 95 75 
7 26 34 80 15 3 96 61 8 62 9 98 8 98 9 12 64 11 31 83 18 94 25 24 4 5 85 40 11 59 52 97 
52 1 63 97 71 2 50 37 33 94 78 35 71 43 41 67 90 53 45 66 29 75 52 67 92 25 45 57 86 27 27 26 
15 97 80 6 39 37 18 54 81 27 90 72 28 21 79 57 52 62 10 22 98 86 54 43 88 98 69 74 1 50 8 12 
67 34 57 54 23 96 19 71 30 92 27 61 58 96 89 18 93 100 77 9 36 68 5 100 30 27 22 4 92 23 32 6 
88 2 8 20 28 87 72 42 4 10 95 39 81 56 61 36 74 100 39 36 14 75 88 38 11 2 95 49 69 34 8 44 
73 9 85 21 92 18 46 43 52 41 94 40 93 29 44 1 54 5 81 83 29 4 82 64 74 53 34 31 58 88 43 87 
88 21 77 94 93 41 21 68 77 48 67 25 62 16 15 89 16 64 43 2 27 32 75 10 31 20 5 3 85 42 8 22 
75 20 54 35 9 62 63 72 88 91 1 76 67 75 97 2 61 41 94 80 24 23 99 67 62 50 84 3 97 62 39 23 
55 4 4 90 67 95 41 96 76 53 76 23 68 92 65 57 6 24 75 81 93 49 36 75 85 73 68 45 33 2 57 54 
20 86 57 46 100 46 82 20 97 24 73 48 14 88 13 19 15 55 10 88 27 81 22 70 37 39 16 31 13 1 64 67 
31 94 29 50 5 39 75 6 40 41 71 67 47 81 20 95 87 86 98 72 96 37 54 12 90 87 85 92 78 65 99 90 
93 54 8 39 10 67 43 12 46 58 54 43 56 31 70 66 42 5 85 31 83 31 63 18 97 16 87 100 2 20 59 43 
85 39 68 44 72 31 63 74 100 77 40 53 36 60 33 48 20 59 14 24 97 30 39 61 51 89 3 68 3 47 12 47 
96 94 96 98 77 49 89 54 56 5 28 30 23 14 52 5 12 72 68 74 100 30 46 40 19 94 43 9 27 63 41 59 
0.0 1.0 1.0 1.0 1.0 1.0 1.0 1.0 1.0 1.0 1.0 1.0 1.0 1.0 1.0 1.0 1.0 1.0 1.0 1.0 1.0 1.0 1.0 1.0 1.0 1.0 1.0 1.0 1.0 1.0 1.0 1.0 
1.0 0.0 1.0 1.0 1.0 1.0 1.0 1.0 1.0 1.0 1.0 1.0 1.0 1.0 1.0 1.0 1.0 1.0 1.0 1.0 1.0 1.0 1.0 1.0 1.0 1.0 1.0 1.0 1.0 1.0 1.0 1.0 
1.0 1.0 0.0 1.0 1.0 1.0 1.0 1.0 1.0 1.0 1.0 1.0 1.0 1.0 1.0 1.0 1.0 1.0 1.0 1.0 1.0 1.0 1.0 1.0 1.0 1.0 1.0 1.0 1.0 1.0 1.0 1.0 
1.0 1.0 1.0 0.0 1.0 1.0 1.0 1.0 1.0 1.0 1.0 1.0 1.0 1.0 1.0 1.0 1.0 1.0 1.0 1.0 1.0 1.0 1.0 1.0 1.0 1.0 1.0 1.0 1.0 1.0 1.0 1.0 
1.0 1.0 1.0 1.0 0.0 1.0 1.0 1.0 1.0 1.0 1.0 1.0 1.0 1.0 1.0 1.0 1.0 1.0 1.0 1.0 1.0 1.0 1.0 1.0 1.0 1.0 1.0 1.0 1.0 1.0 1.0 1.0 
1.0 1.0 1.0 1.0 1.0 0.0 1.0 1.0 1.0 1.0 1.0 1.0 1.0 1.0 1.0 1.0 1.0 1.0 1.0 1.0 1.0 1.0 1.0 1.0 1.0 1.0 1.0 1.0 1.0 1.0 1.0 1.0 
1.0 1.0 1.0 1.0 1.0 1.0 0.0 1.0 1.0 1.0 1.0 1.0 1.0 1.0 1.0 1.0 1.0 1.0 1.0 1.0 1.0 1.0 1.0 1.0 1.0 1.0 1.0 1.0 1.0 1.0 1.0 1.0 
1.0 1.0 1.0 1.0 1.0 1.0 1.0 0.0 1.0 1.0 1.0 1.0 1.0 1.0 1.0 1.0 1.0 1.0 1.0 1.0 1.0 1.0 1.0 1.0 1.0 1.0 1.0 1.0 1.0 1.0 1.0 1.0 
1.0 1.0 1.0 1.0 1.0 1.0 1.0 1.0 0.0 1.0 1.0 1.0 1.0 1.0 1.0 1.0 1.0 1.0 1.0 1.0 1.0 1.0 1.0 1.0 1.0 1.0 1.0 1.0 1.0 1.0 1.0 1.0 
1.0 1.0 1.0 1.0 1.0 1.0 1.0 1.0 1.0 0.0 1.0 1.0 1.0 1.0 1.0 1.0 1.0 1.0 1.0 1.0 1.0 1.0 1.0 1.0 1.0 1.0 1.0 1.0 1.0 1.0 1.0 1.0 
1.0 1.0 1.0 1.0 1.0 1.0 1.0 1.0 1.0 1.0 0.0 1.0 1.0 1.0 1.0 1.0 1.0 1.0 1.0 1.0 1.0 1.0 1.0 1.0 1.0 1.0 1.0 1.0 1.0 1.0 1.0 1.0 
1.0 1.0 1.0 1.0 1.0 1.0 1.0 1.0 1.0 1.0 1.0 0.0 1.0 1.0 1.0 1.0 1.0 1.0 1.0 1.0 1.0 1.0 1.0 1.0 1.0 1.0 1.0 1.0 1.0 1.0 1.0 1.0 
1.0 1.0 1.0 1.0 1.0 1.0 1.0 1.0 1.0 1.0 1.0 1.0 0.0 1.0 1.0 1.0 1.0 1.0 1.0 1.0 1.0 1.0 1.0 1.0 1.0 1.0 1.0 1.0 1.0 1.0 1.0 1.0 
1.0 1.0 1.0 1.0 1.0 1.0 1.0 1.0 1.0 1.0 1.0 1.0 1.0 0.0 1.0 1.0 1.0 1.0 1.0 1.0 1.0 1.0 1.0 1.0 1.0 1.0 1.0 1.0 1.0 1.0 1.0 1.0 
1.0 1.0 1.0 1.0 1.0 1.0 1.0 1.0 1.0 1.0 1.0 1.0 1.0 1.0 0.0 1.0 1.0 1.0 1.0 1.0 1.0 1.0 1.0 1.0 1.0 1.0 1.0 1.0 1.0 1.0 1.0 1.0 
1.0 1.0 1.0 1.0 1.0 1.0 1.0 1.0 1.0 1.0 1.0 1.0 1.0 1.0 1.0 0.0 1.0 1.0 1.0 1.0 1.0 1.0 1.0 1.0 1.0 1.0 1.0 1.0 1.0 1.0 1.0 1.0 
1.0 1.0 1.0 1.0 1.0 1.0 1.0 1.0 1.0 1.0 1.0 1.0 1.0 1.0 1.0 1.0 0.0 1.0 1.0 1.0 1.0 1.0 1.0 1.0 1.0 1.0 1.0 1.0 1.0 1.0 1.0 1.0 
1.0 1.0 1.0 1.0 1.0 1.0 1.0 1.0 1.0 1.0 1.0 1.0 1.0 1.0 1.0 1.0 1.0 0.0 1.0 1.0 1.0 1.0 1.0 1.0 1.0 1.0 1.0 1.0 1.0 1.0 1.0 1.0 
1.0 1.0 1.0 1.0 1.0 1.0 1.0 1.0 1.0 1.0 1.0 1.0 1.0 1.0 1.0 1.0 1.0 1.0 0.0 1.0 1.0 1.0 1.0 1.0 1.0 1.0 1.0 1.0 1.0 1.0 1.0 1.0 
1.0 1.0 1.0 1.0 1.0 1.0 1.0 1.0 1.0 1.0 1.0 1.0 1.0 1.0 1.0 1.0 1.0 1.0 1.0 0.0 1.0 1.0 1.0 1.0 1.0 1.0 1.0 1.0 1.0 1.0 1.0 1.0 
1.0 1.0 1.0 1.0 1.0 1.0 1.0 1.0 1.0 1.0 1.0 1.0 1.0 1.0 1.0 1.0 1.0 1.0 1.0 1.0 0.0 1.0 1.0 1.0 1.0 1.0 1.0 1.0 1.0 1.0 1.0 1.0 
1.0 1.0 1.0 1.0 1.0 1.0 1.0 1.0 1.0 1.0 1.0 1.0 1.0 1.0 1.0 1.0 1.0 1.0 1.0 1.0 1.0 0.0 1.0 1.0 1.0 1.0 1.0 1.0 1.0 1.0 1.0 1.0 
1.0 1.0 1.0 1.0 1.0 1.0 1.0 1.0 1.0 1.0 1.0 1.0 1.0 1.0 1.0 1.0 1.0 1.0 1.0 1.0 1.0 1.0 0.0 1.0 1.0 1.0 1.0 1.0 1.0 1.0 1.0 1.0 
1.0 1.0 1.0 1.0 1.0 1.0 1.0 1.0 1.0 1.0 1.0 1.0 1.0 1.0 1.0 1.0 1.0 1.0 1.0 1.0 1.0 1.0 1.0 0.0 1.0 1.0 1.0 1.0 1.0 1.0 1.0 1.0 
1.0 1.0 1.0 1.0 1.0 1.0 1.0 1.0 1.0 1.0 1.0 1.0 1.0 1.0 1.0 1.0 1.0 1.0 1.0 1.0 1.0 1.0 1.0 1.0 0.0 1.0 1.0 1.0 1.0 1.0 1.0 1.0 
1.0 1.0 1.0 1.0 1.0 1.0 1.0 1.0 1.0 1.0 1.0 1.0 1.0 1.0 1.0 1.0 1.0 1.0 1.0 1.0 1.0 1.0 1.0 1.0 1.0 0.0 1.0 1.0 1.0 1.0 1.0 1.0 
1.0 1.0 1.0 1.0 1.0 1.0 1.0 1.0 1.0 1.0 1.0 1.0 1.0 1.0 1.0 1.0 1.0 1.0 1.0 1.0 1.0 1.0 1.0 1.0 1.0 1.0 0.0 1.0 1.0 1.0 1.0 1.0 
1.0 1.0 1.0 1.0 1.0 1.0 1.0 1.0 1.0 1.0 1.0 1.0 1.0 1.0 1.0 1.0 1.0 1.0 1.0 1.0 1.0 1.0 1.0 1.0 1.0 1.0 1.0 0.0 1.0 1.0 1.0 1.0 
1.0 1.0 1.0 1.0 1.0 1.0 1.0 1.0 1.0 1.0 1.0 1.0 1.0 1.0 1.0 1.0 1.0 1.0 1.0 1.0 1.0 1.0 1.0 1.0 1.0 1.0 1.0 1.0 0.0 1.0 1.0 1.0 
1.0 1.0 1.0 1.0 1.0 1.0 1.0 1.0 1.0 1.0 1.0 1.0 1.0 1.0 1.0 1.0 1.0 1.0 1.0 1.0 1.0 1.0 1.0 1.0 1.0 1.0 1.0 1.0 1.0 0.0 1.0 1.0 
1.0 1.0 1.0 1.0 1.0 1.0 1.0 1.0 1.0 1.0 1.0 1.0 1.0 1.0 1.0 1.0 1.0 1.0 1.0 1.0 1.0 1.0 1.0 1.0 1.0 1.0 1.0 1.0 1.0 1.0 0.0 1.0 
1.0 1.0 1.0 1.0 1.0 1.0 1.0 1.0 1.0 1.0 1.0 1.0 1.0 1.0 1.0 1.0 1.0 1.0 1.0 1.0 1.0 1.0 1.0 1.0 1.0 1.0 1.0 1.0 1.0 1.0 1.0 0.0 