32
55 41 58 81 15 50 55 92 40 27 76 83 71 64 66 75 62 98 98 39 98 31 69 84 39 1 61 81 2 8 11 44 
3 67 84 4 8 28 29 8 28 4 40 68 11 75 44 71 85 19 57 44 96 66 66 97 14 93 61 23 5 83 66 67 
43 88 34 49 38 64 88 87 7 95 61 44 59 18 51 79 35 37 96 93 47 53 10 8 74 26 82 36 7 80 50 29 
10 90 15 48 27 44 12 1 97 70 20 36 26 33 19 85 86 5 61 75 85 76 58 66 33 66 40 52 17 6 90 99 
77 32 45 31 75 12 97 31 5 47 1 92 3 91 1 45 73 19 94 37 70 53 4 9 44 2 17 17 16 95 16 82 
39 9 55 2 15 77 62 94 11 36 79 96 89 34 39 76 48 12 29 65 51 54 57 80 19 22 92 88 31 75 66 51 
54 13 66 11 78 3 45 67 19 58 31 18 46 18 64 34 39 94 91 54 24 4 91 85 94 48 56 74 65 47 34 63 
41 11 24 4 37 70 80 14 51 94 6 38 6 95 30 92 37 51 69 29 90 58 37 23 86 80 86 98 18 23 24 60 
9 32 52 82 76 16 8 20 53 6 28 19 11 29 91 75 17 90 60 33 79 61 96 66 85 11 84 85 38 28 72 90 
57 50 19 44 17 22 9 26 57 10 16 7 53 44 27 19 1 16 94 91 97 3 86 40 7 48 61 75 2 52 83 76 
19 71 75 78 90 31 25 9 66 88 6 77 28 53 26 69 45 31 78 68 70 65 8 47 7 21 8 72 14 67 68 48 
97 80 58 54 45 90 16 91 89 82 86 57 9 11 90 32 80 88 70 1 43 67 43 80 11 100 53 79 10 87 9 13 
3 79 81 83 64 41 21 100 81 50 38 31 85 59 56 61 24 29 42 1 49 39 44 56 34 59 90 73 13 40 53 3 
6 1 90 50 35 51 14 50 53 81 5 8 61 28 89 72 85 15 62 11 23 89 65 79 51 39 96 24 29 88 31 88 
47 19 54 68 96 39 70 82 6 30 40 29 83 55 32 42 26 36 100 79 33 98 6 46 99 20 45 58 73 16 88 77 
100 63 6 68 18 3 2 10 52 95 35 10 59 36 29 29 60 3 35 40 32 18 35 13 3 2 26 6 17 81 26 21 
71 94 64 56 57 8 73 10 66 97 86 22 53 65 56 40 88 9 66 86 10 20 11 92 74 66 7 26 47 23 5 65 
39 78 2 32 26 20 83 31 13 4 83 25 31 51 8 54 73 69 45 96 98 58 18 9 75 49 66 35 11 39 49 21 
72 68 99 71 94 44 77 72 54 93 89 22 39 85 85 92 46 17 25 37 25 75 36 79 44 45 63 83 24 64 13 41 
47 75 5 18 12 93 68 85 65 77 86 42 32 20 84 39 73 59 14 69 47 4 27 42 95 7 64 77 62 96 60 20 
86 43 61 75 92 56 81 78 63 56 51 99 93 38 27 66 10 15 57 49 50 75 80 28 38 34 51 62 17 8 32 47 
6 17 35 21 15 96 65 56 70 95 57 82 55 88 88 9 64 29 55 86 35 97 87 35 95 60 58 81 90 87 24 19 
13 46 93 82 60 39 84 37 41 58 95 74 19 98 35 77 5 10 25 62 88 78 20 28 74 77 31 21 20 99 64 81 
71 58 98 88 83 46 75 21 11 48 55 34 1 100 32 51 82 23 30 28 69 59 30 58 21 11 32 84 75 32 96 1 
1 78 76 67 73 9 90 48 40 50 48 74 93 84 76 16 46 85 32 87 95 57 56 90 25 4 23 76 53 53 84 48 
1 94 68 43 83 71 82 42 64 35 93 72 50 25 6 36 22 70 43 45 73 30 18 89 50 71 67 89 24 1 78 36 
94 77 95 15 23 82 24 66 12 28 90 83 37 16 22 84 51 2 79 29 48 92 90 49 68 85 43 53 2 18 18 38 
100 41 15 52 85 86 14 32 36 2 60 77 52 23 86 58 88 65 30 89 53 40 5 1 100 62 75 98 46 42 39 23 
48 86 79 42 12 87 10 57 21 55 59 81 71 17 64 92 3 62 53 74 21 35 31 72 88 86 5 98 71 17 34 97 
60 77 30 53 2 95 17 78 21 94 28 10 1 2 45 35 48 73 36 63 43 66 2 84 53 86 15 80 78 78 51 62 
21 87 12 84 34 46 21 47 51 68 55 79 96 19 47 83 98 34 17 51 84 76 2 44 85 30 81 98 45 95 96 2 
79 99 75 22 38 13 50 15 11 59 95 19 93 98 32 62 48 75 67 63 83 12 45 45 19 77 21 34 84 54 11 37 
0.0 1.0 1.0 1.0 1.0 1.0 1.0 1.0 1.0 1.0 1.0 1.0 1.0 1.0 1.0 1.0 1.0 1.0 1.0 1.0 1.0 1.0 1.0 1.0 1.0 1.0 1.0 1.0 1.0 1.0 1.0 1.0 
1.0 0.0 1.0 1.0 1.0 1.0 1.0 1.0 1.0 1.0 1.0 1.0 1.0 1.0 1.0 1.0 1.0 1.0 1.0 1.0 1.0 1.0 1.0 1.0 1.0 1.0 1.0 1.0 1.0 1.0 1.0 1.0 
1.0 1.0 0.0 1.0 1.0 1.0 1.0 1.0 1.0 1.0 1.0 1.0 1.0 1.0 1.0 1.0 1.0 1.0 1.0 1.0 1.0 1.0 1.0 1.0 1.0 1.0 1.0 1.0 1.0 1.0 1.0 1.0 
1.0 1.0 1.0 0.0 1.0 1.0 1.0 1.0 1.0 1.0 1.0 1.0 1.0 1.0 1.0 1.0 1.0 1.0 1.0 1.0 1.0 1.0 1.0 1.0 1.0 1.0 1.0 1.0 1.0 1.0 1.0 1.0 
1.0 1.0 1.0 1.0 0.0 1.0 1.0 1.0 1.0 1.0 1.0 1.0 1.0 1.0 1.0 1.0 1.0 1.0 1.0 1.0 1.0 1.0 1.0 1.0 1.0 1.0 1.0 1.0 1.0 1.0 1.0 1.0 
1.0 1.0 1.0 1.0 1.0 0.0 1.0 1.0 1.0 1.0 1.0 1.0 1.0 1.0 1.0 1.0 1.0 1.0 1.0 1.0 1.0 1.0 1.0 1.0 1.0 1.0 1.0 1.0 1.0 1.0 1.0 1.0 
1.0 1.0 1.0 1.0 1.0 1.0 0.0 1.0 1.0 1.0 1.0 1.0 1.0 1.0 1.0 1.0 1.0 1.0 1.0 1.0 1.0 1.0 1.0 1.0 1.0 1.0 1.0 1.0 1.0 1.0 1.0 1.0 
1.0 1.0 1.0 1.0 1.0 1.0 1.0 0.0 1.0 1.0 1.0 1.0 1.0 1.0 1.0 1.0 1.0 1.0 1.0 1.0 1.0 1.0 1.0 1.0 1.0 1.0 1.0 1.0 1.0 1.0 1.0 1.0 
1.0 1.0 1.0 1.0 1.0 1.0 1.0 1.0 0.0 1.0 1.0 1.0 1.0 1.0 1.0 1.0 1.0 1.0 1.0 1.0 1.0 1.0 1.0 1.0 1.0 1.0 1.0 1.0 1.0 1.0 1.0 1.0 
1.0 1.0 1.0 1.0 1.0 1.0 1.0 1.0 1.0 0.0 1.0 1.0 1.0 1.0 1.0 1.0 1.0 1.0 1.0 1.0 1.0 1.0 1.0 1.0 1.0 1.0 1.0 1.0 1.0 1.0 1.0 1.0 
1.0 1.0 1.0 1.0 1.0 1.0 1.0 1.0 1.0 1.0 0.0 1.0 1.0 1.0 1.0 1.0 1.0 1.0 1.0 1.0 1.0 1.0 1.0 1.0 1.0 1.0 1.0 1.0 1.0 1.0 1.0 1.0 
1.0 1.0 1.0 1.0 1.0 1.0 1.0 1.0 1.0 1.0 1.0 0.0 1.0 1.0 1.0 1.0 1.0 1.0 1.0 1.0 1.0 1.0 1.0 1.0 1.0 1.0 1.0 1.0 1.0 1.0 1.0 1.0 
1.0 1.0 1.0 1.0 1.0 1.0 1.0 1.0 1.0 1.0 1.0 1.0 0.0 1.0 1.0 1.0 1.0 1.0 1.0 1.0 1.0 1.0 1.0 1.0 1.0 1.0 1.0 1.0 1.0 1.0 1.0 1.0 
1.0 1.0 1.0 1.0 1.0 1.0 1.0 1.0 1.0 1.0 1.0 1.0 1.0 0.0 1.0 1.0 1.0 1.0 1.0 1.0 1.0 1.0 1.0 1.0 1.0 1.0 1.0 1.0 1.0 1.0 1.0 1.0 
1.0 1.0 1.0 1.0 1.0 1.0 1.0 1.0 1.0 1.0 1.0 1.0 1.0 1.0 0.0 1.0 1.0 1.0 1.0 1.0 1.0 1.0 1.0 1.0 1.0 1.0 1.0 1.0 1.0 1.0 1.0 1.0 
1.0 1.0 1.0 1.0 1.0 1.0 1.0 1.0 1.0 1.0 1.0 1.0 1.0 1.0 1.0 0.0 1.0 1.0 1.0 1.0 1.0 1.0 1.0 1.0 1.0 1.0 1.0 1.0 1.0 1.0 1.0 1.0 
1.0 1.0 1.0 1.0 1.0 1.0 1.0 1.0 1.0 1.0 1.0 1.0 1.0 1.0 1.0 1.0 0.0 1.0 1.0 1.0 1.0 1.0 1.0 1.0 1.0 1.0 1.0 1.0 1.0 1.0 1.0 1.0 
1.0 1.0 1.0 1.0 1.0 1.0 1.0 1.0 1.0 1.0 1.0 1.0 1.0 1.0 1.0 1.0 1.0 0.0 1.0 1.0 1.0 1.0 1.0 1.0 1.0 1.0 1.0 1.0 1.0 1.0 1.0 1.0 
1.0 1.0 1.0 1.0 1.0 1.0 1.0 1.0 1.0 1.0 1.0 1.0 1.0 1.0 1.0 1.0 1.0 1.0 0.0 1.0 1.0 1.0 1.0 1.0 1.0 1.0 1.0 1.0 1.0 1.0 1.0 1.0 
1.0 1.0 1.0 1.0 1.0 1.0 1.0 1.0 1.0 1.0 1.0 1.0 1.0 1.0 1.0 1.0 1.0 1.0 1.0 0.0 1.0 1.0 1.0 1.0 1.0 1.0 1.0 1.0 1.0 1.0 1.0 1.0 
1.0 1.0 1.0 1.0 1.0 1.0 1.0 1.0 1.0 1.0 1.0 1.0 1.0 1.0 1.0 1.0 1.0 1.0 1.0 1.0 0.0 1.0 1.0 1.0 1.0 1.0 1.0 1.0 1.0 1.0 1.0 1.0 
1.0 1.0 1.0 1.0 1.0 1.0 1.0 1.0 1.0 1.0 1.0 1.0 1.0 1.0 1.0 1.0 1.0 1.0 1.0 1.0 1.0 0.0 1.0 1.0 1.0 1.0 1.0 1.0 1.0 1.0 1.0 1.0 
1.0 1.0 1.0 1.0 1.0 1.0 1.0 1.0 1.0 1.0 1.0 1.0 1.0 1.0 1.0 1.0 1.0 1.0 1.0 1.0 1.0 1.0 0.0 1.0 1.0 1.0 1.0 1.0 1.0 1.0 1.0 1.0 
1.0 1.0 1.0 1.0 1.0 1.0 1.0 1.0 1.0 1.0 1.0 1.0 1.0 1.0 1.0 1.0 1.0 1.0 1.0 1.0 1.0 1.0 1.0 0.0 1.0 1.0 1.0 1.0 1.0 1.0 1.0 1.0 
1.0 1.0 1.0 1.0 1.0 1.0 1.0 1.0 1.0 1.0 1.0 1.0 1.0 1.0 1.0 1.0 1.0 1.0 1.0 1.0 1.0 1.0 1.0 1.0 0.0 1.0 1.0 1.0 1.0 1.0 1.0 1.0 
1.0 1.0 1.0 1.0 1.0 1.0 1.0 1.0 1.0 1.0 1.0 1.0 1.0 1.0 1.0 1.0 1.0 1.0 1.0 1.0 1.0 1.0 1.0 1.0 1.0 0.0 1.0 1.0 1.0 1.0 1.0 1.0 
1.0 1.0 1.0 1.0 1.0 1.0 1.0 1.0 1.0 1.0 1.0 1.0 1.0 1.0 1.0 1.0 1.0 1.0 1.0 1.0 1.0 1.0 1.0 1.0 1.0 1.0 0.0 1.0 1.0 1.0 1.0 1.0 
1.0 1.0 1.0 1.0 1.0 1.0 1.0 1.0 1.0 1.0 1.0 1.0 1.0 1.0 1.0 1.0 1.0 1.0 1.0 1.0 1.0 1.0 1.0 1.0 1.0 1.0 1.0 0.0 1.0 1.0 1.0 1.0 
1.0 1.0 1.0 1.0 1.0 1.0 1.0 1.0 1.0 1.0 1.0 1.0 1.0 1.0 1.0 1.0 1.0 1.0 1.0 1.0 1.0 1.0 1.0 1.0 1.0 1.0 1.0 1.0 0.0 1.0 1.0 1.0 
1.0 1.0 1.0 1.0 1.0 1.0 1.0 1.0 1.0 1.0 1.0 1.0 1.0 1.0 1.0 1.0 1.0 1.0 1.0 1.0 1.0 1.0 1.0 1.0 1.0 1.0 1.0 1.0 1.0 0.0 1.0 1.0 
1.0 1.0 1.0 1.0 1.0 1.0 1.0 1.0 1.0 1.0 1.0 1.0 1.0 1.0 1.0 1.0 1.0 1.0 1.0 1.0 1.0 1.0 1.0 1.0 1.0 1.0 1.0 1.0 1.0 1.0 0.0 1.0 
1.0 1.0 1.0 1.0 1.0 1.0 1.0 1.0 1.0 1.0 1.0 1.0 1.0 1.0 1.0 1.0 1.0 1.0 1.0 1.0 1.0 1.0 1.0 1.0 1.0 1.0 1.0 1.0 1.0 1.0 1.0 0.0 