16
94 20 100 12 97 56 62 54 56 24 29 30 75 52 86 76 
100 56 20 32 26 24 46 30 76 42 87 42 47 64 2 69 
52 29 63 33 9 7 81 96 19 85 23 70 60 53 96 64 
58 9 48 15 92 48 43 92 78 3 44 75 87 79 61 37 
66 72 72 77 34 61 68 37 88 23 49 13 7 61 53 57 
33 62 39 29 3 26 53 50 43 90 8 87 58 62 91 29 
68 89 56 77 59 65 76 36 23 80 80 3 48 86 94 100 
63 5 57 64 100 20 24 1 99 38 4 33 32 11 22 79 
79 36 34 9 18 70 93 71 85 12 46 52 84 9 50 78 
11 89 56 94 63 79 88 14 92 9 65 94 39 16 70 95 
69 87 12 34 99 2 54 85 33 24 14 35 62 97 14 81 
28 96 56 100 5 10 16 50 35 44 44 85 40 63 65 12 
71 52 95 38 30 10 30 26 41 40 31 44 76 75 1 91 
11 50 88 15 29 25 3 77 96 86 23 95 32 27 98 40 
72 94 9 73 16 41 89 29 31 84 64 45 70 29 82 88 
96 54 89 99 39 22 19 29 16 30 37 65 43 35 43 2 
0.0 1.0 1.0 1.0 1.0 1.0 1.0 1.0 1.0 1.0 1.0 1.0 1.0 1.0 1.0 1.0 
1.0 0.0 1.0 1.0 1.0 1.0 1.0 1.0 1.0 1.0 1.0 1.0 1.0 1.0 1.0 1.0 
1.0 1.0 0.0 1.0 1.0 1.0 1.0 1.0 1.0 1.0 1.0 1.0 1.0 1.0 1.0 1.0 
1.0 1.0 1.0 0.0 1.0 1.0 1.0 1.0 1.0 1.0 1.0 1.0 1.0 1.0 1.0 1.0 
1.0 1.0 1.0 1.0 0.0 1.0 1.0 1.0 1.0 1.0 1.0 1.0 1.0 1.0 1.0 1.0 
1.0 1.0 1.0 1.0 1.0 0.0 1.0 1.0 1.0 1.0 1.0 1.0 1.0 1.0 1.0 1.0 
1.0 1.0 1.0 1.0 1.0 1.0 0.0 1.0 1.0 1.0 1.0 1.0 1.0 1.0 1.0 1.0 
1.0 1.0 1.0 1.0 1.0 1.0 1.0 0.0 1.0 1.0 1.0 1.0 1.0 1.0 1.0 1.0 
1.0 1.0 1.0 1.0 1.0 1.0 1.0 1.0 0.0 1.0 1.0 1.0 1.0 1.0 1.0 1.0 
1.0 1.0 1.0 1.0 1.0 1.0 1.0 1.0 1.0 0.0 1.0 1.0 1.0 1.0 1.0 1.0 
1.0 1.0 1.0 1.0 1.0 1.0 1.0 1.0 1.0 1.0 0.0 1.0 1.0 1.0 1.0 1.0 
1.0 1.0 1.0 1.0 1.0 1.0 1.0 1.0 1.0 1.0 1.0 0.0 1.0 1.0 1.0 1.0 
1.0 1.0 1.0 1.0 1.0 1.0 1.0 1.0 1.0 1.0 1.0 1.0 0.0 1.0 1.0 1.0 
1.0 1.0 1.0 1.0 1.0 1.0 1.0 1.0 1.0 1.0 1.0 1.0 1.0 0.0 1.0 1.0 
1.0 1.0 1.0 1.0 1.0 1.0 1.0 1.0 1.0 1.0 1.0 1.0 1.0 1.0 0.0 1.0 
1.0 1.0 1.0 1.0 1.0 1.0 1.0 1.0 1.0 1.0 1.0 1.0 1.0 1.0 1.0 0.0 