16 0.0 16.0 374 2950
67 18 6 44 39 38 85 31 81 39 95 30 81 74 92 18 
92 1 12 29 34 14 15 26 44 46 97 14 61 25 86 10 
69 6 48 44 82 54 53 74 97 9 62 99 52 64 24 93 
70 34 43 100 81 16 8 57 34 18 39 70 45 79 67 3 
85 40 57 41 44 83 78 71 52 45 5 81 23 35 88 59 
74 24 55 82 47 80 4 69 65 94 78 75 81 60 39 54 
16 79 29 39 68 55 97 40 96 32 41 28 3 98 86 14 
26 86 92 39 37 48 55 40 50 64 49 69 87 9 80 88 
54 77 36 38 52 18 16 95 53 30 46 58 9 83 60 88 
11 47 89 86 57 32 32 66 8 24 45 17 88 74 92 7 
58 34 49 37 70 41 31 94 50 99 88 85 63 46 92 26 
68 43 46 94 29 20 67 86 4 23 46 86 68 65 78 23 
99 97 65 92 16 24 81 22 98 61 9 65 55 17 36 89 
5 72 53 21 18 90 19 15 73 37 40 16 70 19 65 98 
63 6 59 7 9 24 68 40 47 41 11 17 7 91 62 100 
92 8 90 94 75 41 88 74 9 20 19 60 47 88 96 39 
0.0 1.0 1.0 1.0 1.0 1.0 1.0 1.0 1.0 1.0 1.0 1.0 1.0 1.0 1.0 1.0 
1.0 0.0 1.0 1.0 1.0 1.0 1.0 1.0 1.0 1.0 1.0 1.0 1.0 1.0 1.0 1.0 
1.0 1.0 0.0 1.0 1.0 1.0 1.0 1.0 1.0 1.0 1.0 1.0 1.0 1.0 1.0 1.0 
1.0 1.0 1.0 0.0 1.0 1.0 1.0 1.0 1.0 1.0 1.0 1.0 1.0 1.0 1.0 1.0 
1.0 1.0 1.0 1.0 0.0 1.0 1.0 1.0 1.0 1.0 1.0 1.0 1.0 1.0 1.0 1.0 
1.0 1.0 1.0 1.0 1.0 0.0 1.0 1.0 1.0 1.0 1.0 1.0 1.0 1.0 1.0 1.0 
1.0 1.0 1.0 1.0 1.0 1.0 0.0 1.0 1.0 1.0 1.0 1.0 1.0 1.0 1.0 1.0 
1.0 1.0 1.0 1.0 1.0 1.0 1.0 0.0 1.0 1.0 1.0 1.0 1.0 1.0 1.0 1.0 
1.0 1.0 1.0 1.0 1.0 1.0 1.0 1.0 0.0 1.0 1.0 1.0 1.0 1.0 1.0 1.0 
1.0 1.0 1.0 1.0 1.0 1.0 1.0 1.0 1.0 0.0 1.0 1.0 1.0 1.0 1.0 1.0 
1.0 1.0 1.0 1.0 1.0 1.0 1.0 1.0 1.0 1.0 0.0 1.0 1.0 1.0 1.0 1.0 
1.0 1.0 1.0 1.0 1.0 1.0 1.0 1.0 1.0 1.0 1.0 0.0 1.0 1.0 1.0 1.0 
1.0 1.0 1.0 1.0 1.0 1.0 1.0 1.0 1.0 1.0 1.0 1.0 0.0 1.0 1.0 1.0 
1.0 1.0 1.0 1.0 1.0 1.0 1.0 1.0 1.0 1.0 1.0 1.0 1.0 0.0 1.0 1.0 
1.0 1.0 1.0 1.0 1.0 1.0 1.0 1.0 1.0 1.0 1.0 1.0 1.0 1.0 0.0 1.0 
1.0 1.0 1.0 1.0 1.0 1.0 1.0 1.0 1.0 1.0 1.0 1.0 1.0 1.0 1.0 0.0 