64 0.0 64.0 400 12574
32 48 73 8 7 69 8 39 58 69 65 81 36 83 39 85 80 29 93 89 23 42 12 95 8 100 42 82 83 65 48 57 59 78 63 34 46 24 20 22 64 9 30 65 94 43 72 63 76 3 60 35 10 14 5 43 45 78 29 54 35 15 49 43 
87 31 93 2 77 79 90 95 6 55 61 29 9 23 76 1 32 80 27 34 60 97 78 77 95 14 39 98 13 70 19 52 44 90 11 39 74 8 60 91 27 53 55 29 37 85 64 31 2 94 2 24 47 86 91 74 94 35 97 7 39 76 37 23 
4 11 65 42 5 32 26 31 46 61 51 73 67 88 98 27 61 97 10 89 85 61 36 36 46 68 100 99 60 49 69 12 17 98 31 12 91 39 82 88 18 99 67 86 29 2 27 96 95 47 46 62 84 82 66 40 94 17 87 25 45 83 46 92 
95 32 38 53 16 63 93 15 26 56 73 7 41 26 89 2 13 91 39 61 69 78 93 55 14 10 6 8 95 14 81 82 95 10 80 74 80 17 16 62 43 65 45 33 4 66 80 88 6 30 25 18 88 20 48 35 22 44 62 64 13 59 95 48 
15 4 63 66 60 60 95 60 50 75 90 15 62 54 19 96 1 29 76 50 9 52 35 81 20 14 38 36 97 19 19 75 89 88 99 5 15 52 24 87 25 31 54 84 13 2 38 33 15 71 90 17 99 22 23 60 9 56 87 52 56 54 62 100 
87 41 96 46 4 15 45 98 9 14 93 92 82 61 25 3 8 44 59 80 34 39 56 77 65 72 67 54 76 26 95 43 78 82 73 37 34 63 77 70 65 27 97 59 41 86 82 60 20 97 8 80 30 42 84 60 93 12 27 88 87 47 82 96 
90 28 66 87 88 96 89 52 63 55 40 100 88 44 60 21 56 94 99 62 49 77 20 100 79 95 62 92 19 90 97 91 32 82 19 5 31 73 26 57 57 22 5 77 27 17 59 59 34 58 55 7 78 10 44 39 95 38 32 80 61 25 11 100 
18 16 65 20 16 75 75 95 94 74 7 49 23 60 28 16 2 30 70 96 35 19 45 33 1 45 36 34 65 33 13 4 20 30 5 11 44 91 1 54 46 51 84 72 83 100 72 27 16 26 8 28 13 42 83 38 94 27 59 26 92 73 56 42 
94 71 85 18 4 98 56 30 93 80 18 12 74 50 29 91 68 51 95 84 51 9 9 79 54 76 68 65 37 51 50 31 67 38 82 71 76 5 36 58 87 24 19 89 85 51 21 49 12 98 47 1 97 23 70 93 33 8 55 24 30 69 11 30 
32 60 1 89 42 71 82 79 36 85 81 3 24 2 75 37 91 32 74 44 100 33 84 37 40 21 79 43 98 44 20 9 23 34 77 70 92 34 63 51 57 77 46 96 91 46 62 6 20 1 42 24 85 58 38 58 72 78 94 27 16 62 95 36 
93 8 45 31 29 48 100 84 15 40 76 96 67 63 32 45 42 54 76 54 1 35 35 1 6 49 74 4 30 14 91 66 34 41 81 27 54 24 73 77 29 35 30 79 54 1 8 73 43 86 64 41 7 30 71 25 68 49 74 35 51 38 86 36 
5 52 22 35 90 27 18 36 44 48 48 84 23 57 14 1 87 59 21 2 88 49 60 45 21 63 94 76 47 39 78 86 84 80 32 51 88 36 18 34 5 7 88 14 61 92 94 14 68 32 11 93 74 74 20 100 82 34 64 5 13 63 77 4 
65 94 74 13 17 97 91 15 67 94 73 84 45 46 57 1 19 6 81 30 95 93 51 61 43 65 23 60 4 98 71 40 11 66 90 27 7 51 63 5 1 18 85 86 65 69 37 27 65 72 58 44 13 33 75 17 63 35 54 61 5 5 29 19 
79 39 6 53 23 100 29 7 66 2 74 92 23 43 97 24 72 51 42 79 82 97 46 64 100 86 78 18 92 14 55 38 27 15 77 67 55 65 5 96 49 41 77 26 56 91 5 48 79 90 65 90 22 90 51 26 26 15 52 27 73 9 93 8 
3 1 21 68 26 26 95 67 31 39 10 75 37 52 63 31 5 81 69 29 81 95 14 26 53 67 90 53 7 35 45 25 41 57 86 76 90 57 87 53 73 73 25 21 88 82 11 48 40 68 95 61 86 21 64 4 36 8 10 69 31 93 62 50 
83 14 86 64 69 14 78 50 97 16 84 36 82 24 78 70 21 6 61 53 3 91 83 100 66 52 69 47 78 83 33 22 33 2 87 97 54 23 62 84 57 99 18 8 96 64 48 88 5 98 41 1 9 95 13 63 94 11 35 20 60 39 15 65 
48 93 36 84 55 9 29 98 18 99 42 72 31 80 47 41 61 62 36 8 45 49 49 61 23 54 73 41 89 3 91 59 28 38 66 77 91 96 45 12 58 86 11 16 26 23 6 20 57 32 61 73 46 5 23 54 69 69 40 64 66 98 25 74 
98 16 3 81 78 43 95 19 49 6 100 82 41 53 88 87 24 8 14 80 43 94 89 70 4 15 35 2 52 52 6 6 15 99 27 24 14 39 71 53 28 38 21 18 35 11 93 63 39 44 42 75 40 91 49 99 80 79 21 73 57 41 4 70 
74 74 25 25 3 65 27 65 47 92 53 9 70 88 19 17 33 85 11 13 31 81 90 64 22 48 49 4 85 58 69 4 42 57 17 41 91 64 96 93 30 6 60 89 81 41 2 19 86 95 96 41 64 48 43 47 83 35 66 28 17 28 21 28 
63 65 55 63 32 40 30 99 66 85 42 56 11 6 48 5 27 46 61 82 93 25 29 43 7 96 21 74 20 91 50 99 33 39 67 81 82 20 39 8 19 26 53 89 61 39 12 19 13 53 70 74 34 65 63 77 83 3 75 86 21 92 100 66 
83 4 14 66 38 51 31 39 33 68 57 56 61 48 55 93 10 53 44 43 73 98 34 93 94 46 68 27 41 4 43 53 27 63 69 70 66 29 28 13 49 78 89 36 34 20 29 56 62 77 17 60 84 48 75 32 24 50 39 10 36 68 13 82 
50 87 54 85 65 49 56 27 15 88 48 99 20 58 33 12 33 4 17 43 45 90 85 74 81 6 70 89 71 66 70 12 34 40 87 91 72 82 96 74 86 63 84 85 72 14 15 58 18 29 11 24 32 7 38 27 89 51 37 34 66 29 20 13 
81 75 52 1 4 43 10 89 84 21 66 39 94 77 3 71 99 95 3 94 66 45 64 95 21 47 7 86 65 32 30 86 47 49 25 18 13 64 51 68 78 52 95 16 39 73 24 61 73 80 44 44 55 57 65 96 4 80 31 77 53 44 100 59 
57 59 45 70 77 13 49 14 26 30 72 85 24 99 29 84 74 72 55 80 54 97 89 86 15 17 26 84 97 71 65 50 9 84 70 82 23 85 37 70 28 83 36 60 72 73 6 42 55 84 40 17 86 35 77 79 50 2 88 99 98 87 31 11 
7 13 61 66 22 67 39 19 58 98 37 64 12 82 92 3 2 42 62 27 33 52 91 41 45 24 14 1 3 38 66 39 17 91 82 15 56 98 48 26 20 6 20 19 1 62 93 6 62 21 64 36 10 74 2 19 52 92 8 64 64 97 56 69 
89 94 54 86 68 28 7 25 35 2 41 98 11 26 27 89 31 84 20 43 90 24 8 35 32 76 85 5 27 9 98 63 95 98 11 56 65 20 30 90 3 58 10 3 58 38 48 53 61 55 6 78 61 6 53 33 46 81 11 59 93 24 68 56 
5 77 63 79 94 32 55 80 38 79 49 1 18 12 9 37 37 54 65 66 2 92 14 65 35 74 24 39 3 52 25 22 62 30 45 42 46 72 41 71 49 23 2 42 51 94 69 92 15 81 77 86 71 70 69 92 31 22 83 35 51 38 21 98 
1 51 27 45 6 29 3 19 28 52 68 71 34 14 16 48 19 7 23 79 36 24 43 70 79 28 43 78 75 72 80 46 25 37 100 99 7 56 92 85 31 63 69 59 68 75 72 8 64 87 73 1 71 52 79 27 15 98 83 57 83 91 80 32 
56 80 65 67 24 51 73 22 7 56 65 86 32 73 95 75 99 54 36 86 41 91 65 97 12 14 97 42 9 53 85 49 13 65 6 82 62 31 96 46 45 58 94 6 5 7 57 6 25 33 28 63 61 3 88 28 30 99 48 82 52 99 71 15 
29 17 27 89 19 69 8 40 85 90 11 87 83 83 66 96 67 12 99 94 57 15 71 73 10 50 75 77 6 10 56 31 57 76 80 100 77 25 96 21 42 27 23 42 19 100 94 81 30 68 52 97 2 99 59 54 74 3 28 64 41 70 55 12 
26 25 40 29 56 47 22 30 7 67 84 51 82 54 21 64 76 82 56 77 28 19 84 74 15 2 73 54 19 83 39 69 83 54 27 66 81 68 21 90 11 11 22 67 53 32 92 75 61 68 66 19 52 55 40 76 67 59 93 72 84 82 39 82 
55 50 60 21 13 68 82 23 32 72 84 39 28 55 4 59 5 77 3 12 39 71 92 31 53 13 47 1 39 97 67 37 10 17 1 30 81 95 46 1 95 32 84 86 56 98 53 46 23 52 14 21 94 2 53 58 82 87 100 41 86 76 62 11 
19 43 57 100 100 50 54 58 71 100 95 15 45 41 16 73 56 22 95 57 60 7 47 4 100 11 37 100 50 56 50 35 30 18 50 16 60 39 71 98 30 62 24 43 28 56 66 52 34 56 83 96 4 80 10 28 36 53 77 47 96 71 47 77 
73 54 68 85 81 79 63 77 7 19 8 44 61 44 56 16 35 6 3 72 31 60 6 79 82 74 71 61 85 25 80 83 9 36 93 68 38 81 7 50 39 86 96 19 42 88 1 38 32 94 76 59 100 69 66 3 99 83 51 75 60 11 62 81 
40 41 38 36 10 93 31 57 99 28 56 14 60 24 17 49 89 87 72 6 82 78 57 84 4 91 48 50 36 85 36 77 52 36 98 50 29 16 57 96 38 94 18 13 13 21 63 50 23 77 63 87 14 41 92 26 81 17 83 86 99 16 85 33 
13 72 56 95 100 87 90 55 34 96 48 17 72 36 58 39 30 14 24 33 46 58 92 65 17 59 2 37 7 12 26 4 54 3 30 3 5 47 39 18 68 9 12 79 48 23 97 60 14 34 87 49 19 54 83 60 59 62 63 54 12 88 93 5 
94 40 45 15 25 15 7 100 97 44 36 5 69 99 22 18 11 73 32 71 70 72 84 19 51 21 89 65 58 33 26 10 45 71 5 5 37 21 75 7 54 11 5 74 59 10 33 62 32 30 50 58 75 16 3 16 30 24 95 74 11 9 50 63 
72 26 40 34 29 50 74 37 51 38 67 17 63 61 32 40 17 67 56 2 14 70 67 47 38 100 86 72 89 92 78 99 83 20 35 44 67 49 88 15 71 24 28 48 68 65 63 5 38 26 73 87 35 65 59 47 20 43 31 1 93 15 51 58 
80 26 60 78 24 23 28 30 19 99 26 16 37 2 15 1 74 44 71 98 68 98 60 1 91 57 42 12 11 87 35 78 5 89 4 92 87 69 72 97 29 95 83 31 37 91 60 57 27 33 27 47 43 38 36 58 32 19 74 28 23 42 70 63 
67 84 44 63 88 79 22 91 63 81 64 3 75 11 43 99 21 91 45 49 56 77 7 98 79 55 72 88 71 6 15 24 56 62 100 62 56 41 94 70 23 41 41 8 88 49 49 27 16 16 86 20 90 87 84 80 82 93 70 23 99 37 42 95 
89 59 88 99 42 33 18 6 38 14 61 22 15 19 59 68 11 21 80 39 81 97 65 71 69 40 52 25 34 27 82 100 50 72 21 48 87 42 84 100 3 82 21 14 19 50 35 66 16 46 70 10 34 88 18 2 17 14 11 34 36 46 55 42 
30 78 74 28 7 51 44 34 35 73 65 49 98 37 84 36 7 8 87 94 87 25 93 66 93 11 21 81 98 35 50 73 11 88 60 83 61 34 70 1 39 40 87 87 74 75 62 49 75 54 1 38 80 37 45 42 16 46 27 97 87 75 68 4 
36 21 94 74 9 36 49 1 34 96 7 82 100 38 51 98 70 42 53 11 83 73 50 8 36 39 87 70 8 80 61 29 7 74 49 75 6 92 54 92 57 39 56 40 19 6 84 5 66 56 48 36 74 71 68 85 67 40 61 26 100 47 72 100 
62 99 2 5 71 77 30 75 9 43 78 66 29 24 50 37 91 93 97 84 96 26 69 26 48 62 40 80 73 72 88 36 43 74 28 8 1 5 41 84 7 56 18 84 86 84 82 57 20 77 100 44 83 38 19 45 80 77 54 72 98 62 15 3 
2 24 62 56 48 66 36 18 36 74 78 55 2 3 30 7 4 94 58 17 53 88 48 93 81 40 97 2 38 70 75 81 37 93 1 96 20 91 52 90 48 4 96 51 41 41 78 76 80 91 53 22 57 35 54 19 59 98 45 42 92 98 100 87 
10 19 10 76 42 85 56 45 22 60 74 15 93 60 49 82 15 54 74 24 92 51 96 25 70 41 39 99 21 67 87 94 42 72 79 11 84 48 97 62 8 26 14 100 25 39 66 60 55 84 56 75 31 85 94 29 20 34 25 19 9 36 11 49 
53 78 10 60 2 22 83 74 20 2 55 10 55 10 6 29 34 46 83 41 78 49 52 51 75 96 91 38 99 73 23 8 52 57 34 75 93 54 77 69 98 63 53 44 29 26 99 57 90 48 28 52 62 71 73 6 100 87 44 23 15 58 19 42 
79 82 90 84 49 3 18 33 40 86 97 59 58 98 25 70 99 98 21 76 96 98 61 89 89 3 62 39 28 74 49 21 27 8 100 49 15 62 58 83 24 42 10 2 81 78 30 90 65 72 81 46 98 23 30 68 84 78 19 80 98 69 98 71 
97 70 60 8 64 29 78 70 34 25 59 60 7 22 9 42 17 64 17 26 7 44 73 38 40 60 34 55 45 99 44 45 74 64 53 78 95 27 38 76 49 22 87 86 22 80 81 16 88 75 13 73 43 23 71 20 65 48 6 8 1 95 60 54 
36 21 35 13 22 8 68 93 91 59 75 13 50 99 29 8 51 33 77 74 27 28 100 6 86 10 84 44 95 9 4 49 33 53 32 40 13 26 56 39 84 37 16 19 72 98 5 7 75 17 16 44 68 47 96 61 70 25 30 49 76 95 88 63 
46 39 56 99 59 60 33 81 42 32 9 26 53 65 59 20 63 100 87 57 20 53 66 93 21 27 90 93 30 14 97 52 66 90 53 3 89 57 47 97 55 88 84 95 51 29 84 76 29 26 68 2 82 14 97 10 82 82 67 71 32 45 11 40 
13 59 41 72 73 70 85 48 55 74 24 14 46 57 8 82 90 87 95 75 14 100 26 20 83 10 51 80 59 42 7 58 69 93 64 46 80 84 67 13 26 14 55 37 48 7 78 60 28 2 26 34 64 84 88 49 29 79 21 43 50 25 74 53 
49 47 75 34 10 80 13 53 7 32 40 84 27 11 9 35 92 51 78 73 96 70 59 19 19 64 84 22 87 52 74 88 35 69 82 58 74 66 21 68 64 38 68 54 56 100 36 34 6 1 84 24 19 85 21 7 67 38 38 19 79 59 53 88 
3 7 74 18 49 69 31 23 5 49 87 15 84 27 1 47 95 66 27 89 100 74 14 58 84 58 69 68 50 65 80 97 11 54 21 57 17 20 46 57 39 52 38 56 27 49 70 62 53 30 95 10 78 22 88 2 43 1 78 21 58 96 90 45 
47 25 9 73 87 76 57 3 83 72 18 43 49 83 44 98 92 73 19 87 95 8 42 55 11 94 36 78 43 11 86 56 46 28 90 44 32 26 79 8 35 24 41 69 47 63 71 75 76 74 59 68 57 61 61 98 23 89 74 51 29 61 59 47 
41 28 1 41 67 74 66 58 8 2 40 72 50 76 29 99 57 59 63 98 32 47 93 5 49 57 2 34 76 19 22 43 40 17 6 47 7 44 93 6 4 9 32 38 64 22 44 33 76 49 99 44 16 78 56 42 38 68 71 61 6 68 73 35 
79 23 88 94 91 40 84 71 68 64 38 94 64 89 32 68 79 2 53 23 25 99 14 61 33 96 57 68 60 25 62 91 51 9 7 18 49 51 29 54 66 17 7 13 60 68 67 57 63 54 45 13 8 60 9 52 92 99 9 57 15 57 60 6 
62 56 2 40 80 21 84 86 42 67 32 30 88 91 55 8 49 86 51 35 17 56 29 54 24 69 79 94 28 73 67 83 84 10 32 26 34 5 36 27 7 51 24 42 67 81 15 94 99 94 46 48 29 86 24 43 74 35 64 16 29 46 15 94 
99 48 78 16 97 16 60 52 2 57 31 15 40 54 91 51 29 37 99 69 88 55 100 80 32 9 5 10 11 37 10 36 35 98 91 82 38 56 50 29 84 55 75 95 78 50 91 61 7 100 43 91 80 76 13 11 97 25 59 16 55 42 52 38 
98 27 23 95 85 93 53 97 31 90 46 92 60 79 71 97 100 68 62 92 71 27 43 74 34 28 97 51 94 67 60 84 34 42 42 63 49 22 72 93 52 5 55 83 10 54 66 40 38 62 58 50 46 19 11 57 74 90 70 66 16 94 2 80 
61 57 23 77 17 57 42 63 16 24 92 99 100 52 100 23 74 1 38 88 80 82 55 48 75 50 99 61 48 28 97 13 20 69 56 45 38 43 93 84 15 66 98 34 35 19 91 4 26 23 25 84 78 17 40 70 38 45 19 82 1 21 93 53 
51 32 43 1 42 92 11 53 13 42 30 10 91 45 76 61 22 4 31 45 6 81 66 13 45 25 68 72 71 29 39 75 92 17 58 66 17 45 53 40 53 69 98 43 71 76 33 53 79 83 4 61 56 96 40 89 74 97 55 53 83 63 4 98 
47 58 54 91 39 53 62 97 73 18 56 12 50 38 41 79 41 94 31 12 98 91 37 10 74 67 95 81 68 11 69 4 43 77 28 28 30 14 78 50 55 13 36 29 54 75 61 70 98 62 78 12 21 77 67 26 66 11 88 70 85 80 1 49 
85 2 28 54 83 29 29 22 79 6 45 53 12 87 23 74 54 27 55 2 19 71 15 3 75 86 91 21 11 42 74 86 19 55 41 89 47 24 37 11 98 25 68 42 41 47 51 6 46 65 49 87 13 88 42 5 65 11 37 64 31 98 14 95 
0.0 1.0 1.0 1.0 1.0 1.0 1.0 1.0 1.0 1.0 1.0 1.0 1.0 1.0 1.0 1.0 1.0 1.0 1.0 1.0 1.0 1.0 1.0 1.0 1.0 1.0 1.0 1.0 1.0 1.0 1.0 1.0 1.0 1.0 1.0 1.0 1.0 1.0 1.0 1.0 1.0 1.0 1.0 1.0 1.0 1.0 1.0 1.0 1.0 1.0 1.0 1.0 1.0 1.0 1.0 1.0 1.0 1.0 1.0 1.0 1.0 1.0 1.0 1.0 
1.0 0.0 1.0 1.0 1.0 1.0 1.0 1.0 1.0 1.0 1.0 1.0 1.0 1.0 1.0 1.0 1.0 1.0 1.0 1.0 1.0 1.0 1.0 1.0 1.0 1.0 1.0 1.0 1.0 1.0 1.0 1.0 1.0 1.0 1.0 1.0 1.0 1.0 1.0 1.0 1.0 1.0 1.0 1.0 1.0 1.0 1.0 1.0 1.0 1.0 1.0 1.0 1.0 1.0 1.0 1.0 1.0 1.0 1.0 1.0 1.0 1.0 1.0 1.0 
1.0 1.0 0.0 1.0 1.0 1.0 1.0 1.0 1.0 1.0 1.0 1.0 1.0 1.0 1.0 1.0 1.0 1.0 1.0 1.0 1.0 1.0 1.0 1.0 1.0 1.0 1.0 1.0 1.0 1.0 1.0 1.0 1.0 1.0 1.0 1.0 1.0 1.0 1.0 1.0 1.0 1.0 1.0 1.0 1.0 1.0 1.0 1.0 1.0 1.0 1.0 1.0 1.0 1.0 1.0 1.0 1.0 1.0 1.0 1.0 1.0 1.0 1.0 1.0 
1.0 1.0 1.0 0.0 1.0 1.0 1.0 1.0 1.0 1.0 1.0 1.0 1.0 1.0 1.0 1.0 1.0 1.0 1.0 1.0 1.0 1.0 1.0 1.0 1.0 1.0 1.0 1.0 1.0 1.0 1.0 1.0 1.0 1.0 1.0 1.0 1.0 1.0 1.0 1.0 1.0 1.0 1.0 1.0 1.0 1.0 1.0 1.0 1.0 1.0 1.0 1.0 1.0 1.0 1.0 1.0 1.0 1.0 1.0 1.0 1.0 1.0 1.0 1.0 
1.0 1.0 1.0 1.0 0.0 1.0 1.0 1.0 1.0 1.0 1.0 1.0 1.0 1.0 1.0 1.0 1.0 1.0 1.0 1.0 1.0 1.0 1.0 1.0 1.0 1.0 1.0 1.0 1.0 1.0 1.0 1.0 1.0 1.0 1.0 1.0 1.0 1.0 1.0 1.0 1.0 1.0 1.0 1.0 1.0 1.0 1.0 1.0 1.0 1.0 1.0 1.0 1.0 1.0 1.0 1.0 1.0 1.0 1.0 1.0 1.0 1.0 1.0 1.0 
1.0 1.0 1.0 1.0 1.0 0.0 1.0 1.0 1.0 1.0 1.0 1.0 1.0 1.0 1.0 1.0 1.0 1.0 1.0 1.0 1.0 1.0 1.0 1.0 1.0 1.0 1.0 1.0 1.0 1.0 1.0 1.0 1.0 1.0 1.0 1.0 1.0 1.0 1.0 1.0 1.0 1.0 1.0 1.0 1.0 1.0 1.0 1.0 1.0 1.0 1.0 1.0 1.0 1.0 1.0 1.0 1.0 1.0 1.0 1.0 1.0 1.0 1.0 1.0 
1.0 1.0 1.0 1.0 1.0 1.0 0.0 1.0 1.0 1.0 1.0 1.0 1.0 1.0 1.0 1.0 1.0 1.0 1.0 1.0 1.0 1.0 1.0 1.0 1.0 1.0 1.0 1.0 1.0 1.0 1.0 1.0 1.0 1.0 1.0 1.0 1.0 1.0 1.0 1.0 1.0 1.0 1.0 1.0 1.0 1.0 1.0 1.0 1.0 1.0 1.0 1.0 1.0 1.0 1.0 1.0 1.0 1.0 1.0 1.0 1.0 1.0 1.0 1.0 
1.0 1.0 1.0 1.0 1.0 1.0 1.0 0.0 1.0 1.0 1.0 1.0 1.0 1.0 1.0 1.0 1.0 1.0 1.0 1.0 1.0 1.0 1.0 1.0 1.0 1.0 1.0 1.0 1.0 1.0 1.0 1.0 1.0 1.0 1.0 1.0 1.0 1.0 1.0 1.0 1.0 1.0 1.0 1.0 1.0 1.0 1.0 1.0 1.0 1.0 1.0 1.0 1.0 1.0 1.0 1.0 1.0 1.0 1.0 1.0 1.0 1.0 1.0 1.0 
1.0 1.0 1.0 1.0 1.0 1.0 1.0 1.0 0.0 1.0 1.0 1.0 1.0 1.0 1.0 1.0 1.0 1.0 1.0 1.0 1.0 1.0 1.0 1.0 1.0 1.0 1.0 1.0 1.0 1.0 1.0 1.0 1.0 1.0 1.0 1.0 1.0 1.0 1.0 1.0 1.0 1.0 1.0 1.0 1.0 1.0 1.0 1.0 1.0 1.0 1.0 1.0 1.0 1.0 1.0 1.0 1.0 1.0 1.0 1.0 1.0 1.0 1.0 1.0 
1.0 1.0 1.0 1.0 1.0 1.0 1.0 1.0 1.0 0.0 1.0 1.0 1.0 1.0 1.0 1.0 1.0 1.0 1.0 1.0 1.0 1.0 1.0 1.0 1.0 1.0 1.0 1.0 1.0 1.0 1.0 1.0 1.0 1.0 1.0 1.0 1.0 1.0 1.0 1.0 1.0 1.0 1.0 1.0 1.0 1.0 1.0 1.0 1.0 1.0 1.0 1.0 1.0 1.0 1.0 1.0 1.0 1.0 1.0 1.0 1.0 1.0 1.0 1.0 
1.0 1.0 1.0 1.0 1.0 1.0 1.0 1.0 1.0 1.0 0.0 1.0 1.0 1.0 1.0 1.0 1.0 1.0 1.0 1.0 1.0 1.0 1.0 1.0 1.0 1.0 1.0 1.0 1.0 1.0 1.0 1.0 1.0 1.0 1.0 1.0 1.0 1.0 1.0 1.0 1.0 1.0 1.0 1.0 1.0 1.0 1.0 1.0 1.0 1.0 1.0 1.0 1.0 1.0 1.0 1.0 1.0 1.0 1.0 1.0 1.0 1.0 1.0 1.0 
1.0 1.0 1.0 1.0 1.0 1.0 1.0 1.0 1.0 1.0 1.0 0.0 1.0 1.0 1.0 1.0 1.0 1.0 1.0 1.0 1.0 1.0 1.0 1.0 1.0 1.0 1.0 1.0 1.0 1.0 1.0 1.0 1.0 1.0 1.0 1.0 1.0 1.0 1.0 1.0 1.0 1.0 1.0 1.0 1.0 1.0 1.0 1.0 1.0 1.0 1.0 1.0 1.0 1.0 1.0 1.0 1.0 1.0 1.0 1.0 1.0 1.0 1.0 1.0 
1.0 1.0 1.0 1.0 1.0 1.0 1.0 1.0 1.0 1.0 1.0 1.0 0.0 1.0 1.0 1.0 1.0 1.0 1.0 1.0 1.0 1.0 1.0 1.0 1.0 1.0 1.0 1.0 1.0 1.0 1.0 1.0 1.0 1.0 1.0 1.0 1.0 1.0 1.0 1.0 1.0 1.0 1.0 1.0 1.0 1.0 1.0 1.0 1.0 1.0 1.0 1.0 1.0 1.0 1.0 1.0 1.0 1.0 1.0 1.0 1.0 1.0 1.0 1.0 
1.0 1.0 1.0 1.0 1.0 1.0 1.0 1.0 1.0 1.0 1.0 1.0 1.0 0.0 1.0 1.0 1.0 1.0 1.0 1.0 1.0 1.0 1.0 1.0 1.0 1.0 1.0 1.0 1.0 1.0 1.0 1.0 1.0 1.0 1.0 1.0 1.0 1.0 1.0 1.0 1.0 1.0 1.0 1.0 1.0 1.0 1.0 1.0 1.0 1.0 1.0 1.0 1.0 1.0 1.0 1.0 1.0 1.0 1.0 1.0 1.0 1.0 1.0 1.0 
1.0 1.0 1.0 1.0 1.0 1.0 1.0 1.0 1.0 1.0 1.0 1.0 1.0 1.0 0.0 1.0 1.0 1.0 1.0 1.0 1.0 1.0 1.0 1.0 1.0 1.0 1.0 1.0 1.0 1.0 1.0 1.0 1.0 1.0 1.0 1.0 1.0 1.0 1.0 1.0 1.0 1.0 1.0 1.0 1.0 1.0 1.0 1.0 1.0 1.0 1.0 1.0 1.0 1.0 1.0 1.0 1.0 1.0 1.0 1.0 1.0 1.0 1.0 1.0 
1.0 1.0 1.0 1.0 1.0 1.0 1.0 1.0 1.0 1.0 1.0 1.0 1.0 1.0 1.0 0.0 1.0 1.0 1.0 1.0 1.0 1.0 1.0 1.0 1.0 1.0 1.0 1.0 1.0 1.0 1.0 1.0 1.0 1.0 1.0 1.0 1.0 1.0 1.0 1.0 1.0 1.0 1.0 1.0 1.0 1.0 1.0 1.0 1.0 1.0 1.0 1.0 1.0 1.0 1.0 1.0 1.0 1.0 1.0 1.0 1.0 1.0 1.0 1.0 
1.0 1.0 1.0 1.0 1.0 1.0 1.0 1.0 1.0 1.0 1.0 1.0 1.0 1.0 1.0 1.0 0.0 1.0 1.0 1.0 1.0 1.0 1.0 1.0 1.0 1.0 1.0 1.0 1.0 1.0 1.0 1.0 1.0 1.0 1.0 1.0 1.0 1.0 1.0 1.0 1.0 1.0 1.0 1.0 1.0 1.0 1.0 1.0 1.0 1.0 1.0 1.0 1.0 1.0 1.0 1.0 1.0 1.0 1.0 1.0 1.0 1.0 1.0 1.0 
1.0 1.0 1.0 1.0 1.0 1.0 1.0 1.0 1.0 1.0 1.0 1.0 1.0 1.0 1.0 1.0 1.0 0.0 1.0 1.0 1.0 1.0 1.0 1.0 1.0 1.0 1.0 1.0 1.0 1.0 1.0 1.0 1.0 1.0 1.0 1.0 1.0 1.0 1.0 1.0 1.0 1.0 1.0 1.0 1.0 1.0 1.0 1.0 1.0 1.0 1.0 1.0 1.0 1.0 1.0 1.0 1.0 1.0 1.0 1.0 1.0 1.0 1.0 1.0 
1.0 1.0 1.0 1.0 1.0 1.0 1.0 1.0 1.0 1.0 1.0 1.0 1.0 1.0 1.0 1.0 1.0 1.0 0.0 1.0 1.0 1.0 1.0 1.0 1.0 1.0 1.0 1.0 1.0 1.0 1.0 1.0 1.0 1.0 1.0 1.0 1.0 1.0 1.0 1.0 1.0 1.0 1.0 1.0 1.0 1.0 1.0 1.0 1.0 1.0 1.0 1.0 1.0 1.0 1.0 1.0 1.0 1.0 1.0 1.0 1.0 1.0 1.0 1.0 
1.0 1.0 1.0 1.0 1.0 1.0 1.0 1.0 1.0 1.0 1.0 1.0 1.0 1.0 1.0 1.0 1.0 1.0 1.0 0.0 1.0 1.0 1.0 1.0 1.0 1.0 1.0 1.0 1.0 1.0 1.0 1.0 1.0 1.0 1.0 1.0 1.0 1.0 1.0 1.0 1.0 1.0 1.0 1.0 1.0 1.0 1.0 1.0 1.0 1.0 1.0 1.0 1.0 1.0 1.0 1.0 1.0 1.0 1.0 1.0 1.0 1.0 1.0 1.0 
1.0 1.0 1.0 1.0 1.0 1.0 1.0 1.0 1.0 1.0 1.0 1.0 1.0 1.0 1.0 1.0 1.0 1.0 1.0 1.0 0.0 1.0 1.0 1.0 1.0 1.0 1.0 1.0 1.0 1.0 1.0 1.0 1.0 1.0 1.0 1.0 1.0 1.0 1.0 1.0 1.0 1.0 1.0 1.0 1.0 1.0 1.0 1.0 1.0 1.0 1.0 1.0 1.0 1.0 1.0 1.0 1.0 1.0 1.0 1.0 1.0 1.0 1.0 1.0 
1.0 1.0 1.0 1.0 1.0 1.0 1.0 1.0 1.0 1.0 1.0 1.0 1.0 1.0 1.0 1.0 1.0 1.0 1.0 1.0 1.0 0.0 1.0 1.0 1.0 1.0 1.0 1.0 1.0 1.0 1.0 1.0 1.0 1.0 1.0 1.0 1.0 1.0 1.0 1.0 1.0 1.0 1.0 1.0 1.0 1.0 1.0 1.0 1.0 1.0 1.0 1.0 1.0 1.0 1.0 1.0 1.0 1.0 1.0 1.0 1.0 1.0 1.0 1.0 
1.0 1.0 1.0 1.0 1.0 1.0 1.0 1.0 1.0 1.0 1.0 1.0 1.0 1.0 1.0 1.0 1.0 1.0 1.0 1.0 1.0 1.0 0.0 1.0 1.0 1.0 1.0 1.0 1.0 1.0 1.0 1.0 1.0 1.0 1.0 1.0 1.0 1.0 1.0 1.0 1.0 1.0 1.0 1.0 1.0 1.0 1.0 1.0 1.0 1.0 1.0 1.0 1.0 1.0 1.0 1.0 1.0 1.0 1.0 1.0 1.0 1.0 1.0 1.0 
1.0 1.0 1.0 1.0 1.0 1.0 1.0 1.0 1.0 1.0 1.0 1.0 1.0 1.0 1.0 1.0 1.0 1.0 1.0 1.0 1.0 1.0 1.0 0.0 1.0 1.0 1.0 1.0 1.0 1.0 1.0 1.0 1.0 1.0 1.0 1.0 1.0 1.0 1.0 1.0 1.0 1.0 1.0 1.0 1.0 1.0 1.0 1.0 1.0 1.0 1.0 1.0 1.0 1.0 1.0 1.0 1.0 1.0 1.0 1.0 1.0 1.0 1.0 1.0 
1.0 1.0 1.0 1.0 1.0 1.0 1.0 1.0 1.0 1.0 1.0 1.0 1.0 1.0 1.0 1.0 1.0 1.0 1.0 1.0 1.0 1.0 1.0 1.0 0.0 1.0 1.0 1.0 1.0 1.0 1.0 1.0 1.0 1.0 1.0 1.0 1.0 1.0 1.0 1.0 1.0 1.0 1.0 1.0 1.0 1.0 1.0 1.0 1.0 1.0 1.0 1.0 1.0 1.0 1.0 1.0 1.0 1.0 1.0 1.0 1.0 1.0 1.0 1.0 
1.0 1.0 1.0 1.0 1.0 1.0 1.0 1.0 1.0 1.0 1.0 1.0 1.0 1.0 1.0 1.0 1.0 1.0 1.0 1.0 1.0 1.0 1.0 1.0 1.0 0.0 1.0 1.0 1.0 1.0 1.0 1.0 1.0 1.0 1.0 1.0 1.0 1.0 1.0 1.0 1.0 1.0 1.0 1.0 1.0 1.0 1.0 1.0 1.0 1.0 1.0 1.0 1.0 1.0 1.0 1.0 1.0 1.0 1.0 1.0 1.0 1.0 1.0 1.0 
1.0 1.0 1.0 1.0 1.0 1.0 1.0 1.0 1.0 1.0 1.0 1.0 1.0 1.0 1.0 1.0 1.0 1.0 1.0 1.0 1.0 1.0 1.0 1.0 1.0 1.0 0.0 1.0 1.0 1.0 1.0 1.0 1.0 1.0 1.0 1.0 1.0 1.0 1.0 1.0 1.0 1.0 1.0 1.0 1.0 1.0 1.0 1.0 1.0 1.0 1.0 1.0 1.0 1.0 1.0 1.0 1.0 1.0 1.0 1.0 1.0 1.0 1.0 1.0 
1.0 1.0 1.0 1.0 1.0 1.0 1.0 1.0 1.0 1.0 1.0 1.0 1.0 1.0 1.0 1.0 1.0 1.0 1.0 1.0 1.0 1.0 1.0 1.0 1.0 1.0 1.0 0.0 1.0 1.0 1.0 1.0 1.0 1.0 1.0 1.0 1.0 1.0 1.0 1.0 1.0 1.0 1.0 1.0 1.0 1.0 1.0 1.0 1.0 1.0 1.0 1.0 1.0 1.0 1.0 1.0 1.0 1.0 1.0 1.0 1.0 1.0 1.0 1.0 
1.0 1.0 1.0 1.0 1.0 1.0 1.0 1.0 1.0 1.0 1.0 1.0 1.0 1.0 1.0 1.0 1.0 1.0 1.0 1.0 1.0 1.0 1.0 1.0 1.0 1.0 1.0 1.0 0.0 1.0 1.0 1.0 1.0 1.0 1.0 1.0 1.0 1.0 1.0 1.0 1.0 1.0 1.0 1.0 1.0 1.0 1.0 1.0 1.0 1.0 1.0 1.0 1.0 1.0 1.0 1.0 1.0 1.0 1.0 1.0 1.0 1.0 1.0 1.0 
1.0 1.0 1.0 1.0 1.0 1.0 1.0 1.0 1.0 1.0 1.0 1.0 1.0 1.0 1.0 1.0 1.0 1.0 1.0 1.0 1.0 1.0 1.0 1.0 1.0 1.0 1.0 1.0 1.0 0.0 1.0 1.0 1.0 1.0 1.0 1.0 1.0 1.0 1.0 1.0 1.0 1.0 1.0 1.0 1.0 1.0 1.0 1.0 1.0 1.0 1.0 1.0 1.0 1.0 1.0 1.0 1.0 1.0 1.0 1.0 1.0 1.0 1.0 1.0 
1.0 1.0 1.0 1.0 1.0 1.0 1.0 1.0 1.0 1.0 1.0 1.0 1.0 1.0 1.0 1.0 1.0 1.0 1.0 1.0 1.0 1.0 1.0 1.0 1.0 1.0 1.0 1.0 1.0 1.0 0.0 1.0 1.0 1.0 1.0 1.0 1.0 1.0 1.0 1.0 1.0 1.0 1.0 1.0 1.0 1.0 1.0 1.0 1.0 1.0 1.0 1.0 1.0 1.0 1.0 1.0 1.0 1.0 1.0 1.0 1.0 1.0 1.0 1.0 
1.0 1.0 1.0 1.0 1.0 1.0 1.0 1.0 1.0 1.0 1.0 1.0 1.0 1.0 1.0 1.0 1.0 1.0 1.0 1.0 1.0 1.0 1.0 1.0 1.0 1.0 1.0 1.0 1.0 1.0 1.0 0.0 1.0 1.0 1.0 1.0 1.0 1.0 1.0 1.0 1.0 1.0 1.0 1.0 1.0 1.0 1.0 1.0 1.0 1.0 1.0 1.0 1.0 1.0 1.0 1.0 1.0 1.0 1.0 1.0 1.0 1.0 1.0 1.0 
1.0 1.0 1.0 1.0 1.0 1.0 1.0 1.0 1.0 1.0 1.0 1.0 1.0 1.0 1.0 1.0 1.0 1.0 1.0 1.0 1.0 1.0 1.0 1.0 1.0 1.0 1.0 1.0 1.0 1.0 1.0 1.0 0.0 1.0 1.0 1.0 1.0 1.0 1.0 1.0 1.0 1.0 1.0 1.0 1.0 1.0 1.0 1.0 1.0 1.0 1.0 1.0 1.0 1.0 1.0 1.0 1.0 1.0 1.0 1.0 1.0 1.0 1.0 1.0 
1.0 1.0 1.0 1.0 1.0 1.0 1.0 1.0 1.0 1.0 1.0 1.0 1.0 1.0 1.0 1.0 1.0 1.0 1.0 1.0 1.0 1.0 1.0 1.0 1.0 1.0 1.0 1.0 1.0 1.0 1.0 1.0 1.0 0.0 1.0 1.0 1.0 1.0 1.0 1.0 1.0 1.0 1.0 1.0 1.0 1.0 1.0 1.0 1.0 1.0 1.0 1.0 1.0 1.0 1.0 1.0 1.0 1.0 1.0 1.0 1.0 1.0 1.0 1.0 
1.0 1.0 1.0 1.0 1.0 1.0 1.0 1.0 1.0 1.0 1.0 1.0 1.0 1.0 1.0 1.0 1.0 1.0 1.0 1.0 1.0 1.0 1.0 1.0 1.0 1.0 1.0 1.0 1.0 1.0 1.0 1.0 1.0 1.0 0.0 1.0 1.0 1.0 1.0 1.0 1.0 1.0 1.0 1.0 1.0 1.0 1.0 1.0 1.0 1.0 1.0 1.0 1.0 1.0 1.0 1.0 1.0 1.0 1.0 1.0 1.0 1.0 1.0 1.0 
1.0 1.0 1.0 1.0 1.0 1.0 1.0 1.0 1.0 1.0 1.0 1.0 1.0 1.0 1.0 1.0 1.0 1.0 1.0 1.0 1.0 1.0 1.0 1.0 1.0 1.0 1.0 1.0 1.0 1.0 1.0 1.0 1.0 1.0 1.0 0.0 1.0 1.0 1.0 1.0 1.0 1.0 1.0 1.0 1.0 1.0 1.0 1.0 1.0 1.0 1.0 1.0 1.0 1.0 1.0 1.0 1.0 1.0 1.0 1.0 1.0 1.0 1.0 1.0 
1.0 1.0 1.0 1.0 1.0 1.0 1.0 1.0 1.0 1.0 1.0 1.0 1.0 1.0 1.0 1.0 1.0 1.0 1.0 1.0 1.0 1.0 1.0 1.0 1.0 1.0 1.0 1.0 1.0 1.0 1.0 1.0 1.0 1.0 1.0 1.0 0.0 1.0 1.0 1.0 1.0 1.0 1.0 1.0 1.0 1.0 1.0 1.0 1.0 1.0 1.0 1.0 1.0 1.0 1.0 1.0 1.0 1.0 1.0 1.0 1.0 1.0 1.0 1.0 
1.0 1.0 1.0 1.0 1.0 1.0 1.0 1.0 1.0 1.0 1.0 1.0 1.0 1.0 1.0 1.0 1.0 1.0 1.0 1.0 1.0 1.0 1.0 1.0 1.0 1.0 1.0 1.0 1.0 1.0 1.0 1.0 1.0 1.0 1.0 1.0 1.0 0.0 1.0 1.0 1.0 1.0 1.0 1.0 1.0 1.0 1.0 1.0 1.0 1.0 1.0 1.0 1.0 1.0 1.0 1.0 1.0 1.0 1.0 1.0 1.0 1.0 1.0 1.0 
1.0 1.0 1.0 1.0 1.0 1.0 1.0 1.0 1.0 1.0 1.0 1.0 1.0 1.0 1.0 1.0 1.0 1.0 1.0 1.0 1.0 1.0 1.0 1.0 1.0 1.0 1.0 1.0 1.0 1.0 1.0 1.0 1.0 1.0 1.0 1.0 1.0 1.0 0.0 1.0 1.0 1.0 1.0 1.0 1.0 1.0 1.0 1.0 1.0 1.0 1.0 1.0 1.0 1.0 1.0 1.0 1.0 1.0 1.0 1.0 1.0 1.0 1.0 1.0 
1.0 1.0 1.0 1.0 1.0 1.0 1.0 1.0 1.0 1.0 1.0 1.0 1.0 1.0 1.0 1.0 1.0 1.0 1.0 1.0 1.0 1.0 1.0 1.0 1.0 1.0 1.0 1.0 1.0 1.0 1.0 1.0 1.0 1.0 1.0 1.0 1.0 1.0 1.0 0.0 1.0 1.0 1.0 1.0 1.0 1.0 1.0 1.0 1.0 1.0 1.0 1.0 1.0 1.0 1.0 1.0 1.0 1.0 1.0 1.0 1.0 1.0 1.0 1.0 
1.0 1.0 1.0 1.0 1.0 1.0 1.0 1.0 1.0 1.0 1.0 1.0 1.0 1.0 1.0 1.0 1.0 1.0 1.0 1.0 1.0 1.0 1.0 1.0 1.0 1.0 1.0 1.0 1.0 1.0 1.0 1.0 1.0 1.0 1.0 1.0 1.0 1.0 1.0 1.0 0.0 1.0 1.0 1.0 1.0 1.0 1.0 1.0 1.0 1.0 1.0 1.0 1.0 1.0 1.0 1.0 1.0 1.0 1.0 1.0 1.0 1.0 1.0 1.0 
1.0 1.0 1.0 1.0 1.0 1.0 1.0 1.0 1.0 1.0 1.0 1.0 1.0 1.0 1.0 1.0 1.0 1.0 1.0 1.0 1.0 1.0 1.0 1.0 1.0 1.0 1.0 1.0 1.0 1.0 1.0 1.0 1.0 1.0 1.0 1.0 1.0 1.0 1.0 1.0 1.0 0.0 1.0 1.0 1.0 1.0 1.0 1.0 1.0 1.0 1.0 1.0 1.0 1.0 1.0 1.0 1.0 1.0 1.0 1.0 1.0 1.0 1.0 1.0 
1.0 1.0 1.0 1.0 1.0 1.0 1.0 1.0 1.0 1.0 1.0 1.0 1.0 1.0 1.0 1.0 1.0 1.0 1.0 1.0 1.0 1.0 1.0 1.0 1.0 1.0 1.0 1.0 1.0 1.0 1.0 1.0 1.0 1.0 1.0 1.0 1.0 1.0 1.0 1.0 1.0 1.0 0.0 1.0 1.0 1.0 1.0 1.0 1.0 1.0 1.0 1.0 1.0 1.0 1.0 1.0 1.0 1.0 1.0 1.0 1.0 1.0 1.0 1.0 
1.0 1.0 1.0 1.0 1.0 1.0 1.0 1.0 1.0 1.0 1.0 1.0 1.0 1.0 1.0 1.0 1.0 1.0 1.0 1.0 1.0 1.0 1.0 1.0 1.0 1.0 1.0 1.0 1.0 1.0 1.0 1.0 1.0 1.0 1.0 1.0 1.0 1.0 1.0 1.0 1.0 1.0 1.0 0.0 1.0 1.0 1.0 1.0 1.0 1.0 1.0 1.0 1.0 1.0 1.0 1.0 1.0 1.0 1.0 1.0 1.0 1.0 1.0 1.0 
1.0 1.0 1.0 1.0 1.0 1.0 1.0 1.0 1.0 1.0 1.0 1.0 1.0 1.0 1.0 1.0 1.0 1.0 1.0 1.0 1.0 1.0 1.0 1.0 1.0 1.0 1.0 1.0 1.0 1.0 1.0 1.0 1.0 1.0 1.0 1.0 1.0 1.0 1.0 1.0 1.0 1.0 1.0 1.0 0.0 1.0 1.0 1.0 1.0 1.0 1.0 1.0 1.0 1.0 1.0 1.0 1.0 1.0 1.0 1.0 1.0 1.0 1.0 1.0 
1.0 1.0 1.0 1.0 1.0 1.0 1.0 1.0 1.0 1.0 1.0 1.0 1.0 1.0 1.0 1.0 1.0 1.0 1.0 1.0 1.0 1.0 1.0 1.0 1.0 1.0 1.0 1.0 1.0 1.0 1.0 1.0 1.0 1.0 1.0 1.0 1.0 1.0 1.0 1.0 1.0 1.0 1.0 1.0 1.0 0.0 1.0 1.0 1.0 1.0 1.0 1.0 1.0 1.0 1.0 1.0 1.0 1.0 1.0 1.0 1.0 1.0 1.0 1.0 
1.0 1.0 1.0 1.0 1.0 1.0 1.0 1.0 1.0 1.0 1.0 1.0 1.0 1.0 1.0 1.0 1.0 1.0 1.0 1.0 1.0 1.0 1.0 1.0 1.0 1.0 1.0 1.0 1.0 1.0 1.0 1.0 1.0 1.0 1.0 1.0 1.0 1.0 1.0 1.0 1.0 1.0 1.0 1.0 1.0 1.0 0.0 1.0 1.0 1.0 1.0 1.0 1.0 1.0 1.0 1.0 1.0 1.0 1.0 1.0 1.0 1.0 1.0 1.0 
1.0 1.0 1.0 1.0 1.0 1.0 1.0 1.0 1.0 1.0 1.0 1.0 1.0 1.0 1.0 1.0 1.0 1.0 1.0 1.0 1.0 1.0 1.0 1.0 1.0 1.0 1.0 1.0 1.0 1.0 1.0 1.0 1.0 1.0 1.0 1.0 1.0 1.0 1.0 1.0 1.0 1.0 1.0 1.0 1.0 1.0 1.0 0.0 1.0 1.0 1.0 1.0 1.0 1.0 1.0 1.0 1.0 1.0 1.0 1.0 1.0 1.0 1.0 1.0 
1.0 1.0 1.0 1.0 1.0 1.0 1.0 1.0 1.0 1.0 1.0 1.0 1.0 1.0 1.0 1.0 1.0 1.0 1.0 1.0 1.0 1.0 1.0 1.0 1.0 1.0 1.0 1.0 1.0 1.0 1.0 1.0 1.0 1.0 1.0 1.0 1.0 1.0 1.0 1.0 1.0 1.0 1.0 1.0 1.0 1.0 1.0 1.0 0.0 1.0 1.0 1.0 1.0 1.0 1.0 1.0 1.0 1.0 1.0 1.0 1.0 1.0 1.0 1.0 
1.0 1.0 1.0 1.0 1.0 1.0 1.0 1.0 1.0 1.0 1.0 1.0 1.0 1.0 1.0 1.0 1.0 1.0 1.0 1.0 1.0 1.0 1.0 1.0 1.0 1.0 1.0 1.0 1.0 1.0 1.0 1.0 1.0 1.0 1.0 1.0 1.0 1.0 1.0 1.0 1.0 1.0 1.0 1.0 1.0 1.0 1.0 1.0 1.0 0.0 1.0 1.0 1.0 1.0 1.0 1.0 1.0 1.0 1.0 1.0 1.0 1.0 1.0 1.0 
1.0 1.0 1.0 1.0 1.0 1.0 1.0 1.0 1.0 1.0 1.0 1.0 1.0 1.0 1.0 1.0 1.0 1.0 1.0 1.0 1.0 1.0 1.0 1.0 1.0 1.0 1.0 1.0 1.0 1.0 1.0 1.0 1.0 1.0 1.0 1.0 1.0 1.0 1.0 1.0 1.0 1.0 1.0 1.0 1.0 1.0 1.0 1.0 1.0 1.0 0.0 1.0 1.0 1.0 1.0 1.0 1.0 1.0 1.0 1.0 1.0 1.0 1.0 1.0 
1.0 1.0 1.0 1.0 1.0 1.0 1.0 1.0 1.0 1.0 1.0 1.0 1.0 1.0 1.0 1.0 1.0 1.0 1.0 1.0 1.0 1.0 1.0 1.0 1.0 1.0 1.0 1.0 1.0 1.0 1.0 1.0 1.0 1.0 1.0 1.0 1.0 1.0 1.0 1.0 1.0 1.0 1.0 1.0 1.0 1.0 1.0 1.0 1.0 1.0 1.0 0.0 1.0 1.0 1.0 1.0 1.0 1.0 1.0 1.0 1.0 1.0 1.0 1.0 
1.0 1.0 1.0 1.0 1.0 1.0 1.0 1.0 1.0 1.0 1.0 1.0 1.0 1.0 1.0 1.0 1.0 1.0 1.0 1.0 1.0 1.0 1.0 1.0 1.0 1.0 1.0 1.0 1.0 1.0 1.0 1.0 1.0 1.0 1.0 1.0 1.0 1.0 1.0 1.0 1.0 1.0 1.0 1.0 1.0 1.0 1.0 1.0 1.0 1.0 1.0 1.0 0.0 1.0 1.0 1.0 1.0 1.0 1.0 1.0 1.0 1.0 1.0 1.0 
1.0 1.0 1.0 1.0 1.0 1.0 1.0 1.0 1.0 1.0 1.0 1.0 1.0 1.0 1.0 1.0 1.0 1.0 1.0 1.0 1.0 1.0 1.0 1.0 1.0 1.0 1.0 1.0 1.0 1.0 1.0 1.0 1.0 1.0 1.0 1.0 1.0 1.0 1.0 1.0 1.0 1.0 1.0 1.0 1.0 1.0 1.0 1.0 1.0 1.0 1.0 1.0 1.0 0.0 1.0 1.0 1.0 1.0 1.0 1.0 1.0 1.0 1.0 1.0 
1.0 1.0 1.0 1.0 1.0 1.0 1.0 1.0 1.0 1.0 1.0 1.0 1.0 1.0 1.0 1.0 1.0 1.0 1.0 1.0 1.0 1.0 1.0 1.0 1.0 1.0 1.0 1.0 1.0 1.0 1.0 1.0 1.0 1.0 1.0 1.0 1.0 1.0 1.0 1.0 1.0 1.0 1.0 1.0 1.0 1.0 1.0 1.0 1.0 1.0 1.0 1.0 1.0 1.0 0.0 1.0 1.0 1.0 1.0 1.0 1.0 1.0 1.0 1.0 
1.0 1.0 1.0 1.0 1.0 1.0 1.0 1.0 1.0 1.0 1.0 1.0 1.0 1.0 1.0 1.0 1.0 1.0 1.0 1.0 1.0 1.0 1.0 1.0 1.0 1.0 1.0 1.0 1.0 1.0 1.0 1.0 1.0 1.0 1.0 1.0 1.0 1.0 1.0 1.0 1.0 1.0 1.0 1.0 1.0 1.0 1.0 1.0 1.0 1.0 1.0 1.0 1.0 1.0 1.0 0.0 1.0 1.0 1.0 1.0 1.0 1.0 1.0 1.0 
1.0 1.0 1.0 1.0 1.0 1.0 1.0 1.0 1.0 1.0 1.0 1.0 1.0 1.0 1.0 1.0 1.0 1.0 1.0 1.0 1.0 1.0 1.0 1.0 1.0 1.0 1.0 1.0 1.0 1.0 1.0 1.0 1.0 1.0 1.0 1.0 1.0 1.0 1.0 1.0 1.0 1.0 1.0 1.0 1.0 1.0 1.0 1.0 1.0 1.0 1.0 1.0 1.0 1.0 1.0 1.0 0.0 1.0 1.0 1.0 1.0 1.0 1.0 1.0 
1.0 1.0 1.0 1.0 1.0 1.0 1.0 1.0 1.0 1.0 1.0 1.0 1.0 1.0 1.0 1.0 1.0 1.0 1.0 1.0 1.0 1.0 1.0 1.0 1.0 1.0 1.0 1.0 1.0 1.0 1.0 1.0 1.0 1.0 1.0 1.0 1.0 1.0 1.0 1.0 1.0 1.0 1.0 1.0 1.0 1.0 1.0 1.0 1.0 1.0 1.0 1.0 1.0 1.0 1.0 1.0 1.0 0.0 1.0 1.0 1.0 1.0 1.0 1.0 
1.0 1.0 1.0 1.0 1.0 1.0 1.0 1.0 1.0 1.0 1.0 1.0 1.0 1.0 1.0 1.0 1.0 1.0 1.0 1.0 1.0 1.0 1.0 1.0 1.0 1.0 1.0 1.0 1.0 1.0 1.0 1.0 1.0 1.0 1.0 1.0 1.0 1.0 1.0 1.0 1.0 1.0 1.0 1.0 1.0 1.0 1.0 1.0 1.0 1.0 1.0 1.0 1.0 1.0 1.0 1.0 1.0 1.0 0.0 1.0 1.0 1.0 1.0 1.0 
1.0 1.0 1.0 1.0 1.0 1.0 1.0 1.0 1.0 1.0 1.0 1.0 1.0 1.0 1.0 1.0 1.0 1.0 1.0 1.0 1.0 1.0 1.0 1.0 1.0 1.0 1.0 1.0 1.0 1.0 1.0 1.0 1.0 1.0 1.0 1.0 1.0 1.0 1.0 1.0 1.0 1.0 1.0 1.0 1.0 1.0 1.0 1.0 1.0 1.0 1.0 1.0 1.0 1.0 1.0 1.0 1.0 1.0 1.0 0.0 1.0 1.0 1.0 1.0 
1.0 1.0 1.0 1.0 1.0 1.0 1.0 1.0 1.0 1.0 1.0 1.0 1.0 1.0 1.0 1.0 1.0 1.0 1.0 1.0 1.0 1.0 1.0 1.0 1.0 1.0 1.0 1.0 1.0 1.0 1.0 1.0 1.0 1.0 1.0 1.0 1.0 1.0 1.0 1.0 1.0 1.0 1.0 1.0 1.0 1.0 1.0 1.0 1.0 1.0 1.0 1.0 1.0 1.0 1.0 1.0 1.0 1.0 1.0 1.0 0.0 1.0 1.0 1.0 
1.0 1.0 1.0 1.0 1.0 1.0 1.0 1.0 1.0 1.0 1.0 1.0 1.0 1.0 1.0 1.0 1.0 1.0 1.0 1.0 1.0 1.0 1.0 1.0 1.0 1.0 1.0 1.0 1.0 1.0 1.0 1.0 1.0 1.0 1.0 1.0 1.0 1.0 1.0 1.0 1.0 1.0 1.0 1.0 1.0 1.0 1.0 1.0 1.0 1.0 1.0 1.0 1.0 1.0 1.0 1.0 1.0 1.0 1.0 1.0 1.0 0.0 1.0 1.0 
1.0 1.0 1.0 1.0 1.0 1.0 1.0 1.0 1.0 1.0 1.0 1.0 1.0 1.0 1.0 1.0 1.0 1.0 1.0 1.0 1.0 1.0 1.0 1.0 1.0 1.0 1.0 1.0 1.0 1.0 1.0 1.0 1.0 1.0 1.0 1.0 1.0 1.0 1.0 1.0 1.0 1.0 1.0 1.0 1.0 1.0 1.0 1.0 1.0 1.0 1.0 1.0 1.0 1.0 1.0 1.0 1.0 1.0 1.0 1.0 1.0 1.0 0.0 1.0 
1.0 1.0 1.0 1.0 1.0 1.0 1.0 1.0 1.0 1.0 1.0 1.0 1.0 1.0 1.0 1.0 1.0 1.0 1.0 1.0 1.0 1.0 1.0 1.0 1.0 1.0 1.0 1.0 1.0 1.0 1.0 1.0 1.0 1.0 1.0 1.0 1.0 1.0 1.0 1.0 1.0 1.0 1.0 1.0 1.0 1.0 1.0 1.0 1.0 1.0 1.0 1.0 1.0 1.0 1.0 1.0 1.0 1.0 1.0 1.0 1.0 1.0 1.0 0.0 