32
74 22 96 14 44 79 25 96 86 21 67 58 87 22 75 10 100 4 84 21 3 67 19 37 88 35 80 90 4 40 25 54 
86 18 3 82 53 88 34 48 11 45 33 59 26 42 36 66 60 53 40 68 23 7 92 23 9 64 67 80 9 42 91 72 
46 47 33 81 14 44 83 61 58 67 31 66 77 33 15 49 9 21 37 81 19 64 52 16 29 22 54 21 50 85 17 31 
80 14 79 68 54 57 72 12 10 20 42 14 15 24 5 88 49 71 96 82 36 48 96 92 81 56 4 69 22 74 50 77 
75 38 82 23 81 77 61 46 89 42 11 41 67 28 63 16 15 18 88 74 32 14 30 26 39 1 59 38 53 19 19 26 
7 54 23 60 37 87 53 54 86 51 60 7 81 51 46 65 78 3 59 5 67 38 89 68 31 89 60 14 28 87 48 16 
29 54 52 89 81 24 69 41 36 79 92 66 69 98 50 44 58 61 18 82 11 13 21 94 13 65 35 1 76 99 15 10 
50 82 35 60 5 31 70 40 10 46 84 38 49 50 76 68 32 28 82 78 38 65 69 95 17 48 91 38 5 16 96 11 
82 95 61 31 21 87 7 23 32 9 45 13 33 54 63 12 7 37 9 92 68 84 14 34 56 13 8 26 23 50 84 2 
52 63 39 86 10 43 19 46 28 80 95 18 9 50 56 5 56 1 25 5 1 32 13 87 15 4 60 86 53 63 20 50 
83 62 69 20 97 87 17 100 18 54 12 23 1 8 52 41 19 33 68 31 7 44 6 41 9 94 56 92 31 33 21 84 
75 63 67 24 41 74 83 3 51 27 78 96 26 4 82 24 16 21 20 88 62 2 9 16 100 26 6 41 11 45 61 24 
34 8 36 72 71 71 22 28 18 28 97 1 56 40 97 53 6 23 98 17 3 18 88 85 83 7 2 88 4 82 15 27 
78 44 32 59 33 10 73 50 51 44 67 41 84 16 77 48 83 95 25 25 80 81 82 95 15 52 79 97 46 35 53 35 
59 65 18 9 47 5 34 45 67 63 76 69 62 31 52 44 48 49 72 86 66 95 61 77 4 4 23 98 20 62 50 62 
43 88 9 4 98 10 25 38 44 71 9 32 44 23 39 43 93 46 98 77 62 91 64 42 89 86 25 11 62 14 59 100 
3 41 47 30 97 87 70 46 82 53 4 34 76 2 20 66 68 9 93 89 17 80 19 97 1 29 49 23 91 86 43 48 
68 38 57 61 94 64 84 58 79 93 60 17 97 100 7 85 92 17 45 12 94 52 96 36 20 57 19 5 97 25 24 26 
15 84 87 13 55 57 56 87 10 11 44 26 97 64 38 84 99 56 91 98 41 51 22 19 14 58 18 97 78 74 3 80 
20 81 16 42 2 46 62 64 76 82 76 6 90 51 13 69 53 20 87 29 26 27 53 58 100 65 28 69 61 69 51 20 
27 29 86 54 48 76 40 67 85 55 81 33 99 4 84 50 54 2 44 12 74 43 10 91 6 56 5 58 89 33 5 43 
65 78 51 61 59 73 39 32 84 49 43 75 25 1 57 93 86 45 40 42 45 34 14 66 58 55 56 17 82 96 87 80 
47 18 21 8 65 32 97 34 90 38 23 97 23 79 37 44 42 1 2 23 33 11 42 59 24 29 89 7 34 61 19 9 
86 76 8 85 78 31 43 67 39 29 40 4 82 61 17 98 76 53 36 89 15 69 6 60 8 82 67 5 34 27 18 23 
3 79 64 60 98 9 19 61 57 41 60 18 54 24 14 54 55 69 13 35 17 44 70 34 64 27 80 100 18 65 92 50 
61 15 92 22 43 78 26 39 60 52 98 31 68 38 46 69 68 29 16 43 31 68 8 49 41 56 87 75 12 25 91 98 
47 52 8 56 15 6 65 59 81 31 82 4 99 8 23 81 66 11 78 99 64 43 52 56 53 73 2 1 82 69 81 39 
65 19 86 81 15 43 24 52 50 10 66 16 52 8 20 38 36 64 61 80 80 12 48 50 15 55 43 82 76 38 18 64 
61 64 56 12 29 36 25 98 96 95 92 14 46 97 24 98 60 58 56 57 94 20 38 63 61 69 72 24 100 14 4 33 
5 17 2 56 2 48 68 64 34 5 89 60 22 33 18 43 79 74 67 50 93 26 18 8 41 24 84 84 4 1 10 64 
19 69 82 76 84 46 77 79 80 41 81 4 24 36 99 30 83 93 98 43 34 95 50 57 92 83 65 86 67 40 45 36 
34 49 19 96 6 64 58 47 13 72 50 87 42 41 69 47 68 100 1 100 67 47 80 87 28 15 93 73 34 43 42 9 
0.0 1.0 1.0 1.0 1.0 1.0 1.0 1.0 1.0 1.0 1.0 1.0 1.0 1.0 1.0 1.0 1.0 1.0 1.0 1.0 1.0 1.0 1.0 1.0 1.0 1.0 1.0 1.0 1.0 1.0 1.0 1.0 
1.0 0.0 1.0 1.0 1.0 1.0 1.0 1.0 1.0 1.0 1.0 1.0 1.0 1.0 1.0 1.0 1.0 1.0 1.0 1.0 1.0 1.0 1.0 1.0 1.0 1.0 1.0 1.0 1.0 1.0 1.0 1.0 
1.0 1.0 0.0 1.0 1.0 1.0 1.0 1.0 1.0 1.0 1.0 1.0 1.0 1.0 1.0 1.0 1.0 1.0 1.0 1.0 1.0 1.0 1.0 1.0 1.0 1.0 1.0 1.0 1.0 1.0 1.0 1.0 
1.0 1.0 1.0 0.0 1.0 1.0 1.0 1.0 1.0 1.0 1.0 1.0 1.0 1.0 1.0 1.0 1.0 1.0 1.0 1.0 1.0 1.0 1.0 1.0 1.0 1.0 1.0 1.0 1.0 1.0 1.0 1.0 
1.0 1.0 1.0 1.0 0.0 1.0 1.0 1.0 1.0 1.0 1.0 1.0 1.0 1.0 1.0 1.0 1.0 1.0 1.0 1.0 1.0 1.0 1.0 1.0 1.0 1.0 1.0 1.0 1.0 1.0 1.0 1.0 
1.0 1.0 1.0 1.0 1.0 0.0 1.0 1.0 1.0 1.0 1.0 1.0 1.0 1.0 1.0 1.0 1.0 1.0 1.0 1.0 1.0 1.0 1.0 1.0 1.0 1.0 1.0 1.0 1.0 1.0 1.0 1.0 
1.0 1.0 1.0 1.0 1.0 1.0 0.0 1.0 1.0 1.0 1.0 1.0 1.0 1.0 1.0 1.0 1.0 1.0 1.0 1.0 1.0 1.0 1.0 1.0 1.0 1.0 1.0 1.0 1.0 1.0 1.0 1.0 
1.0 1.0 1.0 1.0 1.0 1.0 1.0 0.0 1.0 1.0 1.0 1.0 1.0 1.0 1.0 1.0 1.0 1.0 1.0 1.0 1.0 1.0 1.0 1.0 1.0 1.0 1.0 1.0 1.0 1.0 1.0 1.0 
1.0 1.0 1.0 1.0 1.0 1.0 1.0 1.0 0.0 1.0 1.0 1.0 1.0 1.0 1.0 1.0 1.0 1.0 1.0 1.0 1.0 1.0 1.0 1.0 1.0 1.0 1.0 1.0 1.0 1.0 1.0 1.0 
1.0 1.0 1.0 1.0 1.0 1.0 1.0 1.0 1.0 0.0 1.0 1.0 1.0 1.0 1.0 1.0 1.0 1.0 1.0 1.0 1.0 1.0 1.0 1.0 1.0 1.0 1.0 1.0 1.0 1.0 1.0 1.0 
1.0 1.0 1.0 1.0 1.0 1.0 1.0 1.0 1.0 1.0 0.0 1.0 1.0 1.0 1.0 1.0 1.0 1.0 1.0 1.0 1.0 1.0 1.0 1.0 1.0 1.0 1.0 1.0 1.0 1.0 1.0 1.0 
1.0 1.0 1.0 1.0 1.0 1.0 1.0 1.0 1.0 1.0 1.0 0.0 1.0 1.0 1.0 1.0 1.0 1.0 1.0 1.0 1.0 1.0 1.0 1.0 1.0 1.0 1.0 1.0 1.0 1.0 1.0 1.0 
1.0 1.0 1.0 1.0 1.0 1.0 1.0 1.0 1.0 1.0 1.0 1.0 0.0 1.0 1.0 1.0 1.0 1.0 1.0 1.0 1.0 1.0 1.0 1.0 1.0 1.0 1.0 1.0 1.0 1.0 1.0 1.0 
1.0 1.0 1.0 1.0 1.0 1.0 1.0 1.0 1.0 1.0 1.0 1.0 1.0 0.0 1.0 1.0 1.0 1.0 1.0 1.0 1.0 1.0 1.0 1.0 1.0 1.0 1.0 1.0 1.0 1.0 1.0 1.0 
1.0 1.0 1.0 1.0 1.0 1.0 1.0 1.0 1.0 1.0 1.0 1.0 1.0 1.0 0.0 1.0 1.0 1.0 1.0 1.0 1.0 1.0 1.0 1.0 1.0 1.0 1.0 1.0 1.0 1.0 1.0 1.0 
1.0 1.0 1.0 1.0 1.0 1.0 1.0 1.0 1.0 1.0 1.0 1.0 1.0 1.0 1.0 0.0 1.0 1.0 1.0 1.0 1.0 1.0 1.0 1.0 1.0 1.0 1.0 1.0 1.0 1.0 1.0 1.0 
1.0 1.0 1.0 1.0 1.0 1.0 1.0 1.0 1.0 1.0 1.0 1.0 1.0 1.0 1.0 1.0 0.0 1.0 1.0 1.0 1.0 1.0 1.0 1.0 1.0 1.0 1.0 1.0 1.0 1.0 1.0 1.0 
1.0 1.0 1.0 1.0 1.0 1.0 1.0 1.0 1.0 1.0 1.0 1.0 1.0 1.0 1.0 1.0 1.0 0.0 1.0 1.0 1.0 1.0 1.0 1.0 1.0 1.0 1.0 1.0 1.0 1.0 1.0 1.0 
1.0 1.0 1.0 1.0 1.0 1.0 1.0 1.0 1.0 1.0 1.0 1.0 1.0 1.0 1.0 1.0 1.0 1.0 0.0 1.0 1.0 1.0 1.0 1.0 1.0 1.0 1.0 1.0 1.0 1.0 1.0 1.0 
1.0 1.0 1.0 1.0 1.0 1.0 1.0 1.0 1.0 1.0 1.0 1.0 1.0 1.0 1.0 1.0 1.0 1.0 1.0 0.0 1.0 1.0 1.0 1.0 1.0 1.0 1.0 1.0 1.0 1.0 1.0 1.0 
1.0 1.0 1.0 1.0 1.0 1.0 1.0 1.0 1.0 1.0 1.0 1.0 1.0 1.0 1.0 1.0 1.0 1.0 1.0 1.0 0.0 1.0 1.0 1.0 1.0 1.0 1.0 1.0 1.0 1.0 1.0 1.0 
1.0 1.0 1.0 1.0 1.0 1.0 1.0 1.0 1.0 1.0 1.0 1.0 1.0 1.0 1.0 1.0 1.0 1.0 1.0 1.0 1.0 0.0 1.0 1.0 1.0 1.0 1.0 1.0 1.0 1.0 1.0 1.0 
1.0 1.0 1.0 1.0 1.0 1.0 1.0 1.0 1.0 1.0 1.0 1.0 1.0 1.0 1.0 1.0 1.0 1.0 1.0 1.0 1.0 1.0 0.0 1.0 1.0 1.0 1.0 1.0 1.0 1.0 1.0 1.0 
1.0 1.0 1.0 1.0 1.0 1.0 1.0 1.0 1.0 1.0 1.0 1.0 1.0 1.0 1.0 1.0 1.0 1.0 1.0 1.0 1.0 1.0 1.0 0.0 1.0 1.0 1.0 1.0 1.0 1.0 1.0 1.0 
1.0 1.0 1.0 1.0 1.0 1.0 1.0 1.0 1.0 1.0 1.0 1.0 1.0 1.0 1.0 1.0 1.0 1.0 1.0 1.0 1.0 1.0 1.0 1.0 0.0 1.0 1.0 1.0 1.0 1.0 1.0 1.0 
1.0 1.0 1.0 1.0 1.0 1.0 1.0 1.0 1.0 1.0 1.0 1.0 1.0 1.0 1.0 1.0 1.0 1.0 1.0 1.0 1.0 1.0 1.0 1.0 1.0 0.0 1.0 1.0 1.0 1.0 1.0 1.0 
1.0 1.0 1.0 1.0 1.0 1.0 1.0 1.0 1.0 1.0 1.0 1.0 1.0 1.0 1.0 1.0 1.0 1.0 1.0 1.0 1.0 1.0 1.0 1.0 1.0 1.0 0.0 1.0 1.0 1.0 1.0 1.0 
1.0 1.0 1.0 1.0 1.0 1.0 1.0 1.0 1.0 1.0 1.0 1.0 1.0 1.0 1.0 1.0 1.0 1.0 1.0 1.0 1.0 1.0 1.0 1.0 1.0 1.0 1.0 0.0 1.0 1.0 1.0 1.0 
1.0 1.0 1.0 1.0 1.0 1.0 1.0 1.0 1.0 1.0 1.0 1.0 1.0 1.0 1.0 1.0 1.0 1.0 1.0 1.0 1.0 1.0 1.0 1.0 1.0 1.0 1.0 1.0 0.0 1.0 1.0 1.0 
1.0 1.0 1.0 1.0 1.0 1.0 1.0 1.0 1.0 1.0 1.0 1.0 1.0 1.0 1.0 1.0 1.0 1.0 1.0 1.0 1.0 1.0 1.0 1.0 1.0 1.0 1.0 1.0 1.0 0.0 1.0 1.0 
1.0 1.0 1.0 1.0 1.0 1.0 1.0 1.0 1.0 1.0 1.0 1.0 1.0 1.0 1.0 1.0 1.0 1.0 1.0 1.0 1.0 1.0 1.0 1.0 1.0 1.0 1.0 1.0 1.0 1.0 0.0 1.0 
1.0 1.0 1.0 1.0 1.0 1.0 1.0 1.0 1.0 1.0 1.0 1.0 1.0 1.0 1.0 1.0 1.0 1.0 1.0 1.0 1.0 1.0 1.0 1.0 1.0 1.0 1.0 1.0 1.0 1.0 1.0 0.0 