32 0.0 32.0 388 6154
29 42 91 38 96 74 71 19 12 49 55 47 51 94 61 86 7 72 85 53 50 59 66 18 79 67 48 56 65 80 5 56 
15 63 75 56 23 66 75 64 67 99 67 50 86 73 37 19 23 14 49 84 83 44 77 8 10 60 87 27 59 11 2 46 
10 38 13 62 62 64 7 40 48 14 19 93 61 18 91 97 31 62 15 6 85 33 46 22 70 20 59 22 59 47 21 9 
49 53 91 58 77 40 54 23 29 98 52 50 79 8 18 78 55 49 79 22 34 33 60 12 61 59 97 97 72 12 5 46 
89 100 98 26 69 54 73 64 70 57 22 66 43 38 42 32 16 86 65 13 56 65 79 68 12 10 68 39 88 70 50 95 
28 41 72 45 18 28 7 85 10 94 72 94 6 71 20 50 83 30 83 82 37 47 39 85 23 90 36 54 85 11 3 61 
87 20 24 86 28 55 3 71 70 35 43 85 9 25 47 85 4 28 45 30 89 89 83 37 17 41 94 91 32 19 4 99 
81 74 40 90 14 19 52 28 45 5 78 66 64 1 58 77 44 74 28 6 78 76 99 77 5 70 9 11 67 28 89 15 
95 36 18 21 62 66 98 59 52 79 56 89 49 89 81 95 1 24 46 85 65 18 78 36 15 95 55 65 74 71 77 81 
52 41 54 50 51 1 15 16 8 61 50 35 96 33 15 50 21 16 58 98 32 28 26 72 21 32 76 48 76 45 44 1 
89 35 96 20 29 53 22 57 23 67 78 95 93 86 66 54 23 68 96 24 26 58 5 46 62 60 89 3 6 41 77 94 
38 78 28 49 88 88 84 38 86 44 18 81 61 91 99 99 92 85 75 33 18 40 30 19 42 96 67 37 94 61 94 40 
20 77 4 53 95 98 92 33 53 82 20 75 53 10 27 73 25 88 98 20 92 58 27 49 24 13 47 37 43 45 64 33 
12 20 47 21 17 29 12 71 62 62 92 70 41 23 80 53 31 54 45 57 47 64 100 21 72 44 61 16 29 31 6 98 
50 25 37 33 42 65 11 8 95 10 10 44 23 79 6 41 14 77 17 39 93 92 6 99 83 12 86 27 20 12 62 77 
81 28 84 23 47 98 33 51 88 73 76 96 40 79 84 100 38 36 9 22 46 21 57 40 82 93 20 66 83 93 31 10 
47 84 89 94 14 75 29 32 19 41 97 95 72 13 27 39 27 71 8 70 14 57 73 40 66 56 61 30 93 98 75 62 
5 89 20 83 53 35 82 88 7 62 18 91 78 59 75 36 27 64 67 22 86 29 75 42 13 17 34 85 100 45 97 34 
31 26 45 28 36 54 7 57 97 55 98 47 30 57 40 41 41 5 59 36 45 25 27 31 28 68 6 11 78 16 25 3 
34 39 12 50 10 79 61 37 17 88 77 8 1 61 67 48 69 40 3 92 55 65 35 16 75 60 81 38 96 22 52 24 
21 72 65 76 70 84 74 7 80 45 60 89 99 20 6 76 61 34 58 80 25 10 18 25 22 77 51 21 15 47 75 85 
13 81 75 16 55 33 54 1 85 61 91 26 3 32 56 44 95 31 45 77 70 65 74 77 18 21 2 6 55 7 43 57 
82 37 93 2 25 26 49 93 8 64 2 99 39 5 17 15 9 41 57 11 4 24 41 42 86 49 22 4 89 99 84 26 
56 40 71 34 43 72 59 79 40 86 77 42 20 39 4 5 80 10 84 73 47 47 66 23 35 17 47 22 22 21 11 95 
79 85 27 22 65 66 81 46 94 62 68 91 20 64 42 77 99 8 92 44 76 17 22 25 65 29 52 13 30 81 90 67 
66 89 36 98 32 71 3 18 88 24 91 2 98 92 28 80 84 52 20 31 4 9 70 55 57 71 2 65 39 65 62 92 
80 79 8 58 18 2 66 92 28 4 12 94 47 57 49 32 60 40 44 24 92 89 28 53 25 59 11 95 22 71 89 49 
63 84 81 11 80 80 27 23 24 79 30 42 82 16 81 72 47 7 76 35 44 39 94 25 100 2 42 96 99 27 50 53 
19 74 28 39 1 36 61 61 92 26 22 49 99 23 72 54 59 71 88 12 95 25 13 38 76 46 25 81 50 17 92 64 
28 98 38 87 67 2 91 28 34 45 89 77 7 70 35 35 28 93 50 50 33 7 97 24 24 94 20 85 53 89 67 76 
70 79 100 58 95 11 99 71 50 19 64 96 35 55 20 56 47 6 95 53 98 95 45 18 77 19 13 36 43 57 64 70 
13 19 80 59 87 92 88 79 96 38 59 87 10 20 96 96 80 72 26 39 58 44 37 44 5 13 64 91 1 92 96 92 
0.0 1.0 1.0 1.0 1.0 1.0 1.0 1.0 1.0 1.0 1.0 1.0 1.0 1.0 1.0 1.0 1.0 1.0 1.0 1.0 1.0 1.0 1.0 1.0 1.0 1.0 1.0 1.0 1.0 1.0 1.0 1.0 
1.0 0.0 1.0 1.0 1.0 1.0 1.0 1.0 1.0 1.0 1.0 1.0 1.0 1.0 1.0 1.0 1.0 1.0 1.0 1.0 1.0 1.0 1.0 1.0 1.0 1.0 1.0 1.0 1.0 1.0 1.0 1.0 
1.0 1.0 0.0 1.0 1.0 1.0 1.0 1.0 1.0 1.0 1.0 1.0 1.0 1.0 1.0 1.0 1.0 1.0 1.0 1.0 1.0 1.0 1.0 1.0 1.0 1.0 1.0 1.0 1.0 1.0 1.0 1.0 
1.0 1.0 1.0 0.0 1.0 1.0 1.0 1.0 1.0 1.0 1.0 1.0 1.0 1.0 1.0 1.0 1.0 1.0 1.0 1.0 1.0 1.0 1.0 1.0 1.0 1.0 1.0 1.0 1.0 1.0 1.0 1.0 
1.0 1.0 1.0 1.0 0.0 1.0 1.0 1.0 1.0 1.0 1.0 1.0 1.0 1.0 1.0 1.0 1.0 1.0 1.0 1.0 1.0 1.0 1.0 1.0 1.0 1.0 1.0 1.0 1.0 1.0 1.0 1.0 
1.0 1.0 1.0 1.0 1.0 0.0 1.0 1.0 1.0 1.0 1.0 1.0 1.0 1.0 1.0 1.0 1.0 1.0 1.0 1.0 1.0 1.0 1.0 1.0 1.0 1.0 1.0 1.0 1.0 1.0 1.0 1.0 
1.0 1.0 1.0 1.0 1.0 1.0 0.0 1.0 1.0 1.0 1.0 1.0 1.0 1.0 1.0 1.0 1.0 1.0 1.0 1.0 1.0 1.0 1.0 1.0 1.0 1.0 1.0 1.0 1.0 1.0 1.0 1.0 
1.0 1.0 1.0 1.0 1.0 1.0 1.0 0.0 1.0 1.0 1.0 1.0 1.0 1.0 1.0 1.0 1.0 1.0 1.0 1.0 1.0 1.0 1.0 1.0 1.0 1.0 1.0 1.0 1.0 1.0 1.0 1.0 
1.0 1.0 1.0 1.0 1.0 1.0 1.0 1.0 0.0 1.0 1.0 1.0 1.0 1.0 1.0 1.0 1.0 1.0 1.0 1.0 1.0 1.0 1.0 1.0 1.0 1.0 1.0 1.0 1.0 1.0 1.0 1.0 
1.0 1.0 1.0 1.0 1.0 1.0 1.0 1.0 1.0 0.0 1.0 1.0 1.0 1.0 1.0 1.0 1.0 1.0 1.0 1.0 1.0 1.0 1.0 1.0 1.0 1.0 1.0 1.0 1.0 1.0 1.0 1.0 
1.0 1.0 1.0 1.0 1.0 1.0 1.0 1.0 1.0 1.0 0.0 1.0 1.0 1.0 1.0 1.0 1.0 1.0 1.0 1.0 1.0 1.0 1.0 1.0 1.0 1.0 1.0 1.0 1.0 1.0 1.0 1.0 
1.0 1.0 1.0 1.0 1.0 1.0 1.0 1.0 1.0 1.0 1.0 0.0 1.0 1.0 1.0 1.0 1.0 1.0 1.0 1.0 1.0 1.0 1.0 1.0 1.0 1.0 1.0 1.0 1.0 1.0 1.0 1.0 
1.0 1.0 1.0 1.0 1.0 1.0 1.0 1.0 1.0 1.0 1.0 1.0 0.0 1.0 1.0 1.0 1.0 1.0 1.0 1.0 1.0 1.0 1.0 1.0 1.0 1.0 1.0 1.0 1.0 1.0 1.0 1.0 
1.0 1.0 1.0 1.0 1.0 1.0 1.0 1.0 1.0 1.0 1.0 1.0 1.0 0.0 1.0 1.0 1.0 1.0 1.0 1.0 1.0 1.0 1.0 1.0 1.0 1.0 1.0 1.0 1.0 1.0 1.0 1.0 
1.0 1.0 1.0 1.0 1.0 1.0 1.0 1.0 1.0 1.0 1.0 1.0 1.0 1.0 0.0 1.0 1.0 1.0 1.0 1.0 1.0 1.0 1.0 1.0 1.0 1.0 1.0 1.0 1.0 1.0 1.0 1.0 
1.0 1.0 1.0 1.0 1.0 1.0 1.0 1.0 1.0 1.0 1.0 1.0 1.0 1.0 1.0 0.0 1.0 1.0 1.0 1.0 1.0 1.0 1.0 1.0 1.0 1.0 1.0 1.0 1.0 1.0 1.0 1.0 
1.0 1.0 1.0 1.0 1.0 1.0 1.0 1.0 1.0 1.0 1.0 1.0 1.0 1.0 1.0 1.0 0.0 1.0 1.0 1.0 1.0 1.0 1.0 1.0 1.0 1.0 1.0 1.0 1.0 1.0 1.0 1.0 
1.0 1.0 1.0 1.0 1.0 1.0 1.0 1.0 1.0 1.0 1.0 1.0 1.0 1.0 1.0 1.0 1.0 0.0 1.0 1.0 1.0 1.0 1.0 1.0 1.0 1.0 1.0 1.0 1.0 1.0 1.0 1.0 
1.0 1.0 1.0 1.0 1.0 1.0 1.0 1.0 1.0 1.0 1.0 1.0 1.0 1.0 1.0 1.0 1.0 1.0 0.0 1.0 1.0 1.0 1.0 1.0 1.0 1.0 1.0 1.0 1.0 1.0 1.0 1.0 
1.0 1.0 1.0 1.0 1.0 1.0 1.0 1.0 1.0 1.0 1.0 1.0 1.0 1.0 1.0 1.0 1.0 1.0 1.0 0.0 1.0 1.0 1.0 1.0 1.0 1.0 1.0 1.0 1.0 1.0 1.0 1.0 
1.0 1.0 1.0 1.0 1.0 1.0 1.0 1.0 1.0 1.0 1.0 1.0 1.0 1.0 1.0 1.0 1.0 1.0 1.0 1.0 0.0 1.0 1.0 1.0 1.0 1.0 1.0 1.0 1.0 1.0 1.0 1.0 
1.0 1.0 1.0 1.0 1.0 1.0 1.0 1.0 1.0 1.0 1.0 1.0 1.0 1.0 1.0 1.0 1.0 1.0 1.0 1.0 1.0 0.0 1.0 1.0 1.0 1.0 1.0 1.0 1.0 1.0 1.0 1.0 
1.0 1.0 1.0 1.0 1.0 1.0 1.0 1.0 1.0 1.0 1.0 1.0 1.0 1.0 1.0 1.0 1.0 1.0 1.0 1.0 1.0 1.0 0.0 1.0 1.0 1.0 1.0 1.0 1.0 1.0 1.0 1.0 
1.0 1.0 1.0 1.0 1.0 1.0 1.0 1.0 1.0 1.0 1.0 1.0 1.0 1.0 1.0 1.0 1.0 1.0 1.0 1.0 1.0 1.0 1.0 0.0 1.0 1.0 1.0 1.0 1.0 1.0 1.0 1.0 
1.0 1.0 1.0 1.0 1.0 1.0 1.0 1.0 1.0 1.0 1.0 1.0 1.0 1.0 1.0 1.0 1.0 1.0 1.0 1.0 1.0 1.0 1.0 1.0 0.0 1.0 1.0 1.0 1.0 1.0 1.0 1.0 
1.0 1.0 1.0 1.0 1.0 1.0 1.0 1.0 1.0 1.0 1.0 1.0 1.0 1.0 1.0 1.0 1.0 1.0 1.0 1.0 1.0 1.0 1.0 1.0 1.0 0.0 1.0 1.0 1.0 1.0 1.0 1.0 
1.0 1.0 1.0 1.0 1.0 1.0 1.0 1.0 1.0 1.0 1.0 1.0 1.0 1.0 1.0 1.0 1.0 1.0 1.0 1.0 1.0 1.0 1.0 1.0 1.0 1.0 0.0 1.0 1.0 1.0 1.0 1.0 
1.0 1.0 1.0 1.0 1.0 1.0 1.0 1.0 1.0 1.0 1.0 1.0 1.0 1.0 1.0 1.0 1.0 1.0 1.0 1.0 1.0 1.0 1.0 1.0 1.0 1.0 1.0 0.0 1.0 1.0 1.0 1.0 
1.0 1.0 1.0 1.0 1.0 1.0 1.0 1.0 1.0 1.0 1.0 1.0 1.0 1.0 1.0 1.0 1.0 1.0 1.0 1.0 1.0 1.0 1.0 1.0 1.0 1.0 1.0 1.0 0.0 1.0 1.0 1.0 
1.0 1.0 1.0 1.0 1.0 1.0 1.0 1.0 1.0 1.0 1.0 1.0 1.0 1.0 1.0 1.0 1.0 1.0 1.0 1.0 1.0 1.0 1.0 1.0 1.0 1.0 1.0 1.0 1.0 0.0 1.0 1.0 
1.0 1.0 1.0 1.0 1.0 1.0 1.0 1.0 1.0 1.0 1.0 1.0 1.0 1.0 1.0 1.0 1.0 1.0 1.0 1.0 1.0 1.0 1.0 1.0 1.0 1.0 1.0 1.0 1.0 1.0 0.0 1.0 
1.0 1.0 1.0 1.0 1.0 1.0 1.0 1.0 1.0 1.0 1.0 1.0 1.0 1.0 1.0 1.0 1.0 1.0 1.0 1.0 1.0 1.0 1.0 1.0 1.0 1.0 1.0 1.0 1.0 1.0 1.0 0.0 