16
11 77 40 89 8 41 76 55 91 14 3 90 51 84 41 99 
45 13 45 25 90 93 90 8 53 58 78 37 30 78 83 82 
94 78 94 98 81 56 86 44 44 70 56 43 85 8 5 36 
9 56 40 58 44 37 30 59 34 53 46 23 49 17 71 58 
69 39 9 54 58 21 87 74 63 82 91 36 9 96 76 64 
83 55 93 58 45 100 97 59 25 37 34 11 11 26 16 17 
51 75 49 47 40 83 93 14 67 23 82 92 15 49 44 65 
87 70 44 30 60 31 33 12 84 63 66 55 9 96 75 84 
29 14 18 84 43 62 83 73 6 28 65 53 36 79 15 80 
20 34 28 28 68 92 27 67 55 35 76 29 7 99 81 96 
96 60 41 76 27 5 84 59 12 82 85 32 36 43 73 14 
21 7 48 89 36 65 81 74 25 24 51 43 15 48 88 45 
94 79 77 32 78 14 100 62 27 87 38 54 95 94 75 35 
78 9 92 78 100 17 77 46 53 13 85 2 1 53 38 89 
79 48 91 28 60 66 4 91 56 4 71 38 8 52 59 23 
48 20 52 44 32 56 19 96 65 1 85 51 72 91 69 21 
0.0 1.0 1.0 1.0 1.0 1.0 1.0 1.0 1.0 1.0 1.0 1.0 1.0 1.0 1.0 1.0 
1.0 0.0 1.0 1.0 1.0 1.0 1.0 1.0 1.0 1.0 1.0 1.0 1.0 1.0 1.0 1.0 
1.0 1.0 0.0 1.0 1.0 1.0 1.0 1.0 1.0 1.0 1.0 1.0 1.0 1.0 1.0 1.0 
1.0 1.0 1.0 0.0 1.0 1.0 1.0 1.0 1.0 1.0 1.0 1.0 1.0 1.0 1.0 1.0 
1.0 1.0 1.0 1.0 0.0 1.0 1.0 1.0 1.0 1.0 1.0 1.0 1.0 1.0 1.0 1.0 
1.0 1.0 1.0 1.0 1.0 0.0 1.0 1.0 1.0 1.0 1.0 1.0 1.0 1.0 1.0 1.0 
1.0 1.0 1.0 1.0 1.0 1.0 0.0 1.0 1.0 1.0 1.0 1.0 1.0 1.0 1.0 1.0 
1.0 1.0 1.0 1.0 1.0 1.0 1.0 0.0 1.0 1.0 1.0 1.0 1.0 1.0 1.0 1.0 
1.0 1.0 1.0 1.0 1.0 1.0 1.0 1.0 0.0 1.0 1.0 1.0 1.0 1.0 1.0 1.0 
1.0 1.0 1.0 1.0 1.0 1.0 1.0 1.0 1.0 0.0 1.0 1.0 1.0 1.0 1.0 1.0 
1.0 1.0 1.0 1.0 1.0 1.0 1.0 1.0 1.0 1.0 0.0 1.0 1.0 1.0 1.0 1.0 
1.0 1.0 1.0 1.0 1.0 1.0 1.0 1.0 1.0 1.0 1.0 0.0 1.0 1.0 1.0 1.0 
1.0 1.0 1.0 1.0 1.0 1.0 1.0 1.0 1.0 1.0 1.0 1.0 0.0 1.0 1.0 1.0 
1.0 1.0 1.0 1.0 1.0 1.0 1.0 1.0 1.0 1.0 1.0 1.0 1.0 0.0 1.0 1.0 
1.0 1.0 1.0 1.0 1.0 1.0 1.0 1.0 1.0 1.0 1.0 1.0 1.0 1.0 0.0 1.0 
1.0 1.0 1.0 1.0 1.0 1.0 1.0 1.0 1.0 1.0 1.0 1.0 1.0 1.0 1.0 0.0 