32 0.0 32.0 328 6068
28 81 14 14 95 40 41 55 37 100 100 67 90 28 14 25 47 30 25 40 96 5 18 43 47 62 13 55 61 47 97 73 
51 62 55 68 5 28 81 9 65 83 27 4 74 54 22 79 47 69 100 44 22 77 55 37 80 66 71 59 53 84 33 10 
10 59 2 95 60 43 47 67 81 50 22 54 52 54 43 72 24 59 62 8 78 7 53 57 11 92 97 14 24 9 57 84 
54 42 4 33 19 43 28 67 9 47 58 64 38 1 23 20 81 95 5 23 81 95 9 47 12 89 88 90 3 59 52 92 
70 14 74 49 42 7 26 53 46 83 53 76 91 17 13 65 59 12 80 64 13 14 66 4 72 33 66 28 71 56 51 14 
65 81 72 83 29 86 61 88 50 6 84 48 64 50 17 41 53 59 98 61 59 68 32 65 97 14 59 5 12 80 38 7 
83 24 6 39 62 83 69 81 3 64 64 70 68 64 74 87 47 92 89 71 25 75 8 11 61 79 19 87 40 61 68 11 
81 17 39 52 61 17 76 20 86 57 29 91 48 25 38 26 28 15 1 90 21 34 96 18 14 14 40 82 5 49 97 40 
8 83 22 50 83 13 92 7 68 59 20 25 91 13 30 26 89 38 34 72 70 32 6 58 29 99 10 20 4 7 74 39 
29 22 75 60 55 9 98 69 69 86 36 24 76 61 4 5 44 42 69 86 8 76 24 49 8 47 46 82 85 37 13 90 
93 12 97 49 85 11 1 37 70 100 80 96 5 13 53 79 49 46 91 51 56 5 10 42 73 5 33 50 41 61 57 90 
37 58 98 66 15 70 49 64 74 17 34 95 40 92 91 40 23 75 81 73 33 19 72 99 96 59 59 27 52 100 71 69 
25 42 9 79 48 17 2 58 10 13 49 82 16 43 24 51 39 42 76 84 99 42 24 26 30 8 65 8 18 51 13 17 
68 85 50 57 37 94 40 87 30 2 71 8 72 41 11 73 98 74 40 30 65 65 33 67 68 43 89 4 68 56 47 40 
36 83 94 44 95 53 71 48 3 37 53 87 14 53 9 3 40 68 97 93 13 34 21 51 45 5 53 33 64 5 58 63 
57 51 100 45 54 97 23 87 57 1 94 11 35 46 6 28 95 13 12 96 73 47 94 10 16 92 68 36 32 54 22 92 
58 52 29 42 58 96 85 64 45 82 18 26 96 42 79 57 13 39 17 24 99 46 6 42 50 69 85 78 69 66 42 60 
39 1 87 21 76 74 89 14 29 5 99 63 82 30 99 12 51 42 85 90 83 71 21 7 64 25 39 49 53 65 62 2 
94 22 66 81 99 48 24 27 37 95 43 21 94 65 69 8 18 1 40 73 84 20 86 58 95 82 6 36 97 87 28 27 
89 61 79 40 45 18 72 33 3 3 42 38 13 81 12 69 80 37 21 36 28 66 7 49 100 70 59 47 45 36 58 95 
76 79 53 22 83 69 7 96 30 64 41 59 3 50 35 95 82 1 47 69 99 95 47 66 79 59 16 67 88 31 6 80 
6 27 48 13 49 62 43 19 20 46 6 41 53 15 54 10 55 21 31 64 31 19 41 20 57 54 98 13 20 71 7 98 
89 80 59 14 64 58 11 36 9 80 84 43 86 74 10 1 34 97 18 58 41 46 99 98 54 76 39 85 74 23 12 17 
51 72 65 34 85 33 59 23 15 27 36 64 97 14 4 69 76 35 65 90 76 61 24 16 86 60 82 10 36 68 30 27 
28 21 83 22 65 86 70 62 84 55 98 7 74 73 50 71 74 31 4 11 39 57 16 41 64 80 11 10 48 60 49 18 
19 76 91 15 25 32 15 62 70 10 58 2 63 16 23 62 28 78 20 24 22 31 11 13 38 11 57 24 75 56 84 16 
75 56 63 15 26 45 55 70 62 11 73 63 89 19 86 26 89 43 63 52 4 17 89 90 75 23 38 43 24 69 68 95 
30 24 98 45 77 24 41 73 19 38 9 8 41 54 71 6 9 77 13 3 91 19 94 54 18 73 18 22 79 10 89 8 
57 26 95 82 99 28 78 6 97 30 89 88 61 84 75 86 59 14 41 70 45 87 5 58 33 9 14 97 18 33 77 72 
32 95 93 57 47 8 18 46 3 31 68 31 92 12 31 3 38 40 14 25 37 58 6 50 55 70 23 13 41 44 7 33 
53 95 72 6 83 6 66 94 72 57 60 13 26 46 74 71 36 60 96 53 78 89 80 25 80 79 21 75 1 57 5 8 
27 8 87 73 93 55 30 51 41 66 29 71 49 54 78 49 53 17 19 53 45 83 25 53 72 68 38 62 7 42 8 79 
0.0 1.0 1.0 1.0 1.0 1.0 1.0 1.0 1.0 1.0 1.0 1.0 1.0 1.0 1.0 1.0 1.0 1.0 1.0 1.0 1.0 1.0 1.0 1.0 1.0 1.0 1.0 1.0 1.0 1.0 1.0 1.0 
1.0 0.0 1.0 1.0 1.0 1.0 1.0 1.0 1.0 1.0 1.0 1.0 1.0 1.0 1.0 1.0 1.0 1.0 1.0 1.0 1.0 1.0 1.0 1.0 1.0 1.0 1.0 1.0 1.0 1.0 1.0 1.0 
1.0 1.0 0.0 1.0 1.0 1.0 1.0 1.0 1.0 1.0 1.0 1.0 1.0 1.0 1.0 1.0 1.0 1.0 1.0 1.0 1.0 1.0 1.0 1.0 1.0 1.0 1.0 1.0 1.0 1.0 1.0 1.0 
1.0 1.0 1.0 0.0 1.0 1.0 1.0 1.0 1.0 1.0 1.0 1.0 1.0 1.0 1.0 1.0 1.0 1.0 1.0 1.0 1.0 1.0 1.0 1.0 1.0 1.0 1.0 1.0 1.0 1.0 1.0 1.0 
1.0 1.0 1.0 1.0 0.0 1.0 1.0 1.0 1.0 1.0 1.0 1.0 1.0 1.0 1.0 1.0 1.0 1.0 1.0 1.0 1.0 1.0 1.0 1.0 1.0 1.0 1.0 1.0 1.0 1.0 1.0 1.0 
1.0 1.0 1.0 1.0 1.0 0.0 1.0 1.0 1.0 1.0 1.0 1.0 1.0 1.0 1.0 1.0 1.0 1.0 1.0 1.0 1.0 1.0 1.0 1.0 1.0 1.0 1.0 1.0 1.0 1.0 1.0 1.0 
1.0 1.0 1.0 1.0 1.0 1.0 0.0 1.0 1.0 1.0 1.0 1.0 1.0 1.0 1.0 1.0 1.0 1.0 1.0 1.0 1.0 1.0 1.0 1.0 1.0 1.0 1.0 1.0 1.0 1.0 1.0 1.0 
1.0 1.0 1.0 1.0 1.0 1.0 1.0 0.0 1.0 1.0 1.0 1.0 1.0 1.0 1.0 1.0 1.0 1.0 1.0 1.0 1.0 1.0 1.0 1.0 1.0 1.0 1.0 1.0 1.0 1.0 1.0 1.0 
1.0 1.0 1.0 1.0 1.0 1.0 1.0 1.0 0.0 1.0 1.0 1.0 1.0 1.0 1.0 1.0 1.0 1.0 1.0 1.0 1.0 1.0 1.0 1.0 1.0 1.0 1.0 1.0 1.0 1.0 1.0 1.0 
1.0 1.0 1.0 1.0 1.0 1.0 1.0 1.0 1.0 0.0 1.0 1.0 1.0 1.0 1.0 1.0 1.0 1.0 1.0 1.0 1.0 1.0 1.0 1.0 1.0 1.0 1.0 1.0 1.0 1.0 1.0 1.0 
1.0 1.0 1.0 1.0 1.0 1.0 1.0 1.0 1.0 1.0 0.0 1.0 1.0 1.0 1.0 1.0 1.0 1.0 1.0 1.0 1.0 1.0 1.0 1.0 1.0 1.0 1.0 1.0 1.0 1.0 1.0 1.0 
1.0 1.0 1.0 1.0 1.0 1.0 1.0 1.0 1.0 1.0 1.0 0.0 1.0 1.0 1.0 1.0 1.0 1.0 1.0 1.0 1.0 1.0 1.0 1.0 1.0 1.0 1.0 1.0 1.0 1.0 1.0 1.0 
1.0 1.0 1.0 1.0 1.0 1.0 1.0 1.0 1.0 1.0 1.0 1.0 0.0 1.0 1.0 1.0 1.0 1.0 1.0 1.0 1.0 1.0 1.0 1.0 1.0 1.0 1.0 1.0 1.0 1.0 1.0 1.0 
1.0 1.0 1.0 1.0 1.0 1.0 1.0 1.0 1.0 1.0 1.0 1.0 1.0 0.0 1.0 1.0 1.0 1.0 1.0 1.0 1.0 1.0 1.0 1.0 1.0 1.0 1.0 1.0 1.0 1.0 1.0 1.0 
1.0 1.0 1.0 1.0 1.0 1.0 1.0 1.0 1.0 1.0 1.0 1.0 1.0 1.0 0.0 1.0 1.0 1.0 1.0 1.0 1.0 1.0 1.0 1.0 1.0 1.0 1.0 1.0 1.0 1.0 1.0 1.0 
1.0 1.0 1.0 1.0 1.0 1.0 1.0 1.0 1.0 1.0 1.0 1.0 1.0 1.0 1.0 0.0 1.0 1.0 1.0 1.0 1.0 1.0 1.0 1.0 1.0 1.0 1.0 1.0 1.0 1.0 1.0 1.0 
1.0 1.0 1.0 1.0 1.0 1.0 1.0 1.0 1.0 1.0 1.0 1.0 1.0 1.0 1.0 1.0 0.0 1.0 1.0 1.0 1.0 1.0 1.0 1.0 1.0 1.0 1.0 1.0 1.0 1.0 1.0 1.0 
1.0 1.0 1.0 1.0 1.0 1.0 1.0 1.0 1.0 1.0 1.0 1.0 1.0 1.0 1.0 1.0 1.0 0.0 1.0 1.0 1.0 1.0 1.0 1.0 1.0 1.0 1.0 1.0 1.0 1.0 1.0 1.0 
1.0 1.0 1.0 1.0 1.0 1.0 1.0 1.0 1.0 1.0 1.0 1.0 1.0 1.0 1.0 1.0 1.0 1.0 0.0 1.0 1.0 1.0 1.0 1.0 1.0 1.0 1.0 1.0 1.0 1.0 1.0 1.0 
1.0 1.0 1.0 1.0 1.0 1.0 1.0 1.0 1.0 1.0 1.0 1.0 1.0 1.0 1.0 1.0 1.0 1.0 1.0 0.0 1.0 1.0 1.0 1.0 1.0 1.0 1.0 1.0 1.0 1.0 1.0 1.0 
1.0 1.0 1.0 1.0 1.0 1.0 1.0 1.0 1.0 1.0 1.0 1.0 1.0 1.0 1.0 1.0 1.0 1.0 1.0 1.0 0.0 1.0 1.0 1.0 1.0 1.0 1.0 1.0 1.0 1.0 1.0 1.0 
1.0 1.0 1.0 1.0 1.0 1.0 1.0 1.0 1.0 1.0 1.0 1.0 1.0 1.0 1.0 1.0 1.0 1.0 1.0 1.0 1.0 0.0 1.0 1.0 1.0 1.0 1.0 1.0 1.0 1.0 1.0 1.0 
1.0 1.0 1.0 1.0 1.0 1.0 1.0 1.0 1.0 1.0 1.0 1.0 1.0 1.0 1.0 1.0 1.0 1.0 1.0 1.0 1.0 1.0 0.0 1.0 1.0 1.0 1.0 1.0 1.0 1.0 1.0 1.0 
1.0 1.0 1.0 1.0 1.0 1.0 1.0 1.0 1.0 1.0 1.0 1.0 1.0 1.0 1.0 1.0 1.0 1.0 1.0 1.0 1.0 1.0 1.0 0.0 1.0 1.0 1.0 1.0 1.0 1.0 1.0 1.0 
1.0 1.0 1.0 1.0 1.0 1.0 1.0 1.0 1.0 1.0 1.0 1.0 1.0 1.0 1.0 1.0 1.0 1.0 1.0 1.0 1.0 1.0 1.0 1.0 0.0 1.0 1.0 1.0 1.0 1.0 1.0 1.0 
1.0 1.0 1.0 1.0 1.0 1.0 1.0 1.0 1.0 1.0 1.0 1.0 1.0 1.0 1.0 1.0 1.0 1.0 1.0 1.0 1.0 1.0 1.0 1.0 1.0 0.0 1.0 1.0 1.0 1.0 1.0 1.0 
1.0 1.0 1.0 1.0 1.0 1.0 1.0 1.0 1.0 1.0 1.0 1.0 1.0 1.0 1.0 1.0 1.0 1.0 1.0 1.0 1.0 1.0 1.0 1.0 1.0 1.0 0.0 1.0 1.0 1.0 1.0 1.0 
1.0 1.0 1.0 1.0 1.0 1.0 1.0 1.0 1.0 1.0 1.0 1.0 1.0 1.0 1.0 1.0 1.0 1.0 1.0 1.0 1.0 1.0 1.0 1.0 1.0 1.0 1.0 0.0 1.0 1.0 1.0 1.0 
1.0 1.0 1.0 1.0 1.0 1.0 1.0 1.0 1.0 1.0 1.0 1.0 1.0 1.0 1.0 1.0 1.0 1.0 1.0 1.0 1.0 1.0 1.0 1.0 1.0 1.0 1.0 1.0 0.0 1.0 1.0 1.0 
1.0 1.0 1.0 1.0 1.0 1.0 1.0 1.0 1.0 1.0 1.0 1.0 1.0 1.0 1.0 1.0 1.0 1.0 1.0 1.0 1.0 1.0 1.0 1.0 1.0 1.0 1.0 1.0 1.0 0.0 1.0 1.0 
1.0 1.0 1.0 1.0 1.0 1.0 1.0 1.0 1.0 1.0 1.0 1.0 1.0 1.0 1.0 1.0 1.0 1.0 1.0 1.0 1.0 1.0 1.0 1.0 1.0 1.0 1.0 1.0 1.0 1.0 0.0 1.0 
1.0 1.0 1.0 1.0 1.0 1.0 1.0 1.0 1.0 1.0 1.0 1.0 1.0 1.0 1.0 1.0 1.0 1.0 1.0 1.0 1.0 1.0 1.0 1.0 1.0 1.0 1.0 1.0 1.0 1.0 1.0 0.0 