16 0.0 16.0 246 2880
45 74 93 3 13 31 25 81 27 38 100 66 6 60 50 8 
2 69 87 93 25 16 75 43 83 40 22 16 35 34 64 4 
63 45 54 55 39 8 27 79 65 68 29 44 81 20 1 70 
33 17 8 15 46 41 77 1 10 91 63 53 77 21 63 91 
27 65 36 57 49 64 3 15 40 76 5 91 23 65 27 95 
8 32 28 14 18 38 50 17 67 89 22 13 38 72 86 76 
6 98 83 3 92 29 99 36 4 88 11 62 74 5 97 91 
5 53 92 53 77 71 22 27 23 24 43 81 32 79 65 88 
76 93 58 63 60 42 32 23 22 37 19 20 37 65 46 17 
96 83 33 97 11 91 2 96 27 25 96 94 86 76 8 97 
100 99 95 75 73 11 46 72 17 17 58 31 74 75 60 35 
95 90 78 66 68 50 8 41 59 73 58 74 100 26 28 46 
4 17 84 22 13 60 51 88 37 92 39 63 61 60 7 13 
56 6 3 14 53 82 26 53 79 67 89 93 83 77 75 49 
15 33 63 57 55 34 89 88 10 17 64 51 31 17 16 81 
4 75 76 39 80 25 55 1 59 2 48 50 64 45 3 92 
0.0 1.0 1.0 1.0 1.0 1.0 1.0 1.0 1.0 1.0 1.0 1.0 1.0 1.0 1.0 1.0 
1.0 0.0 1.0 1.0 1.0 1.0 1.0 1.0 1.0 1.0 1.0 1.0 1.0 1.0 1.0 1.0 
1.0 1.0 0.0 1.0 1.0 1.0 1.0 1.0 1.0 1.0 1.0 1.0 1.0 1.0 1.0 1.0 
1.0 1.0 1.0 0.0 1.0 1.0 1.0 1.0 1.0 1.0 1.0 1.0 1.0 1.0 1.0 1.0 
1.0 1.0 1.0 1.0 0.0 1.0 1.0 1.0 1.0 1.0 1.0 1.0 1.0 1.0 1.0 1.0 
1.0 1.0 1.0 1.0 1.0 0.0 1.0 1.0 1.0 1.0 1.0 1.0 1.0 1.0 1.0 1.0 
1.0 1.0 1.0 1.0 1.0 1.0 0.0 1.0 1.0 1.0 1.0 1.0 1.0 1.0 1.0 1.0 
1.0 1.0 1.0 1.0 1.0 1.0 1.0 0.0 1.0 1.0 1.0 1.0 1.0 1.0 1.0 1.0 
1.0 1.0 1.0 1.0 1.0 1.0 1.0 1.0 0.0 1.0 1.0 1.0 1.0 1.0 1.0 1.0 
1.0 1.0 1.0 1.0 1.0 1.0 1.0 1.0 1.0 0.0 1.0 1.0 1.0 1.0 1.0 1.0 
1.0 1.0 1.0 1.0 1.0 1.0 1.0 1.0 1.0 1.0 0.0 1.0 1.0 1.0 1.0 1.0 
1.0 1.0 1.0 1.0 1.0 1.0 1.0 1.0 1.0 1.0 1.0 0.0 1.0 1.0 1.0 1.0 
1.0 1.0 1.0 1.0 1.0 1.0 1.0 1.0 1.0 1.0 1.0 1.0 0.0 1.0 1.0 1.0 
1.0 1.0 1.0 1.0 1.0 1.0 1.0 1.0 1.0 1.0 1.0 1.0 1.0 0.0 1.0 1.0 
1.0 1.0 1.0 1.0 1.0 1.0 1.0 1.0 1.0 1.0 1.0 1.0 1.0 1.0 0.0 1.0 
1.0 1.0 1.0 1.0 1.0 1.0 1.0 1.0 1.0 1.0 1.0 1.0 1.0 1.0 1.0 0.0 