64
75 66 5 53 10 75 49 80 24 13 26 26 80 15 35 47 51 95 64 28 85 99 35 50 59 7 83 53 81 43 12 25 49 42 55 15 77 43 85 77 99 24 59 83 45 14 32 58 89 6 77 27 38 78 82 85 37 34 43 58 68 40 19 87 
45 53 32 40 92 99 18 5 16 19 56 75 68 75 55 8 55 54 64 86 53 28 27 75 10 89 76 87 17 28 23 69 92 21 35 95 4 39 71 60 88 63 43 94 79 43 59 72 28 49 90 36 7 28 37 94 46 21 85 50 8 98 45 75 
29 88 11 62 14 83 95 22 66 21 72 62 100 71 96 58 49 49 77 91 49 24 84 67 68 75 39 40 70 25 17 15 20 27 33 15 35 31 32 13 98 45 97 61 99 48 82 91 25 25 42 28 17 21 84 24 90 80 82 14 20 44 32 81 
24 22 42 77 56 86 48 63 12 8 92 16 88 44 85 33 30 14 62 44 80 19 78 40 4 80 61 27 88 51 8 65 27 89 60 54 45 23 60 94 24 75 87 10 99 99 82 63 42 21 8 43 8 21 12 39 27 18 97 58 20 79 57 19 
51 79 37 98 69 41 3 18 68 83 18 64 50 68 63 23 88 1 40 2 82 1 13 2 81 42 50 48 88 50 55 48 56 7 45 99 21 92 64 4 78 11 49 53 40 35 37 63 7 35 77 39 31 81 74 71 68 22 83 25 12 14 10 55 
31 56 36 68 31 75 90 74 29 49 36 87 36 36 10 87 21 38 92 93 96 100 62 37 76 36 92 47 45 50 70 65 59 75 45 80 38 71 68 24 26 85 23 44 54 43 80 12 5 14 55 45 79 23 48 22 32 8 3 33 99 3 59 28 
5 94 72 51 54 46 89 70 69 33 42 40 92 59 12 53 68 90 49 96 14 26 13 59 4 65 79 5 30 5 33 13 79 92 10 55 17 81 25 9 89 44 38 100 15 53 81 6 74 72 39 75 67 30 84 23 43 80 100 86 71 98 76 72 
35 78 9 80 34 38 11 61 13 2 8 20 32 96 19 30 13 39 84 83 29 83 4 87 67 14 17 5 27 16 22 95 2 72 81 94 90 54 58 29 14 28 44 61 69 54 38 25 4 7 66 54 100 17 33 12 83 100 68 85 48 3 100 43 
16 97 7 11 43 58 1 19 8 77 69 21 82 94 9 74 42 61 88 67 52 55 99 74 71 26 53 32 93 8 14 10 86 47 34 71 61 41 93 72 25 93 50 37 63 1 72 8 44 47 40 99 28 31 99 18 31 70 29 54 6 14 69 92 
83 44 21 66 13 65 17 43 26 11 66 1 83 68 22 30 76 28 52 98 21 60 49 74 24 44 50 94 11 89 42 83 41 36 53 29 65 63 39 60 57 37 30 63 17 93 98 26 13 45 75 72 35 66 93 58 56 64 12 93 36 49 70 21 
47 89 28 65 35 43 47 85 41 69 43 92 22 37 9 25 84 12 1 47 12 84 60 85 37 45 18 30 27 9 53 76 26 53 31 74 5 85 27 45 97 79 99 33 86 44 96 95 46 25 79 11 76 44 77 88 82 7 75 20 42 62 32 30 
14 36 97 91 58 26 80 58 88 92 62 46 35 69 13 86 63 55 33 56 38 7 9 2 3 12 51 1 29 23 17 66 4 33 2 40 13 36 55 22 43 70 17 63 38 58 86 83 58 82 22 4 48 8 7 21 72 44 37 74 54 61 82 89 
94 27 73 8 87 54 100 15 2 14 1 17 31 67 6 90 7 40 70 13 72 81 80 46 84 68 82 94 69 39 60 82 89 60 62 93 51 45 50 93 33 40 51 29 23 76 59 22 55 36 32 49 35 31 48 89 81 48 98 38 52 66 83 98 
81 94 82 61 55 28 21 12 11 80 76 72 90 92 91 26 92 51 17 54 46 41 66 58 72 89 5 69 58 70 36 15 93 47 64 7 54 57 47 63 95 95 37 37 45 24 25 11 79 94 2 34 58 27 55 77 41 51 42 13 83 39 25 7 
90 14 5 19 66 47 48 96 87 93 1 86 75 7 74 49 7 58 55 99 52 48 54 75 7 94 56 96 13 24 48 32 74 33 66 53 92 9 76 99 81 17 8 7 68 42 16 57 40 69 52 90 2 29 13 6 56 13 27 77 79 45 22 57 
99 31 78 76 7 17 35 85 23 51 37 36 17 5 10 73 4 22 42 34 19 32 39 73 43 55 50 88 71 58 34 12 95 19 32 98 96 17 42 18 92 4 55 35 53 72 85 31 94 88 35 35 48 15 32 95 92 35 75 4 66 70 14 16 
86 85 57 39 73 10 22 88 60 86 79 5 40 84 53 95 100 29 88 90 19 42 17 36 24 6 47 73 12 61 61 61 30 55 18 73 10 73 19 4 38 85 49 48 92 84 68 18 42 53 65 35 42 39 91 91 16 8 98 68 45 77 1 80 
100 88 97 20 85 46 27 54 49 29 23 67 21 58 94 26 35 22 40 49 17 84 18 33 65 9 94 45 28 59 91 29 31 29 77 94 70 6 65 38 27 47 15 88 25 87 20 40 5 36 71 95 24 48 13 79 71 57 29 87 67 45 88 19 
72 16 47 66 7 58 33 92 11 23 51 60 57 31 51 10 41 91 44 54 55 15 75 35 16 23 96 47 94 20 8 84 88 98 7 92 17 96 83 19 11 21 30 93 93 28 89 38 50 6 90 74 76 82 6 22 79 69 3 6 12 45 19 11 
97 24 51 6 5 66 43 15 69 3 7 47 39 24 38 81 32 54 66 67 48 4 50 9 46 98 29 6 84 18 87 61 97 45 37 64 62 81 68 14 94 66 40 60 24 39 38 27 30 50 18 69 62 58 61 98 91 87 73 59 15 48 51 27 
29 100 7 69 75 89 22 6 69 29 47 81 88 15 26 73 36 89 30 100 46 13 18 69 12 72 38 20 20 64 76 69 9 22 62 79 51 42 46 34 59 51 32 67 94 60 16 51 21 20 35 8 61 82 27 87 45 38 99 97 88 92 71 17 
2 41 86 97 100 21 80 96 90 51 69 13 93 72 11 18 66 73 27 1 95 70 84 64 95 84 6 86 70 58 79 67 82 49 62 55 42 8 42 66 19 3 1 18 53 88 4 43 31 65 25 81 1 89 24 44 98 79 64 72 81 83 34 31 
79 82 11 24 21 78 99 21 34 77 60 76 9 42 91 88 67 99 52 69 15 46 57 37 43 85 88 75 93 17 29 94 94 24 30 33 39 16 68 50 25 53 36 15 94 12 51 40 18 3 12 60 56 86 13 91 35 51 79 21 69 8 100 83 
6 17 12 22 57 86 68 11 46 98 30 34 17 19 6 99 35 12 95 61 66 39 89 44 82 54 78 49 32 72 22 10 64 30 22 79 32 63 90 74 94 100 3 1 19 90 98 15 40 49 3 87 66 25 86 74 2 48 55 79 64 75 55 93 
72 100 23 66 90 40 60 13 31 89 23 28 49 94 8 15 26 72 89 28 34 81 92 36 7 41 80 50 100 70 65 91 32 85 2 48 5 1 25 65 43 40 28 7 37 4 58 6 72 24 62 51 100 47 7 77 2 30 31 83 91 88 97 40 
70 6 42 49 2 6 63 8 64 51 96 24 93 91 60 26 74 60 19 69 66 77 5 43 100 64 70 37 30 71 1 8 78 91 15 17 65 17 6 86 1 13 37 44 73 60 45 91 72 86 62 92 22 65 23 99 11 99 39 19 55 84 51 7 
41 81 62 28 21 90 16 76 50 33 58 66 84 48 92 68 87 86 58 66 58 91 42 9 83 100 48 62 49 18 45 97 23 47 1 2 21 82 64 30 68 13 42 73 53 69 52 16 11 10 42 74 77 64 30 28 89 56 54 99 27 77 54 88 
97 34 5 57 3 34 99 99 5 19 22 93 6 45 3 66 83 16 83 91 62 55 57 97 50 64 81 46 61 65 25 34 68 53 19 41 3 41 92 41 96 42 28 44 71 17 2 46 61 31 18 14 22 3 95 70 97 32 94 50 93 11 36 56 
87 94 100 9 8 54 18 32 31 54 87 58 21 42 46 37 31 29 63 68 73 7 37 83 68 56 46 28 84 39 27 11 84 73 44 3 18 63 50 71 27 98 37 91 27 9 94 6 25 9 65 83 56 51 49 95 60 99 80 44 44 41 63 7 
97 77 19 85 56 70 80 23 29 66 95 31 49 39 13 77 20 54 36 97 22 61 6 65 18 11 65 95 28 52 53 16 6 96 86 3 24 47 53 1 99 80 15 24 84 34 38 70 57 39 65 10 62 80 29 5 39 14 83 57 4 8 96 14 
58 84 43 65 7 59 50 22 29 15 20 46 81 77 88 27 77 95 74 80 91 95 86 61 73 2 71 46 92 58 100 43 77 98 100 89 89 34 20 51 12 96 30 43 2 87 95 99 53 6 23 22 95 10 75 48 28 80 2 73 7 30 27 92 
16 69 17 55 8 88 34 36 93 87 70 58 37 8 17 65 60 95 32 96 80 28 32 37 83 47 69 15 100 54 56 59 8 11 97 40 97 10 90 48 91 66 11 14 68 26 87 71 11 59 82 29 100 58 56 5 73 16 50 87 31 42 5 70 
84 14 60 92 52 10 16 73 44 33 71 42 70 33 17 47 94 30 91 100 27 22 58 5 92 48 40 88 2 40 58 98 82 76 92 51 24 88 52 68 82 60 42 87 28 36 92 53 10 55 10 26 34 73 94 87 38 84 4 86 47 44 30 40 
43 66 39 19 73 66 8 44 37 21 18 6 89 32 77 9 72 77 42 93 47 91 81 57 25 25 31 67 98 30 90 82 2 39 72 47 41 5 46 87 56 39 79 13 74 86 13 61 66 96 77 24 60 1 58 82 37 1 25 94 90 47 100 93 
81 12 68 72 23 49 71 69 91 4 5 23 41 40 56 96 15 87 84 21 96 88 64 62 33 74 43 64 60 10 9 56 9 39 26 100 81 73 34 16 60 20 20 41 47 73 36 44 35 11 83 62 12 45 80 76 57 22 98 49 77 73 67 45 
67 93 14 88 28 40 96 48 1 65 1 5 68 49 79 54 85 54 88 31 50 57 53 39 85 50 99 93 91 12 19 92 20 25 41 10 4 74 67 37 42 44 54 68 25 68 52 82 20 18 34 15 3 74 45 84 99 46 67 98 77 44 95 65 
4 92 79 54 66 99 48 91 96 13 64 40 33 83 94 6 93 78 75 78 20 5 47 99 47 87 55 81 60 67 16 69 20 27 60 2 51 61 1 89 44 70 30 10 90 36 50 50 21 55 30 16 25 82 94 23 66 50 95 12 100 88 4 67 
3 76 98 37 52 17 1 60 2 50 19 100 20 93 93 65 92 99 82 28 34 22 72 60 15 23 41 59 69 74 94 19 14 5 21 32 47 66 42 7 68 57 32 81 43 23 79 72 80 87 67 88 52 10 52 86 12 91 50 20 4 69 38 58 
81 100 83 6 80 38 35 51 40 4 45 57 72 23 96 44 20 77 59 77 70 49 10 100 26 95 10 97 27 80 70 97 69 69 30 52 16 31 53 27 3 35 28 30 14 97 47 33 25 95 93 44 16 87 59 33 75 88 40 100 61 62 20 50 
86 70 12 41 3 1 63 12 27 88 34 51 40 45 4 26 78 49 34 17 81 60 16 91 1 7 52 77 47 42 16 62 80 26 76 52 93 47 11 22 21 89 94 15 55 21 88 7 18 19 4 9 35 23 30 73 6 22 63 92 67 58 93 66 
22 24 56 32 60 2 92 45 44 82 26 33 9 77 88 16 6 92 36 50 54 78 81 93 58 7 83 51 83 69 35 11 81 69 76 19 60 1 58 64 70 51 1 49 22 43 72 31 2 98 76 41 55 39 28 58 94 87 71 74 65 58 79 90 
15 1 2 2 3 53 44 64 13 40 13 87 72 88 33 83 95 33 35 12 71 4 95 38 90 49 26 36 30 59 54 57 41 55 21 82 16 41 8 19 45 82 75 19 93 7 66 79 64 44 76 97 69 41 9 94 50 1 68 12 76 25 82 57 
26 72 29 40 84 1 3 88 67 78 1 14 57 25 64 49 7 6 98 64 58 63 89 74 3 20 35 89 44 28 30 61 10 22 99 15 85 32 23 3 90 90 54 30 78 47 56 95 73 19 53 87 27 74 39 29 31 4 75 3 17 63 82 64 
98 81 16 54 68 1 63 45 32 2 26 100 73 12 39 21 63 60 8 79 90 53 47 74 83 42 96 17 81 38 63 20 3 8 53 68 15 62 86 53 8 40 36 62 72 87 24 81 40 71 1 26 96 37 16 96 22 59 25 11 27 65 38 25 
41 82 95 30 46 66 24 29 53 66 67 49 7 23 29 18 6 97 7 26 70 14 6 1 50 65 8 2 61 45 44 20 30 38 36 30 21 5 45 27 93 25 83 93 23 76 57 14 18 53 42 40 88 65 8 15 27 17 59 7 55 80 93 59 
2 89 76 24 37 35 45 49 52 88 10 84 28 90 93 75 90 59 63 65 23 33 42 83 42 25 37 44 41 48 100 72 16 15 70 27 33 21 35 69 52 98 8 48 50 77 40 80 51 67 22 30 16 57 98 8 63 62 33 1 13 74 67 93 
58 93 37 3 81 9 27 18 52 79 44 5 31 11 4 84 89 91 68 75 88 13 93 37 4 38 88 58 38 1 17 4 51 42 65 43 96 80 66 26 56 23 5 30 27 51 62 87 20 93 70 34 5 93 3 34 79 9 58 30 40 75 70 30 
76 18 21 24 83 2 10 16 80 28 60 12 49 37 74 74 9 83 23 21 82 85 65 24 77 100 38 72 85 76 44 84 51 72 60 24 74 56 70 62 68 65 61 34 62 88 25 9 91 44 46 43 23 91 100 52 66 61 72 52 96 56 50 97 
17 25 37 20 14 63 63 73 50 11 8 81 64 67 85 80 59 75 57 53 37 62 35 27 3 100 37 56 24 30 31 82 61 90 6 76 15 60 11 83 69 59 56 33 82 87 47 11 45 2 39 50 34 80 33 73 19 17 80 38 75 27 28 85 
53 30 23 13 77 82 88 6 5 7 4 38 41 74 33 4 17 78 65 59 60 21 40 48 31 94 100 45 84 84 49 61 54 7 33 96 80 33 45 52 89 35 17 86 61 5 33 56 9 16 68 34 7 68 14 78 65 59 96 14 60 9 6 41 
76 81 67 85 52 45 72 37 25 81 33 62 81 57 36 78 72 75 30 20 17 36 95 71 62 49 73 65 74 17 50 38 90 86 16 10 74 16 76 8 34 80 59 19 23 90 1 19 42 99 36 70 79 37 13 74 59 51 22 28 6 37 7 68 
53 17 24 51 18 99 14 2 81 33 74 2 13 57 20 46 21 73 93 98 37 63 4 92 44 14 26 9 26 19 76 56 12 34 38 67 19 46 42 14 51 70 16 64 96 35 48 31 23 44 90 85 67 86 36 97 46 41 15 90 40 52 40 9 
99 44 60 38 56 99 66 10 2 8 8 6 76 33 88 39 29 50 75 52 92 5 55 11 88 97 29 36 79 93 69 21 89 50 71 66 100 92 64 53 97 95 56 59 95 67 94 19 5 72 1 42 7 84 90 11 92 100 86 20 31 82 81 77 
11 8 93 86 23 10 79 3 53 100 68 97 57 9 48 52 48 36 82 58 30 98 84 57 28 98 34 69 92 60 5 21 70 40 58 94 59 64 55 49 83 55 98 33 25 76 77 72 95 93 21 87 60 38 69 85 49 26 63 55 50 84 27 80 
72 92 68 77 32 35 14 72 23 10 67 18 5 78 43 73 86 53 69 1 78 98 100 39 14 55 54 19 45 37 73 15 39 59 2 54 51 76 98 81 92 14 16 91 19 75 67 76 11 20 77 60 68 60 79 5 89 85 46 73 91 65 75 28 
27 67 74 9 28 88 39 33 81 99 23 19 86 85 57 37 41 35 95 52 1 42 28 68 99 55 33 31 88 52 25 81 25 15 54 73 11 45 90 27 70 25 50 37 10 41 5 91 46 92 97 42 64 65 75 29 96 55 38 68 93 52 51 83 
47 2 73 86 10 96 24 47 29 33 69 57 37 2 9 94 10 86 9 19 48 5 2 92 73 18 30 84 78 40 55 70 32 36 35 87 68 23 97 89 16 54 54 64 86 27 82 70 2 71 36 79 6 10 55 88 36 74 8 51 4 10 83 62 
64 51 79 17 74 34 23 89 12 48 49 28 81 95 84 82 64 87 82 79 53 20 18 21 56 13 25 36 76 50 8 2 60 25 45 48 83 56 29 97 75 2 30 27 55 23 2 60 98 69 28 85 53 93 7 61 70 33 22 27 28 63 7 14 
94 45 85 54 33 93 43 66 26 98 29 94 68 25 88 80 58 26 76 71 82 99 71 79 98 41 19 40 52 46 73 27 25 14 27 75 90 25 8 96 40 38 42 92 52 40 12 53 45 86 1 33 43 3 96 7 88 77 37 17 77 43 44 100 
13 97 66 7 38 58 100 62 5 91 13 75 10 45 41 44 44 37 32 54 30 45 45 83 89 58 28 30 31 11 51 27 63 68 64 36 6 56 98 96 39 69 8 30 21 9 80 75 76 23 86 47 8 77 33 65 59 3 12 49 36 36 98 93 
66 99 73 9 86 30 94 33 26 8 81 26 31 32 29 76 13 47 98 13 38 43 56 97 47 91 81 69 1 49 60 81 63 15 54 65 23 19 92 95 96 48 28 9 16 56 37 60 97 25 29 24 32 17 88 23 13 72 46 60 70 30 51 25 
72 100 26 40 89 47 82 49 8 18 65 46 82 48 23 26 47 92 10 30 51 20 80 89 14 28 60 88 92 10 43 30 87 97 88 6 55 31 9 33 38 58 60 8 45 72 78 11 89 86 10 33 38 2 40 63 5 49 86 44 97 95 8 44 
1 86 72 49 36 3 75 21 49 96 41 76 40 74 39 86 48 94 81 65 75 81 77 15 47 67 41 75 60 55 49 21 82 64 82 44 11 94 92 2 67 37 86 86 58 58 18 4 19 32 18 98 87 52 25 34 55 31 23 100 11 26 32 99 
26 86 45 74 66 85 80 15 49 3 20 89 68 61 48 66 16 87 50 64 44 2 27 39 68 50 99 61 79 78 86 45 98 17 85 94 3 8 29 21 64 23 67 34 1 18 79 32 91 37 39 74 3 17 2 86 81 12 72 84 57 21 51 3 
0.0 1.0 1.0 1.0 1.0 1.0 1.0 1.0 1.0 1.0 1.0 1.0 1.0 1.0 1.0 1.0 1.0 1.0 1.0 1.0 1.0 1.0 1.0 1.0 1.0 1.0 1.0 1.0 1.0 1.0 1.0 1.0 1.0 1.0 1.0 1.0 1.0 1.0 1.0 1.0 1.0 1.0 1.0 1.0 1.0 1.0 1.0 1.0 1.0 1.0 1.0 1.0 1.0 1.0 1.0 1.0 1.0 1.0 1.0 1.0 1.0 1.0 1.0 1.0 
1.0 0.0 1.0 1.0 1.0 1.0 1.0 1.0 1.0 1.0 1.0 1.0 1.0 1.0 1.0 1.0 1.0 1.0 1.0 1.0 1.0 1.0 1.0 1.0 1.0 1.0 1.0 1.0 1.0 1.0 1.0 1.0 1.0 1.0 1.0 1.0 1.0 1.0 1.0 1.0 1.0 1.0 1.0 1.0 1.0 1.0 1.0 1.0 1.0 1.0 1.0 1.0 1.0 1.0 1.0 1.0 1.0 1.0 1.0 1.0 1.0 1.0 1.0 1.0 
1.0 1.0 0.0 1.0 1.0 1.0 1.0 1.0 1.0 1.0 1.0 1.0 1.0 1.0 1.0 1.0 1.0 1.0 1.0 1.0 1.0 1.0 1.0 1.0 1.0 1.0 1.0 1.0 1.0 1.0 1.0 1.0 1.0 1.0 1.0 1.0 1.0 1.0 1.0 1.0 1.0 1.0 1.0 1.0 1.0 1.0 1.0 1.0 1.0 1.0 1.0 1.0 1.0 1.0 1.0 1.0 1.0 1.0 1.0 1.0 1.0 1.0 1.0 1.0 
1.0 1.0 1.0 0.0 1.0 1.0 1.0 1.0 1.0 1.0 1.0 1.0 1.0 1.0 1.0 1.0 1.0 1.0 1.0 1.0 1.0 1.0 1.0 1.0 1.0 1.0 1.0 1.0 1.0 1.0 1.0 1.0 1.0 1.0 1.0 1.0 1.0 1.0 1.0 1.0 1.0 1.0 1.0 1.0 1.0 1.0 1.0 1.0 1.0 1.0 1.0 1.0 1.0 1.0 1.0 1.0 1.0 1.0 1.0 1.0 1.0 1.0 1.0 1.0 
1.0 1.0 1.0 1.0 0.0 1.0 1.0 1.0 1.0 1.0 1.0 1.0 1.0 1.0 1.0 1.0 1.0 1.0 1.0 1.0 1.0 1.0 1.0 1.0 1.0 1.0 1.0 1.0 1.0 1.0 1.0 1.0 1.0 1.0 1.0 1.0 1.0 1.0 1.0 1.0 1.0 1.0 1.0 1.0 1.0 1.0 1.0 1.0 1.0 1.0 1.0 1.0 1.0 1.0 1.0 1.0 1.0 1.0 1.0 1.0 1.0 1.0 1.0 1.0 
1.0 1.0 1.0 1.0 1.0 0.0 1.0 1.0 1.0 1.0 1.0 1.0 1.0 1.0 1.0 1.0 1.0 1.0 1.0 1.0 1.0 1.0 1.0 1.0 1.0 1.0 1.0 1.0 1.0 1.0 1.0 1.0 1.0 1.0 1.0 1.0 1.0 1.0 1.0 1.0 1.0 1.0 1.0 1.0 1.0 1.0 1.0 1.0 1.0 1.0 1.0 1.0 1.0 1.0 1.0 1.0 1.0 1.0 1.0 1.0 1.0 1.0 1.0 1.0 
1.0 1.0 1.0 1.0 1.0 1.0 0.0 1.0 1.0 1.0 1.0 1.0 1.0 1.0 1.0 1.0 1.0 1.0 1.0 1.0 1.0 1.0 1.0 1.0 1.0 1.0 1.0 1.0 1.0 1.0 1.0 1.0 1.0 1.0 1.0 1.0 1.0 1.0 1.0 1.0 1.0 1.0 1.0 1.0 1.0 1.0 1.0 1.0 1.0 1.0 1.0 1.0 1.0 1.0 1.0 1.0 1.0 1.0 1.0 1.0 1.0 1.0 1.0 1.0 
1.0 1.0 1.0 1.0 1.0 1.0 1.0 0.0 1.0 1.0 1.0 1.0 1.0 1.0 1.0 1.0 1.0 1.0 1.0 1.0 1.0 1.0 1.0 1.0 1.0 1.0 1.0 1.0 1.0 1.0 1.0 1.0 1.0 1.0 1.0 1.0 1.0 1.0 1.0 1.0 1.0 1.0 1.0 1.0 1.0 1.0 1.0 1.0 1.0 1.0 1.0 1.0 1.0 1.0 1.0 1.0 1.0 1.0 1.0 1.0 1.0 1.0 1.0 1.0 
1.0 1.0 1.0 1.0 1.0 1.0 1.0 1.0 0.0 1.0 1.0 1.0 1.0 1.0 1.0 1.0 1.0 1.0 1.0 1.0 1.0 1.0 1.0 1.0 1.0 1.0 1.0 1.0 1.0 1.0 1.0 1.0 1.0 1.0 1.0 1.0 1.0 1.0 1.0 1.0 1.0 1.0 1.0 1.0 1.0 1.0 1.0 1.0 1.0 1.0 1.0 1.0 1.0 1.0 1.0 1.0 1.0 1.0 1.0 1.0 1.0 1.0 1.0 1.0 
1.0 1.0 1.0 1.0 1.0 1.0 1.0 1.0 1.0 0.0 1.0 1.0 1.0 1.0 1.0 1.0 1.0 1.0 1.0 1.0 1.0 1.0 1.0 1.0 1.0 1.0 1.0 1.0 1.0 1.0 1.0 1.0 1.0 1.0 1.0 1.0 1.0 1.0 1.0 1.0 1.0 1.0 1.0 1.0 1.0 1.0 1.0 1.0 1.0 1.0 1.0 1.0 1.0 1.0 1.0 1.0 1.0 1.0 1.0 1.0 1.0 1.0 1.0 1.0 
1.0 1.0 1.0 1.0 1.0 1.0 1.0 1.0 1.0 1.0 0.0 1.0 1.0 1.0 1.0 1.0 1.0 1.0 1.0 1.0 1.0 1.0 1.0 1.0 1.0 1.0 1.0 1.0 1.0 1.0 1.0 1.0 1.0 1.0 1.0 1.0 1.0 1.0 1.0 1.0 1.0 1.0 1.0 1.0 1.0 1.0 1.0 1.0 1.0 1.0 1.0 1.0 1.0 1.0 1.0 1.0 1.0 1.0 1.0 1.0 1.0 1.0 1.0 1.0 
1.0 1.0 1.0 1.0 1.0 1.0 1.0 1.0 1.0 1.0 1.0 0.0 1.0 1.0 1.0 1.0 1.0 1.0 1.0 1.0 1.0 1.0 1.0 1.0 1.0 1.0 1.0 1.0 1.0 1.0 1.0 1.0 1.0 1.0 1.0 1.0 1.0 1.0 1.0 1.0 1.0 1.0 1.0 1.0 1.0 1.0 1.0 1.0 1.0 1.0 1.0 1.0 1.0 1.0 1.0 1.0 1.0 1.0 1.0 1.0 1.0 1.0 1.0 1.0 
1.0 1.0 1.0 1.0 1.0 1.0 1.0 1.0 1.0 1.0 1.0 1.0 0.0 1.0 1.0 1.0 1.0 1.0 1.0 1.0 1.0 1.0 1.0 1.0 1.0 1.0 1.0 1.0 1.0 1.0 1.0 1.0 1.0 1.0 1.0 1.0 1.0 1.0 1.0 1.0 1.0 1.0 1.0 1.0 1.0 1.0 1.0 1.0 1.0 1.0 1.0 1.0 1.0 1.0 1.0 1.0 1.0 1.0 1.0 1.0 1.0 1.0 1.0 1.0 
1.0 1.0 1.0 1.0 1.0 1.0 1.0 1.0 1.0 1.0 1.0 1.0 1.0 0.0 1.0 1.0 1.0 1.0 1.0 1.0 1.0 1.0 1.0 1.0 1.0 1.0 1.0 1.0 1.0 1.0 1.0 1.0 1.0 1.0 1.0 1.0 1.0 1.0 1.0 1.0 1.0 1.0 1.0 1.0 1.0 1.0 1.0 1.0 1.0 1.0 1.0 1.0 1.0 1.0 1.0 1.0 1.0 1.0 1.0 1.0 1.0 1.0 1.0 1.0 
1.0 1.0 1.0 1.0 1.0 1.0 1.0 1.0 1.0 1.0 1.0 1.0 1.0 1.0 0.0 1.0 1.0 1.0 1.0 1.0 1.0 1.0 1.0 1.0 1.0 1.0 1.0 1.0 1.0 1.0 1.0 1.0 1.0 1.0 1.0 1.0 1.0 1.0 1.0 1.0 1.0 1.0 1.0 1.0 1.0 1.0 1.0 1.0 1.0 1.0 1.0 1.0 1.0 1.0 1.0 1.0 1.0 1.0 1.0 1.0 1.0 1.0 1.0 1.0 
1.0 1.0 1.0 1.0 1.0 1.0 1.0 1.0 1.0 1.0 1.0 1.0 1.0 1.0 1.0 0.0 1.0 1.0 1.0 1.0 1.0 1.0 1.0 1.0 1.0 1.0 1.0 1.0 1.0 1.0 1.0 1.0 1.0 1.0 1.0 1.0 1.0 1.0 1.0 1.0 1.0 1.0 1.0 1.0 1.0 1.0 1.0 1.0 1.0 1.0 1.0 1.0 1.0 1.0 1.0 1.0 1.0 1.0 1.0 1.0 1.0 1.0 1.0 1.0 
1.0 1.0 1.0 1.0 1.0 1.0 1.0 1.0 1.0 1.0 1.0 1.0 1.0 1.0 1.0 1.0 0.0 1.0 1.0 1.0 1.0 1.0 1.0 1.0 1.0 1.0 1.0 1.0 1.0 1.0 1.0 1.0 1.0 1.0 1.0 1.0 1.0 1.0 1.0 1.0 1.0 1.0 1.0 1.0 1.0 1.0 1.0 1.0 1.0 1.0 1.0 1.0 1.0 1.0 1.0 1.0 1.0 1.0 1.0 1.0 1.0 1.0 1.0 1.0 
1.0 1.0 1.0 1.0 1.0 1.0 1.0 1.0 1.0 1.0 1.0 1.0 1.0 1.0 1.0 1.0 1.0 0.0 1.0 1.0 1.0 1.0 1.0 1.0 1.0 1.0 1.0 1.0 1.0 1.0 1.0 1.0 1.0 1.0 1.0 1.0 1.0 1.0 1.0 1.0 1.0 1.0 1.0 1.0 1.0 1.0 1.0 1.0 1.0 1.0 1.0 1.0 1.0 1.0 1.0 1.0 1.0 1.0 1.0 1.0 1.0 1.0 1.0 1.0 
1.0 1.0 1.0 1.0 1.0 1.0 1.0 1.0 1.0 1.0 1.0 1.0 1.0 1.0 1.0 1.0 1.0 1.0 0.0 1.0 1.0 1.0 1.0 1.0 1.0 1.0 1.0 1.0 1.0 1.0 1.0 1.0 1.0 1.0 1.0 1.0 1.0 1.0 1.0 1.0 1.0 1.0 1.0 1.0 1.0 1.0 1.0 1.0 1.0 1.0 1.0 1.0 1.0 1.0 1.0 1.0 1.0 1.0 1.0 1.0 1.0 1.0 1.0 1.0 
1.0 1.0 1.0 1.0 1.0 1.0 1.0 1.0 1.0 1.0 1.0 1.0 1.0 1.0 1.0 1.0 1.0 1.0 1.0 0.0 1.0 1.0 1.0 1.0 1.0 1.0 1.0 1.0 1.0 1.0 1.0 1.0 1.0 1.0 1.0 1.0 1.0 1.0 1.0 1.0 1.0 1.0 1.0 1.0 1.0 1.0 1.0 1.0 1.0 1.0 1.0 1.0 1.0 1.0 1.0 1.0 1.0 1.0 1.0 1.0 1.0 1.0 1.0 1.0 
1.0 1.0 1.0 1.0 1.0 1.0 1.0 1.0 1.0 1.0 1.0 1.0 1.0 1.0 1.0 1.0 1.0 1.0 1.0 1.0 0.0 1.0 1.0 1.0 1.0 1.0 1.0 1.0 1.0 1.0 1.0 1.0 1.0 1.0 1.0 1.0 1.0 1.0 1.0 1.0 1.0 1.0 1.0 1.0 1.0 1.0 1.0 1.0 1.0 1.0 1.0 1.0 1.0 1.0 1.0 1.0 1.0 1.0 1.0 1.0 1.0 1.0 1.0 1.0 
1.0 1.0 1.0 1.0 1.0 1.0 1.0 1.0 1.0 1.0 1.0 1.0 1.0 1.0 1.0 1.0 1.0 1.0 1.0 1.0 1.0 0.0 1.0 1.0 1.0 1.0 1.0 1.0 1.0 1.0 1.0 1.0 1.0 1.0 1.0 1.0 1.0 1.0 1.0 1.0 1.0 1.0 1.0 1.0 1.0 1.0 1.0 1.0 1.0 1.0 1.0 1.0 1.0 1.0 1.0 1.0 1.0 1.0 1.0 1.0 1.0 1.0 1.0 1.0 
1.0 1.0 1.0 1.0 1.0 1.0 1.0 1.0 1.0 1.0 1.0 1.0 1.0 1.0 1.0 1.0 1.0 1.0 1.0 1.0 1.0 1.0 0.0 1.0 1.0 1.0 1.0 1.0 1.0 1.0 1.0 1.0 1.0 1.0 1.0 1.0 1.0 1.0 1.0 1.0 1.0 1.0 1.0 1.0 1.0 1.0 1.0 1.0 1.0 1.0 1.0 1.0 1.0 1.0 1.0 1.0 1.0 1.0 1.0 1.0 1.0 1.0 1.0 1.0 
1.0 1.0 1.0 1.0 1.0 1.0 1.0 1.0 1.0 1.0 1.0 1.0 1.0 1.0 1.0 1.0 1.0 1.0 1.0 1.0 1.0 1.0 1.0 0.0 1.0 1.0 1.0 1.0 1.0 1.0 1.0 1.0 1.0 1.0 1.0 1.0 1.0 1.0 1.0 1.0 1.0 1.0 1.0 1.0 1.0 1.0 1.0 1.0 1.0 1.0 1.0 1.0 1.0 1.0 1.0 1.0 1.0 1.0 1.0 1.0 1.0 1.0 1.0 1.0 
1.0 1.0 1.0 1.0 1.0 1.0 1.0 1.0 1.0 1.0 1.0 1.0 1.0 1.0 1.0 1.0 1.0 1.0 1.0 1.0 1.0 1.0 1.0 1.0 0.0 1.0 1.0 1.0 1.0 1.0 1.0 1.0 1.0 1.0 1.0 1.0 1.0 1.0 1.0 1.0 1.0 1.0 1.0 1.0 1.0 1.0 1.0 1.0 1.0 1.0 1.0 1.0 1.0 1.0 1.0 1.0 1.0 1.0 1.0 1.0 1.0 1.0 1.0 1.0 
1.0 1.0 1.0 1.0 1.0 1.0 1.0 1.0 1.0 1.0 1.0 1.0 1.0 1.0 1.0 1.0 1.0 1.0 1.0 1.0 1.0 1.0 1.0 1.0 1.0 0.0 1.0 1.0 1.0 1.0 1.0 1.0 1.0 1.0 1.0 1.0 1.0 1.0 1.0 1.0 1.0 1.0 1.0 1.0 1.0 1.0 1.0 1.0 1.0 1.0 1.0 1.0 1.0 1.0 1.0 1.0 1.0 1.0 1.0 1.0 1.0 1.0 1.0 1.0 
1.0 1.0 1.0 1.0 1.0 1.0 1.0 1.0 1.0 1.0 1.0 1.0 1.0 1.0 1.0 1.0 1.0 1.0 1.0 1.0 1.0 1.0 1.0 1.0 1.0 1.0 0.0 1.0 1.0 1.0 1.0 1.0 1.0 1.0 1.0 1.0 1.0 1.0 1.0 1.0 1.0 1.0 1.0 1.0 1.0 1.0 1.0 1.0 1.0 1.0 1.0 1.0 1.0 1.0 1.0 1.0 1.0 1.0 1.0 1.0 1.0 1.0 1.0 1.0 
1.0 1.0 1.0 1.0 1.0 1.0 1.0 1.0 1.0 1.0 1.0 1.0 1.0 1.0 1.0 1.0 1.0 1.0 1.0 1.0 1.0 1.0 1.0 1.0 1.0 1.0 1.0 0.0 1.0 1.0 1.0 1.0 1.0 1.0 1.0 1.0 1.0 1.0 1.0 1.0 1.0 1.0 1.0 1.0 1.0 1.0 1.0 1.0 1.0 1.0 1.0 1.0 1.0 1.0 1.0 1.0 1.0 1.0 1.0 1.0 1.0 1.0 1.0 1.0 
1.0 1.0 1.0 1.0 1.0 1.0 1.0 1.0 1.0 1.0 1.0 1.0 1.0 1.0 1.0 1.0 1.0 1.0 1.0 1.0 1.0 1.0 1.0 1.0 1.0 1.0 1.0 1.0 0.0 1.0 1.0 1.0 1.0 1.0 1.0 1.0 1.0 1.0 1.0 1.0 1.0 1.0 1.0 1.0 1.0 1.0 1.0 1.0 1.0 1.0 1.0 1.0 1.0 1.0 1.0 1.0 1.0 1.0 1.0 1.0 1.0 1.0 1.0 1.0 
1.0 1.0 1.0 1.0 1.0 1.0 1.0 1.0 1.0 1.0 1.0 1.0 1.0 1.0 1.0 1.0 1.0 1.0 1.0 1.0 1.0 1.0 1.0 1.0 1.0 1.0 1.0 1.0 1.0 0.0 1.0 1.0 1.0 1.0 1.0 1.0 1.0 1.0 1.0 1.0 1.0 1.0 1.0 1.0 1.0 1.0 1.0 1.0 1.0 1.0 1.0 1.0 1.0 1.0 1.0 1.0 1.0 1.0 1.0 1.0 1.0 1.0 1.0 1.0 
1.0 1.0 1.0 1.0 1.0 1.0 1.0 1.0 1.0 1.0 1.0 1.0 1.0 1.0 1.0 1.0 1.0 1.0 1.0 1.0 1.0 1.0 1.0 1.0 1.0 1.0 1.0 1.0 1.0 1.0 0.0 1.0 1.0 1.0 1.0 1.0 1.0 1.0 1.0 1.0 1.0 1.0 1.0 1.0 1.0 1.0 1.0 1.0 1.0 1.0 1.0 1.0 1.0 1.0 1.0 1.0 1.0 1.0 1.0 1.0 1.0 1.0 1.0 1.0 
1.0 1.0 1.0 1.0 1.0 1.0 1.0 1.0 1.0 1.0 1.0 1.0 1.0 1.0 1.0 1.0 1.0 1.0 1.0 1.0 1.0 1.0 1.0 1.0 1.0 1.0 1.0 1.0 1.0 1.0 1.0 0.0 1.0 1.0 1.0 1.0 1.0 1.0 1.0 1.0 1.0 1.0 1.0 1.0 1.0 1.0 1.0 1.0 1.0 1.0 1.0 1.0 1.0 1.0 1.0 1.0 1.0 1.0 1.0 1.0 1.0 1.0 1.0 1.0 
1.0 1.0 1.0 1.0 1.0 1.0 1.0 1.0 1.0 1.0 1.0 1.0 1.0 1.0 1.0 1.0 1.0 1.0 1.0 1.0 1.0 1.0 1.0 1.0 1.0 1.0 1.0 1.0 1.0 1.0 1.0 1.0 0.0 1.0 1.0 1.0 1.0 1.0 1.0 1.0 1.0 1.0 1.0 1.0 1.0 1.0 1.0 1.0 1.0 1.0 1.0 1.0 1.0 1.0 1.0 1.0 1.0 1.0 1.0 1.0 1.0 1.0 1.0 1.0 
1.0 1.0 1.0 1.0 1.0 1.0 1.0 1.0 1.0 1.0 1.0 1.0 1.0 1.0 1.0 1.0 1.0 1.0 1.0 1.0 1.0 1.0 1.0 1.0 1.0 1.0 1.0 1.0 1.0 1.0 1.0 1.0 1.0 0.0 1.0 1.0 1.0 1.0 1.0 1.0 1.0 1.0 1.0 1.0 1.0 1.0 1.0 1.0 1.0 1.0 1.0 1.0 1.0 1.0 1.0 1.0 1.0 1.0 1.0 1.0 1.0 1.0 1.0 1.0 
1.0 1.0 1.0 1.0 1.0 1.0 1.0 1.0 1.0 1.0 1.0 1.0 1.0 1.0 1.0 1.0 1.0 1.0 1.0 1.0 1.0 1.0 1.0 1.0 1.0 1.0 1.0 1.0 1.0 1.0 1.0 1.0 1.0 1.0 0.0 1.0 1.0 1.0 1.0 1.0 1.0 1.0 1.0 1.0 1.0 1.0 1.0 1.0 1.0 1.0 1.0 1.0 1.0 1.0 1.0 1.0 1.0 1.0 1.0 1.0 1.0 1.0 1.0 1.0 
1.0 1.0 1.0 1.0 1.0 1.0 1.0 1.0 1.0 1.0 1.0 1.0 1.0 1.0 1.0 1.0 1.0 1.0 1.0 1.0 1.0 1.0 1.0 1.0 1.0 1.0 1.0 1.0 1.0 1.0 1.0 1.0 1.0 1.0 1.0 0.0 1.0 1.0 1.0 1.0 1.0 1.0 1.0 1.0 1.0 1.0 1.0 1.0 1.0 1.0 1.0 1.0 1.0 1.0 1.0 1.0 1.0 1.0 1.0 1.0 1.0 1.0 1.0 1.0 
1.0 1.0 1.0 1.0 1.0 1.0 1.0 1.0 1.0 1.0 1.0 1.0 1.0 1.0 1.0 1.0 1.0 1.0 1.0 1.0 1.0 1.0 1.0 1.0 1.0 1.0 1.0 1.0 1.0 1.0 1.0 1.0 1.0 1.0 1.0 1.0 0.0 1.0 1.0 1.0 1.0 1.0 1.0 1.0 1.0 1.0 1.0 1.0 1.0 1.0 1.0 1.0 1.0 1.0 1.0 1.0 1.0 1.0 1.0 1.0 1.0 1.0 1.0 1.0 
1.0 1.0 1.0 1.0 1.0 1.0 1.0 1.0 1.0 1.0 1.0 1.0 1.0 1.0 1.0 1.0 1.0 1.0 1.0 1.0 1.0 1.0 1.0 1.0 1.0 1.0 1.0 1.0 1.0 1.0 1.0 1.0 1.0 1.0 1.0 1.0 1.0 0.0 1.0 1.0 1.0 1.0 1.0 1.0 1.0 1.0 1.0 1.0 1.0 1.0 1.0 1.0 1.0 1.0 1.0 1.0 1.0 1.0 1.0 1.0 1.0 1.0 1.0 1.0 
1.0 1.0 1.0 1.0 1.0 1.0 1.0 1.0 1.0 1.0 1.0 1.0 1.0 1.0 1.0 1.0 1.0 1.0 1.0 1.0 1.0 1.0 1.0 1.0 1.0 1.0 1.0 1.0 1.0 1.0 1.0 1.0 1.0 1.0 1.0 1.0 1.0 1.0 0.0 1.0 1.0 1.0 1.0 1.0 1.0 1.0 1.0 1.0 1.0 1.0 1.0 1.0 1.0 1.0 1.0 1.0 1.0 1.0 1.0 1.0 1.0 1.0 1.0 1.0 
1.0 1.0 1.0 1.0 1.0 1.0 1.0 1.0 1.0 1.0 1.0 1.0 1.0 1.0 1.0 1.0 1.0 1.0 1.0 1.0 1.0 1.0 1.0 1.0 1.0 1.0 1.0 1.0 1.0 1.0 1.0 1.0 1.0 1.0 1.0 1.0 1.0 1.0 1.0 0.0 1.0 1.0 1.0 1.0 1.0 1.0 1.0 1.0 1.0 1.0 1.0 1.0 1.0 1.0 1.0 1.0 1.0 1.0 1.0 1.0 1.0 1.0 1.0 1.0 
1.0 1.0 1.0 1.0 1.0 1.0 1.0 1.0 1.0 1.0 1.0 1.0 1.0 1.0 1.0 1.0 1.0 1.0 1.0 1.0 1.0 1.0 1.0 1.0 1.0 1.0 1.0 1.0 1.0 1.0 1.0 1.0 1.0 1.0 1.0 1.0 1.0 1.0 1.0 1.0 0.0 1.0 1.0 1.0 1.0 1.0 1.0 1.0 1.0 1.0 1.0 1.0 1.0 1.0 1.0 1.0 1.0 1.0 1.0 1.0 1.0 1.0 1.0 1.0 
1.0 1.0 1.0 1.0 1.0 1.0 1.0 1.0 1.0 1.0 1.0 1.0 1.0 1.0 1.0 1.0 1.0 1.0 1.0 1.0 1.0 1.0 1.0 1.0 1.0 1.0 1.0 1.0 1.0 1.0 1.0 1.0 1.0 1.0 1.0 1.0 1.0 1.0 1.0 1.0 1.0 0.0 1.0 1.0 1.0 1.0 1.0 1.0 1.0 1.0 1.0 1.0 1.0 1.0 1.0 1.0 1.0 1.0 1.0 1.0 1.0 1.0 1.0 1.0 
1.0 1.0 1.0 1.0 1.0 1.0 1.0 1.0 1.0 1.0 1.0 1.0 1.0 1.0 1.0 1.0 1.0 1.0 1.0 1.0 1.0 1.0 1.0 1.0 1.0 1.0 1.0 1.0 1.0 1.0 1.0 1.0 1.0 1.0 1.0 1.0 1.0 1.0 1.0 1.0 1.0 1.0 0.0 1.0 1.0 1.0 1.0 1.0 1.0 1.0 1.0 1.0 1.0 1.0 1.0 1.0 1.0 1.0 1.0 1.0 1.0 1.0 1.0 1.0 
1.0 1.0 1.0 1.0 1.0 1.0 1.0 1.0 1.0 1.0 1.0 1.0 1.0 1.0 1.0 1.0 1.0 1.0 1.0 1.0 1.0 1.0 1.0 1.0 1.0 1.0 1.0 1.0 1.0 1.0 1.0 1.0 1.0 1.0 1.0 1.0 1.0 1.0 1.0 1.0 1.0 1.0 1.0 0.0 1.0 1.0 1.0 1.0 1.0 1.0 1.0 1.0 1.0 1.0 1.0 1.0 1.0 1.0 1.0 1.0 1.0 1.0 1.0 1.0 
1.0 1.0 1.0 1.0 1.0 1.0 1.0 1.0 1.0 1.0 1.0 1.0 1.0 1.0 1.0 1.0 1.0 1.0 1.0 1.0 1.0 1.0 1.0 1.0 1.0 1.0 1.0 1.0 1.0 1.0 1.0 1.0 1.0 1.0 1.0 1.0 1.0 1.0 1.0 1.0 1.0 1.0 1.0 1.0 0.0 1.0 1.0 1.0 1.0 1.0 1.0 1.0 1.0 1.0 1.0 1.0 1.0 1.0 1.0 1.0 1.0 1.0 1.0 1.0 
1.0 1.0 1.0 1.0 1.0 1.0 1.0 1.0 1.0 1.0 1.0 1.0 1.0 1.0 1.0 1.0 1.0 1.0 1.0 1.0 1.0 1.0 1.0 1.0 1.0 1.0 1.0 1.0 1.0 1.0 1.0 1.0 1.0 1.0 1.0 1.0 1.0 1.0 1.0 1.0 1.0 1.0 1.0 1.0 1.0 0.0 1.0 1.0 1.0 1.0 1.0 1.0 1.0 1.0 1.0 1.0 1.0 1.0 1.0 1.0 1.0 1.0 1.0 1.0 
1.0 1.0 1.0 1.0 1.0 1.0 1.0 1.0 1.0 1.0 1.0 1.0 1.0 1.0 1.0 1.0 1.0 1.0 1.0 1.0 1.0 1.0 1.0 1.0 1.0 1.0 1.0 1.0 1.0 1.0 1.0 1.0 1.0 1.0 1.0 1.0 1.0 1.0 1.0 1.0 1.0 1.0 1.0 1.0 1.0 1.0 0.0 1.0 1.0 1.0 1.0 1.0 1.0 1.0 1.0 1.0 1.0 1.0 1.0 1.0 1.0 1.0 1.0 1.0 
1.0 1.0 1.0 1.0 1.0 1.0 1.0 1.0 1.0 1.0 1.0 1.0 1.0 1.0 1.0 1.0 1.0 1.0 1.0 1.0 1.0 1.0 1.0 1.0 1.0 1.0 1.0 1.0 1.0 1.0 1.0 1.0 1.0 1.0 1.0 1.0 1.0 1.0 1.0 1.0 1.0 1.0 1.0 1.0 1.0 1.0 1.0 0.0 1.0 1.0 1.0 1.0 1.0 1.0 1.0 1.0 1.0 1.0 1.0 1.0 1.0 1.0 1.0 1.0 
1.0 1.0 1.0 1.0 1.0 1.0 1.0 1.0 1.0 1.0 1.0 1.0 1.0 1.0 1.0 1.0 1.0 1.0 1.0 1.0 1.0 1.0 1.0 1.0 1.0 1.0 1.0 1.0 1.0 1.0 1.0 1.0 1.0 1.0 1.0 1.0 1.0 1.0 1.0 1.0 1.0 1.0 1.0 1.0 1.0 1.0 1.0 1.0 0.0 1.0 1.0 1.0 1.0 1.0 1.0 1.0 1.0 1.0 1.0 1.0 1.0 1.0 1.0 1.0 
1.0 1.0 1.0 1.0 1.0 1.0 1.0 1.0 1.0 1.0 1.0 1.0 1.0 1.0 1.0 1.0 1.0 1.0 1.0 1.0 1.0 1.0 1.0 1.0 1.0 1.0 1.0 1.0 1.0 1.0 1.0 1.0 1.0 1.0 1.0 1.0 1.0 1.0 1.0 1.0 1.0 1.0 1.0 1.0 1.0 1.0 1.0 1.0 1.0 0.0 1.0 1.0 1.0 1.0 1.0 1.0 1.0 1.0 1.0 1.0 1.0 1.0 1.0 1.0 
1.0 1.0 1.0 1.0 1.0 1.0 1.0 1.0 1.0 1.0 1.0 1.0 1.0 1.0 1.0 1.0 1.0 1.0 1.0 1.0 1.0 1.0 1.0 1.0 1.0 1.0 1.0 1.0 1.0 1.0 1.0 1.0 1.0 1.0 1.0 1.0 1.0 1.0 1.0 1.0 1.0 1.0 1.0 1.0 1.0 1.0 1.0 1.0 1.0 1.0 0.0 1.0 1.0 1.0 1.0 1.0 1.0 1.0 1.0 1.0 1.0 1.0 1.0 1.0 
1.0 1.0 1.0 1.0 1.0 1.0 1.0 1.0 1.0 1.0 1.0 1.0 1.0 1.0 1.0 1.0 1.0 1.0 1.0 1.0 1.0 1.0 1.0 1.0 1.0 1.0 1.0 1.0 1.0 1.0 1.0 1.0 1.0 1.0 1.0 1.0 1.0 1.0 1.0 1.0 1.0 1.0 1.0 1.0 1.0 1.0 1.0 1.0 1.0 1.0 1.0 0.0 1.0 1.0 1.0 1.0 1.0 1.0 1.0 1.0 1.0 1.0 1.0 1.0 
1.0 1.0 1.0 1.0 1.0 1.0 1.0 1.0 1.0 1.0 1.0 1.0 1.0 1.0 1.0 1.0 1.0 1.0 1.0 1.0 1.0 1.0 1.0 1.0 1.0 1.0 1.0 1.0 1.0 1.0 1.0 1.0 1.0 1.0 1.0 1.0 1.0 1.0 1.0 1.0 1.0 1.0 1.0 1.0 1.0 1.0 1.0 1.0 1.0 1.0 1.0 1.0 0.0 1.0 1.0 1.0 1.0 1.0 1.0 1.0 1.0 1.0 1.0 1.0 
1.0 1.0 1.0 1.0 1.0 1.0 1.0 1.0 1.0 1.0 1.0 1.0 1.0 1.0 1.0 1.0 1.0 1.0 1.0 1.0 1.0 1.0 1.0 1.0 1.0 1.0 1.0 1.0 1.0 1.0 1.0 1.0 1.0 1.0 1.0 1.0 1.0 1.0 1.0 1.0 1.0 1.0 1.0 1.0 1.0 1.0 1.0 1.0 1.0 1.0 1.0 1.0 1.0 0.0 1.0 1.0 1.0 1.0 1.0 1.0 1.0 1.0 1.0 1.0 
1.0 1.0 1.0 1.0 1.0 1.0 1.0 1.0 1.0 1.0 1.0 1.0 1.0 1.0 1.0 1.0 1.0 1.0 1.0 1.0 1.0 1.0 1.0 1.0 1.0 1.0 1.0 1.0 1.0 1.0 1.0 1.0 1.0 1.0 1.0 1.0 1.0 1.0 1.0 1.0 1.0 1.0 1.0 1.0 1.0 1.0 1.0 1.0 1.0 1.0 1.0 1.0 1.0 1.0 0.0 1.0 1.0 1.0 1.0 1.0 1.0 1.0 1.0 1.0 
1.0 1.0 1.0 1.0 1.0 1.0 1.0 1.0 1.0 1.0 1.0 1.0 1.0 1.0 1.0 1.0 1.0 1.0 1.0 1.0 1.0 1.0 1.0 1.0 1.0 1.0 1.0 1.0 1.0 1.0 1.0 1.0 1.0 1.0 1.0 1.0 1.0 1.0 1.0 1.0 1.0 1.0 1.0 1.0 1.0 1.0 1.0 1.0 1.0 1.0 1.0 1.0 1.0 1.0 1.0 0.0 1.0 1.0 1.0 1.0 1.0 1.0 1.0 1.0 
1.0 1.0 1.0 1.0 1.0 1.0 1.0 1.0 1.0 1.0 1.0 1.0 1.0 1.0 1.0 1.0 1.0 1.0 1.0 1.0 1.0 1.0 1.0 1.0 1.0 1.0 1.0 1.0 1.0 1.0 1.0 1.0 1.0 1.0 1.0 1.0 1.0 1.0 1.0 1.0 1.0 1.0 1.0 1.0 1.0 1.0 1.0 1.0 1.0 1.0 1.0 1.0 1.0 1.0 1.0 1.0 0.0 1.0 1.0 1.0 1.0 1.0 1.0 1.0 
1.0 1.0 1.0 1.0 1.0 1.0 1.0 1.0 1.0 1.0 1.0 1.0 1.0 1.0 1.0 1.0 1.0 1.0 1.0 1.0 1.0 1.0 1.0 1.0 1.0 1.0 1.0 1.0 1.0 1.0 1.0 1.0 1.0 1.0 1.0 1.0 1.0 1.0 1.0 1.0 1.0 1.0 1.0 1.0 1.0 1.0 1.0 1.0 1.0 1.0 1.0 1.0 1.0 1.0 1.0 1.0 1.0 0.0 1.0 1.0 1.0 1.0 1.0 1.0 
1.0 1.0 1.0 1.0 1.0 1.0 1.0 1.0 1.0 1.0 1.0 1.0 1.0 1.0 1.0 1.0 1.0 1.0 1.0 1.0 1.0 1.0 1.0 1.0 1.0 1.0 1.0 1.0 1.0 1.0 1.0 1.0 1.0 1.0 1.0 1.0 1.0 1.0 1.0 1.0 1.0 1.0 1.0 1.0 1.0 1.0 1.0 1.0 1.0 1.0 1.0 1.0 1.0 1.0 1.0 1.0 1.0 1.0 0.0 1.0 1.0 1.0 1.0 1.0 
1.0 1.0 1.0 1.0 1.0 1.0 1.0 1.0 1.0 1.0 1.0 1.0 1.0 1.0 1.0 1.0 1.0 1.0 1.0 1.0 1.0 1.0 1.0 1.0 1.0 1.0 1.0 1.0 1.0 1.0 1.0 1.0 1.0 1.0 1.0 1.0 1.0 1.0 1.0 1.0 1.0 1.0 1.0 1.0 1.0 1.0 1.0 1.0 1.0 1.0 1.0 1.0 1.0 1.0 1.0 1.0 1.0 1.0 1.0 0.0 1.0 1.0 1.0 1.0 
1.0 1.0 1.0 1.0 1.0 1.0 1.0 1.0 1.0 1.0 1.0 1.0 1.0 1.0 1.0 1.0 1.0 1.0 1.0 1.0 1.0 1.0 1.0 1.0 1.0 1.0 1.0 1.0 1.0 1.0 1.0 1.0 1.0 1.0 1.0 1.0 1.0 1.0 1.0 1.0 1.0 1.0 1.0 1.0 1.0 1.0 1.0 1.0 1.0 1.0 1.0 1.0 1.0 1.0 1.0 1.0 1.0 1.0 1.0 1.0 0.0 1.0 1.0 1.0 
1.0 1.0 1.0 1.0 1.0 1.0 1.0 1.0 1.0 1.0 1.0 1.0 1.0 1.0 1.0 1.0 1.0 1.0 1.0 1.0 1.0 1.0 1.0 1.0 1.0 1.0 1.0 1.0 1.0 1.0 1.0 1.0 1.0 1.0 1.0 1.0 1.0 1.0 1.0 1.0 1.0 1.0 1.0 1.0 1.0 1.0 1.0 1.0 1.0 1.0 1.0 1.0 1.0 1.0 1.0 1.0 1.0 1.0 1.0 1.0 1.0 0.0 1.0 1.0 
1.0 1.0 1.0 1.0 1.0 1.0 1.0 1.0 1.0 1.0 1.0 1.0 1.0 1.0 1.0 1.0 1.0 1.0 1.0 1.0 1.0 1.0 1.0 1.0 1.0 1.0 1.0 1.0 1.0 1.0 1.0 1.0 1.0 1.0 1.0 1.0 1.0 1.0 1.0 1.0 1.0 1.0 1.0 1.0 1.0 1.0 1.0 1.0 1.0 1.0 1.0 1.0 1.0 1.0 1.0 1.0 1.0 1.0 1.0 1.0 1.0 1.0 0.0 1.0 
1.0 1.0 1.0 1.0 1.0 1.0 1.0 1.0 1.0 1.0 1.0 1.0 1.0 1.0 1.0 1.0 1.0 1.0 1.0 1.0 1.0 1.0 1.0 1.0 1.0 1.0 1.0 1.0 1.0 1.0 1.0 1.0 1.0 1.0 1.0 1.0 1.0 1.0 1.0 1.0 1.0 1.0 1.0 1.0 1.0 1.0 1.0 1.0 1.0 1.0 1.0 1.0 1.0 1.0 1.0 1.0 1.0 1.0 1.0 1.0 1.0 1.0 1.0 0.0 