64 0.0 64.0 356 12530
84 11 42 12 32 68 16 78 94 52 41 100 55 69 11 27 77 30 16 1 78 28 60 77 68 30 67 97 8 32 53 32 56 66 45 35 71 54 68 12 88 9 37 33 32 82 96 37 21 16 53 33 78 56 41 86 45 86 3 44 69 24 99 75 
85 91 48 1 55 2 48 29 53 70 65 34 76 94 62 18 42 20 87 68 80 27 43 68 34 41 73 53 29 78 26 22 83 43 31 17 27 11 69 45 82 27 58 28 24 86 59 100 7 92 44 94 75 31 28 2 20 58 43 27 19 65 32 89 
85 79 12 96 64 32 64 70 73 94 88 50 10 10 55 50 15 96 14 69 52 41 68 57 51 5 23 77 56 76 37 62 60 50 9 15 27 30 28 68 65 84 34 79 59 80 90 18 29 91 44 59 8 38 97 93 90 29 82 60 37 57 13 72 
43 88 57 80 34 89 31 40 73 72 31 63 16 78 93 53 27 26 77 80 15 35 22 85 86 23 70 43 13 46 45 86 29 79 74 16 25 90 11 2 69 39 36 10 76 21 2 3 42 43 32 77 81 61 65 17 97 89 1 57 86 65 68 17 
60 34 70 13 42 76 23 77 8 42 27 13 60 84 48 85 81 5 18 33 23 79 59 71 11 54 25 38 26 54 87 74 48 25 1 68 63 89 40 15 43 15 2 45 18 76 83 99 17 59 7 38 47 75 29 31 84 47 35 45 38 1 32 20 
61 60 75 52 69 43 68 67 97 27 21 43 24 26 83 87 84 12 34 65 65 40 35 48 37 12 58 92 96 40 14 36 2 89 45 6 8 52 14 1 88 55 41 70 7 8 7 18 64 11 99 46 62 73 33 57 41 31 88 9 25 49 36 29 
95 83 77 88 42 6 82 29 85 10 51 39 71 64 54 8 36 72 15 81 13 84 8 51 57 83 51 85 73 5 7 77 10 16 21 26 35 59 91 96 88 89 42 61 21 94 10 19 6 46 48 21 78 42 76 70 11 3 99 84 39 4 95 47 
28 42 21 48 76 72 19 37 60 16 100 72 7 89 86 67 2 18 81 86 18 38 58 18 19 21 69 86 2 39 30 57 12 67 48 16 50 31 26 15 44 69 71 94 100 45 13 28 54 7 72 87 76 85 89 46 95 79 78 63 73 43 12 14 
93 68 84 79 69 39 5 69 100 82 6 97 4 34 26 55 27 76 16 12 56 28 13 95 59 87 64 68 21 84 91 46 23 59 37 78 96 49 95 6 96 98 67 62 77 31 49 13 6 30 22 58 35 80 56 42 97 28 1 22 53 25 94 9 
78 83 61 35 78 36 75 52 56 32 48 47 54 30 99 72 39 34 90 12 73 5 21 97 76 15 49 87 6 68 87 99 46 24 3 95 42 55 9 21 57 3 20 62 18 42 99 52 39 100 30 89 13 52 85 5 49 23 58 66 60 47 39 34 
58 40 26 11 58 2 6 87 14 24 88 20 49 70 65 24 18 39 46 85 31 54 74 12 49 32 25 77 44 11 9 25 19 93 46 31 73 17 87 53 63 72 21 43 98 94 39 19 56 75 9 90 48 70 31 83 35 16 14 32 28 16 24 99 
81 18 29 44 14 17 64 85 53 33 15 33 6 50 81 40 51 34 99 57 37 81 81 50 55 3 29 14 69 16 69 33 76 88 47 100 95 53 45 15 49 76 94 43 18 70 84 42 78 23 54 97 50 91 83 91 64 28 56 81 41 39 61 87 
26 76 56 70 57 87 22 3 89 50 50 23 82 28 10 43 79 46 57 74 24 87 12 47 72 24 90 27 39 87 69 31 8 39 14 30 20 29 4 24 71 72 30 63 95 99 90 78 21 99 64 75 8 17 45 26 99 79 84 37 98 44 73 20 
92 92 30 97 53 10 63 6 33 96 59 41 56 22 1 1 93 16 62 93 49 82 64 3 75 67 63 96 58 68 6 59 94 44 10 92 12 84 25 24 47 27 18 33 50 79 44 45 93 19 26 53 50 32 18 35 77 52 59 10 15 15 18 7 
84 30 35 82 87 3 88 46 87 43 7 38 27 58 47 92 39 56 50 27 15 59 81 54 49 78 84 6 13 49 77 53 7 83 1 95 90 17 31 18 87 66 10 66 62 67 98 49 64 75 76 20 76 45 74 36 75 59 6 93 47 91 71 88 
24 51 7 2 1 41 19 11 17 44 68 15 38 24 19 85 20 68 92 31 45 54 63 16 36 48 71 9 70 42 26 92 51 61 79 97 59 86 28 78 35 96 68 43 71 79 39 14 45 22 77 17 36 57 49 32 66 14 62 24 62 37 68 88 
33 51 35 16 53 35 93 27 55 90 97 52 26 50 73 22 7 45 8 49 97 91 27 47 71 29 43 4 55 52 63 91 68 15 80 35 67 73 76 28 43 17 76 53 53 76 25 7 68 67 16 50 7 66 96 30 22 22 31 39 53 14 73 97 
82 56 53 5 26 10 7 2 67 23 80 79 53 52 53 52 31 15 94 76 18 38 82 26 62 41 15 7 12 45 40 48 38 12 52 96 54 86 37 79 20 77 62 58 85 6 3 51 79 9 6 16 26 83 67 10 58 29 44 4 87 67 7 31 
1 88 37 36 82 49 72 92 28 60 22 45 37 26 82 36 40 67 47 5 73 52 10 96 71 50 34 3 85 69 92 67 82 81 64 34 91 44 58 73 100 69 92 90 52 88 18 31 16 56 36 6 88 84 79 49 62 19 15 6 54 16 19 71 
66 33 38 5 70 12 64 72 61 95 57 29 48 98 41 51 50 62 89 21 56 64 15 7 19 43 41 10 56 84 53 36 5 61 65 9 65 91 3 95 66 52 20 23 11 100 68 54 43 60 30 47 79 39 9 88 98 34 10 84 57 64 35 27 
61 26 94 80 27 34 57 29 23 37 36 100 9 15 45 100 26 83 3 5 96 65 28 20 5 2 49 59 52 23 84 73 25 27 55 80 2 65 10 74 12 69 63 74 83 4 5 71 96 84 39 95 75 3 21 34 92 78 39 86 57 10 48 54 
43 9 87 55 56 54 56 55 19 58 1 75 90 63 46 78 88 51 99 40 81 45 25 51 74 71 26 95 36 89 15 85 17 45 29 36 65 33 24 74 45 21 69 52 79 79 38 26 48 91 37 41 97 87 43 74 47 39 84 51 17 79 23 23 
73 53 11 87 81 63 43 1 87 75 18 60 29 26 46 8 29 53 27 96 37 3 64 39 87 50 2 34 49 15 69 32 1 77 47 42 35 24 84 86 77 75 33 93 19 58 75 80 48 100 72 24 94 20 3 89 52 85 42 55 62 67 82 2 
35 78 31 43 28 27 97 58 18 39 31 96 62 28 74 96 80 56 8 98 77 29 4 17 99 24 31 74 12 71 65 13 79 70 48 54 78 64 27 79 77 81 70 19 52 56 11 28 50 27 64 67 51 28 66 90 27 94 29 44 58 35 63 56 
4 99 11 98 11 22 32 97 80 84 35 22 12 36 79 84 49 7 6 26 30 74 74 73 13 60 99 67 15 52 9 49 9 68 9 13 34 94 42 8 92 49 75 71 36 31 76 92 14 95 47 21 64 8 74 99 53 72 74 59 70 46 39 100 
70 45 31 15 86 77 46 77 2 30 72 35 80 35 76 16 12 15 80 26 60 1 28 2 7 30 30 59 72 16 36 83 53 53 68 33 85 99 5 54 53 29 47 64 79 75 58 20 20 1 53 95 77 17 51 17 5 56 15 9 50 99 55 5 
17 57 67 61 3 14 21 4 69 8 80 1 54 7 98 58 9 23 3 66 31 83 21 7 75 53 34 12 90 60 2 33 51 58 53 65 75 15 7 27 74 29 37 95 9 38 41 58 47 5 81 68 34 75 9 88 74 79 47 2 40 54 39 75 
35 98 89 88 67 10 28 11 34 23 77 96 54 38 31 5 87 31 70 99 79 100 1 63 7 98 44 31 13 51 15 44 45 37 33 52 8 75 36 21 57 92 80 82 5 30 75 7 73 85 6 66 71 65 34 100 84 29 57 42 40 96 80 27 
1 43 81 49 23 44 29 28 83 35 2 30 65 29 8 97 98 31 19 74 19 29 34 87 9 82 86 71 13 9 69 7 31 99 41 15 91 57 11 41 68 91 99 39 79 17 44 37 8 75 91 16 32 81 93 28 30 49 34 7 59 83 61 67 
62 75 32 25 6 36 22 13 73 36 58 87 8 44 97 89 41 66 60 66 85 50 59 4 76 100 2 43 2 35 76 53 3 57 50 52 39 33 7 4 1 81 74 77 18 98 22 96 29 5 59 91 15 16 49 38 93 26 44 1 13 29 8 47 
83 71 2 62 24 34 37 10 37 24 4 96 79 98 94 63 8 65 26 34 52 73 35 96 42 13 9 56 41 56 28 68 51 4 46 79 70 60 23 56 30 51 2 18 56 92 50 60 76 41 53 46 39 44 2 1 3 3 14 74 35 35 65 84 
69 85 73 59 18 30 35 100 27 87 88 83 35 73 40 79 39 24 80 62 76 68 58 61 23 68 19 62 72 86 100 9 10 92 66 69 43 12 79 92 35 86 22 95 52 39 17 87 79 73 41 86 90 25 52 26 61 51 76 54 36 81 81 39 
89 85 31 62 41 53 87 62 68 86 38 58 7 2 89 8 66 25 96 48 26 30 58 22 59 5 74 34 42 83 24 51 67 92 96 8 68 42 16 28 87 83 30 72 28 59 47 30 55 24 5 71 85 45 10 51 54 34 83 23 13 94 51 17 
37 65 86 47 89 50 60 24 34 1 4 93 12 45 54 8 99 43 68 87 16 67 13 28 3 72 31 97 48 39 70 39 41 92 51 41 62 31 59 46 99 93 58 35 83 54 11 66 82 98 47 88 80 67 52 55 87 91 17 6 24 3 31 53 
54 64 39 40 77 88 95 2 82 20 90 98 42 52 43 24 91 59 82 43 17 73 83 61 26 30 96 59 24 14 8 72 52 87 69 99 68 83 47 25 99 57 3 63 14 90 92 70 40 83 33 56 19 74 34 49 86 17 86 72 35 40 71 12 
86 20 25 2 63 5 62 41 53 88 9 76 93 96 26 53 61 56 48 55 28 85 18 1 79 32 93 38 44 19 69 95 12 14 10 51 76 15 26 19 55 72 80 17 2 87 49 24 35 7 41 19 80 82 73 14 30 68 44 30 15 89 41 1 
62 26 81 67 29 4 47 78 41 15 76 88 79 99 54 91 76 81 36 99 20 61 18 90 98 29 35 83 32 62 19 20 71 20 7 84 88 41 51 7 61 18 69 6 39 74 81 65 85 82 89 75 77 8 50 30 76 70 44 50 46 98 38 19 
85 42 28 90 26 16 56 67 85 14 14 47 25 6 11 34 77 37 13 36 28 86 53 51 60 73 29 12 68 74 14 65 25 94 40 2 26 90 28 78 98 83 5 28 17 55 72 32 43 97 100 65 70 64 83 28 65 65 65 41 49 75 45 40 
86 59 71 9 74 34 59 31 35 78 61 34 27 58 3 85 3 22 29 4 87 32 12 84 1 47 91 7 13 92 27 56 69 50 66 77 95 25 55 38 81 6 53 43 49 17 84 17 59 21 98 68 24 71 85 57 74 53 62 99 20 31 82 45 
60 94 4 41 86 99 99 18 56 80 68 68 22 77 26 97 44 46 80 36 57 22 65 41 18 87 67 83 87 77 60 34 83 19 54 8 94 77 39 70 27 24 100 85 82 72 81 69 45 57 65 20 47 61 12 38 4 98 83 99 47 1 66 48 
91 73 41 77 10 79 23 82 93 1 51 12 67 85 42 13 52 37 44 22 19 55 16 37 93 98 2 84 20 56 10 39 11 52 44 30 97 39 75 16 36 41 28 14 46 7 92 97 34 100 58 71 41 66 43 83 67 28 81 90 13 11 64 29 
22 3 12 56 67 86 29 89 26 44 90 25 38 87 67 94 52 100 69 33 1 18 90 11 35 35 98 79 87 7 26 49 86 58 99 57 46 99 9 71 18 28 22 52 88 42 4 97 12 30 66 31 18 84 48 85 87 69 32 30 48 85 15 92 
8 16 33 85 29 67 94 68 77 92 11 54 7 84 8 18 68 16 3 85 47 93 81 61 91 69 40 52 51 11 31 25 82 12 25 87 32 74 55 87 58 78 69 72 74 38 45 30 50 39 88 19 9 78 53 30 16 73 64 53 10 99 1 91 
81 94 34 94 97 86 72 56 94 59 20 96 6 68 88 89 80 29 64 42 52 94 18 73 61 76 73 35 58 54 94 90 14 72 60 10 84 1 90 68 81 40 3 87 76 41 18 82 43 61 46 90 21 74 5 90 38 69 13 12 39 14 30 88 
69 50 53 73 18 6 5 99 93 76 78 68 60 73 91 7 40 35 94 80 92 4 17 76 55 96 15 76 84 80 76 46 82 31 95 64 50 58 54 63 22 46 19 52 35 3 77 100 74 26 11 45 29 67 79 72 100 60 49 66 36 91 26 98 
17 4 25 26 54 99 24 39 15 8 5 93 99 78 17 1 19 21 16 79 85 58 59 16 35 46 25 52 1 74 23 34 17 36 88 12 81 29 65 63 16 36 43 95 44 7 92 7 41 17 56 97 2 83 72 16 16 80 21 54 6 55 84 6 
90 9 31 87 18 2 98 80 43 55 18 49 8 87 4 6 37 4 73 77 81 90 7 39 82 99 67 60 64 69 19 52 11 5 44 26 57 38 56 9 24 95 74 19 59 16 77 100 21 55 6 41 55 27 15 41 43 43 65 98 68 90 5 50 
76 54 35 3 76 3 34 82 48 34 54 41 69 37 83 91 5 64 18 32 93 37 100 42 36 48 61 75 44 65 15 44 92 85 80 100 51 38 8 54 48 82 15 26 21 17 75 34 89 67 35 72 29 99 97 93 72 50 42 35 86 60 33 6 
30 73 73 79 33 82 75 60 2 61 50 15 46 96 87 69 30 44 55 97 86 47 21 93 29 29 39 1 31 51 51 9 69 55 50 92 44 1 45 10 74 1 55 90 63 29 18 87 50 97 18 39 26 69 100 75 25 50 48 51 89 99 28 33 
46 29 60 89 71 18 88 72 6 62 96 25 20 75 16 75 69 29 62 59 24 55 93 75 37 29 22 76 32 24 93 50 36 7 2 86 55 12 3 73 69 31 96 27 24 13 72 41 77 97 61 56 29 23 23 31 90 47 29 98 100 14 37 56 
53 33 32 100 58 75 85 11 91 87 16 60 75 55 95 6 42 53 58 18 69 1 68 39 77 79 96 27 26 86 44 96 4 5 72 77 85 62 6 96 43 69 24 80 37 33 90 51 17 42 69 87 1 77 51 34 38 2 84 48 58 35 67 33 
21 99 40 6 3 21 14 75 23 88 83 21 44 90 99 31 42 77 12 47 65 83 97 1 34 1 8 33 46 60 55 67 72 8 17 52 68 49 57 36 34 41 6 56 80 67 94 32 42 42 81 20 56 34 88 63 40 60 35 27 5 92 69 70 
28 8 34 3 52 1 33 74 11 50 78 29 32 22 47 26 76 18 54 71 64 46 12 44 33 8 66 22 80 100 44 46 95 70 79 3 2 31 79 12 36 16 81 100 81 13 95 8 12 13 15 24 75 52 14 2 5 25 90 70 37 71 56 7 
38 38 87 94 68 59 99 6 38 37 65 75 94 38 16 43 73 1 17 19 5 13 6 44 44 81 12 72 93 88 100 96 21 2 76 31 94 34 7 20 27 34 46 18 73 74 31 30 41 23 17 25 7 78 59 99 69 8 86 96 87 81 69 51 
8 69 69 94 14 78 18 61 78 26 63 36 48 89 78 89 27 27 36 10 86 6 36 13 73 5 41 16 44 40 29 74 35 54 42 65 47 19 92 18 3 75 42 91 40 14 29 24 17 41 43 4 42 19 1 58 75 24 83 91 72 7 65 65 
20 66 71 72 96 80 59 93 40 56 27 21 87 88 16 89 77 33 47 19 29 83 15 100 11 25 93 11 100 59 18 50 41 76 55 86 32 57 30 4 64 85 29 12 29 6 34 1 79 72 54 43 4 37 46 65 58 47 9 99 84 23 100 35 
46 11 45 10 100 62 96 73 10 82 90 84 60 15 76 74 6 53 41 49 9 98 29 85 8 52 82 3 63 15 60 82 56 92 71 34 34 59 82 91 98 75 80 28 25 54 32 16 59 80 91 12 61 69 46 91 56 48 30 15 80 37 3 41 
41 86 18 98 73 11 65 23 52 15 1 68 91 98 31 77 20 98 35 55 98 11 98 33 21 25 5 49 55 13 66 82 40 78 58 59 7 52 5 67 44 21 70 80 91 40 3 24 91 64 11 95 90 99 60 99 80 16 69 9 50 97 95 27 
99 21 34 71 99 30 16 75 18 99 24 22 92 4 90 41 71 43 70 87 70 98 61 90 59 49 51 64 97 38 28 16 61 9 27 65 95 64 77 65 7 27 29 79 18 79 91 55 5 21 72 20 37 62 84 83 80 30 98 54 14 81 8 85 
64 84 14 43 82 73 57 84 34 12 31 99 78 37 25 83 30 20 6 75 45 44 26 97 15 67 57 98 23 7 23 27 37 33 81 94 85 57 19 98 71 98 1 35 97 57 6 99 54 10 47 41 66 4 98 64 88 90 47 89 73 44 60 81 
7 65 84 11 42 6 57 50 37 49 88 70 14 42 38 26 23 96 65 29 70 75 98 7 27 29 80 69 18 25 69 45 9 38 5 81 82 91 84 93 1 93 57 84 28 54 37 10 21 53 36 45 90 57 48 3 10 25 54 61 72 6 52 91 
28 6 90 26 88 100 23 53 78 42 28 51 8 80 64 79 68 18 36 50 18 9 28 16 30 78 55 67 56 40 61 21 18 74 68 6 76 43 30 61 40 91 42 62 13 49 11 78 7 42 21 18 100 71 68 1 96 17 8 8 96 100 43 100 
87 43 34 44 71 88 2 6 100 82 26 42 39 49 85 37 84 79 60 15 64 60 17 35 57 21 76 74 32 28 62 4 40 14 36 16 36 7 38 11 26 2 18 53 86 63 30 100 63 58 31 17 69 44 96 68 53 22 25 9 65 1 57 10 
76 20 28 83 48 24 20 44 71 60 78 59 73 27 77 43 7 59 74 33 100 80 52 63 97 18 41 70 32 3 24 35 89 66 67 23 67 52 44 84 72 58 94 4 70 40 55 37 29 83 73 62 2 52 33 85 71 56 27 77 59 97 17 56 
0.0 1.0 1.0 1.0 1.0 1.0 1.0 1.0 1.0 1.0 1.0 1.0 1.0 1.0 1.0 1.0 1.0 1.0 1.0 1.0 1.0 1.0 1.0 1.0 1.0 1.0 1.0 1.0 1.0 1.0 1.0 1.0 1.0 1.0 1.0 1.0 1.0 1.0 1.0 1.0 1.0 1.0 1.0 1.0 1.0 1.0 1.0 1.0 1.0 1.0 1.0 1.0 1.0 1.0 1.0 1.0 1.0 1.0 1.0 1.0 1.0 1.0 1.0 1.0 
1.0 0.0 1.0 1.0 1.0 1.0 1.0 1.0 1.0 1.0 1.0 1.0 1.0 1.0 1.0 1.0 1.0 1.0 1.0 1.0 1.0 1.0 1.0 1.0 1.0 1.0 1.0 1.0 1.0 1.0 1.0 1.0 1.0 1.0 1.0 1.0 1.0 1.0 1.0 1.0 1.0 1.0 1.0 1.0 1.0 1.0 1.0 1.0 1.0 1.0 1.0 1.0 1.0 1.0 1.0 1.0 1.0 1.0 1.0 1.0 1.0 1.0 1.0 1.0 
1.0 1.0 0.0 1.0 1.0 1.0 1.0 1.0 1.0 1.0 1.0 1.0 1.0 1.0 1.0 1.0 1.0 1.0 1.0 1.0 1.0 1.0 1.0 1.0 1.0 1.0 1.0 1.0 1.0 1.0 1.0 1.0 1.0 1.0 1.0 1.0 1.0 1.0 1.0 1.0 1.0 1.0 1.0 1.0 1.0 1.0 1.0 1.0 1.0 1.0 1.0 1.0 1.0 1.0 1.0 1.0 1.0 1.0 1.0 1.0 1.0 1.0 1.0 1.0 
1.0 1.0 1.0 0.0 1.0 1.0 1.0 1.0 1.0 1.0 1.0 1.0 1.0 1.0 1.0 1.0 1.0 1.0 1.0 1.0 1.0 1.0 1.0 1.0 1.0 1.0 1.0 1.0 1.0 1.0 1.0 1.0 1.0 1.0 1.0 1.0 1.0 1.0 1.0 1.0 1.0 1.0 1.0 1.0 1.0 1.0 1.0 1.0 1.0 1.0 1.0 1.0 1.0 1.0 1.0 1.0 1.0 1.0 1.0 1.0 1.0 1.0 1.0 1.0 
1.0 1.0 1.0 1.0 0.0 1.0 1.0 1.0 1.0 1.0 1.0 1.0 1.0 1.0 1.0 1.0 1.0 1.0 1.0 1.0 1.0 1.0 1.0 1.0 1.0 1.0 1.0 1.0 1.0 1.0 1.0 1.0 1.0 1.0 1.0 1.0 1.0 1.0 1.0 1.0 1.0 1.0 1.0 1.0 1.0 1.0 1.0 1.0 1.0 1.0 1.0 1.0 1.0 1.0 1.0 1.0 1.0 1.0 1.0 1.0 1.0 1.0 1.0 1.0 
1.0 1.0 1.0 1.0 1.0 0.0 1.0 1.0 1.0 1.0 1.0 1.0 1.0 1.0 1.0 1.0 1.0 1.0 1.0 1.0 1.0 1.0 1.0 1.0 1.0 1.0 1.0 1.0 1.0 1.0 1.0 1.0 1.0 1.0 1.0 1.0 1.0 1.0 1.0 1.0 1.0 1.0 1.0 1.0 1.0 1.0 1.0 1.0 1.0 1.0 1.0 1.0 1.0 1.0 1.0 1.0 1.0 1.0 1.0 1.0 1.0 1.0 1.0 1.0 
1.0 1.0 1.0 1.0 1.0 1.0 0.0 1.0 1.0 1.0 1.0 1.0 1.0 1.0 1.0 1.0 1.0 1.0 1.0 1.0 1.0 1.0 1.0 1.0 1.0 1.0 1.0 1.0 1.0 1.0 1.0 1.0 1.0 1.0 1.0 1.0 1.0 1.0 1.0 1.0 1.0 1.0 1.0 1.0 1.0 1.0 1.0 1.0 1.0 1.0 1.0 1.0 1.0 1.0 1.0 1.0 1.0 1.0 1.0 1.0 1.0 1.0 1.0 1.0 
1.0 1.0 1.0 1.0 1.0 1.0 1.0 0.0 1.0 1.0 1.0 1.0 1.0 1.0 1.0 1.0 1.0 1.0 1.0 1.0 1.0 1.0 1.0 1.0 1.0 1.0 1.0 1.0 1.0 1.0 1.0 1.0 1.0 1.0 1.0 1.0 1.0 1.0 1.0 1.0 1.0 1.0 1.0 1.0 1.0 1.0 1.0 1.0 1.0 1.0 1.0 1.0 1.0 1.0 1.0 1.0 1.0 1.0 1.0 1.0 1.0 1.0 1.0 1.0 
1.0 1.0 1.0 1.0 1.0 1.0 1.0 1.0 0.0 1.0 1.0 1.0 1.0 1.0 1.0 1.0 1.0 1.0 1.0 1.0 1.0 1.0 1.0 1.0 1.0 1.0 1.0 1.0 1.0 1.0 1.0 1.0 1.0 1.0 1.0 1.0 1.0 1.0 1.0 1.0 1.0 1.0 1.0 1.0 1.0 1.0 1.0 1.0 1.0 1.0 1.0 1.0 1.0 1.0 1.0 1.0 1.0 1.0 1.0 1.0 1.0 1.0 1.0 1.0 
1.0 1.0 1.0 1.0 1.0 1.0 1.0 1.0 1.0 0.0 1.0 1.0 1.0 1.0 1.0 1.0 1.0 1.0 1.0 1.0 1.0 1.0 1.0 1.0 1.0 1.0 1.0 1.0 1.0 1.0 1.0 1.0 1.0 1.0 1.0 1.0 1.0 1.0 1.0 1.0 1.0 1.0 1.0 1.0 1.0 1.0 1.0 1.0 1.0 1.0 1.0 1.0 1.0 1.0 1.0 1.0 1.0 1.0 1.0 1.0 1.0 1.0 1.0 1.0 
1.0 1.0 1.0 1.0 1.0 1.0 1.0 1.0 1.0 1.0 0.0 1.0 1.0 1.0 1.0 1.0 1.0 1.0 1.0 1.0 1.0 1.0 1.0 1.0 1.0 1.0 1.0 1.0 1.0 1.0 1.0 1.0 1.0 1.0 1.0 1.0 1.0 1.0 1.0 1.0 1.0 1.0 1.0 1.0 1.0 1.0 1.0 1.0 1.0 1.0 1.0 1.0 1.0 1.0 1.0 1.0 1.0 1.0 1.0 1.0 1.0 1.0 1.0 1.0 
1.0 1.0 1.0 1.0 1.0 1.0 1.0 1.0 1.0 1.0 1.0 0.0 1.0 1.0 1.0 1.0 1.0 1.0 1.0 1.0 1.0 1.0 1.0 1.0 1.0 1.0 1.0 1.0 1.0 1.0 1.0 1.0 1.0 1.0 1.0 1.0 1.0 1.0 1.0 1.0 1.0 1.0 1.0 1.0 1.0 1.0 1.0 1.0 1.0 1.0 1.0 1.0 1.0 1.0 1.0 1.0 1.0 1.0 1.0 1.0 1.0 1.0 1.0 1.0 
1.0 1.0 1.0 1.0 1.0 1.0 1.0 1.0 1.0 1.0 1.0 1.0 0.0 1.0 1.0 1.0 1.0 1.0 1.0 1.0 1.0 1.0 1.0 1.0 1.0 1.0 1.0 1.0 1.0 1.0 1.0 1.0 1.0 1.0 1.0 1.0 1.0 1.0 1.0 1.0 1.0 1.0 1.0 1.0 1.0 1.0 1.0 1.0 1.0 1.0 1.0 1.0 1.0 1.0 1.0 1.0 1.0 1.0 1.0 1.0 1.0 1.0 1.0 1.0 
1.0 1.0 1.0 1.0 1.0 1.0 1.0 1.0 1.0 1.0 1.0 1.0 1.0 0.0 1.0 1.0 1.0 1.0 1.0 1.0 1.0 1.0 1.0 1.0 1.0 1.0 1.0 1.0 1.0 1.0 1.0 1.0 1.0 1.0 1.0 1.0 1.0 1.0 1.0 1.0 1.0 1.0 1.0 1.0 1.0 1.0 1.0 1.0 1.0 1.0 1.0 1.0 1.0 1.0 1.0 1.0 1.0 1.0 1.0 1.0 1.0 1.0 1.0 1.0 
1.0 1.0 1.0 1.0 1.0 1.0 1.0 1.0 1.0 1.0 1.0 1.0 1.0 1.0 0.0 1.0 1.0 1.0 1.0 1.0 1.0 1.0 1.0 1.0 1.0 1.0 1.0 1.0 1.0 1.0 1.0 1.0 1.0 1.0 1.0 1.0 1.0 1.0 1.0 1.0 1.0 1.0 1.0 1.0 1.0 1.0 1.0 1.0 1.0 1.0 1.0 1.0 1.0 1.0 1.0 1.0 1.0 1.0 1.0 1.0 1.0 1.0 1.0 1.0 
1.0 1.0 1.0 1.0 1.0 1.0 1.0 1.0 1.0 1.0 1.0 1.0 1.0 1.0 1.0 0.0 1.0 1.0 1.0 1.0 1.0 1.0 1.0 1.0 1.0 1.0 1.0 1.0 1.0 1.0 1.0 1.0 1.0 1.0 1.0 1.0 1.0 1.0 1.0 1.0 1.0 1.0 1.0 1.0 1.0 1.0 1.0 1.0 1.0 1.0 1.0 1.0 1.0 1.0 1.0 1.0 1.0 1.0 1.0 1.0 1.0 1.0 1.0 1.0 
1.0 1.0 1.0 1.0 1.0 1.0 1.0 1.0 1.0 1.0 1.0 1.0 1.0 1.0 1.0 1.0 0.0 1.0 1.0 1.0 1.0 1.0 1.0 1.0 1.0 1.0 1.0 1.0 1.0 1.0 1.0 1.0 1.0 1.0 1.0 1.0 1.0 1.0 1.0 1.0 1.0 1.0 1.0 1.0 1.0 1.0 1.0 1.0 1.0 1.0 1.0 1.0 1.0 1.0 1.0 1.0 1.0 1.0 1.0 1.0 1.0 1.0 1.0 1.0 
1.0 1.0 1.0 1.0 1.0 1.0 1.0 1.0 1.0 1.0 1.0 1.0 1.0 1.0 1.0 1.0 1.0 0.0 1.0 1.0 1.0 1.0 1.0 1.0 1.0 1.0 1.0 1.0 1.0 1.0 1.0 1.0 1.0 1.0 1.0 1.0 1.0 1.0 1.0 1.0 1.0 1.0 1.0 1.0 1.0 1.0 1.0 1.0 1.0 1.0 1.0 1.0 1.0 1.0 1.0 1.0 1.0 1.0 1.0 1.0 1.0 1.0 1.0 1.0 
1.0 1.0 1.0 1.0 1.0 1.0 1.0 1.0 1.0 1.0 1.0 1.0 1.0 1.0 1.0 1.0 1.0 1.0 0.0 1.0 1.0 1.0 1.0 1.0 1.0 1.0 1.0 1.0 1.0 1.0 1.0 1.0 1.0 1.0 1.0 1.0 1.0 1.0 1.0 1.0 1.0 1.0 1.0 1.0 1.0 1.0 1.0 1.0 1.0 1.0 1.0 1.0 1.0 1.0 1.0 1.0 1.0 1.0 1.0 1.0 1.0 1.0 1.0 1.0 
1.0 1.0 1.0 1.0 1.0 1.0 1.0 1.0 1.0 1.0 1.0 1.0 1.0 1.0 1.0 1.0 1.0 1.0 1.0 0.0 1.0 1.0 1.0 1.0 1.0 1.0 1.0 1.0 1.0 1.0 1.0 1.0 1.0 1.0 1.0 1.0 1.0 1.0 1.0 1.0 1.0 1.0 1.0 1.0 1.0 1.0 1.0 1.0 1.0 1.0 1.0 1.0 1.0 1.0 1.0 1.0 1.0 1.0 1.0 1.0 1.0 1.0 1.0 1.0 
1.0 1.0 1.0 1.0 1.0 1.0 1.0 1.0 1.0 1.0 1.0 1.0 1.0 1.0 1.0 1.0 1.0 1.0 1.0 1.0 0.0 1.0 1.0 1.0 1.0 1.0 1.0 1.0 1.0 1.0 1.0 1.0 1.0 1.0 1.0 1.0 1.0 1.0 1.0 1.0 1.0 1.0 1.0 1.0 1.0 1.0 1.0 1.0 1.0 1.0 1.0 1.0 1.0 1.0 1.0 1.0 1.0 1.0 1.0 1.0 1.0 1.0 1.0 1.0 
1.0 1.0 1.0 1.0 1.0 1.0 1.0 1.0 1.0 1.0 1.0 1.0 1.0 1.0 1.0 1.0 1.0 1.0 1.0 1.0 1.0 0.0 1.0 1.0 1.0 1.0 1.0 1.0 1.0 1.0 1.0 1.0 1.0 1.0 1.0 1.0 1.0 1.0 1.0 1.0 1.0 1.0 1.0 1.0 1.0 1.0 1.0 1.0 1.0 1.0 1.0 1.0 1.0 1.0 1.0 1.0 1.0 1.0 1.0 1.0 1.0 1.0 1.0 1.0 
1.0 1.0 1.0 1.0 1.0 1.0 1.0 1.0 1.0 1.0 1.0 1.0 1.0 1.0 1.0 1.0 1.0 1.0 1.0 1.0 1.0 1.0 0.0 1.0 1.0 1.0 1.0 1.0 1.0 1.0 1.0 1.0 1.0 1.0 1.0 1.0 1.0 1.0 1.0 1.0 1.0 1.0 1.0 1.0 1.0 1.0 1.0 1.0 1.0 1.0 1.0 1.0 1.0 1.0 1.0 1.0 1.0 1.0 1.0 1.0 1.0 1.0 1.0 1.0 
1.0 1.0 1.0 1.0 1.0 1.0 1.0 1.0 1.0 1.0 1.0 1.0 1.0 1.0 1.0 1.0 1.0 1.0 1.0 1.0 1.0 1.0 1.0 0.0 1.0 1.0 1.0 1.0 1.0 1.0 1.0 1.0 1.0 1.0 1.0 1.0 1.0 1.0 1.0 1.0 1.0 1.0 1.0 1.0 1.0 1.0 1.0 1.0 1.0 1.0 1.0 1.0 1.0 1.0 1.0 1.0 1.0 1.0 1.0 1.0 1.0 1.0 1.0 1.0 
1.0 1.0 1.0 1.0 1.0 1.0 1.0 1.0 1.0 1.0 1.0 1.0 1.0 1.0 1.0 1.0 1.0 1.0 1.0 1.0 1.0 1.0 1.0 1.0 0.0 1.0 1.0 1.0 1.0 1.0 1.0 1.0 1.0 1.0 1.0 1.0 1.0 1.0 1.0 1.0 1.0 1.0 1.0 1.0 1.0 1.0 1.0 1.0 1.0 1.0 1.0 1.0 1.0 1.0 1.0 1.0 1.0 1.0 1.0 1.0 1.0 1.0 1.0 1.0 
1.0 1.0 1.0 1.0 1.0 1.0 1.0 1.0 1.0 1.0 1.0 1.0 1.0 1.0 1.0 1.0 1.0 1.0 1.0 1.0 1.0 1.0 1.0 1.0 1.0 0.0 1.0 1.0 1.0 1.0 1.0 1.0 1.0 1.0 1.0 1.0 1.0 1.0 1.0 1.0 1.0 1.0 1.0 1.0 1.0 1.0 1.0 1.0 1.0 1.0 1.0 1.0 1.0 1.0 1.0 1.0 1.0 1.0 1.0 1.0 1.0 1.0 1.0 1.0 
1.0 1.0 1.0 1.0 1.0 1.0 1.0 1.0 1.0 1.0 1.0 1.0 1.0 1.0 1.0 1.0 1.0 1.0 1.0 1.0 1.0 1.0 1.0 1.0 1.0 1.0 0.0 1.0 1.0 1.0 1.0 1.0 1.0 1.0 1.0 1.0 1.0 1.0 1.0 1.0 1.0 1.0 1.0 1.0 1.0 1.0 1.0 1.0 1.0 1.0 1.0 1.0 1.0 1.0 1.0 1.0 1.0 1.0 1.0 1.0 1.0 1.0 1.0 1.0 
1.0 1.0 1.0 1.0 1.0 1.0 1.0 1.0 1.0 1.0 1.0 1.0 1.0 1.0 1.0 1.0 1.0 1.0 1.0 1.0 1.0 1.0 1.0 1.0 1.0 1.0 1.0 0.0 1.0 1.0 1.0 1.0 1.0 1.0 1.0 1.0 1.0 1.0 1.0 1.0 1.0 1.0 1.0 1.0 1.0 1.0 1.0 1.0 1.0 1.0 1.0 1.0 1.0 1.0 1.0 1.0 1.0 1.0 1.0 1.0 1.0 1.0 1.0 1.0 
1.0 1.0 1.0 1.0 1.0 1.0 1.0 1.0 1.0 1.0 1.0 1.0 1.0 1.0 1.0 1.0 1.0 1.0 1.0 1.0 1.0 1.0 1.0 1.0 1.0 1.0 1.0 1.0 0.0 1.0 1.0 1.0 1.0 1.0 1.0 1.0 1.0 1.0 1.0 1.0 1.0 1.0 1.0 1.0 1.0 1.0 1.0 1.0 1.0 1.0 1.0 1.0 1.0 1.0 1.0 1.0 1.0 1.0 1.0 1.0 1.0 1.0 1.0 1.0 
1.0 1.0 1.0 1.0 1.0 1.0 1.0 1.0 1.0 1.0 1.0 1.0 1.0 1.0 1.0 1.0 1.0 1.0 1.0 1.0 1.0 1.0 1.0 1.0 1.0 1.0 1.0 1.0 1.0 0.0 1.0 1.0 1.0 1.0 1.0 1.0 1.0 1.0 1.0 1.0 1.0 1.0 1.0 1.0 1.0 1.0 1.0 1.0 1.0 1.0 1.0 1.0 1.0 1.0 1.0 1.0 1.0 1.0 1.0 1.0 1.0 1.0 1.0 1.0 
1.0 1.0 1.0 1.0 1.0 1.0 1.0 1.0 1.0 1.0 1.0 1.0 1.0 1.0 1.0 1.0 1.0 1.0 1.0 1.0 1.0 1.0 1.0 1.0 1.0 1.0 1.0 1.0 1.0 1.0 0.0 1.0 1.0 1.0 1.0 1.0 1.0 1.0 1.0 1.0 1.0 1.0 1.0 1.0 1.0 1.0 1.0 1.0 1.0 1.0 1.0 1.0 1.0 1.0 1.0 1.0 1.0 1.0 1.0 1.0 1.0 1.0 1.0 1.0 
1.0 1.0 1.0 1.0 1.0 1.0 1.0 1.0 1.0 1.0 1.0 1.0 1.0 1.0 1.0 1.0 1.0 1.0 1.0 1.0 1.0 1.0 1.0 1.0 1.0 1.0 1.0 1.0 1.0 1.0 1.0 0.0 1.0 1.0 1.0 1.0 1.0 1.0 1.0 1.0 1.0 1.0 1.0 1.0 1.0 1.0 1.0 1.0 1.0 1.0 1.0 1.0 1.0 1.0 1.0 1.0 1.0 1.0 1.0 1.0 1.0 1.0 1.0 1.0 
1.0 1.0 1.0 1.0 1.0 1.0 1.0 1.0 1.0 1.0 1.0 1.0 1.0 1.0 1.0 1.0 1.0 1.0 1.0 1.0 1.0 1.0 1.0 1.0 1.0 1.0 1.0 1.0 1.0 1.0 1.0 1.0 0.0 1.0 1.0 1.0 1.0 1.0 1.0 1.0 1.0 1.0 1.0 1.0 1.0 1.0 1.0 1.0 1.0 1.0 1.0 1.0 1.0 1.0 1.0 1.0 1.0 1.0 1.0 1.0 1.0 1.0 1.0 1.0 
1.0 1.0 1.0 1.0 1.0 1.0 1.0 1.0 1.0 1.0 1.0 1.0 1.0 1.0 1.0 1.0 1.0 1.0 1.0 1.0 1.0 1.0 1.0 1.0 1.0 1.0 1.0 1.0 1.0 1.0 1.0 1.0 1.0 0.0 1.0 1.0 1.0 1.0 1.0 1.0 1.0 1.0 1.0 1.0 1.0 1.0 1.0 1.0 1.0 1.0 1.0 1.0 1.0 1.0 1.0 1.0 1.0 1.0 1.0 1.0 1.0 1.0 1.0 1.0 
1.0 1.0 1.0 1.0 1.0 1.0 1.0 1.0 1.0 1.0 1.0 1.0 1.0 1.0 1.0 1.0 1.0 1.0 1.0 1.0 1.0 1.0 1.0 1.0 1.0 1.0 1.0 1.0 1.0 1.0 1.0 1.0 1.0 1.0 0.0 1.0 1.0 1.0 1.0 1.0 1.0 1.0 1.0 1.0 1.0 1.0 1.0 1.0 1.0 1.0 1.0 1.0 1.0 1.0 1.0 1.0 1.0 1.0 1.0 1.0 1.0 1.0 1.0 1.0 
1.0 1.0 1.0 1.0 1.0 1.0 1.0 1.0 1.0 1.0 1.0 1.0 1.0 1.0 1.0 1.0 1.0 1.0 1.0 1.0 1.0 1.0 1.0 1.0 1.0 1.0 1.0 1.0 1.0 1.0 1.0 1.0 1.0 1.0 1.0 0.0 1.0 1.0 1.0 1.0 1.0 1.0 1.0 1.0 1.0 1.0 1.0 1.0 1.0 1.0 1.0 1.0 1.0 1.0 1.0 1.0 1.0 1.0 1.0 1.0 1.0 1.0 1.0 1.0 
1.0 1.0 1.0 1.0 1.0 1.0 1.0 1.0 1.0 1.0 1.0 1.0 1.0 1.0 1.0 1.0 1.0 1.0 1.0 1.0 1.0 1.0 1.0 1.0 1.0 1.0 1.0 1.0 1.0 1.0 1.0 1.0 1.0 1.0 1.0 1.0 0.0 1.0 1.0 1.0 1.0 1.0 1.0 1.0 1.0 1.0 1.0 1.0 1.0 1.0 1.0 1.0 1.0 1.0 1.0 1.0 1.0 1.0 1.0 1.0 1.0 1.0 1.0 1.0 
1.0 1.0 1.0 1.0 1.0 1.0 1.0 1.0 1.0 1.0 1.0 1.0 1.0 1.0 1.0 1.0 1.0 1.0 1.0 1.0 1.0 1.0 1.0 1.0 1.0 1.0 1.0 1.0 1.0 1.0 1.0 1.0 1.0 1.0 1.0 1.0 1.0 0.0 1.0 1.0 1.0 1.0 1.0 1.0 1.0 1.0 1.0 1.0 1.0 1.0 1.0 1.0 1.0 1.0 1.0 1.0 1.0 1.0 1.0 1.0 1.0 1.0 1.0 1.0 
1.0 1.0 1.0 1.0 1.0 1.0 1.0 1.0 1.0 1.0 1.0 1.0 1.0 1.0 1.0 1.0 1.0 1.0 1.0 1.0 1.0 1.0 1.0 1.0 1.0 1.0 1.0 1.0 1.0 1.0 1.0 1.0 1.0 1.0 1.0 1.0 1.0 1.0 0.0 1.0 1.0 1.0 1.0 1.0 1.0 1.0 1.0 1.0 1.0 1.0 1.0 1.0 1.0 1.0 1.0 1.0 1.0 1.0 1.0 1.0 1.0 1.0 1.0 1.0 
1.0 1.0 1.0 1.0 1.0 1.0 1.0 1.0 1.0 1.0 1.0 1.0 1.0 1.0 1.0 1.0 1.0 1.0 1.0 1.0 1.0 1.0 1.0 1.0 1.0 1.0 1.0 1.0 1.0 1.0 1.0 1.0 1.0 1.0 1.0 1.0 1.0 1.0 1.0 0.0 1.0 1.0 1.0 1.0 1.0 1.0 1.0 1.0 1.0 1.0 1.0 1.0 1.0 1.0 1.0 1.0 1.0 1.0 1.0 1.0 1.0 1.0 1.0 1.0 
1.0 1.0 1.0 1.0 1.0 1.0 1.0 1.0 1.0 1.0 1.0 1.0 1.0 1.0 1.0 1.0 1.0 1.0 1.0 1.0 1.0 1.0 1.0 1.0 1.0 1.0 1.0 1.0 1.0 1.0 1.0 1.0 1.0 1.0 1.0 1.0 1.0 1.0 1.0 1.0 0.0 1.0 1.0 1.0 1.0 1.0 1.0 1.0 1.0 1.0 1.0 1.0 1.0 1.0 1.0 1.0 1.0 1.0 1.0 1.0 1.0 1.0 1.0 1.0 
1.0 1.0 1.0 1.0 1.0 1.0 1.0 1.0 1.0 1.0 1.0 1.0 1.0 1.0 1.0 1.0 1.0 1.0 1.0 1.0 1.0 1.0 1.0 1.0 1.0 1.0 1.0 1.0 1.0 1.0 1.0 1.0 1.0 1.0 1.0 1.0 1.0 1.0 1.0 1.0 1.0 0.0 1.0 1.0 1.0 1.0 1.0 1.0 1.0 1.0 1.0 1.0 1.0 1.0 1.0 1.0 1.0 1.0 1.0 1.0 1.0 1.0 1.0 1.0 
1.0 1.0 1.0 1.0 1.0 1.0 1.0 1.0 1.0 1.0 1.0 1.0 1.0 1.0 1.0 1.0 1.0 1.0 1.0 1.0 1.0 1.0 1.0 1.0 1.0 1.0 1.0 1.0 1.0 1.0 1.0 1.0 1.0 1.0 1.0 1.0 1.0 1.0 1.0 1.0 1.0 1.0 0.0 1.0 1.0 1.0 1.0 1.0 1.0 1.0 1.0 1.0 1.0 1.0 1.0 1.0 1.0 1.0 1.0 1.0 1.0 1.0 1.0 1.0 
1.0 1.0 1.0 1.0 1.0 1.0 1.0 1.0 1.0 1.0 1.0 1.0 1.0 1.0 1.0 1.0 1.0 1.0 1.0 1.0 1.0 1.0 1.0 1.0 1.0 1.0 1.0 1.0 1.0 1.0 1.0 1.0 1.0 1.0 1.0 1.0 1.0 1.0 1.0 1.0 1.0 1.0 1.0 0.0 1.0 1.0 1.0 1.0 1.0 1.0 1.0 1.0 1.0 1.0 1.0 1.0 1.0 1.0 1.0 1.0 1.0 1.0 1.0 1.0 
1.0 1.0 1.0 1.0 1.0 1.0 1.0 1.0 1.0 1.0 1.0 1.0 1.0 1.0 1.0 1.0 1.0 1.0 1.0 1.0 1.0 1.0 1.0 1.0 1.0 1.0 1.0 1.0 1.0 1.0 1.0 1.0 1.0 1.0 1.0 1.0 1.0 1.0 1.0 1.0 1.0 1.0 1.0 1.0 0.0 1.0 1.0 1.0 1.0 1.0 1.0 1.0 1.0 1.0 1.0 1.0 1.0 1.0 1.0 1.0 1.0 1.0 1.0 1.0 
1.0 1.0 1.0 1.0 1.0 1.0 1.0 1.0 1.0 1.0 1.0 1.0 1.0 1.0 1.0 1.0 1.0 1.0 1.0 1.0 1.0 1.0 1.0 1.0 1.0 1.0 1.0 1.0 1.0 1.0 1.0 1.0 1.0 1.0 1.0 1.0 1.0 1.0 1.0 1.0 1.0 1.0 1.0 1.0 1.0 0.0 1.0 1.0 1.0 1.0 1.0 1.0 1.0 1.0 1.0 1.0 1.0 1.0 1.0 1.0 1.0 1.0 1.0 1.0 
1.0 1.0 1.0 1.0 1.0 1.0 1.0 1.0 1.0 1.0 1.0 1.0 1.0 1.0 1.0 1.0 1.0 1.0 1.0 1.0 1.0 1.0 1.0 1.0 1.0 1.0 1.0 1.0 1.0 1.0 1.0 1.0 1.0 1.0 1.0 1.0 1.0 1.0 1.0 1.0 1.0 1.0 1.0 1.0 1.0 1.0 0.0 1.0 1.0 1.0 1.0 1.0 1.0 1.0 1.0 1.0 1.0 1.0 1.0 1.0 1.0 1.0 1.0 1.0 
1.0 1.0 1.0 1.0 1.0 1.0 1.0 1.0 1.0 1.0 1.0 1.0 1.0 1.0 1.0 1.0 1.0 1.0 1.0 1.0 1.0 1.0 1.0 1.0 1.0 1.0 1.0 1.0 1.0 1.0 1.0 1.0 1.0 1.0 1.0 1.0 1.0 1.0 1.0 1.0 1.0 1.0 1.0 1.0 1.0 1.0 1.0 0.0 1.0 1.0 1.0 1.0 1.0 1.0 1.0 1.0 1.0 1.0 1.0 1.0 1.0 1.0 1.0 1.0 
1.0 1.0 1.0 1.0 1.0 1.0 1.0 1.0 1.0 1.0 1.0 1.0 1.0 1.0 1.0 1.0 1.0 1.0 1.0 1.0 1.0 1.0 1.0 1.0 1.0 1.0 1.0 1.0 1.0 1.0 1.0 1.0 1.0 1.0 1.0 1.0 1.0 1.0 1.0 1.0 1.0 1.0 1.0 1.0 1.0 1.0 1.0 1.0 0.0 1.0 1.0 1.0 1.0 1.0 1.0 1.0 1.0 1.0 1.0 1.0 1.0 1.0 1.0 1.0 
1.0 1.0 1.0 1.0 1.0 1.0 1.0 1.0 1.0 1.0 1.0 1.0 1.0 1.0 1.0 1.0 1.0 1.0 1.0 1.0 1.0 1.0 1.0 1.0 1.0 1.0 1.0 1.0 1.0 1.0 1.0 1.0 1.0 1.0 1.0 1.0 1.0 1.0 1.0 1.0 1.0 1.0 1.0 1.0 1.0 1.0 1.0 1.0 1.0 0.0 1.0 1.0 1.0 1.0 1.0 1.0 1.0 1.0 1.0 1.0 1.0 1.0 1.0 1.0 
1.0 1.0 1.0 1.0 1.0 1.0 1.0 1.0 1.0 1.0 1.0 1.0 1.0 1.0 1.0 1.0 1.0 1.0 1.0 1.0 1.0 1.0 1.0 1.0 1.0 1.0 1.0 1.0 1.0 1.0 1.0 1.0 1.0 1.0 1.0 1.0 1.0 1.0 1.0 1.0 1.0 1.0 1.0 1.0 1.0 1.0 1.0 1.0 1.0 1.0 0.0 1.0 1.0 1.0 1.0 1.0 1.0 1.0 1.0 1.0 1.0 1.0 1.0 1.0 
1.0 1.0 1.0 1.0 1.0 1.0 1.0 1.0 1.0 1.0 1.0 1.0 1.0 1.0 1.0 1.0 1.0 1.0 1.0 1.0 1.0 1.0 1.0 1.0 1.0 1.0 1.0 1.0 1.0 1.0 1.0 1.0 1.0 1.0 1.0 1.0 1.0 1.0 1.0 1.0 1.0 1.0 1.0 1.0 1.0 1.0 1.0 1.0 1.0 1.0 1.0 0.0 1.0 1.0 1.0 1.0 1.0 1.0 1.0 1.0 1.0 1.0 1.0 1.0 
1.0 1.0 1.0 1.0 1.0 1.0 1.0 1.0 1.0 1.0 1.0 1.0 1.0 1.0 1.0 1.0 1.0 1.0 1.0 1.0 1.0 1.0 1.0 1.0 1.0 1.0 1.0 1.0 1.0 1.0 1.0 1.0 1.0 1.0 1.0 1.0 1.0 1.0 1.0 1.0 1.0 1.0 1.0 1.0 1.0 1.0 1.0 1.0 1.0 1.0 1.0 1.0 0.0 1.0 1.0 1.0 1.0 1.0 1.0 1.0 1.0 1.0 1.0 1.0 
1.0 1.0 1.0 1.0 1.0 1.0 1.0 1.0 1.0 1.0 1.0 1.0 1.0 1.0 1.0 1.0 1.0 1.0 1.0 1.0 1.0 1.0 1.0 1.0 1.0 1.0 1.0 1.0 1.0 1.0 1.0 1.0 1.0 1.0 1.0 1.0 1.0 1.0 1.0 1.0 1.0 1.0 1.0 1.0 1.0 1.0 1.0 1.0 1.0 1.0 1.0 1.0 1.0 0.0 1.0 1.0 1.0 1.0 1.0 1.0 1.0 1.0 1.0 1.0 
1.0 1.0 1.0 1.0 1.0 1.0 1.0 1.0 1.0 1.0 1.0 1.0 1.0 1.0 1.0 1.0 1.0 1.0 1.0 1.0 1.0 1.0 1.0 1.0 1.0 1.0 1.0 1.0 1.0 1.0 1.0 1.0 1.0 1.0 1.0 1.0 1.0 1.0 1.0 1.0 1.0 1.0 1.0 1.0 1.0 1.0 1.0 1.0 1.0 1.0 1.0 1.0 1.0 1.0 0.0 1.0 1.0 1.0 1.0 1.0 1.0 1.0 1.0 1.0 
1.0 1.0 1.0 1.0 1.0 1.0 1.0 1.0 1.0 1.0 1.0 1.0 1.0 1.0 1.0 1.0 1.0 1.0 1.0 1.0 1.0 1.0 1.0 1.0 1.0 1.0 1.0 1.0 1.0 1.0 1.0 1.0 1.0 1.0 1.0 1.0 1.0 1.0 1.0 1.0 1.0 1.0 1.0 1.0 1.0 1.0 1.0 1.0 1.0 1.0 1.0 1.0 1.0 1.0 1.0 0.0 1.0 1.0 1.0 1.0 1.0 1.0 1.0 1.0 
1.0 1.0 1.0 1.0 1.0 1.0 1.0 1.0 1.0 1.0 1.0 1.0 1.0 1.0 1.0 1.0 1.0 1.0 1.0 1.0 1.0 1.0 1.0 1.0 1.0 1.0 1.0 1.0 1.0 1.0 1.0 1.0 1.0 1.0 1.0 1.0 1.0 1.0 1.0 1.0 1.0 1.0 1.0 1.0 1.0 1.0 1.0 1.0 1.0 1.0 1.0 1.0 1.0 1.0 1.0 1.0 0.0 1.0 1.0 1.0 1.0 1.0 1.0 1.0 
1.0 1.0 1.0 1.0 1.0 1.0 1.0 1.0 1.0 1.0 1.0 1.0 1.0 1.0 1.0 1.0 1.0 1.0 1.0 1.0 1.0 1.0 1.0 1.0 1.0 1.0 1.0 1.0 1.0 1.0 1.0 1.0 1.0 1.0 1.0 1.0 1.0 1.0 1.0 1.0 1.0 1.0 1.0 1.0 1.0 1.0 1.0 1.0 1.0 1.0 1.0 1.0 1.0 1.0 1.0 1.0 1.0 0.0 1.0 1.0 1.0 1.0 1.0 1.0 
1.0 1.0 1.0 1.0 1.0 1.0 1.0 1.0 1.0 1.0 1.0 1.0 1.0 1.0 1.0 1.0 1.0 1.0 1.0 1.0 1.0 1.0 1.0 1.0 1.0 1.0 1.0 1.0 1.0 1.0 1.0 1.0 1.0 1.0 1.0 1.0 1.0 1.0 1.0 1.0 1.0 1.0 1.0 1.0 1.0 1.0 1.0 1.0 1.0 1.0 1.0 1.0 1.0 1.0 1.0 1.0 1.0 1.0 0.0 1.0 1.0 1.0 1.0 1.0 
1.0 1.0 1.0 1.0 1.0 1.0 1.0 1.0 1.0 1.0 1.0 1.0 1.0 1.0 1.0 1.0 1.0 1.0 1.0 1.0 1.0 1.0 1.0 1.0 1.0 1.0 1.0 1.0 1.0 1.0 1.0 1.0 1.0 1.0 1.0 1.0 1.0 1.0 1.0 1.0 1.0 1.0 1.0 1.0 1.0 1.0 1.0 1.0 1.0 1.0 1.0 1.0 1.0 1.0 1.0 1.0 1.0 1.0 1.0 0.0 1.0 1.0 1.0 1.0 
1.0 1.0 1.0 1.0 1.0 1.0 1.0 1.0 1.0 1.0 1.0 1.0 1.0 1.0 1.0 1.0 1.0 1.0 1.0 1.0 1.0 1.0 1.0 1.0 1.0 1.0 1.0 1.0 1.0 1.0 1.0 1.0 1.0 1.0 1.0 1.0 1.0 1.0 1.0 1.0 1.0 1.0 1.0 1.0 1.0 1.0 1.0 1.0 1.0 1.0 1.0 1.0 1.0 1.0 1.0 1.0 1.0 1.0 1.0 1.0 0.0 1.0 1.0 1.0 
1.0 1.0 1.0 1.0 1.0 1.0 1.0 1.0 1.0 1.0 1.0 1.0 1.0 1.0 1.0 1.0 1.0 1.0 1.0 1.0 1.0 1.0 1.0 1.0 1.0 1.0 1.0 1.0 1.0 1.0 1.0 1.0 1.0 1.0 1.0 1.0 1.0 1.0 1.0 1.0 1.0 1.0 1.0 1.0 1.0 1.0 1.0 1.0 1.0 1.0 1.0 1.0 1.0 1.0 1.0 1.0 1.0 1.0 1.0 1.0 1.0 0.0 1.0 1.0 
1.0 1.0 1.0 1.0 1.0 1.0 1.0 1.0 1.0 1.0 1.0 1.0 1.0 1.0 1.0 1.0 1.0 1.0 1.0 1.0 1.0 1.0 1.0 1.0 1.0 1.0 1.0 1.0 1.0 1.0 1.0 1.0 1.0 1.0 1.0 1.0 1.0 1.0 1.0 1.0 1.0 1.0 1.0 1.0 1.0 1.0 1.0 1.0 1.0 1.0 1.0 1.0 1.0 1.0 1.0 1.0 1.0 1.0 1.0 1.0 1.0 1.0 0.0 1.0 
1.0 1.0 1.0 1.0 1.0 1.0 1.0 1.0 1.0 1.0 1.0 1.0 1.0 1.0 1.0 1.0 1.0 1.0 1.0 1.0 1.0 1.0 1.0 1.0 1.0 1.0 1.0 1.0 1.0 1.0 1.0 1.0 1.0 1.0 1.0 1.0 1.0 1.0 1.0 1.0 1.0 1.0 1.0 1.0 1.0 1.0 1.0 1.0 1.0 1.0 1.0 1.0 1.0 1.0 1.0 1.0 1.0 1.0 1.0 1.0 1.0 1.0 1.0 0.0 