16 0.0 16.0 326 2846
23 81 59 39 53 40 28 30 91 84 23 27 26 58 50 63 
30 84 83 42 23 47 20 38 66 68 25 16 78 70 29 80 
2 17 60 17 57 20 71 38 27 28 94 77 52 57 84 93 
85 79 57 20 3 5 48 52 70 82 35 2 99 87 37 97 
57 23 93 82 98 84 21 72 79 43 98 3 3 76 71 14 
3 86 33 74 83 49 98 48 96 69 23 10 65 85 90 37 
19 27 12 65 82 25 49 77 44 1 43 86 35 3 74 45 
45 12 80 13 26 53 23 14 46 42 35 89 82 27 66 30 
96 67 70 46 33 49 20 36 60 60 23 37 37 50 5 8 
84 88 38 12 46 76 38 52 89 34 44 35 88 33 53 56 
27 58 8 9 46 30 45 57 74 76 10 19 69 93 28 54 
4 32 54 31 54 42 20 89 18 27 54 71 15 9 49 51 
5 27 75 8 57 68 74 25 23 77 47 11 2 94 70 53 
70 68 51 7 11 65 87 19 30 8 46 87 5 68 31 37 
71 14 22 82 79 98 86 57 85 60 84 66 43 75 91 70 
17 19 78 43 87 43 9 66 49 77 47 8 4 51 42 7 
0.0 1.0 1.0 1.0 1.0 1.0 1.0 1.0 1.0 1.0 1.0 1.0 1.0 1.0 1.0 1.0 
1.0 0.0 1.0 1.0 1.0 1.0 1.0 1.0 1.0 1.0 1.0 1.0 1.0 1.0 1.0 1.0 
1.0 1.0 0.0 1.0 1.0 1.0 1.0 1.0 1.0 1.0 1.0 1.0 1.0 1.0 1.0 1.0 
1.0 1.0 1.0 0.0 1.0 1.0 1.0 1.0 1.0 1.0 1.0 1.0 1.0 1.0 1.0 1.0 
1.0 1.0 1.0 1.0 0.0 1.0 1.0 1.0 1.0 1.0 1.0 1.0 1.0 1.0 1.0 1.0 
1.0 1.0 1.0 1.0 1.0 0.0 1.0 1.0 1.0 1.0 1.0 1.0 1.0 1.0 1.0 1.0 
1.0 1.0 1.0 1.0 1.0 1.0 0.0 1.0 1.0 1.0 1.0 1.0 1.0 1.0 1.0 1.0 
1.0 1.0 1.0 1.0 1.0 1.0 1.0 0.0 1.0 1.0 1.0 1.0 1.0 1.0 1.0 1.0 
1.0 1.0 1.0 1.0 1.0 1.0 1.0 1.0 0.0 1.0 1.0 1.0 1.0 1.0 1.0 1.0 
1.0 1.0 1.0 1.0 1.0 1.0 1.0 1.0 1.0 0.0 1.0 1.0 1.0 1.0 1.0 1.0 
1.0 1.0 1.0 1.0 1.0 1.0 1.0 1.0 1.0 1.0 0.0 1.0 1.0 1.0 1.0 1.0 
1.0 1.0 1.0 1.0 1.0 1.0 1.0 1.0 1.0 1.0 1.0 0.0 1.0 1.0 1.0 1.0 
1.0 1.0 1.0 1.0 1.0 1.0 1.0 1.0 1.0 1.0 1.0 1.0 0.0 1.0 1.0 1.0 
1.0 1.0 1.0 1.0 1.0 1.0 1.0 1.0 1.0 1.0 1.0 1.0 1.0 0.0 1.0 1.0 
1.0 1.0 1.0 1.0 1.0 1.0 1.0 1.0 1.0 1.0 1.0 1.0 1.0 1.0 0.0 1.0 
1.0 1.0 1.0 1.0 1.0 1.0 1.0 1.0 1.0 1.0 1.0 1.0 1.0 1.0 1.0 0.0 