16 0.0 16.0 204 2966
99 20 70 92 34 11 87 11 60 61 73 98 47 77 81 98 
28 30 35 51 52 63 37 74 7 67 46 12 81 6 19 17 
2 40 4 42 80 71 31 52 3 13 81 13 51 14 32 50 
97 58 13 79 75 86 39 96 6 66 61 16 11 30 62 4 
3 2 85 96 10 13 85 8 50 59 43 3 96 37 77 62 
52 18 7 55 50 86 28 16 33 20 33 96 38 39 57 15 
20 77 2 76 52 20 2 98 18 27 5 41 4 86 5 61 
99 98 36 37 28 27 18 58 37 64 28 30 64 78 68 64 
54 30 68 4 87 52 94 35 22 57 31 28 56 34 31 45 
41 40 79 1 54 74 79 77 66 98 95 14 71 80 95 13 
20 86 90 30 37 11 39 78 84 94 71 44 37 1 1 87 
98 46 24 20 93 50 65 97 5 19 60 25 74 70 43 97 
71 63 63 39 19 46 20 18 37 5 96 58 43 99 78 1 
58 16 60 49 31 87 2 54 85 74 59 100 54 45 2 36 
54 51 6 50 11 7 28 49 86 20 51 100 1 73 76 36 
43 43 87 67 6 37 46 85 19 59 88 3 55 100 22 87 
0.0 1.0 1.0 1.0 1.0 1.0 1.0 1.0 1.0 1.0 1.0 1.0 1.0 1.0 1.0 1.0 
1.0 0.0 1.0 1.0 1.0 1.0 1.0 1.0 1.0 1.0 1.0 1.0 1.0 1.0 1.0 1.0 
1.0 1.0 0.0 1.0 1.0 1.0 1.0 1.0 1.0 1.0 1.0 1.0 1.0 1.0 1.0 1.0 
1.0 1.0 1.0 0.0 1.0 1.0 1.0 1.0 1.0 1.0 1.0 1.0 1.0 1.0 1.0 1.0 
1.0 1.0 1.0 1.0 0.0 1.0 1.0 1.0 1.0 1.0 1.0 1.0 1.0 1.0 1.0 1.0 
1.0 1.0 1.0 1.0 1.0 0.0 1.0 1.0 1.0 1.0 1.0 1.0 1.0 1.0 1.0 1.0 
1.0 1.0 1.0 1.0 1.0 1.0 0.0 1.0 1.0 1.0 1.0 1.0 1.0 1.0 1.0 1.0 
1.0 1.0 1.0 1.0 1.0 1.0 1.0 0.0 1.0 1.0 1.0 1.0 1.0 1.0 1.0 1.0 
1.0 1.0 1.0 1.0 1.0 1.0 1.0 1.0 0.0 1.0 1.0 1.0 1.0 1.0 1.0 1.0 
1.0 1.0 1.0 1.0 1.0 1.0 1.0 1.0 1.0 0.0 1.0 1.0 1.0 1.0 1.0 1.0 
1.0 1.0 1.0 1.0 1.0 1.0 1.0 1.0 1.0 1.0 0.0 1.0 1.0 1.0 1.0 1.0 
1.0 1.0 1.0 1.0 1.0 1.0 1.0 1.0 1.0 1.0 1.0 0.0 1.0 1.0 1.0 1.0 
1.0 1.0 1.0 1.0 1.0 1.0 1.0 1.0 1.0 1.0 1.0 1.0 0.0 1.0 1.0 1.0 
1.0 1.0 1.0 1.0 1.0 1.0 1.0 1.0 1.0 1.0 1.0 1.0 1.0 0.0 1.0 1.0 
1.0 1.0 1.0 1.0 1.0 1.0 1.0 1.0 1.0 1.0 1.0 1.0 1.0 1.0 0.0 1.0 
1.0 1.0 1.0 1.0 1.0 1.0 1.0 1.0 1.0 1.0 1.0 1.0 1.0 1.0 1.0 0.0 