64
47 70 38 57 70 48 65 63 54 27 55 30 89 90 25 66 96 17 68 38 93 83 63 87 86 83 95 21 75 9 47 81 98 79 47 71 87 3 27 49 25 88 10 21 38 55 54 59 64 12 88 30 87 26 2 100 31 41 97 22 24 19 35 82 
89 68 40 10 73 60 11 99 80 50 8 61 12 39 24 32 42 92 50 3 18 38 80 8 58 62 9 44 27 72 20 52 66 68 82 60 66 22 35 66 80 71 75 86 33 5 21 2 88 15 46 63 40 41 34 65 98 22 60 93 65 83 73 71 
29 42 99 61 20 18 80 34 25 73 41 62 43 99 61 44 53 11 69 8 53 60 35 25 58 99 8 12 6 12 97 80 15 36 24 17 56 40 53 37 13 6 35 76 87 6 54 78 32 4 59 28 70 25 60 56 42 35 25 42 73 41 12 99 
68 86 92 14 77 81 86 51 78 54 53 86 81 73 67 81 39 25 83 55 98 59 78 77 91 86 14 45 51 38 40 27 92 51 56 2 91 32 69 56 41 43 1 34 84 87 97 59 55 78 84 45 40 38 1 93 23 7 85 43 27 45 51 61 
86 36 82 40 67 22 94 20 29 53 85 17 99 81 14 17 84 61 28 68 11 83 62 56 7 61 33 39 28 82 93 11 100 73 70 96 83 2 73 83 99 76 6 67 2 27 3 34 94 79 3 58 98 82 65 76 13 98 93 97 15 65 12 48 
37 27 53 22 49 79 32 26 32 65 56 68 40 76 85 97 32 49 58 26 99 45 17 51 59 21 13 5 22 22 84 8 30 17 75 89 9 49 57 24 75 57 16 80 33 84 4 33 56 76 14 81 86 92 25 33 85 49 30 23 39 29 48 24 
80 62 15 45 79 51 37 35 35 67 22 33 52 24 81 46 46 97 70 9 43 73 68 77 35 44 39 43 25 7 87 77 25 23 37 38 63 90 6 74 42 16 61 74 23 62 22 64 33 72 24 94 43 40 42 35 95 81 70 44 65 35 55 7 
9 93 54 99 92 68 39 10 55 99 21 26 83 43 25 28 41 83 13 7 29 85 86 11 14 32 82 10 100 36 8 28 88 27 76 86 77 85 53 60 25 83 79 54 62 73 12 78 36 31 73 34 21 42 99 86 35 23 55 96 49 4 80 67 
69 41 26 95 66 90 71 51 5 38 34 86 87 70 86 32 56 76 78 36 53 55 74 68 71 24 52 4 39 7 86 64 32 57 22 63 76 94 12 17 19 43 45 53 26 99 90 23 49 55 86 63 78 69 26 31 49 84 32 70 14 50 41 93 
13 68 38 47 48 72 71 94 73 64 46 66 38 11 44 31 47 51 48 23 7 57 82 21 81 93 45 31 3 46 77 43 19 32 53 67 19 51 44 20 26 13 54 7 82 43 53 15 31 40 45 68 58 34 70 28 62 88 35 57 3 82 94 31 
76 92 89 84 77 50 73 89 6 49 18 72 23 39 93 29 11 50 8 66 47 10 38 66 25 83 85 56 41 56 63 21 31 14 36 48 70 6 51 7 40 66 29 27 26 25 85 86 90 24 49 35 89 34 75 17 59 92 97 81 9 100 94 18 
86 43 90 87 19 46 54 66 80 24 56 69 40 70 33 70 52 31 83 61 46 15 2 11 10 56 81 78 35 3 95 37 4 33 47 19 81 12 74 13 22 62 13 19 93 64 25 34 25 57 17 96 22 71 32 50 28 62 28 30 96 55 89 56 
2 16 61 82 71 82 59 69 74 68 7 69 5 44 79 59 99 69 16 65 97 5 4 39 67 26 76 12 82 68 67 99 11 69 76 83 20 31 53 11 87 63 15 4 2 19 69 69 77 91 59 44 17 24 8 35 58 29 51 64 23 42 6 7 
100 43 70 68 22 96 65 16 2 17 49 14 12 83 49 89 6 27 55 29 68 96 90 53 2 48 96 14 11 19 40 95 25 96 22 31 46 36 28 86 1 73 61 42 41 66 14 56 77 50 95 53 12 54 26 52 36 75 22 4 84 4 72 19 
24 23 71 24 99 43 79 25 48 81 31 16 81 91 65 32 57 70 9 64 93 13 66 57 49 58 49 78 47 48 94 24 39 21 23 24 72 81 34 98 29 22 72 6 78 45 31 95 6 70 61 50 73 61 25 20 96 9 60 85 27 46 65 84 
7 87 100 88 95 72 2 57 53 46 15 39 63 97 99 34 83 47 16 44 14 96 14 83 34 50 83 37 92 22 44 69 42 40 34 40 17 54 24 84 9 73 25 79 12 64 99 8 22 81 79 75 56 32 4 41 85 86 54 78 64 13 44 52 
30 15 30 70 75 33 44 3 100 50 25 20 44 63 59 84 28 66 23 93 53 32 80 85 76 11 75 79 23 1 79 85 46 57 75 96 21 42 94 76 66 20 34 50 34 20 85 77 45 67 2 66 87 78 41 36 81 59 32 14 10 30 31 8 
26 6 77 17 75 50 91 59 3 89 88 35 64 31 57 8 6 21 38 36 98 12 55 61 49 55 16 23 81 57 52 70 78 61 23 71 89 29 48 79 78 3 63 44 65 18 80 61 46 99 95 47 37 22 91 57 99 71 92 23 71 48 35 47 
77 82 59 79 98 92 41 41 75 75 46 81 14 29 29 93 64 86 3 36 34 63 72 71 53 89 41 31 26 33 20 86 13 26 13 81 7 83 92 42 72 33 44 23 28 15 1 16 48 26 96 87 40 63 31 21 66 49 29 4 68 65 53 24 
85 53 96 79 38 82 79 58 70 13 45 77 24 71 6 68 6 21 77 83 7 46 46 49 28 31 70 82 61 8 2 43 53 44 89 14 41 50 60 82 20 70 71 66 50 19 47 99 26 29 79 89 43 65 59 87 46 99 33 6 24 80 47 32 
21 8 4 55 74 53 97 21 23 49 13 55 64 28 35 44 17 90 97 3 9 79 1 60 77 97 42 8 72 28 49 49 33 33 9 89 99 52 14 86 99 90 17 73 79 68 6 44 78 16 59 45 98 87 36 46 83 44 80 57 17 10 20 46 
30 93 24 1 67 22 54 62 2 85 44 64 33 21 32 43 84 80 53 68 49 16 66 23 82 49 100 91 94 95 10 31 32 76 100 30 18 87 96 12 66 78 40 77 6 77 54 97 38 49 95 22 52 54 3 76 59 84 78 80 17 81 88 88 
80 62 85 58 86 94 52 36 92 86 62 66 5 92 78 29 1 15 98 15 57 34 55 20 31 65 83 54 43 41 81 1 83 17 18 60 85 55 7 96 23 50 6 48 32 45 28 9 36 10 97 58 69 66 13 71 50 26 84 93 55 43 54 77 
51 5 84 37 67 69 68 21 3 86 85 26 34 72 13 15 62 31 9 83 48 16 100 76 76 17 57 13 36 69 44 97 86 25 27 78 8 91 18 13 14 88 56 49 47 93 15 21 76 37 32 12 48 18 86 75 64 5 72 72 1 100 35 36 
38 79 57 90 1 20 4 26 67 2 57 79 95 23 48 38 34 28 99 67 99 48 2 23 84 98 18 82 61 16 12 88 83 2 36 100 58 35 33 95 75 68 8 97 98 84 38 92 68 12 44 79 18 54 53 85 48 13 5 56 81 21 75 96 
12 98 50 44 61 85 69 36 25 12 48 56 49 32 87 99 68 73 84 10 8 91 49 5 25 55 100 51 96 38 90 80 59 61 4 79 55 11 31 63 68 96 65 1 79 94 56 83 58 10 62 11 10 12 99 18 9 63 27 72 93 59 93 100 
10 29 68 69 47 53 11 96 10 29 72 13 25 54 30 82 20 42 59 37 24 84 33 59 26 2 2 81 6 28 79 71 4 1 97 95 35 74 57 86 79 75 16 52 92 83 73 81 1 49 89 30 1 87 48 59 3 63 49 66 24 53 95 52 
6 15 76 78 74 88 88 18 77 76 48 78 71 1 31 91 43 33 67 30 80 56 5 92 88 100 12 75 75 49 79 95 6 34 77 45 17 92 36 37 68 93 79 91 51 15 30 42 2 10 24 56 45 59 17 80 8 95 18 60 16 13 1 56 
27 47 12 54 67 71 70 13 92 83 7 81 46 87 2 49 51 83 8 40 64 65 91 18 63 62 33 28 58 64 51 35 1 57 53 82 99 9 36 54 29 60 23 18 4 73 72 72 93 39 47 95 49 69 55 88 74 40 83 30 76 42 15 99 
6 54 17 81 38 26 84 58 92 33 22 48 65 96 64 43 7 2 32 65 34 20 63 64 46 7 71 78 16 70 48 41 28 36 6 52 43 50 5 59 51 65 5 67 95 49 92 35 61 75 16 24 38 48 59 22 76 13 98 75 86 38 79 81 
22 57 10 66 29 34 67 69 44 59 45 97 9 70 61 45 65 92 64 74 82 43 87 10 97 59 30 95 59 86 26 93 20 28 22 67 28 99 2 21 21 6 84 58 86 63 54 90 67 6 71 65 65 88 91 46 66 98 74 78 23 74 34 9 
46 50 83 58 69 7 91 99 12 85 19 16 40 40 31 14 98 36 23 86 59 35 61 60 7 76 8 24 36 21 82 79 22 62 17 12 80 65 32 97 68 58 91 8 82 15 47 5 52 41 96 73 19 64 66 39 62 10 100 85 13 99 34 68 
32 89 94 3 21 89 100 51 88 87 98 45 92 72 82 33 4 91 69 63 72 36 90 8 67 97 2 29 23 39 14 83 43 44 35 1 98 97 63 57 3 30 87 15 45 19 25 58 2 63 33 22 45 81 71 79 10 51 89 69 46 62 27 23 
100 48 63 21 37 97 57 26 48 42 77 93 68 44 30 1 63 57 84 90 68 61 96 58 10 82 2 35 37 9 6 88 40 2 44 54 73 4 80 9 90 83 65 87 23 77 75 73 34 63 78 43 72 42 99 97 87 64 58 14 10 89 21 31 
30 12 46 11 90 63 100 71 47 31 62 67 8 81 66 9 48 93 44 18 15 92 66 87 76 96 85 29 67 87 88 87 59 7 40 11 74 12 38 81 20 75 17 46 70 18 86 21 52 87 32 76 58 70 14 17 86 95 39 29 61 82 74 41 
22 1 40 74 28 39 14 29 65 99 32 95 80 48 85 61 76 3 25 64 34 51 3 78 50 41 52 49 71 100 21 10 78 82 100 31 33 82 67 59 24 33 73 18 12 2 31 21 50 15 65 75 21 74 57 25 80 81 95 7 61 94 70 50 
58 82 92 15 63 2 54 36 60 92 40 9 80 28 80 28 47 37 60 59 18 30 33 15 60 68 63 46 20 49 43 16 36 54 10 46 64 61 36 16 47 72 43 19 16 75 45 25 96 90 63 64 1 1 1 93 24 85 47 49 59 47 89 16 
96 95 15 86 17 88 55 61 14 82 1 22 72 96 54 99 21 42 50 23 25 4 15 100 62 41 3 47 89 64 62 13 58 60 35 18 37 63 46 56 97 39 19 77 100 72 61 27 8 50 24 76 21 40 97 96 52 3 73 8 79 11 48 29 
32 16 84 96 52 58 92 31 89 91 60 66 24 44 20 98 55 40 28 93 14 71 33 24 28 12 85 22 11 91 82 58 75 33 12 6 78 86 21 60 69 52 81 82 47 56 71 31 62 27 58 28 2 24 69 44 39 64 85 21 63 69 15 59 
95 57 39 66 11 25 33 44 71 91 63 32 70 67 80 80 1 28 18 6 15 57 55 65 62 14 20 25 8 65 13 84 18 58 70 46 77 26 65 69 13 35 18 59 1 26 38 4 67 18 14 62 67 1 97 78 56 22 11 19 47 26 99 82 
32 42 16 17 72 64 37 60 29 77 30 3 22 27 10 93 8 35 33 71 70 40 18 47 52 92 87 89 51 26 63 2 88 95 23 55 31 28 54 98 56 58 51 48 43 36 25 1 39 20 63 64 22 58 15 48 77 5 45 82 17 73 56 17 
23 88 5 55 48 94 47 4 98 92 94 40 84 61 55 29 65 19 96 58 41 23 49 33 78 55 66 26 52 43 66 48 100 91 33 1 51 77 39 88 35 83 8 59 44 93 53 54 27 37 91 65 44 66 99 62 30 79 29 24 9 68 50 78 
72 79 100 26 85 53 9 33 5 28 13 80 16 6 91 52 32 88 84 86 76 65 85 13 100 40 4 2 71 95 22 8 88 70 53 82 45 21 55 65 98 23 53 85 7 59 47 98 45 17 19 23 6 16 40 42 51 16 51 21 69 67 59 91 
7 22 42 63 32 47 20 50 76 22 33 48 42 27 14 59 68 76 84 57 89 65 39 92 81 61 5 73 30 23 39 86 98 2 41 99 89 68 52 85 47 47 80 39 96 11 81 3 40 19 43 69 50 4 17 80 16 80 2 40 97 8 91 45 
4 75 30 51 12 88 38 41 26 76 43 20 15 46 4 10 42 52 93 28 94 11 65 15 74 12 46 10 86 98 44 71 52 5 7 84 45 16 54 42 19 78 98 9 98 93 68 3 8 63 20 92 47 66 59 19 94 75 83 92 26 69 80 74 
6 76 51 56 4 57 90 38 59 8 21 46 99 30 92 56 94 34 96 52 87 97 69 95 25 87 13 21 69 62 61 66 47 96 39 100 58 1 78 100 64 77 88 99 40 28 52 37 12 2 39 62 71 64 88 68 7 2 1 41 86 26 52 8 
35 91 67 95 17 87 1 83 94 97 29 47 66 19 88 50 65 53 68 49 30 58 12 16 32 65 17 26 89 98 6 3 29 24 98 63 29 36 31 94 14 62 25 82 23 36 18 77 43 62 99 16 90 60 5 54 23 46 13 86 65 36 10 100 
64 1 77 23 83 31 61 59 21 20 81 85 100 14 15 26 56 74 38 39 98 95 49 64 4 83 7 77 75 90 2 2 17 8 47 1 79 33 14 77 41 23 37 76 5 79 53 98 55 99 60 23 26 53 77 89 14 80 5 52 61 18 58 66 
88 87 37 72 44 33 48 98 75 49 4 82 68 54 46 35 35 20 44 30 4 14 98 80 40 53 44 74 89 10 66 19 18 21 25 35 10 94 7 25 19 40 29 59 33 82 56 69 41 13 80 63 18 19 23 65 6 6 31 62 29 72 24 69 
41 87 39 39 86 61 13 95 99 63 92 34 90 71 99 15 28 81 23 72 98 45 39 91 82 38 25 68 44 12 90 33 93 16 92 24 12 50 98 89 88 67 89 95 44 50 57 39 80 60 87 97 41 86 10 55 62 45 76 56 19 51 25 53 
30 17 37 49 91 75 25 63 17 69 1 51 85 39 33 63 13 52 63 48 88 96 33 71 49 84 4 1 68 85 63 81 94 35 10 51 48 21 63 51 89 22 14 39 1 61 57 91 32 45 52 85 98 79 20 36 43 9 65 28 22 22 5 59 
84 39 1 34 14 11 11 32 88 46 54 25 72 67 51 14 2 4 10 22 90 84 90 24 92 69 60 62 9 47 77 6 68 70 27 89 68 67 61 49 80 40 22 58 6 34 98 98 44 18 75 26 86 80 86 58 75 39 23 1 44 33 53 52 
39 29 45 95 69 57 44 46 72 25 42 84 97 88 24 50 52 91 53 100 73 20 74 26 84 7 71 25 36 92 77 41 27 60 22 84 69 78 17 8 29 38 93 98 34 78 58 84 54 94 50 37 45 69 47 96 88 88 36 47 74 54 74 86 
86 18 32 49 26 8 16 28 13 69 91 38 67 31 73 63 20 2 69 42 24 49 97 31 89 50 22 82 11 26 36 72 55 58 90 37 30 3 35 29 45 31 81 36 59 87 63 52 43 56 56 8 27 32 24 10 18 57 12 43 26 43 78 41 
95 92 24 25 78 84 18 30 50 88 75 65 82 79 70 34 60 50 64 15 23 40 83 1 2 62 85 23 65 31 100 65 54 22 37 2 90 35 22 18 83 15 32 72 41 32 71 46 86 18 20 68 93 82 23 99 70 71 100 57 95 88 47 90 
83 32 100 68 91 32 10 43 28 76 51 74 61 44 40 80 40 97 37 78 18 16 96 6 69 68 72 79 96 31 86 97 31 19 42 92 91 60 57 7 40 5 50 7 2 1 14 32 89 21 70 38 27 90 24 85 50 80 26 41 78 39 9 12 
23 32 95 99 13 90 10 84 58 28 100 38 19 7 52 1 4 69 58 98 54 6 40 49 54 15 72 27 89 42 13 36 29 18 6 25 68 6 58 55 71 72 12 79 61 50 14 5 69 89 45 47 42 73 53 44 63 10 73 20 83 43 39 8 
62 36 28 44 69 14 21 40 7 32 51 55 95 36 74 15 1 9 91 3 63 39 88 28 59 15 52 36 83 46 62 64 96 31 87 20 18 27 36 72 36 43 63 81 46 45 73 87 63 65 84 66 39 91 17 4 81 8 66 1 32 69 87 67 
60 6 100 4 65 24 7 72 58 2 84 35 72 69 12 13 10 80 13 12 17 41 85 72 84 45 77 9 50 59 58 21 50 45 65 74 34 82 3 61 80 81 24 88 30 23 35 53 87 62 22 11 96 92 4 27 54 83 39 50 98 63 37 15 
93 84 49 33 34 77 22 31 28 18 10 55 52 18 94 24 60 86 10 6 8 39 71 34 44 17 6 64 2 4 70 71 57 54 7 67 25 98 63 1 57 63 99 19 60 10 53 13 56 15 58 66 62 23 15 8 84 7 10 86 30 90 38 10 
69 46 71 97 8 75 13 95 99 6 53 34 25 46 14 84 44 12 6 96 11 82 35 60 99 41 63 96 3 19 28 62 26 91 91 75 95 97 69 76 8 3 91 9 30 12 13 14 58 27 42 57 91 68 14 17 96 82 33 78 42 48 50 58 
45 54 59 96 11 90 26 16 10 13 32 13 64 18 76 51 41 68 22 33 28 18 43 15 94 20 51 36 42 16 39 73 60 14 100 84 71 10 30 15 30 38 78 48 24 5 63 37 75 67 11 17 87 7 83 21 54 35 72 47 26 78 71 25 
10 47 16 44 39 52 59 11 94 67 100 52 93 17 41 99 71 13 96 53 59 87 60 75 78 93 54 53 26 33 38 81 55 1 81 52 41 92 6 35 99 27 1 93 88 95 4 6 40 62 59 2 64 89 66 75 52 71 1 41 24 41 49 82 
84 17 84 39 76 64 13 20 23 25 74 73 4 55 19 3 54 76 98 17 79 94 37 22 15 28 65 79 42 82 54 30 64 35 92 58 61 91 73 11 18 72 81 76 57 84 96 74 72 60 62 5 36 75 98 31 19 70 37 79 84 25 14 50 
0.0 1.0 1.0 1.0 1.0 1.0 1.0 1.0 1.0 1.0 1.0 1.0 1.0 1.0 1.0 1.0 1.0 1.0 1.0 1.0 1.0 1.0 1.0 1.0 1.0 1.0 1.0 1.0 1.0 1.0 1.0 1.0 1.0 1.0 1.0 1.0 1.0 1.0 1.0 1.0 1.0 1.0 1.0 1.0 1.0 1.0 1.0 1.0 1.0 1.0 1.0 1.0 1.0 1.0 1.0 1.0 1.0 1.0 1.0 1.0 1.0 1.0 1.0 1.0 
1.0 0.0 1.0 1.0 1.0 1.0 1.0 1.0 1.0 1.0 1.0 1.0 1.0 1.0 1.0 1.0 1.0 1.0 1.0 1.0 1.0 1.0 1.0 1.0 1.0 1.0 1.0 1.0 1.0 1.0 1.0 1.0 1.0 1.0 1.0 1.0 1.0 1.0 1.0 1.0 1.0 1.0 1.0 1.0 1.0 1.0 1.0 1.0 1.0 1.0 1.0 1.0 1.0 1.0 1.0 1.0 1.0 1.0 1.0 1.0 1.0 1.0 1.0 1.0 
1.0 1.0 0.0 1.0 1.0 1.0 1.0 1.0 1.0 1.0 1.0 1.0 1.0 1.0 1.0 1.0 1.0 1.0 1.0 1.0 1.0 1.0 1.0 1.0 1.0 1.0 1.0 1.0 1.0 1.0 1.0 1.0 1.0 1.0 1.0 1.0 1.0 1.0 1.0 1.0 1.0 1.0 1.0 1.0 1.0 1.0 1.0 1.0 1.0 1.0 1.0 1.0 1.0 1.0 1.0 1.0 1.0 1.0 1.0 1.0 1.0 1.0 1.0 1.0 
1.0 1.0 1.0 0.0 1.0 1.0 1.0 1.0 1.0 1.0 1.0 1.0 1.0 1.0 1.0 1.0 1.0 1.0 1.0 1.0 1.0 1.0 1.0 1.0 1.0 1.0 1.0 1.0 1.0 1.0 1.0 1.0 1.0 1.0 1.0 1.0 1.0 1.0 1.0 1.0 1.0 1.0 1.0 1.0 1.0 1.0 1.0 1.0 1.0 1.0 1.0 1.0 1.0 1.0 1.0 1.0 1.0 1.0 1.0 1.0 1.0 1.0 1.0 1.0 
1.0 1.0 1.0 1.0 0.0 1.0 1.0 1.0 1.0 1.0 1.0 1.0 1.0 1.0 1.0 1.0 1.0 1.0 1.0 1.0 1.0 1.0 1.0 1.0 1.0 1.0 1.0 1.0 1.0 1.0 1.0 1.0 1.0 1.0 1.0 1.0 1.0 1.0 1.0 1.0 1.0 1.0 1.0 1.0 1.0 1.0 1.0 1.0 1.0 1.0 1.0 1.0 1.0 1.0 1.0 1.0 1.0 1.0 1.0 1.0 1.0 1.0 1.0 1.0 
1.0 1.0 1.0 1.0 1.0 0.0 1.0 1.0 1.0 1.0 1.0 1.0 1.0 1.0 1.0 1.0 1.0 1.0 1.0 1.0 1.0 1.0 1.0 1.0 1.0 1.0 1.0 1.0 1.0 1.0 1.0 1.0 1.0 1.0 1.0 1.0 1.0 1.0 1.0 1.0 1.0 1.0 1.0 1.0 1.0 1.0 1.0 1.0 1.0 1.0 1.0 1.0 1.0 1.0 1.0 1.0 1.0 1.0 1.0 1.0 1.0 1.0 1.0 1.0 
1.0 1.0 1.0 1.0 1.0 1.0 0.0 1.0 1.0 1.0 1.0 1.0 1.0 1.0 1.0 1.0 1.0 1.0 1.0 1.0 1.0 1.0 1.0 1.0 1.0 1.0 1.0 1.0 1.0 1.0 1.0 1.0 1.0 1.0 1.0 1.0 1.0 1.0 1.0 1.0 1.0 1.0 1.0 1.0 1.0 1.0 1.0 1.0 1.0 1.0 1.0 1.0 1.0 1.0 1.0 1.0 1.0 1.0 1.0 1.0 1.0 1.0 1.0 1.0 
1.0 1.0 1.0 1.0 1.0 1.0 1.0 0.0 1.0 1.0 1.0 1.0 1.0 1.0 1.0 1.0 1.0 1.0 1.0 1.0 1.0 1.0 1.0 1.0 1.0 1.0 1.0 1.0 1.0 1.0 1.0 1.0 1.0 1.0 1.0 1.0 1.0 1.0 1.0 1.0 1.0 1.0 1.0 1.0 1.0 1.0 1.0 1.0 1.0 1.0 1.0 1.0 1.0 1.0 1.0 1.0 1.0 1.0 1.0 1.0 1.0 1.0 1.0 1.0 
1.0 1.0 1.0 1.0 1.0 1.0 1.0 1.0 0.0 1.0 1.0 1.0 1.0 1.0 1.0 1.0 1.0 1.0 1.0 1.0 1.0 1.0 1.0 1.0 1.0 1.0 1.0 1.0 1.0 1.0 1.0 1.0 1.0 1.0 1.0 1.0 1.0 1.0 1.0 1.0 1.0 1.0 1.0 1.0 1.0 1.0 1.0 1.0 1.0 1.0 1.0 1.0 1.0 1.0 1.0 1.0 1.0 1.0 1.0 1.0 1.0 1.0 1.0 1.0 
1.0 1.0 1.0 1.0 1.0 1.0 1.0 1.0 1.0 0.0 1.0 1.0 1.0 1.0 1.0 1.0 1.0 1.0 1.0 1.0 1.0 1.0 1.0 1.0 1.0 1.0 1.0 1.0 1.0 1.0 1.0 1.0 1.0 1.0 1.0 1.0 1.0 1.0 1.0 1.0 1.0 1.0 1.0 1.0 1.0 1.0 1.0 1.0 1.0 1.0 1.0 1.0 1.0 1.0 1.0 1.0 1.0 1.0 1.0 1.0 1.0 1.0 1.0 1.0 
1.0 1.0 1.0 1.0 1.0 1.0 1.0 1.0 1.0 1.0 0.0 1.0 1.0 1.0 1.0 1.0 1.0 1.0 1.0 1.0 1.0 1.0 1.0 1.0 1.0 1.0 1.0 1.0 1.0 1.0 1.0 1.0 1.0 1.0 1.0 1.0 1.0 1.0 1.0 1.0 1.0 1.0 1.0 1.0 1.0 1.0 1.0 1.0 1.0 1.0 1.0 1.0 1.0 1.0 1.0 1.0 1.0 1.0 1.0 1.0 1.0 1.0 1.0 1.0 
1.0 1.0 1.0 1.0 1.0 1.0 1.0 1.0 1.0 1.0 1.0 0.0 1.0 1.0 1.0 1.0 1.0 1.0 1.0 1.0 1.0 1.0 1.0 1.0 1.0 1.0 1.0 1.0 1.0 1.0 1.0 1.0 1.0 1.0 1.0 1.0 1.0 1.0 1.0 1.0 1.0 1.0 1.0 1.0 1.0 1.0 1.0 1.0 1.0 1.0 1.0 1.0 1.0 1.0 1.0 1.0 1.0 1.0 1.0 1.0 1.0 1.0 1.0 1.0 
1.0 1.0 1.0 1.0 1.0 1.0 1.0 1.0 1.0 1.0 1.0 1.0 0.0 1.0 1.0 1.0 1.0 1.0 1.0 1.0 1.0 1.0 1.0 1.0 1.0 1.0 1.0 1.0 1.0 1.0 1.0 1.0 1.0 1.0 1.0 1.0 1.0 1.0 1.0 1.0 1.0 1.0 1.0 1.0 1.0 1.0 1.0 1.0 1.0 1.0 1.0 1.0 1.0 1.0 1.0 1.0 1.0 1.0 1.0 1.0 1.0 1.0 1.0 1.0 
1.0 1.0 1.0 1.0 1.0 1.0 1.0 1.0 1.0 1.0 1.0 1.0 1.0 0.0 1.0 1.0 1.0 1.0 1.0 1.0 1.0 1.0 1.0 1.0 1.0 1.0 1.0 1.0 1.0 1.0 1.0 1.0 1.0 1.0 1.0 1.0 1.0 1.0 1.0 1.0 1.0 1.0 1.0 1.0 1.0 1.0 1.0 1.0 1.0 1.0 1.0 1.0 1.0 1.0 1.0 1.0 1.0 1.0 1.0 1.0 1.0 1.0 1.0 1.0 
1.0 1.0 1.0 1.0 1.0 1.0 1.0 1.0 1.0 1.0 1.0 1.0 1.0 1.0 0.0 1.0 1.0 1.0 1.0 1.0 1.0 1.0 1.0 1.0 1.0 1.0 1.0 1.0 1.0 1.0 1.0 1.0 1.0 1.0 1.0 1.0 1.0 1.0 1.0 1.0 1.0 1.0 1.0 1.0 1.0 1.0 1.0 1.0 1.0 1.0 1.0 1.0 1.0 1.0 1.0 1.0 1.0 1.0 1.0 1.0 1.0 1.0 1.0 1.0 
1.0 1.0 1.0 1.0 1.0 1.0 1.0 1.0 1.0 1.0 1.0 1.0 1.0 1.0 1.0 0.0 1.0 1.0 1.0 1.0 1.0 1.0 1.0 1.0 1.0 1.0 1.0 1.0 1.0 1.0 1.0 1.0 1.0 1.0 1.0 1.0 1.0 1.0 1.0 1.0 1.0 1.0 1.0 1.0 1.0 1.0 1.0 1.0 1.0 1.0 1.0 1.0 1.0 1.0 1.0 1.0 1.0 1.0 1.0 1.0 1.0 1.0 1.0 1.0 
1.0 1.0 1.0 1.0 1.0 1.0 1.0 1.0 1.0 1.0 1.0 1.0 1.0 1.0 1.0 1.0 0.0 1.0 1.0 1.0 1.0 1.0 1.0 1.0 1.0 1.0 1.0 1.0 1.0 1.0 1.0 1.0 1.0 1.0 1.0 1.0 1.0 1.0 1.0 1.0 1.0 1.0 1.0 1.0 1.0 1.0 1.0 1.0 1.0 1.0 1.0 1.0 1.0 1.0 1.0 1.0 1.0 1.0 1.0 1.0 1.0 1.0 1.0 1.0 
1.0 1.0 1.0 1.0 1.0 1.0 1.0 1.0 1.0 1.0 1.0 1.0 1.0 1.0 1.0 1.0 1.0 0.0 1.0 1.0 1.0 1.0 1.0 1.0 1.0 1.0 1.0 1.0 1.0 1.0 1.0 1.0 1.0 1.0 1.0 1.0 1.0 1.0 1.0 1.0 1.0 1.0 1.0 1.0 1.0 1.0 1.0 1.0 1.0 1.0 1.0 1.0 1.0 1.0 1.0 1.0 1.0 1.0 1.0 1.0 1.0 1.0 1.0 1.0 
1.0 1.0 1.0 1.0 1.0 1.0 1.0 1.0 1.0 1.0 1.0 1.0 1.0 1.0 1.0 1.0 1.0 1.0 0.0 1.0 1.0 1.0 1.0 1.0 1.0 1.0 1.0 1.0 1.0 1.0 1.0 1.0 1.0 1.0 1.0 1.0 1.0 1.0 1.0 1.0 1.0 1.0 1.0 1.0 1.0 1.0 1.0 1.0 1.0 1.0 1.0 1.0 1.0 1.0 1.0 1.0 1.0 1.0 1.0 1.0 1.0 1.0 1.0 1.0 
1.0 1.0 1.0 1.0 1.0 1.0 1.0 1.0 1.0 1.0 1.0 1.0 1.0 1.0 1.0 1.0 1.0 1.0 1.0 0.0 1.0 1.0 1.0 1.0 1.0 1.0 1.0 1.0 1.0 1.0 1.0 1.0 1.0 1.0 1.0 1.0 1.0 1.0 1.0 1.0 1.0 1.0 1.0 1.0 1.0 1.0 1.0 1.0 1.0 1.0 1.0 1.0 1.0 1.0 1.0 1.0 1.0 1.0 1.0 1.0 1.0 1.0 1.0 1.0 
1.0 1.0 1.0 1.0 1.0 1.0 1.0 1.0 1.0 1.0 1.0 1.0 1.0 1.0 1.0 1.0 1.0 1.0 1.0 1.0 0.0 1.0 1.0 1.0 1.0 1.0 1.0 1.0 1.0 1.0 1.0 1.0 1.0 1.0 1.0 1.0 1.0 1.0 1.0 1.0 1.0 1.0 1.0 1.0 1.0 1.0 1.0 1.0 1.0 1.0 1.0 1.0 1.0 1.0 1.0 1.0 1.0 1.0 1.0 1.0 1.0 1.0 1.0 1.0 
1.0 1.0 1.0 1.0 1.0 1.0 1.0 1.0 1.0 1.0 1.0 1.0 1.0 1.0 1.0 1.0 1.0 1.0 1.0 1.0 1.0 0.0 1.0 1.0 1.0 1.0 1.0 1.0 1.0 1.0 1.0 1.0 1.0 1.0 1.0 1.0 1.0 1.0 1.0 1.0 1.0 1.0 1.0 1.0 1.0 1.0 1.0 1.0 1.0 1.0 1.0 1.0 1.0 1.0 1.0 1.0 1.0 1.0 1.0 1.0 1.0 1.0 1.0 1.0 
1.0 1.0 1.0 1.0 1.0 1.0 1.0 1.0 1.0 1.0 1.0 1.0 1.0 1.0 1.0 1.0 1.0 1.0 1.0 1.0 1.0 1.0 0.0 1.0 1.0 1.0 1.0 1.0 1.0 1.0 1.0 1.0 1.0 1.0 1.0 1.0 1.0 1.0 1.0 1.0 1.0 1.0 1.0 1.0 1.0 1.0 1.0 1.0 1.0 1.0 1.0 1.0 1.0 1.0 1.0 1.0 1.0 1.0 1.0 1.0 1.0 1.0 1.0 1.0 
1.0 1.0 1.0 1.0 1.0 1.0 1.0 1.0 1.0 1.0 1.0 1.0 1.0 1.0 1.0 1.0 1.0 1.0 1.0 1.0 1.0 1.0 1.0 0.0 1.0 1.0 1.0 1.0 1.0 1.0 1.0 1.0 1.0 1.0 1.0 1.0 1.0 1.0 1.0 1.0 1.0 1.0 1.0 1.0 1.0 1.0 1.0 1.0 1.0 1.0 1.0 1.0 1.0 1.0 1.0 1.0 1.0 1.0 1.0 1.0 1.0 1.0 1.0 1.0 
1.0 1.0 1.0 1.0 1.0 1.0 1.0 1.0 1.0 1.0 1.0 1.0 1.0 1.0 1.0 1.0 1.0 1.0 1.0 1.0 1.0 1.0 1.0 1.0 0.0 1.0 1.0 1.0 1.0 1.0 1.0 1.0 1.0 1.0 1.0 1.0 1.0 1.0 1.0 1.0 1.0 1.0 1.0 1.0 1.0 1.0 1.0 1.0 1.0 1.0 1.0 1.0 1.0 1.0 1.0 1.0 1.0 1.0 1.0 1.0 1.0 1.0 1.0 1.0 
1.0 1.0 1.0 1.0 1.0 1.0 1.0 1.0 1.0 1.0 1.0 1.0 1.0 1.0 1.0 1.0 1.0 1.0 1.0 1.0 1.0 1.0 1.0 1.0 1.0 0.0 1.0 1.0 1.0 1.0 1.0 1.0 1.0 1.0 1.0 1.0 1.0 1.0 1.0 1.0 1.0 1.0 1.0 1.0 1.0 1.0 1.0 1.0 1.0 1.0 1.0 1.0 1.0 1.0 1.0 1.0 1.0 1.0 1.0 1.0 1.0 1.0 1.0 1.0 
1.0 1.0 1.0 1.0 1.0 1.0 1.0 1.0 1.0 1.0 1.0 1.0 1.0 1.0 1.0 1.0 1.0 1.0 1.0 1.0 1.0 1.0 1.0 1.0 1.0 1.0 0.0 1.0 1.0 1.0 1.0 1.0 1.0 1.0 1.0 1.0 1.0 1.0 1.0 1.0 1.0 1.0 1.0 1.0 1.0 1.0 1.0 1.0 1.0 1.0 1.0 1.0 1.0 1.0 1.0 1.0 1.0 1.0 1.0 1.0 1.0 1.0 1.0 1.0 
1.0 1.0 1.0 1.0 1.0 1.0 1.0 1.0 1.0 1.0 1.0 1.0 1.0 1.0 1.0 1.0 1.0 1.0 1.0 1.0 1.0 1.0 1.0 1.0 1.0 1.0 1.0 0.0 1.0 1.0 1.0 1.0 1.0 1.0 1.0 1.0 1.0 1.0 1.0 1.0 1.0 1.0 1.0 1.0 1.0 1.0 1.0 1.0 1.0 1.0 1.0 1.0 1.0 1.0 1.0 1.0 1.0 1.0 1.0 1.0 1.0 1.0 1.0 1.0 
1.0 1.0 1.0 1.0 1.0 1.0 1.0 1.0 1.0 1.0 1.0 1.0 1.0 1.0 1.0 1.0 1.0 1.0 1.0 1.0 1.0 1.0 1.0 1.0 1.0 1.0 1.0 1.0 0.0 1.0 1.0 1.0 1.0 1.0 1.0 1.0 1.0 1.0 1.0 1.0 1.0 1.0 1.0 1.0 1.0 1.0 1.0 1.0 1.0 1.0 1.0 1.0 1.0 1.0 1.0 1.0 1.0 1.0 1.0 1.0 1.0 1.0 1.0 1.0 
1.0 1.0 1.0 1.0 1.0 1.0 1.0 1.0 1.0 1.0 1.0 1.0 1.0 1.0 1.0 1.0 1.0 1.0 1.0 1.0 1.0 1.0 1.0 1.0 1.0 1.0 1.0 1.0 1.0 0.0 1.0 1.0 1.0 1.0 1.0 1.0 1.0 1.0 1.0 1.0 1.0 1.0 1.0 1.0 1.0 1.0 1.0 1.0 1.0 1.0 1.0 1.0 1.0 1.0 1.0 1.0 1.0 1.0 1.0 1.0 1.0 1.0 1.0 1.0 
1.0 1.0 1.0 1.0 1.0 1.0 1.0 1.0 1.0 1.0 1.0 1.0 1.0 1.0 1.0 1.0 1.0 1.0 1.0 1.0 1.0 1.0 1.0 1.0 1.0 1.0 1.0 1.0 1.0 1.0 0.0 1.0 1.0 1.0 1.0 1.0 1.0 1.0 1.0 1.0 1.0 1.0 1.0 1.0 1.0 1.0 1.0 1.0 1.0 1.0 1.0 1.0 1.0 1.0 1.0 1.0 1.0 1.0 1.0 1.0 1.0 1.0 1.0 1.0 
1.0 1.0 1.0 1.0 1.0 1.0 1.0 1.0 1.0 1.0 1.0 1.0 1.0 1.0 1.0 1.0 1.0 1.0 1.0 1.0 1.0 1.0 1.0 1.0 1.0 1.0 1.0 1.0 1.0 1.0 1.0 0.0 1.0 1.0 1.0 1.0 1.0 1.0 1.0 1.0 1.0 1.0 1.0 1.0 1.0 1.0 1.0 1.0 1.0 1.0 1.0 1.0 1.0 1.0 1.0 1.0 1.0 1.0 1.0 1.0 1.0 1.0 1.0 1.0 
1.0 1.0 1.0 1.0 1.0 1.0 1.0 1.0 1.0 1.0 1.0 1.0 1.0 1.0 1.0 1.0 1.0 1.0 1.0 1.0 1.0 1.0 1.0 1.0 1.0 1.0 1.0 1.0 1.0 1.0 1.0 1.0 0.0 1.0 1.0 1.0 1.0 1.0 1.0 1.0 1.0 1.0 1.0 1.0 1.0 1.0 1.0 1.0 1.0 1.0 1.0 1.0 1.0 1.0 1.0 1.0 1.0 1.0 1.0 1.0 1.0 1.0 1.0 1.0 
1.0 1.0 1.0 1.0 1.0 1.0 1.0 1.0 1.0 1.0 1.0 1.0 1.0 1.0 1.0 1.0 1.0 1.0 1.0 1.0 1.0 1.0 1.0 1.0 1.0 1.0 1.0 1.0 1.0 1.0 1.0 1.0 1.0 0.0 1.0 1.0 1.0 1.0 1.0 1.0 1.0 1.0 1.0 1.0 1.0 1.0 1.0 1.0 1.0 1.0 1.0 1.0 1.0 1.0 1.0 1.0 1.0 1.0 1.0 1.0 1.0 1.0 1.0 1.0 
1.0 1.0 1.0 1.0 1.0 1.0 1.0 1.0 1.0 1.0 1.0 1.0 1.0 1.0 1.0 1.0 1.0 1.0 1.0 1.0 1.0 1.0 1.0 1.0 1.0 1.0 1.0 1.0 1.0 1.0 1.0 1.0 1.0 1.0 0.0 1.0 1.0 1.0 1.0 1.0 1.0 1.0 1.0 1.0 1.0 1.0 1.0 1.0 1.0 1.0 1.0 1.0 1.0 1.0 1.0 1.0 1.0 1.0 1.0 1.0 1.0 1.0 1.0 1.0 
1.0 1.0 1.0 1.0 1.0 1.0 1.0 1.0 1.0 1.0 1.0 1.0 1.0 1.0 1.0 1.0 1.0 1.0 1.0 1.0 1.0 1.0 1.0 1.0 1.0 1.0 1.0 1.0 1.0 1.0 1.0 1.0 1.0 1.0 1.0 0.0 1.0 1.0 1.0 1.0 1.0 1.0 1.0 1.0 1.0 1.0 1.0 1.0 1.0 1.0 1.0 1.0 1.0 1.0 1.0 1.0 1.0 1.0 1.0 1.0 1.0 1.0 1.0 1.0 
1.0 1.0 1.0 1.0 1.0 1.0 1.0 1.0 1.0 1.0 1.0 1.0 1.0 1.0 1.0 1.0 1.0 1.0 1.0 1.0 1.0 1.0 1.0 1.0 1.0 1.0 1.0 1.0 1.0 1.0 1.0 1.0 1.0 1.0 1.0 1.0 0.0 1.0 1.0 1.0 1.0 1.0 1.0 1.0 1.0 1.0 1.0 1.0 1.0 1.0 1.0 1.0 1.0 1.0 1.0 1.0 1.0 1.0 1.0 1.0 1.0 1.0 1.0 1.0 
1.0 1.0 1.0 1.0 1.0 1.0 1.0 1.0 1.0 1.0 1.0 1.0 1.0 1.0 1.0 1.0 1.0 1.0 1.0 1.0 1.0 1.0 1.0 1.0 1.0 1.0 1.0 1.0 1.0 1.0 1.0 1.0 1.0 1.0 1.0 1.0 1.0 0.0 1.0 1.0 1.0 1.0 1.0 1.0 1.0 1.0 1.0 1.0 1.0 1.0 1.0 1.0 1.0 1.0 1.0 1.0 1.0 1.0 1.0 1.0 1.0 1.0 1.0 1.0 
1.0 1.0 1.0 1.0 1.0 1.0 1.0 1.0 1.0 1.0 1.0 1.0 1.0 1.0 1.0 1.0 1.0 1.0 1.0 1.0 1.0 1.0 1.0 1.0 1.0 1.0 1.0 1.0 1.0 1.0 1.0 1.0 1.0 1.0 1.0 1.0 1.0 1.0 0.0 1.0 1.0 1.0 1.0 1.0 1.0 1.0 1.0 1.0 1.0 1.0 1.0 1.0 1.0 1.0 1.0 1.0 1.0 1.0 1.0 1.0 1.0 1.0 1.0 1.0 
1.0 1.0 1.0 1.0 1.0 1.0 1.0 1.0 1.0 1.0 1.0 1.0 1.0 1.0 1.0 1.0 1.0 1.0 1.0 1.0 1.0 1.0 1.0 1.0 1.0 1.0 1.0 1.0 1.0 1.0 1.0 1.0 1.0 1.0 1.0 1.0 1.0 1.0 1.0 0.0 1.0 1.0 1.0 1.0 1.0 1.0 1.0 1.0 1.0 1.0 1.0 1.0 1.0 1.0 1.0 1.0 1.0 1.0 1.0 1.0 1.0 1.0 1.0 1.0 
1.0 1.0 1.0 1.0 1.0 1.0 1.0 1.0 1.0 1.0 1.0 1.0 1.0 1.0 1.0 1.0 1.0 1.0 1.0 1.0 1.0 1.0 1.0 1.0 1.0 1.0 1.0 1.0 1.0 1.0 1.0 1.0 1.0 1.0 1.0 1.0 1.0 1.0 1.0 1.0 0.0 1.0 1.0 1.0 1.0 1.0 1.0 1.0 1.0 1.0 1.0 1.0 1.0 1.0 1.0 1.0 1.0 1.0 1.0 1.0 1.0 1.0 1.0 1.0 
1.0 1.0 1.0 1.0 1.0 1.0 1.0 1.0 1.0 1.0 1.0 1.0 1.0 1.0 1.0 1.0 1.0 1.0 1.0 1.0 1.0 1.0 1.0 1.0 1.0 1.0 1.0 1.0 1.0 1.0 1.0 1.0 1.0 1.0 1.0 1.0 1.0 1.0 1.0 1.0 1.0 0.0 1.0 1.0 1.0 1.0 1.0 1.0 1.0 1.0 1.0 1.0 1.0 1.0 1.0 1.0 1.0 1.0 1.0 1.0 1.0 1.0 1.0 1.0 
1.0 1.0 1.0 1.0 1.0 1.0 1.0 1.0 1.0 1.0 1.0 1.0 1.0 1.0 1.0 1.0 1.0 1.0 1.0 1.0 1.0 1.0 1.0 1.0 1.0 1.0 1.0 1.0 1.0 1.0 1.0 1.0 1.0 1.0 1.0 1.0 1.0 1.0 1.0 1.0 1.0 1.0 0.0 1.0 1.0 1.0 1.0 1.0 1.0 1.0 1.0 1.0 1.0 1.0 1.0 1.0 1.0 1.0 1.0 1.0 1.0 1.0 1.0 1.0 
1.0 1.0 1.0 1.0 1.0 1.0 1.0 1.0 1.0 1.0 1.0 1.0 1.0 1.0 1.0 1.0 1.0 1.0 1.0 1.0 1.0 1.0 1.0 1.0 1.0 1.0 1.0 1.0 1.0 1.0 1.0 1.0 1.0 1.0 1.0 1.0 1.0 1.0 1.0 1.0 1.0 1.0 1.0 0.0 1.0 1.0 1.0 1.0 1.0 1.0 1.0 1.0 1.0 1.0 1.0 1.0 1.0 1.0 1.0 1.0 1.0 1.0 1.0 1.0 
1.0 1.0 1.0 1.0 1.0 1.0 1.0 1.0 1.0 1.0 1.0 1.0 1.0 1.0 1.0 1.0 1.0 1.0 1.0 1.0 1.0 1.0 1.0 1.0 1.0 1.0 1.0 1.0 1.0 1.0 1.0 1.0 1.0 1.0 1.0 1.0 1.0 1.0 1.0 1.0 1.0 1.0 1.0 1.0 0.0 1.0 1.0 1.0 1.0 1.0 1.0 1.0 1.0 1.0 1.0 1.0 1.0 1.0 1.0 1.0 1.0 1.0 1.0 1.0 
1.0 1.0 1.0 1.0 1.0 1.0 1.0 1.0 1.0 1.0 1.0 1.0 1.0 1.0 1.0 1.0 1.0 1.0 1.0 1.0 1.0 1.0 1.0 1.0 1.0 1.0 1.0 1.0 1.0 1.0 1.0 1.0 1.0 1.0 1.0 1.0 1.0 1.0 1.0 1.0 1.0 1.0 1.0 1.0 1.0 0.0 1.0 1.0 1.0 1.0 1.0 1.0 1.0 1.0 1.0 1.0 1.0 1.0 1.0 1.0 1.0 1.0 1.0 1.0 
1.0 1.0 1.0 1.0 1.0 1.0 1.0 1.0 1.0 1.0 1.0 1.0 1.0 1.0 1.0 1.0 1.0 1.0 1.0 1.0 1.0 1.0 1.0 1.0 1.0 1.0 1.0 1.0 1.0 1.0 1.0 1.0 1.0 1.0 1.0 1.0 1.0 1.0 1.0 1.0 1.0 1.0 1.0 1.0 1.0 1.0 0.0 1.0 1.0 1.0 1.0 1.0 1.0 1.0 1.0 1.0 1.0 1.0 1.0 1.0 1.0 1.0 1.0 1.0 
1.0 1.0 1.0 1.0 1.0 1.0 1.0 1.0 1.0 1.0 1.0 1.0 1.0 1.0 1.0 1.0 1.0 1.0 1.0 1.0 1.0 1.0 1.0 1.0 1.0 1.0 1.0 1.0 1.0 1.0 1.0 1.0 1.0 1.0 1.0 1.0 1.0 1.0 1.0 1.0 1.0 1.0 1.0 1.0 1.0 1.0 1.0 0.0 1.0 1.0 1.0 1.0 1.0 1.0 1.0 1.0 1.0 1.0 1.0 1.0 1.0 1.0 1.0 1.0 
1.0 1.0 1.0 1.0 1.0 1.0 1.0 1.0 1.0 1.0 1.0 1.0 1.0 1.0 1.0 1.0 1.0 1.0 1.0 1.0 1.0 1.0 1.0 1.0 1.0 1.0 1.0 1.0 1.0 1.0 1.0 1.0 1.0 1.0 1.0 1.0 1.0 1.0 1.0 1.0 1.0 1.0 1.0 1.0 1.0 1.0 1.0 1.0 0.0 1.0 1.0 1.0 1.0 1.0 1.0 1.0 1.0 1.0 1.0 1.0 1.0 1.0 1.0 1.0 
1.0 1.0 1.0 1.0 1.0 1.0 1.0 1.0 1.0 1.0 1.0 1.0 1.0 1.0 1.0 1.0 1.0 1.0 1.0 1.0 1.0 1.0 1.0 1.0 1.0 1.0 1.0 1.0 1.0 1.0 1.0 1.0 1.0 1.0 1.0 1.0 1.0 1.0 1.0 1.0 1.0 1.0 1.0 1.0 1.0 1.0 1.0 1.0 1.0 0.0 1.0 1.0 1.0 1.0 1.0 1.0 1.0 1.0 1.0 1.0 1.0 1.0 1.0 1.0 
1.0 1.0 1.0 1.0 1.0 1.0 1.0 1.0 1.0 1.0 1.0 1.0 1.0 1.0 1.0 1.0 1.0 1.0 1.0 1.0 1.0 1.0 1.0 1.0 1.0 1.0 1.0 1.0 1.0 1.0 1.0 1.0 1.0 1.0 1.0 1.0 1.0 1.0 1.0 1.0 1.0 1.0 1.0 1.0 1.0 1.0 1.0 1.0 1.0 1.0 0.0 1.0 1.0 1.0 1.0 1.0 1.0 1.0 1.0 1.0 1.0 1.0 1.0 1.0 
1.0 1.0 1.0 1.0 1.0 1.0 1.0 1.0 1.0 1.0 1.0 1.0 1.0 1.0 1.0 1.0 1.0 1.0 1.0 1.0 1.0 1.0 1.0 1.0 1.0 1.0 1.0 1.0 1.0 1.0 1.0 1.0 1.0 1.0 1.0 1.0 1.0 1.0 1.0 1.0 1.0 1.0 1.0 1.0 1.0 1.0 1.0 1.0 1.0 1.0 1.0 0.0 1.0 1.0 1.0 1.0 1.0 1.0 1.0 1.0 1.0 1.0 1.0 1.0 
1.0 1.0 1.0 1.0 1.0 1.0 1.0 1.0 1.0 1.0 1.0 1.0 1.0 1.0 1.0 1.0 1.0 1.0 1.0 1.0 1.0 1.0 1.0 1.0 1.0 1.0 1.0 1.0 1.0 1.0 1.0 1.0 1.0 1.0 1.0 1.0 1.0 1.0 1.0 1.0 1.0 1.0 1.0 1.0 1.0 1.0 1.0 1.0 1.0 1.0 1.0 1.0 0.0 1.0 1.0 1.0 1.0 1.0 1.0 1.0 1.0 1.0 1.0 1.0 
1.0 1.0 1.0 1.0 1.0 1.0 1.0 1.0 1.0 1.0 1.0 1.0 1.0 1.0 1.0 1.0 1.0 1.0 1.0 1.0 1.0 1.0 1.0 1.0 1.0 1.0 1.0 1.0 1.0 1.0 1.0 1.0 1.0 1.0 1.0 1.0 1.0 1.0 1.0 1.0 1.0 1.0 1.0 1.0 1.0 1.0 1.0 1.0 1.0 1.0 1.0 1.0 1.0 0.0 1.0 1.0 1.0 1.0 1.0 1.0 1.0 1.0 1.0 1.0 
1.0 1.0 1.0 1.0 1.0 1.0 1.0 1.0 1.0 1.0 1.0 1.0 1.0 1.0 1.0 1.0 1.0 1.0 1.0 1.0 1.0 1.0 1.0 1.0 1.0 1.0 1.0 1.0 1.0 1.0 1.0 1.0 1.0 1.0 1.0 1.0 1.0 1.0 1.0 1.0 1.0 1.0 1.0 1.0 1.0 1.0 1.0 1.0 1.0 1.0 1.0 1.0 1.0 1.0 0.0 1.0 1.0 1.0 1.0 1.0 1.0 1.0 1.0 1.0 
1.0 1.0 1.0 1.0 1.0 1.0 1.0 1.0 1.0 1.0 1.0 1.0 1.0 1.0 1.0 1.0 1.0 1.0 1.0 1.0 1.0 1.0 1.0 1.0 1.0 1.0 1.0 1.0 1.0 1.0 1.0 1.0 1.0 1.0 1.0 1.0 1.0 1.0 1.0 1.0 1.0 1.0 1.0 1.0 1.0 1.0 1.0 1.0 1.0 1.0 1.0 1.0 1.0 1.0 1.0 0.0 1.0 1.0 1.0 1.0 1.0 1.0 1.0 1.0 
1.0 1.0 1.0 1.0 1.0 1.0 1.0 1.0 1.0 1.0 1.0 1.0 1.0 1.0 1.0 1.0 1.0 1.0 1.0 1.0 1.0 1.0 1.0 1.0 1.0 1.0 1.0 1.0 1.0 1.0 1.0 1.0 1.0 1.0 1.0 1.0 1.0 1.0 1.0 1.0 1.0 1.0 1.0 1.0 1.0 1.0 1.0 1.0 1.0 1.0 1.0 1.0 1.0 1.0 1.0 1.0 0.0 1.0 1.0 1.0 1.0 1.0 1.0 1.0 
1.0 1.0 1.0 1.0 1.0 1.0 1.0 1.0 1.0 1.0 1.0 1.0 1.0 1.0 1.0 1.0 1.0 1.0 1.0 1.0 1.0 1.0 1.0 1.0 1.0 1.0 1.0 1.0 1.0 1.0 1.0 1.0 1.0 1.0 1.0 1.0 1.0 1.0 1.0 1.0 1.0 1.0 1.0 1.0 1.0 1.0 1.0 1.0 1.0 1.0 1.0 1.0 1.0 1.0 1.0 1.0 1.0 0.0 1.0 1.0 1.0 1.0 1.0 1.0 
1.0 1.0 1.0 1.0 1.0 1.0 1.0 1.0 1.0 1.0 1.0 1.0 1.0 1.0 1.0 1.0 1.0 1.0 1.0 1.0 1.0 1.0 1.0 1.0 1.0 1.0 1.0 1.0 1.0 1.0 1.0 1.0 1.0 1.0 1.0 1.0 1.0 1.0 1.0 1.0 1.0 1.0 1.0 1.0 1.0 1.0 1.0 1.0 1.0 1.0 1.0 1.0 1.0 1.0 1.0 1.0 1.0 1.0 0.0 1.0 1.0 1.0 1.0 1.0 
1.0 1.0 1.0 1.0 1.0 1.0 1.0 1.0 1.0 1.0 1.0 1.0 1.0 1.0 1.0 1.0 1.0 1.0 1.0 1.0 1.0 1.0 1.0 1.0 1.0 1.0 1.0 1.0 1.0 1.0 1.0 1.0 1.0 1.0 1.0 1.0 1.0 1.0 1.0 1.0 1.0 1.0 1.0 1.0 1.0 1.0 1.0 1.0 1.0 1.0 1.0 1.0 1.0 1.0 1.0 1.0 1.0 1.0 1.0 0.0 1.0 1.0 1.0 1.0 
1.0 1.0 1.0 1.0 1.0 1.0 1.0 1.0 1.0 1.0 1.0 1.0 1.0 1.0 1.0 1.0 1.0 1.0 1.0 1.0 1.0 1.0 1.0 1.0 1.0 1.0 1.0 1.0 1.0 1.0 1.0 1.0 1.0 1.0 1.0 1.0 1.0 1.0 1.0 1.0 1.0 1.0 1.0 1.0 1.0 1.0 1.0 1.0 1.0 1.0 1.0 1.0 1.0 1.0 1.0 1.0 1.0 1.0 1.0 1.0 0.0 1.0 1.0 1.0 
1.0 1.0 1.0 1.0 1.0 1.0 1.0 1.0 1.0 1.0 1.0 1.0 1.0 1.0 1.0 1.0 1.0 1.0 1.0 1.0 1.0 1.0 1.0 1.0 1.0 1.0 1.0 1.0 1.0 1.0 1.0 1.0 1.0 1.0 1.0 1.0 1.0 1.0 1.0 1.0 1.0 1.0 1.0 1.0 1.0 1.0 1.0 1.0 1.0 1.0 1.0 1.0 1.0 1.0 1.0 1.0 1.0 1.0 1.0 1.0 1.0 0.0 1.0 1.0 
1.0 1.0 1.0 1.0 1.0 1.0 1.0 1.0 1.0 1.0 1.0 1.0 1.0 1.0 1.0 1.0 1.0 1.0 1.0 1.0 1.0 1.0 1.0 1.0 1.0 1.0 1.0 1.0 1.0 1.0 1.0 1.0 1.0 1.0 1.0 1.0 1.0 1.0 1.0 1.0 1.0 1.0 1.0 1.0 1.0 1.0 1.0 1.0 1.0 1.0 1.0 1.0 1.0 1.0 1.0 1.0 1.0 1.0 1.0 1.0 1.0 1.0 0.0 1.0 
1.0 1.0 1.0 1.0 1.0 1.0 1.0 1.0 1.0 1.0 1.0 1.0 1.0 1.0 1.0 1.0 1.0 1.0 1.0 1.0 1.0 1.0 1.0 1.0 1.0 1.0 1.0 1.0 1.0 1.0 1.0 1.0 1.0 1.0 1.0 1.0 1.0 1.0 1.0 1.0 1.0 1.0 1.0 1.0 1.0 1.0 1.0 1.0 1.0 1.0 1.0 1.0 1.0 1.0 1.0 1.0 1.0 1.0 1.0 1.0 1.0 1.0 1.0 0.0 