16
99 56 55 63 72 76 30 97 81 90 26 42 22 24 55 27 
45 34 40 72 96 57 92 100 70 72 17 29 60 53 66 54 
91 90 68 76 66 5 50 70 38 21 68 83 41 18 36 49 
66 19 7 30 4 95 47 41 98 18 81 94 21 78 53 80 
24 83 87 31 36 27 46 81 75 32 66 59 85 81 3 5 
75 81 29 68 91 90 92 48 35 15 43 63 85 65 28 23 
4 77 11 99 66 84 68 10 36 47 87 46 46 4 79 92 
73 89 39 84 47 27 4 84 5 67 5 67 8 39 9 39 
12 3 84 71 19 77 42 49 54 98 62 66 69 25 72 75 
15 75 85 30 2 96 29 17 5 14 34 3 70 51 41 67 
56 83 51 81 72 56 62 83 44 24 80 95 87 78 2 59 
74 57 98 91 53 34 63 76 36 90 2 16 68 2 58 27 
49 71 14 67 28 12 69 48 32 18 52 11 19 7 71 4 
75 62 31 21 73 60 97 54 39 99 9 44 31 31 63 75 
72 92 100 83 53 86 17 44 41 72 73 35 32 1 28 65 
69 2 66 29 77 41 32 47 59 88 7 1 78 91 21 88 
0.0 1.0 1.0 1.0 1.0 1.0 1.0 1.0 1.0 1.0 1.0 1.0 1.0 1.0 1.0 1.0 
1.0 0.0 1.0 1.0 1.0 1.0 1.0 1.0 1.0 1.0 1.0 1.0 1.0 1.0 1.0 1.0 
1.0 1.0 0.0 1.0 1.0 1.0 1.0 1.0 1.0 1.0 1.0 1.0 1.0 1.0 1.0 1.0 
1.0 1.0 1.0 0.0 1.0 1.0 1.0 1.0 1.0 1.0 1.0 1.0 1.0 1.0 1.0 1.0 
1.0 1.0 1.0 1.0 0.0 1.0 1.0 1.0 1.0 1.0 1.0 1.0 1.0 1.0 1.0 1.0 
1.0 1.0 1.0 1.0 1.0 0.0 1.0 1.0 1.0 1.0 1.0 1.0 1.0 1.0 1.0 1.0 
1.0 1.0 1.0 1.0 1.0 1.0 0.0 1.0 1.0 1.0 1.0 1.0 1.0 1.0 1.0 1.0 
1.0 1.0 1.0 1.0 1.0 1.0 1.0 0.0 1.0 1.0 1.0 1.0 1.0 1.0 1.0 1.0 
1.0 1.0 1.0 1.0 1.0 1.0 1.0 1.0 0.0 1.0 1.0 1.0 1.0 1.0 1.0 1.0 
1.0 1.0 1.0 1.0 1.0 1.0 1.0 1.0 1.0 0.0 1.0 1.0 1.0 1.0 1.0 1.0 
1.0 1.0 1.0 1.0 1.0 1.0 1.0 1.0 1.0 1.0 0.0 1.0 1.0 1.0 1.0 1.0 
1.0 1.0 1.0 1.0 1.0 1.0 1.0 1.0 1.0 1.0 1.0 0.0 1.0 1.0 1.0 1.0 
1.0 1.0 1.0 1.0 1.0 1.0 1.0 1.0 1.0 1.0 1.0 1.0 0.0 1.0 1.0 1.0 
1.0 1.0 1.0 1.0 1.0 1.0 1.0 1.0 1.0 1.0 1.0 1.0 1.0 0.0 1.0 1.0 
1.0 1.0 1.0 1.0 1.0 1.0 1.0 1.0 1.0 1.0 1.0 1.0 1.0 1.0 0.0 1.0 
1.0 1.0 1.0 1.0 1.0 1.0 1.0 1.0 1.0 1.0 1.0 1.0 1.0 1.0 1.0 0.0 