32
95 13 26 18 45 4 49 70 78 82 37 20 20 23 30 50 52 26 95 93 73 16 41 14 3 92 22 56 34 69 18 84 
4 28 82 88 6 73 71 74 12 36 71 84 74 64 46 63 91 78 64 59 56 59 12 87 50 25 25 10 3 34 61 85 
24 61 36 13 86 61 86 1 100 97 15 23 74 12 92 12 97 13 8 41 29 1 84 24 49 37 50 83 12 25 33 86 
2 47 30 92 66 62 68 14 62 96 40 46 27 65 47 26 10 67 87 40 34 41 79 75 62 52 77 72 6 69 16 90 
87 94 48 76 15 91 15 5 20 69 79 97 64 62 66 46 98 38 77 73 78 72 82 1 35 86 78 69 55 59 22 17 
92 100 6 83 60 56 36 41 37 72 26 33 29 20 40 4 54 71 89 2 95 43 7 68 52 81 88 37 32 83 9 12 
55 40 70 90 53 77 18 5 67 35 8 94 51 72 8 31 18 77 33 26 5 3 57 6 56 12 36 46 12 27 74 97 
28 9 62 18 30 92 19 68 70 64 93 39 86 49 65 12 32 22 59 45 82 6 13 24 94 61 26 95 77 95 84 51 
52 28 43 47 34 29 12 70 31 14 21 15 42 58 52 97 60 15 25 65 1 43 61 62 85 76 94 47 24 86 44 45 
31 5 48 8 10 96 18 66 5 57 66 100 43 31 44 86 54 19 21 76 16 85 87 87 33 93 73 76 5 62 19 62 
84 81 13 8 99 12 100 82 81 57 95 60 49 17 32 86 13 24 93 90 68 81 25 5 65 25 2 51 38 30 59 10 
60 86 30 23 91 33 97 26 79 1 78 25 37 60 81 8 12 66 51 22 26 74 34 99 56 58 62 52 80 48 64 93 
32 10 3 11 73 84 2 16 26 99 50 37 16 23 22 24 76 12 73 62 87 53 26 66 18 1 62 99 34 66 54 20 
93 47 44 89 3 72 22 81 81 52 20 97 11 31 30 64 85 80 75 36 23 51 45 45 92 48 60 88 72 42 35 60 
58 94 19 52 58 22 40 97 66 77 16 75 80 25 91 61 76 98 12 20 47 95 10 96 5 29 6 4 57 88 49 77 
93 17 53 52 34 67 89 87 82 92 3 18 97 2 33 21 6 68 85 51 47 91 43 80 88 48 91 32 77 46 98 16 
4 8 8 40 48 61 43 12 19 77 16 4 41 90 91 93 64 69 74 49 39 29 100 95 13 73 51 2 95 33 25 3 
99 81 65 79 25 29 99 46 69 89 98 16 28 22 94 3 81 49 37 25 13 14 2 96 86 35 42 96 100 6 32 12 
12 26 96 100 71 54 50 86 50 61 13 92 67 56 26 52 66 99 27 57 37 71 68 63 75 4 70 95 41 43 61 57 
96 80 57 26 94 2 53 38 31 62 25 35 75 84 84 77 80 91 97 57 87 6 75 13 74 79 60 83 40 81 85 34 
41 24 33 45 87 96 89 13 80 4 40 2 9 73 25 11 90 84 10 19 22 74 91 85 52 41 31 6 78 38 95 49 
42 24 86 8 85 50 21 13 29 44 44 86 97 50 44 48 61 56 24 43 38 7 99 68 32 74 85 57 53 60 62 40 
89 76 98 27 9 20 80 41 87 37 53 34 2 29 52 33 21 86 13 78 19 54 14 83 61 54 67 71 23 30 29 22 
60 36 50 71 95 26 50 55 74 8 39 19 53 48 67 16 83 38 55 81 31 24 21 27 29 11 55 9 5 10 92 50 
97 8 38 8 14 3 43 6 100 80 37 70 36 92 65 22 76 11 88 66 18 86 46 35 40 94 99 74 97 28 62 90 
90 16 35 45 54 34 4 56 46 49 60 25 54 65 45 70 22 90 80 47 67 76 61 74 43 5 95 56 82 85 75 20 
68 22 49 82 92 75 79 57 32 16 49 4 41 27 59 72 75 12 92 43 31 68 5 44 82 92 36 78 76 6 32 6 
33 15 12 32 2 10 56 5 98 26 86 77 68 75 81 66 19 49 100 34 96 77 92 73 9 53 69 40 76 68 40 15 
82 59 64 79 92 14 99 27 31 69 7 63 32 58 11 63 37 9 98 42 51 65 44 79 11 15 5 41 91 37 92 5 
69 48 30 52 16 16 88 2 36 70 67 100 57 42 47 33 85 65 65 26 38 72 93 23 35 88 22 46 66 93 76 97 
95 14 81 78 94 94 93 16 95 13 90 35 67 23 42 25 63 11 37 74 22 87 12 1 44 58 70 87 96 61 47 91 
90 14 60 1 48 57 27 19 50 49 75 41 62 20 88 50 71 34 96 6 72 60 55 4 11 50 21 95 40 65 79 81 
0.0 1.0 1.0 1.0 1.0 1.0 1.0 1.0 1.0 1.0 1.0 1.0 1.0 1.0 1.0 1.0 1.0 1.0 1.0 1.0 1.0 1.0 1.0 1.0 1.0 1.0 1.0 1.0 1.0 1.0 1.0 1.0 
1.0 0.0 1.0 1.0 1.0 1.0 1.0 1.0 1.0 1.0 1.0 1.0 1.0 1.0 1.0 1.0 1.0 1.0 1.0 1.0 1.0 1.0 1.0 1.0 1.0 1.0 1.0 1.0 1.0 1.0 1.0 1.0 
1.0 1.0 0.0 1.0 1.0 1.0 1.0 1.0 1.0 1.0 1.0 1.0 1.0 1.0 1.0 1.0 1.0 1.0 1.0 1.0 1.0 1.0 1.0 1.0 1.0 1.0 1.0 1.0 1.0 1.0 1.0 1.0 
1.0 1.0 1.0 0.0 1.0 1.0 1.0 1.0 1.0 1.0 1.0 1.0 1.0 1.0 1.0 1.0 1.0 1.0 1.0 1.0 1.0 1.0 1.0 1.0 1.0 1.0 1.0 1.0 1.0 1.0 1.0 1.0 
1.0 1.0 1.0 1.0 0.0 1.0 1.0 1.0 1.0 1.0 1.0 1.0 1.0 1.0 1.0 1.0 1.0 1.0 1.0 1.0 1.0 1.0 1.0 1.0 1.0 1.0 1.0 1.0 1.0 1.0 1.0 1.0 
1.0 1.0 1.0 1.0 1.0 0.0 1.0 1.0 1.0 1.0 1.0 1.0 1.0 1.0 1.0 1.0 1.0 1.0 1.0 1.0 1.0 1.0 1.0 1.0 1.0 1.0 1.0 1.0 1.0 1.0 1.0 1.0 
1.0 1.0 1.0 1.0 1.0 1.0 0.0 1.0 1.0 1.0 1.0 1.0 1.0 1.0 1.0 1.0 1.0 1.0 1.0 1.0 1.0 1.0 1.0 1.0 1.0 1.0 1.0 1.0 1.0 1.0 1.0 1.0 
1.0 1.0 1.0 1.0 1.0 1.0 1.0 0.0 1.0 1.0 1.0 1.0 1.0 1.0 1.0 1.0 1.0 1.0 1.0 1.0 1.0 1.0 1.0 1.0 1.0 1.0 1.0 1.0 1.0 1.0 1.0 1.0 
1.0 1.0 1.0 1.0 1.0 1.0 1.0 1.0 0.0 1.0 1.0 1.0 1.0 1.0 1.0 1.0 1.0 1.0 1.0 1.0 1.0 1.0 1.0 1.0 1.0 1.0 1.0 1.0 1.0 1.0 1.0 1.0 
1.0 1.0 1.0 1.0 1.0 1.0 1.0 1.0 1.0 0.0 1.0 1.0 1.0 1.0 1.0 1.0 1.0 1.0 1.0 1.0 1.0 1.0 1.0 1.0 1.0 1.0 1.0 1.0 1.0 1.0 1.0 1.0 
1.0 1.0 1.0 1.0 1.0 1.0 1.0 1.0 1.0 1.0 0.0 1.0 1.0 1.0 1.0 1.0 1.0 1.0 1.0 1.0 1.0 1.0 1.0 1.0 1.0 1.0 1.0 1.0 1.0 1.0 1.0 1.0 
1.0 1.0 1.0 1.0 1.0 1.0 1.0 1.0 1.0 1.0 1.0 0.0 1.0 1.0 1.0 1.0 1.0 1.0 1.0 1.0 1.0 1.0 1.0 1.0 1.0 1.0 1.0 1.0 1.0 1.0 1.0 1.0 
1.0 1.0 1.0 1.0 1.0 1.0 1.0 1.0 1.0 1.0 1.0 1.0 0.0 1.0 1.0 1.0 1.0 1.0 1.0 1.0 1.0 1.0 1.0 1.0 1.0 1.0 1.0 1.0 1.0 1.0 1.0 1.0 
1.0 1.0 1.0 1.0 1.0 1.0 1.0 1.0 1.0 1.0 1.0 1.0 1.0 0.0 1.0 1.0 1.0 1.0 1.0 1.0 1.0 1.0 1.0 1.0 1.0 1.0 1.0 1.0 1.0 1.0 1.0 1.0 
1.0 1.0 1.0 1.0 1.0 1.0 1.0 1.0 1.0 1.0 1.0 1.0 1.0 1.0 0.0 1.0 1.0 1.0 1.0 1.0 1.0 1.0 1.0 1.0 1.0 1.0 1.0 1.0 1.0 1.0 1.0 1.0 
1.0 1.0 1.0 1.0 1.0 1.0 1.0 1.0 1.0 1.0 1.0 1.0 1.0 1.0 1.0 0.0 1.0 1.0 1.0 1.0 1.0 1.0 1.0 1.0 1.0 1.0 1.0 1.0 1.0 1.0 1.0 1.0 
1.0 1.0 1.0 1.0 1.0 1.0 1.0 1.0 1.0 1.0 1.0 1.0 1.0 1.0 1.0 1.0 0.0 1.0 1.0 1.0 1.0 1.0 1.0 1.0 1.0 1.0 1.0 1.0 1.0 1.0 1.0 1.0 
1.0 1.0 1.0 1.0 1.0 1.0 1.0 1.0 1.0 1.0 1.0 1.0 1.0 1.0 1.0 1.0 1.0 0.0 1.0 1.0 1.0 1.0 1.0 1.0 1.0 1.0 1.0 1.0 1.0 1.0 1.0 1.0 
1.0 1.0 1.0 1.0 1.0 1.0 1.0 1.0 1.0 1.0 1.0 1.0 1.0 1.0 1.0 1.0 1.0 1.0 0.0 1.0 1.0 1.0 1.0 1.0 1.0 1.0 1.0 1.0 1.0 1.0 1.0 1.0 
1.0 1.0 1.0 1.0 1.0 1.0 1.0 1.0 1.0 1.0 1.0 1.0 1.0 1.0 1.0 1.0 1.0 1.0 1.0 0.0 1.0 1.0 1.0 1.0 1.0 1.0 1.0 1.0 1.0 1.0 1.0 1.0 
1.0 1.0 1.0 1.0 1.0 1.0 1.0 1.0 1.0 1.0 1.0 1.0 1.0 1.0 1.0 1.0 1.0 1.0 1.0 1.0 0.0 1.0 1.0 1.0 1.0 1.0 1.0 1.0 1.0 1.0 1.0 1.0 
1.0 1.0 1.0 1.0 1.0 1.0 1.0 1.0 1.0 1.0 1.0 1.0 1.0 1.0 1.0 1.0 1.0 1.0 1.0 1.0 1.0 0.0 1.0 1.0 1.0 1.0 1.0 1.0 1.0 1.0 1.0 1.0 
1.0 1.0 1.0 1.0 1.0 1.0 1.0 1.0 1.0 1.0 1.0 1.0 1.0 1.0 1.0 1.0 1.0 1.0 1.0 1.0 1.0 1.0 0.0 1.0 1.0 1.0 1.0 1.0 1.0 1.0 1.0 1.0 
1.0 1.0 1.0 1.0 1.0 1.0 1.0 1.0 1.0 1.0 1.0 1.0 1.0 1.0 1.0 1.0 1.0 1.0 1.0 1.0 1.0 1.0 1.0 0.0 1.0 1.0 1.0 1.0 1.0 1.0 1.0 1.0 
1.0 1.0 1.0 1.0 1.0 1.0 1.0 1.0 1.0 1.0 1.0 1.0 1.0 1.0 1.0 1.0 1.0 1.0 1.0 1.0 1.0 1.0 1.0 1.0 0.0 1.0 1.0 1.0 1.0 1.0 1.0 1.0 
1.0 1.0 1.0 1.0 1.0 1.0 1.0 1.0 1.0 1.0 1.0 1.0 1.0 1.0 1.0 1.0 1.0 1.0 1.0 1.0 1.0 1.0 1.0 1.0 1.0 0.0 1.0 1.0 1.0 1.0 1.0 1.0 
1.0 1.0 1.0 1.0 1.0 1.0 1.0 1.0 1.0 1.0 1.0 1.0 1.0 1.0 1.0 1.0 1.0 1.0 1.0 1.0 1.0 1.0 1.0 1.0 1.0 1.0 0.0 1.0 1.0 1.0 1.0 1.0 
1.0 1.0 1.0 1.0 1.0 1.0 1.0 1.0 1.0 1.0 1.0 1.0 1.0 1.0 1.0 1.0 1.0 1.0 1.0 1.0 1.0 1.0 1.0 1.0 1.0 1.0 1.0 0.0 1.0 1.0 1.0 1.0 
1.0 1.0 1.0 1.0 1.0 1.0 1.0 1.0 1.0 1.0 1.0 1.0 1.0 1.0 1.0 1.0 1.0 1.0 1.0 1.0 1.0 1.0 1.0 1.0 1.0 1.0 1.0 1.0 0.0 1.0 1.0 1.0 
1.0 1.0 1.0 1.0 1.0 1.0 1.0 1.0 1.0 1.0 1.0 1.0 1.0 1.0 1.0 1.0 1.0 1.0 1.0 1.0 1.0 1.0 1.0 1.0 1.0 1.0 1.0 1.0 1.0 0.0 1.0 1.0 
1.0 1.0 1.0 1.0 1.0 1.0 1.0 1.0 1.0 1.0 1.0 1.0 1.0 1.0 1.0 1.0 1.0 1.0 1.0 1.0 1.0 1.0 1.0 1.0 1.0 1.0 1.0 1.0 1.0 1.0 0.0 1.0 
1.0 1.0 1.0 1.0 1.0 1.0 1.0 1.0 1.0 1.0 1.0 1.0 1.0 1.0 1.0 1.0 1.0 1.0 1.0 1.0 1.0 1.0 1.0 1.0 1.0 1.0 1.0 1.0 1.0 1.0 1.0 0.0 