64
58 96 34 86 58 40 79 41 34 25 51 73 94 78 55 10 20 39 86 10 72 4 46 35 72 13 23 2 95 76 82 45 35 73 68 11 61 42 12 65 31 78 13 33 56 51 17 86 91 10 18 24 96 35 21 28 31 80 99 40 28 77 25 75 
56 20 66 50 54 77 10 19 63 5 39 59 45 51 11 70 35 38 47 25 59 9 34 31 11 31 2 11 72 51 61 42 36 84 52 88 98 41 87 35 72 58 32 27 88 92 90 7 15 74 41 81 46 72 37 47 75 99 72 56 85 15 45 2 
75 16 28 98 78 93 82 24 85 52 81 96 33 46 38 39 18 99 58 17 38 55 94 33 21 83 81 32 48 63 9 96 25 30 43 98 98 20 84 51 8 6 49 69 56 17 12 94 83 13 33 57 43 33 16 21 11 77 81 34 15 47 18 13 
71 44 48 66 60 54 25 68 42 38 47 51 25 61 62 25 69 41 60 54 40 22 86 4 62 58 85 15 7 54 36 83 92 16 86 84 70 21 77 14 92 78 25 13 10 69 95 28 93 80 30 28 94 29 48 77 35 4 96 23 57 65 74 83 
60 74 41 6 62 77 64 74 51 45 67 97 47 22 3 91 10 79 5 99 3 74 32 37 95 10 4 5 90 77 41 86 7 73 48 39 97 21 24 10 71 37 17 29 23 27 39 88 33 26 72 98 35 18 79 70 81 33 16 60 66 80 95 98 
5 78 17 33 76 43 40 11 45 55 87 8 4 85 53 14 93 20 95 63 14 5 37 51 92 58 36 50 16 87 35 100 14 20 93 90 1 36 10 71 6 28 28 96 72 75 48 59 8 90 52 51 78 62 57 4 57 40 53 74 44 43 88 79 
58 16 79 21 51 32 74 41 100 88 62 59 72 55 85 3 74 47 52 37 25 39 74 1 61 91 14 12 44 57 45 33 42 7 11 62 52 29 42 86 27 44 2 27 32 66 3 35 61 78 70 34 69 29 39 77 54 8 65 15 75 91 21 22 
76 25 66 22 94 33 25 42 77 9 64 32 13 26 64 8 22 5 7 55 75 46 22 70 63 41 87 19 55 56 68 95 94 95 42 52 84 12 90 16 80 8 3 15 86 13 88 78 1 24 40 72 92 18 43 78 35 32 59 63 36 47 6 94 
59 38 49 23 9 9 61 85 62 81 44 97 83 31 78 60 36 72 59 20 53 41 82 34 95 55 90 59 42 37 61 74 17 43 98 10 89 78 76 9 80 98 19 2 12 4 24 39 39 90 49 13 33 12 12 25 18 80 19 43 23 40 71 49 
71 48 8 61 1 94 87 84 71 19 27 12 40 78 92 33 75 57 99 12 99 21 93 6 20 79 32 4 60 86 10 66 99 42 38 45 26 63 81 41 54 58 47 3 47 47 42 81 79 84 73 24 22 93 91 66 77 56 60 62 98 46 42 86 
55 25 11 70 99 26 45 46 70 14 67 82 89 25 89 20 15 78 32 13 7 47 57 100 41 46 62 67 30 95 92 94 99 70 63 61 15 76 66 1 5 97 61 12 97 28 44 84 33 49 98 37 82 99 31 95 31 39 39 82 53 25 60 69 
88 19 85 55 65 56 84 12 63 48 92 88 85 74 40 31 80 80 33 1 68 11 42 31 62 60 52 27 33 1 24 86 23 44 9 5 92 44 84 85 86 60 21 73 50 62 8 19 65 85 97 34 15 98 40 22 21 12 81 38 56 69 63 8 
86 40 62 78 70 65 53 35 57 45 39 46 71 89 95 79 100 9 91 22 79 90 41 28 47 38 50 30 60 80 89 81 74 66 88 37 52 38 83 6 15 76 24 75 25 28 18 89 22 44 99 96 31 75 96 41 18 100 3 27 99 66 42 39 
2 95 1 30 67 66 98 87 54 95 9 82 92 18 53 84 48 46 60 36 12 6 74 67 3 9 2 67 74 39 15 68 58 97 73 25 12 97 88 53 55 3 65 58 40 49 51 19 19 72 33 37 92 83 13 43 17 30 1 83 50 46 15 24 
45 11 14 55 27 31 40 43 1 76 52 97 88 27 67 95 66 55 7 22 69 16 1 35 65 49 70 8 51 71 20 11 14 81 9 56 26 62 59 7 7 67 93 29 54 80 87 34 98 58 39 91 39 26 41 46 32 3 88 39 6 57 16 91 
88 92 99 22 75 40 61 36 99 53 28 44 90 57 71 48 52 48 58 73 4 72 74 98 75 17 6 31 47 49 28 59 24 38 98 1 70 71 86 100 30 78 4 34 37 31 12 6 74 35 32 40 47 11 37 17 1 80 44 54 42 52 98 40 
32 3 96 79 86 88 98 98 63 52 13 12 75 79 38 86 80 97 31 28 96 84 65 4 39 31 92 34 47 27 67 1 54 12 32 82 6 80 9 82 40 41 2 2 56 72 21 54 81 29 26 7 59 35 72 64 50 42 52 69 98 27 97 42 
61 2 22 51 70 56 62 10 39 16 34 30 32 68 100 77 83 89 36 30 28 82 67 26 42 42 3 69 5 100 70 98 73 53 65 72 60 49 65 82 92 94 30 28 80 42 22 22 70 96 31 58 59 97 22 84 9 12 39 40 7 27 5 57 
2 14 29 6 43 25 91 89 9 21 65 89 13 38 80 23 64 13 98 17 45 71 31 39 88 7 4 64 77 66 26 21 69 17 62 98 40 64 15 40 96 85 4 1 67 35 92 6 26 2 27 68 11 78 78 57 50 83 79 7 95 65 55 8 
52 61 89 54 69 69 97 23 36 84 23 65 89 36 69 70 31 80 60 81 77 50 35 59 74 53 48 24 39 68 1 84 56 50 22 4 30 17 18 2 38 28 71 100 3 99 21 86 32 11 62 49 52 43 46 59 86 57 59 45 73 82 77 1 
2 95 81 54 20 47 15 46 75 44 68 45 52 16 71 87 62 72 90 85 84 89 96 21 38 21 58 23 58 56 64 43 72 53 25 58 91 11 99 7 96 99 36 61 17 79 19 70 79 77 39 91 18 50 34 73 52 15 28 92 46 3 64 37 
6 44 59 48 38 55 99 8 5 73 51 19 73 31 96 53 70 44 19 50 78 98 45 95 41 62 72 95 40 5 34 68 41 92 59 22 98 3 42 93 74 61 39 27 71 7 31 28 73 100 83 32 99 31 100 47 42 30 22 81 86 30 97 23 
41 92 75 25 77 54 13 88 39 82 51 65 76 19 90 81 38 66 20 41 50 67 1 89 66 100 8 36 7 98 49 73 100 23 42 31 65 68 91 67 74 25 66 15 75 10 84 49 33 99 18 12 93 12 20 23 51 99 52 28 78 24 80 22 
47 12 48 29 90 24 71 30 51 87 4 41 89 48 96 27 58 44 94 35 69 36 43 99 13 59 26 91 98 72 54 30 95 41 90 29 14 67 13 57 42 27 18 97 23 80 18 2 27 26 87 63 69 84 62 68 45 53 43 5 80 43 9 14 
63 16 92 100 61 75 1 31 69 59 81 64 82 13 28 60 49 85 36 26 17 96 2 88 100 16 5 21 73 16 47 97 16 40 12 37 13 57 20 38 74 32 13 61 40 92 7 77 24 75 86 41 4 100 18 22 60 51 57 56 69 100 2 81 
51 82 99 15 63 67 98 35 70 77 32 88 51 81 10 48 69 70 68 11 99 54 73 34 100 40 71 55 61 80 76 80 89 92 87 40 98 24 38 41 4 71 90 79 55 48 46 41 60 49 40 29 50 14 61 89 40 14 55 49 39 13 39 8 
85 49 43 6 16 98 95 80 65 6 84 6 87 68 55 80 99 53 37 63 44 25 83 75 46 29 48 77 30 90 24 20 64 31 99 56 73 18 72 72 60 44 28 40 45 19 68 71 12 3 72 42 55 14 66 100 13 44 62 81 14 21 55 4 
80 10 95 13 11 52 79 8 91 23 60 74 1 69 9 2 24 50 96 62 57 1 84 84 80 61 55 48 69 64 71 55 81 14 7 85 91 47 9 97 33 52 43 82 56 21 69 100 15 39 96 66 27 58 97 52 85 48 76 7 32 74 69 5 
60 63 61 62 15 13 88 84 56 67 40 51 14 44 48 89 62 88 9 46 6 87 35 100 6 1 79 11 85 28 87 67 92 56 38 34 96 56 89 83 97 63 43 6 37 87 30 59 76 91 88 74 67 79 8 14 37 27 86 89 78 25 84 15 
32 11 53 13 29 44 42 25 2 44 66 64 8 69 99 56 51 30 38 4 89 21 62 56 94 76 68 23 39 74 41 62 40 49 54 91 11 22 12 16 1 13 91 38 51 60 82 6 25 28 95 49 83 88 62 42 3 96 48 60 34 25 57 83 
54 27 80 72 23 2 56 61 54 41 45 80 45 93 12 87 64 33 14 59 82 31 42 33 81 30 31 83 86 50 59 21 11 22 69 87 48 72 86 32 58 74 85 96 3 90 54 2 22 99 65 67 35 6 79 62 52 72 70 38 97 92 15 36 
64 13 92 87 51 47 99 96 32 19 31 3 10 78 74 90 80 44 96 73 37 55 17 45 27 25 80 43 38 26 4 23 93 77 45 25 11 62 68 22 13 26 76 48 53 89 9 88 39 97 30 6 22 44 4 45 41 79 25 67 23 79 5 38 
76 82 27 9 34 20 8 27 82 41 58 67 62 55 94 10 81 72 91 65 22 26 88 90 23 30 73 99 41 9 80 42 63 15 50 79 21 54 77 19 87 26 88 81 85 46 96 62 45 40 75 1 98 67 13 36 41 34 9 6 33 13 1 99 
84 19 28 15 87 50 79 73 17 93 8 47 96 11 66 26 80 8 70 59 8 87 53 3 45 59 55 30 98 42 100 18 40 98 58 45 90 25 88 47 8 87 80 100 72 64 58 15 27 80 16 45 27 90 26 51 6 58 53 38 41 28 17 54 
24 44 68 58 95 77 36 42 51 22 8 33 23 84 19 37 52 17 57 55 98 61 66 98 97 70 68 97 37 39 32 99 19 41 50 17 25 48 42 56 13 48 10 88 48 62 46 59 1 77 57 31 7 43 56 94 50 27 46 34 15 53 55 33 
10 95 51 22 50 71 46 2 2 35 18 39 29 21 81 47 53 3 56 79 24 47 23 21 86 27 37 29 83 66 17 51 69 29 39 41 44 74 26 11 21 91 25 18 100 28 70 63 48 8 9 88 44 82 23 35 29 15 83 93 55 23 1 80 
22 76 20 10 28 61 65 43 15 77 78 81 52 23 91 73 57 62 10 9 92 76 27 2 69 14 57 12 70 16 94 2 57 90 22 21 21 78 26 16 42 37 53 71 94 19 69 79 70 34 30 13 59 33 93 35 26 78 68 58 27 51 47 34 
81 1 80 87 3 41 52 56 46 38 97 59 89 85 73 85 51 68 1 47 99 76 22 7 25 25 27 80 55 43 81 41 88 14 8 17 67 10 82 88 83 67 93 11 82 80 18 15 32 69 48 79 54 60 25 76 94 78 28 98 1 80 74 20 
70 77 27 81 35 50 84 27 90 11 95 16 20 90 25 83 52 51 24 94 65 41 48 5 92 56 90 37 98 74 53 65 78 53 14 7 7 84 70 94 92 89 45 54 7 95 36 73 81 75 87 48 16 42 85 95 4 73 35 75 59 86 85 50 
90 68 19 42 48 25 21 98 15 21 4 47 36 18 35 21 31 21 62 37 91 8 50 9 54 40 52 11 63 28 63 33 34 52 88 83 19 59 12 19 87 6 2 62 90 18 99 29 19 37 70 98 45 83 24 30 29 95 81 24 23 2 6 14 
27 70 77 17 1 48 2 90 55 98 78 3 65 26 63 75 75 95 72 56 11 4 65 61 62 34 67 91 91 26 12 20 33 36 84 16 24 76 94 72 62 37 47 85 16 6 42 40 75 79 49 83 64 67 72 57 59 32 29 84 35 34 24 19 
75 19 97 49 63 44 91 12 66 70 64 77 57 43 89 52 12 92 30 43 91 41 42 93 50 8 91 67 50 96 33 36 13 38 89 31 100 91 73 14 3 52 32 55 30 25 44 15 62 88 7 25 87 61 17 23 78 54 87 7 97 10 5 46 
50 62 87 5 44 80 95 52 54 96 34 92 94 37 60 89 20 8 97 5 4 69 29 38 29 29 80 43 57 63 67 23 95 98 45 17 87 38 93 3 75 29 71 91 68 7 61 77 11 65 21 55 47 51 11 76 60 99 49 14 100 37 97 81 
71 53 74 16 41 72 71 78 76 6 14 82 25 35 41 7 48 67 83 97 50 27 35 32 29 86 95 80 51 22 54 36 23 5 78 25 74 90 73 56 96 54 34 49 3 12 38 75 70 48 74 89 19 31 79 5 96 30 88 41 96 63 1 88 
13 68 21 61 99 69 77 20 31 65 86 43 19 32 38 87 80 32 45 70 45 19 12 1 95 29 29 81 44 81 95 13 98 91 45 63 42 16 55 63 45 64 89 78 99 44 98 29 48 19 97 28 24 23 99 44 85 16 62 82 62 93 29 62 
75 92 16 61 76 78 92 22 73 52 52 70 31 26 57 78 48 51 29 10 51 7 85 69 51 77 62 52 8 46 28 27 62 38 3 50 81 9 54 28 66 3 49 24 39 77 94 68 98 63 75 23 20 15 22 2 36 55 44 46 84 57 41 47 
48 29 28 96 6 71 25 24 75 42 97 71 81 43 66 93 91 51 85 89 63 26 66 42 8 16 9 79 60 45 47 49 14 78 42 36 36 26 78 17 14 3 59 68 99 67 33 80 32 90 42 29 95 77 73 51 10 62 14 37 91 11 8 56 
66 19 47 76 98 81 63 61 35 91 87 2 61 2 6 39 94 61 22 13 17 11 58 2 98 57 80 20 80 63 31 4 94 71 90 35 27 87 13 75 61 56 74 61 14 21 67 65 83 59 28 67 45 69 17 55 73 12 76 52 89 37 24 73 
52 58 78 87 83 36 21 83 2 68 35 4 61 75 97 85 37 3 10 58 90 40 54 40 95 12 45 67 40 62 74 39 65 67 23 35 28 56 52 68 73 56 36 40 27 27 47 35 63 7 61 26 35 19 88 42 89 7 16 45 7 29 11 75 
92 39 44 56 86 16 5 96 89 59 26 9 51 69 3 26 84 70 61 94 24 50 54 77 76 41 37 53 77 11 83 96 27 47 44 67 52 33 74 11 71 18 92 78 54 3 98 1 15 25 17 6 67 71 86 96 39 75 86 48 80 100 71 76 
77 95 60 8 30 93 65 31 62 29 87 95 30 20 68 95 3 74 34 46 10 46 92 93 32 54 5 94 98 44 17 83 55 22 74 62 19 65 71 70 69 43 53 2 83 20 24 65 10 74 79 60 27 86 47 33 18 82 93 52 8 77 56 44 
62 1 48 40 15 84 84 77 81 11 44 39 99 93 94 30 6 69 88 27 5 71 58 25 45 63 1 16 93 4 35 71 68 59 31 83 1 79 77 55 53 60 43 87 60 88 12 9 42 44 32 64 38 5 54 36 85 83 24 58 83 33 90 72 
56 51 7 54 47 56 17 70 94 24 15 84 96 71 65 97 91 91 73 80 93 95 65 51 21 62 77 21 76 80 50 43 33 61 15 38 76 46 1 48 71 69 24 34 36 24 53 92 96 87 85 95 20 90 84 40 42 75 37 72 80 61 47 28 
95 12 29 48 84 29 59 75 53 62 81 60 23 65 52 59 54 70 74 15 3 65 50 34 39 50 74 35 16 16 94 85 40 28 76 82 30 49 81 73 100 16 76 15 70 81 97 20 48 89 60 76 78 23 1 46 62 37 47 45 3 96 60 10 
99 22 15 70 23 25 58 69 82 32 12 91 50 60 7 48 43 93 69 36 68 19 40 63 22 21 51 40 41 75 62 12 43 72 1 93 72 27 19 31 32 11 36 30 73 85 55 22 92 17 44 49 66 70 86 89 67 87 99 100 18 71 14 28 
48 52 23 7 67 22 55 100 25 66 54 86 98 87 94 74 57 41 85 39 75 100 58 13 64 23 39 16 19 75 89 77 68 10 35 47 49 64 96 47 60 63 41 99 64 79 19 41 22 5 9 7 61 35 32 95 21 62 20 53 42 6 93 21 
33 36 3 34 74 70 75 21 5 88 17 49 79 69 16 60 99 33 75 84 95 45 27 81 61 48 44 18 46 3 45 65 94 77 18 53 11 70 74 55 76 54 39 100 29 76 19 84 72 97 95 51 72 12 15 44 27 79 45 48 62 17 65 63 
43 19 46 66 41 90 99 16 37 91 67 77 21 18 50 68 18 83 77 59 33 47 83 42 54 28 6 50 13 89 76 30 25 25 80 29 63 13 95 49 14 28 27 12 4 28 36 76 22 17 3 19 60 10 75 2 39 21 39 41 61 92 70 3 
12 75 50 6 61 1 51 100 59 48 46 36 95 96 60 86 52 81 26 76 83 22 65 70 92 5 69 55 91 76 54 39 31 46 69 79 73 98 16 8 58 17 98 31 45 36 17 37 66 68 38 35 20 72 50 17 10 60 71 17 95 15 41 84 
65 76 74 25 37 52 99 29 92 7 99 93 3 31 17 53 11 97 82 21 83 12 66 99 70 90 47 18 48 22 88 10 90 20 32 84 7 55 34 56 68 9 57 58 37 89 11 60 7 63 40 58 52 19 51 96 38 46 72 45 99 11 24 10 
74 13 57 7 82 85 88 2 71 94 99 94 15 14 2 58 35 42 22 74 14 4 20 88 10 84 66 68 56 7 60 1 31 48 46 21 70 4 29 89 100 46 18 83 55 94 61 35 1 43 10 62 60 77 53 61 35 8 24 35 67 26 22 6 
59 76 35 56 19 9 60 70 28 46 92 37 63 96 92 70 66 96 54 87 90 28 78 66 3 85 5 3 54 41 72 2 89 16 58 72 94 72 77 59 33 93 76 40 88 34 88 35 69 86 49 94 10 20 80 35 92 100 91 98 21 95 70 80 
82 21 37 8 85 59 22 50 73 24 8 28 47 15 57 38 37 75 29 92 38 10 96 86 13 62 43 65 57 45 99 6 39 98 81 43 6 93 16 73 60 25 69 49 95 49 33 93 70 35 43 28 96 84 100 56 41 5 21 68 90 62 48 24 
4 54 91 50 25 55 77 36 92 34 7 12 20 66 14 50 61 24 94 99 93 9 72 46 63 1 8 100 72 28 41 51 24 80 10 31 40 10 72 5 100 8 91 83 15 20 38 65 95 6 45 51 16 25 19 94 9 82 71 51 64 91 67 87 
0.0 1.0 1.0 1.0 1.0 1.0 1.0 1.0 1.0 1.0 1.0 1.0 1.0 1.0 1.0 1.0 1.0 1.0 1.0 1.0 1.0 1.0 1.0 1.0 1.0 1.0 1.0 1.0 1.0 1.0 1.0 1.0 1.0 1.0 1.0 1.0 1.0 1.0 1.0 1.0 1.0 1.0 1.0 1.0 1.0 1.0 1.0 1.0 1.0 1.0 1.0 1.0 1.0 1.0 1.0 1.0 1.0 1.0 1.0 1.0 1.0 1.0 1.0 1.0 
1.0 0.0 1.0 1.0 1.0 1.0 1.0 1.0 1.0 1.0 1.0 1.0 1.0 1.0 1.0 1.0 1.0 1.0 1.0 1.0 1.0 1.0 1.0 1.0 1.0 1.0 1.0 1.0 1.0 1.0 1.0 1.0 1.0 1.0 1.0 1.0 1.0 1.0 1.0 1.0 1.0 1.0 1.0 1.0 1.0 1.0 1.0 1.0 1.0 1.0 1.0 1.0 1.0 1.0 1.0 1.0 1.0 1.0 1.0 1.0 1.0 1.0 1.0 1.0 
1.0 1.0 0.0 1.0 1.0 1.0 1.0 1.0 1.0 1.0 1.0 1.0 1.0 1.0 1.0 1.0 1.0 1.0 1.0 1.0 1.0 1.0 1.0 1.0 1.0 1.0 1.0 1.0 1.0 1.0 1.0 1.0 1.0 1.0 1.0 1.0 1.0 1.0 1.0 1.0 1.0 1.0 1.0 1.0 1.0 1.0 1.0 1.0 1.0 1.0 1.0 1.0 1.0 1.0 1.0 1.0 1.0 1.0 1.0 1.0 1.0 1.0 1.0 1.0 
1.0 1.0 1.0 0.0 1.0 1.0 1.0 1.0 1.0 1.0 1.0 1.0 1.0 1.0 1.0 1.0 1.0 1.0 1.0 1.0 1.0 1.0 1.0 1.0 1.0 1.0 1.0 1.0 1.0 1.0 1.0 1.0 1.0 1.0 1.0 1.0 1.0 1.0 1.0 1.0 1.0 1.0 1.0 1.0 1.0 1.0 1.0 1.0 1.0 1.0 1.0 1.0 1.0 1.0 1.0 1.0 1.0 1.0 1.0 1.0 1.0 1.0 1.0 1.0 
1.0 1.0 1.0 1.0 0.0 1.0 1.0 1.0 1.0 1.0 1.0 1.0 1.0 1.0 1.0 1.0 1.0 1.0 1.0 1.0 1.0 1.0 1.0 1.0 1.0 1.0 1.0 1.0 1.0 1.0 1.0 1.0 1.0 1.0 1.0 1.0 1.0 1.0 1.0 1.0 1.0 1.0 1.0 1.0 1.0 1.0 1.0 1.0 1.0 1.0 1.0 1.0 1.0 1.0 1.0 1.0 1.0 1.0 1.0 1.0 1.0 1.0 1.0 1.0 
1.0 1.0 1.0 1.0 1.0 0.0 1.0 1.0 1.0 1.0 1.0 1.0 1.0 1.0 1.0 1.0 1.0 1.0 1.0 1.0 1.0 1.0 1.0 1.0 1.0 1.0 1.0 1.0 1.0 1.0 1.0 1.0 1.0 1.0 1.0 1.0 1.0 1.0 1.0 1.0 1.0 1.0 1.0 1.0 1.0 1.0 1.0 1.0 1.0 1.0 1.0 1.0 1.0 1.0 1.0 1.0 1.0 1.0 1.0 1.0 1.0 1.0 1.0 1.0 
1.0 1.0 1.0 1.0 1.0 1.0 0.0 1.0 1.0 1.0 1.0 1.0 1.0 1.0 1.0 1.0 1.0 1.0 1.0 1.0 1.0 1.0 1.0 1.0 1.0 1.0 1.0 1.0 1.0 1.0 1.0 1.0 1.0 1.0 1.0 1.0 1.0 1.0 1.0 1.0 1.0 1.0 1.0 1.0 1.0 1.0 1.0 1.0 1.0 1.0 1.0 1.0 1.0 1.0 1.0 1.0 1.0 1.0 1.0 1.0 1.0 1.0 1.0 1.0 
1.0 1.0 1.0 1.0 1.0 1.0 1.0 0.0 1.0 1.0 1.0 1.0 1.0 1.0 1.0 1.0 1.0 1.0 1.0 1.0 1.0 1.0 1.0 1.0 1.0 1.0 1.0 1.0 1.0 1.0 1.0 1.0 1.0 1.0 1.0 1.0 1.0 1.0 1.0 1.0 1.0 1.0 1.0 1.0 1.0 1.0 1.0 1.0 1.0 1.0 1.0 1.0 1.0 1.0 1.0 1.0 1.0 1.0 1.0 1.0 1.0 1.0 1.0 1.0 
1.0 1.0 1.0 1.0 1.0 1.0 1.0 1.0 0.0 1.0 1.0 1.0 1.0 1.0 1.0 1.0 1.0 1.0 1.0 1.0 1.0 1.0 1.0 1.0 1.0 1.0 1.0 1.0 1.0 1.0 1.0 1.0 1.0 1.0 1.0 1.0 1.0 1.0 1.0 1.0 1.0 1.0 1.0 1.0 1.0 1.0 1.0 1.0 1.0 1.0 1.0 1.0 1.0 1.0 1.0 1.0 1.0 1.0 1.0 1.0 1.0 1.0 1.0 1.0 
1.0 1.0 1.0 1.0 1.0 1.0 1.0 1.0 1.0 0.0 1.0 1.0 1.0 1.0 1.0 1.0 1.0 1.0 1.0 1.0 1.0 1.0 1.0 1.0 1.0 1.0 1.0 1.0 1.0 1.0 1.0 1.0 1.0 1.0 1.0 1.0 1.0 1.0 1.0 1.0 1.0 1.0 1.0 1.0 1.0 1.0 1.0 1.0 1.0 1.0 1.0 1.0 1.0 1.0 1.0 1.0 1.0 1.0 1.0 1.0 1.0 1.0 1.0 1.0 
1.0 1.0 1.0 1.0 1.0 1.0 1.0 1.0 1.0 1.0 0.0 1.0 1.0 1.0 1.0 1.0 1.0 1.0 1.0 1.0 1.0 1.0 1.0 1.0 1.0 1.0 1.0 1.0 1.0 1.0 1.0 1.0 1.0 1.0 1.0 1.0 1.0 1.0 1.0 1.0 1.0 1.0 1.0 1.0 1.0 1.0 1.0 1.0 1.0 1.0 1.0 1.0 1.0 1.0 1.0 1.0 1.0 1.0 1.0 1.0 1.0 1.0 1.0 1.0 
1.0 1.0 1.0 1.0 1.0 1.0 1.0 1.0 1.0 1.0 1.0 0.0 1.0 1.0 1.0 1.0 1.0 1.0 1.0 1.0 1.0 1.0 1.0 1.0 1.0 1.0 1.0 1.0 1.0 1.0 1.0 1.0 1.0 1.0 1.0 1.0 1.0 1.0 1.0 1.0 1.0 1.0 1.0 1.0 1.0 1.0 1.0 1.0 1.0 1.0 1.0 1.0 1.0 1.0 1.0 1.0 1.0 1.0 1.0 1.0 1.0 1.0 1.0 1.0 
1.0 1.0 1.0 1.0 1.0 1.0 1.0 1.0 1.0 1.0 1.0 1.0 0.0 1.0 1.0 1.0 1.0 1.0 1.0 1.0 1.0 1.0 1.0 1.0 1.0 1.0 1.0 1.0 1.0 1.0 1.0 1.0 1.0 1.0 1.0 1.0 1.0 1.0 1.0 1.0 1.0 1.0 1.0 1.0 1.0 1.0 1.0 1.0 1.0 1.0 1.0 1.0 1.0 1.0 1.0 1.0 1.0 1.0 1.0 1.0 1.0 1.0 1.0 1.0 
1.0 1.0 1.0 1.0 1.0 1.0 1.0 1.0 1.0 1.0 1.0 1.0 1.0 0.0 1.0 1.0 1.0 1.0 1.0 1.0 1.0 1.0 1.0 1.0 1.0 1.0 1.0 1.0 1.0 1.0 1.0 1.0 1.0 1.0 1.0 1.0 1.0 1.0 1.0 1.0 1.0 1.0 1.0 1.0 1.0 1.0 1.0 1.0 1.0 1.0 1.0 1.0 1.0 1.0 1.0 1.0 1.0 1.0 1.0 1.0 1.0 1.0 1.0 1.0 
1.0 1.0 1.0 1.0 1.0 1.0 1.0 1.0 1.0 1.0 1.0 1.0 1.0 1.0 0.0 1.0 1.0 1.0 1.0 1.0 1.0 1.0 1.0 1.0 1.0 1.0 1.0 1.0 1.0 1.0 1.0 1.0 1.0 1.0 1.0 1.0 1.0 1.0 1.0 1.0 1.0 1.0 1.0 1.0 1.0 1.0 1.0 1.0 1.0 1.0 1.0 1.0 1.0 1.0 1.0 1.0 1.0 1.0 1.0 1.0 1.0 1.0 1.0 1.0 
1.0 1.0 1.0 1.0 1.0 1.0 1.0 1.0 1.0 1.0 1.0 1.0 1.0 1.0 1.0 0.0 1.0 1.0 1.0 1.0 1.0 1.0 1.0 1.0 1.0 1.0 1.0 1.0 1.0 1.0 1.0 1.0 1.0 1.0 1.0 1.0 1.0 1.0 1.0 1.0 1.0 1.0 1.0 1.0 1.0 1.0 1.0 1.0 1.0 1.0 1.0 1.0 1.0 1.0 1.0 1.0 1.0 1.0 1.0 1.0 1.0 1.0 1.0 1.0 
1.0 1.0 1.0 1.0 1.0 1.0 1.0 1.0 1.0 1.0 1.0 1.0 1.0 1.0 1.0 1.0 0.0 1.0 1.0 1.0 1.0 1.0 1.0 1.0 1.0 1.0 1.0 1.0 1.0 1.0 1.0 1.0 1.0 1.0 1.0 1.0 1.0 1.0 1.0 1.0 1.0 1.0 1.0 1.0 1.0 1.0 1.0 1.0 1.0 1.0 1.0 1.0 1.0 1.0 1.0 1.0 1.0 1.0 1.0 1.0 1.0 1.0 1.0 1.0 
1.0 1.0 1.0 1.0 1.0 1.0 1.0 1.0 1.0 1.0 1.0 1.0 1.0 1.0 1.0 1.0 1.0 0.0 1.0 1.0 1.0 1.0 1.0 1.0 1.0 1.0 1.0 1.0 1.0 1.0 1.0 1.0 1.0 1.0 1.0 1.0 1.0 1.0 1.0 1.0 1.0 1.0 1.0 1.0 1.0 1.0 1.0 1.0 1.0 1.0 1.0 1.0 1.0 1.0 1.0 1.0 1.0 1.0 1.0 1.0 1.0 1.0 1.0 1.0 
1.0 1.0 1.0 1.0 1.0 1.0 1.0 1.0 1.0 1.0 1.0 1.0 1.0 1.0 1.0 1.0 1.0 1.0 0.0 1.0 1.0 1.0 1.0 1.0 1.0 1.0 1.0 1.0 1.0 1.0 1.0 1.0 1.0 1.0 1.0 1.0 1.0 1.0 1.0 1.0 1.0 1.0 1.0 1.0 1.0 1.0 1.0 1.0 1.0 1.0 1.0 1.0 1.0 1.0 1.0 1.0 1.0 1.0 1.0 1.0 1.0 1.0 1.0 1.0 
1.0 1.0 1.0 1.0 1.0 1.0 1.0 1.0 1.0 1.0 1.0 1.0 1.0 1.0 1.0 1.0 1.0 1.0 1.0 0.0 1.0 1.0 1.0 1.0 1.0 1.0 1.0 1.0 1.0 1.0 1.0 1.0 1.0 1.0 1.0 1.0 1.0 1.0 1.0 1.0 1.0 1.0 1.0 1.0 1.0 1.0 1.0 1.0 1.0 1.0 1.0 1.0 1.0 1.0 1.0 1.0 1.0 1.0 1.0 1.0 1.0 1.0 1.0 1.0 
1.0 1.0 1.0 1.0 1.0 1.0 1.0 1.0 1.0 1.0 1.0 1.0 1.0 1.0 1.0 1.0 1.0 1.0 1.0 1.0 0.0 1.0 1.0 1.0 1.0 1.0 1.0 1.0 1.0 1.0 1.0 1.0 1.0 1.0 1.0 1.0 1.0 1.0 1.0 1.0 1.0 1.0 1.0 1.0 1.0 1.0 1.0 1.0 1.0 1.0 1.0 1.0 1.0 1.0 1.0 1.0 1.0 1.0 1.0 1.0 1.0 1.0 1.0 1.0 
1.0 1.0 1.0 1.0 1.0 1.0 1.0 1.0 1.0 1.0 1.0 1.0 1.0 1.0 1.0 1.0 1.0 1.0 1.0 1.0 1.0 0.0 1.0 1.0 1.0 1.0 1.0 1.0 1.0 1.0 1.0 1.0 1.0 1.0 1.0 1.0 1.0 1.0 1.0 1.0 1.0 1.0 1.0 1.0 1.0 1.0 1.0 1.0 1.0 1.0 1.0 1.0 1.0 1.0 1.0 1.0 1.0 1.0 1.0 1.0 1.0 1.0 1.0 1.0 
1.0 1.0 1.0 1.0 1.0 1.0 1.0 1.0 1.0 1.0 1.0 1.0 1.0 1.0 1.0 1.0 1.0 1.0 1.0 1.0 1.0 1.0 0.0 1.0 1.0 1.0 1.0 1.0 1.0 1.0 1.0 1.0 1.0 1.0 1.0 1.0 1.0 1.0 1.0 1.0 1.0 1.0 1.0 1.0 1.0 1.0 1.0 1.0 1.0 1.0 1.0 1.0 1.0 1.0 1.0 1.0 1.0 1.0 1.0 1.0 1.0 1.0 1.0 1.0 
1.0 1.0 1.0 1.0 1.0 1.0 1.0 1.0 1.0 1.0 1.0 1.0 1.0 1.0 1.0 1.0 1.0 1.0 1.0 1.0 1.0 1.0 1.0 0.0 1.0 1.0 1.0 1.0 1.0 1.0 1.0 1.0 1.0 1.0 1.0 1.0 1.0 1.0 1.0 1.0 1.0 1.0 1.0 1.0 1.0 1.0 1.0 1.0 1.0 1.0 1.0 1.0 1.0 1.0 1.0 1.0 1.0 1.0 1.0 1.0 1.0 1.0 1.0 1.0 
1.0 1.0 1.0 1.0 1.0 1.0 1.0 1.0 1.0 1.0 1.0 1.0 1.0 1.0 1.0 1.0 1.0 1.0 1.0 1.0 1.0 1.0 1.0 1.0 0.0 1.0 1.0 1.0 1.0 1.0 1.0 1.0 1.0 1.0 1.0 1.0 1.0 1.0 1.0 1.0 1.0 1.0 1.0 1.0 1.0 1.0 1.0 1.0 1.0 1.0 1.0 1.0 1.0 1.0 1.0 1.0 1.0 1.0 1.0 1.0 1.0 1.0 1.0 1.0 
1.0 1.0 1.0 1.0 1.0 1.0 1.0 1.0 1.0 1.0 1.0 1.0 1.0 1.0 1.0 1.0 1.0 1.0 1.0 1.0 1.0 1.0 1.0 1.0 1.0 0.0 1.0 1.0 1.0 1.0 1.0 1.0 1.0 1.0 1.0 1.0 1.0 1.0 1.0 1.0 1.0 1.0 1.0 1.0 1.0 1.0 1.0 1.0 1.0 1.0 1.0 1.0 1.0 1.0 1.0 1.0 1.0 1.0 1.0 1.0 1.0 1.0 1.0 1.0 
1.0 1.0 1.0 1.0 1.0 1.0 1.0 1.0 1.0 1.0 1.0 1.0 1.0 1.0 1.0 1.0 1.0 1.0 1.0 1.0 1.0 1.0 1.0 1.0 1.0 1.0 0.0 1.0 1.0 1.0 1.0 1.0 1.0 1.0 1.0 1.0 1.0 1.0 1.0 1.0 1.0 1.0 1.0 1.0 1.0 1.0 1.0 1.0 1.0 1.0 1.0 1.0 1.0 1.0 1.0 1.0 1.0 1.0 1.0 1.0 1.0 1.0 1.0 1.0 
1.0 1.0 1.0 1.0 1.0 1.0 1.0 1.0 1.0 1.0 1.0 1.0 1.0 1.0 1.0 1.0 1.0 1.0 1.0 1.0 1.0 1.0 1.0 1.0 1.0 1.0 1.0 0.0 1.0 1.0 1.0 1.0 1.0 1.0 1.0 1.0 1.0 1.0 1.0 1.0 1.0 1.0 1.0 1.0 1.0 1.0 1.0 1.0 1.0 1.0 1.0 1.0 1.0 1.0 1.0 1.0 1.0 1.0 1.0 1.0 1.0 1.0 1.0 1.0 
1.0 1.0 1.0 1.0 1.0 1.0 1.0 1.0 1.0 1.0 1.0 1.0 1.0 1.0 1.0 1.0 1.0 1.0 1.0 1.0 1.0 1.0 1.0 1.0 1.0 1.0 1.0 1.0 0.0 1.0 1.0 1.0 1.0 1.0 1.0 1.0 1.0 1.0 1.0 1.0 1.0 1.0 1.0 1.0 1.0 1.0 1.0 1.0 1.0 1.0 1.0 1.0 1.0 1.0 1.0 1.0 1.0 1.0 1.0 1.0 1.0 1.0 1.0 1.0 
1.0 1.0 1.0 1.0 1.0 1.0 1.0 1.0 1.0 1.0 1.0 1.0 1.0 1.0 1.0 1.0 1.0 1.0 1.0 1.0 1.0 1.0 1.0 1.0 1.0 1.0 1.0 1.0 1.0 0.0 1.0 1.0 1.0 1.0 1.0 1.0 1.0 1.0 1.0 1.0 1.0 1.0 1.0 1.0 1.0 1.0 1.0 1.0 1.0 1.0 1.0 1.0 1.0 1.0 1.0 1.0 1.0 1.0 1.0 1.0 1.0 1.0 1.0 1.0 
1.0 1.0 1.0 1.0 1.0 1.0 1.0 1.0 1.0 1.0 1.0 1.0 1.0 1.0 1.0 1.0 1.0 1.0 1.0 1.0 1.0 1.0 1.0 1.0 1.0 1.0 1.0 1.0 1.0 1.0 0.0 1.0 1.0 1.0 1.0 1.0 1.0 1.0 1.0 1.0 1.0 1.0 1.0 1.0 1.0 1.0 1.0 1.0 1.0 1.0 1.0 1.0 1.0 1.0 1.0 1.0 1.0 1.0 1.0 1.0 1.0 1.0 1.0 1.0 
1.0 1.0 1.0 1.0 1.0 1.0 1.0 1.0 1.0 1.0 1.0 1.0 1.0 1.0 1.0 1.0 1.0 1.0 1.0 1.0 1.0 1.0 1.0 1.0 1.0 1.0 1.0 1.0 1.0 1.0 1.0 0.0 1.0 1.0 1.0 1.0 1.0 1.0 1.0 1.0 1.0 1.0 1.0 1.0 1.0 1.0 1.0 1.0 1.0 1.0 1.0 1.0 1.0 1.0 1.0 1.0 1.0 1.0 1.0 1.0 1.0 1.0 1.0 1.0 
1.0 1.0 1.0 1.0 1.0 1.0 1.0 1.0 1.0 1.0 1.0 1.0 1.0 1.0 1.0 1.0 1.0 1.0 1.0 1.0 1.0 1.0 1.0 1.0 1.0 1.0 1.0 1.0 1.0 1.0 1.0 1.0 0.0 1.0 1.0 1.0 1.0 1.0 1.0 1.0 1.0 1.0 1.0 1.0 1.0 1.0 1.0 1.0 1.0 1.0 1.0 1.0 1.0 1.0 1.0 1.0 1.0 1.0 1.0 1.0 1.0 1.0 1.0 1.0 
1.0 1.0 1.0 1.0 1.0 1.0 1.0 1.0 1.0 1.0 1.0 1.0 1.0 1.0 1.0 1.0 1.0 1.0 1.0 1.0 1.0 1.0 1.0 1.0 1.0 1.0 1.0 1.0 1.0 1.0 1.0 1.0 1.0 0.0 1.0 1.0 1.0 1.0 1.0 1.0 1.0 1.0 1.0 1.0 1.0 1.0 1.0 1.0 1.0 1.0 1.0 1.0 1.0 1.0 1.0 1.0 1.0 1.0 1.0 1.0 1.0 1.0 1.0 1.0 
1.0 1.0 1.0 1.0 1.0 1.0 1.0 1.0 1.0 1.0 1.0 1.0 1.0 1.0 1.0 1.0 1.0 1.0 1.0 1.0 1.0 1.0 1.0 1.0 1.0 1.0 1.0 1.0 1.0 1.0 1.0 1.0 1.0 1.0 0.0 1.0 1.0 1.0 1.0 1.0 1.0 1.0 1.0 1.0 1.0 1.0 1.0 1.0 1.0 1.0 1.0 1.0 1.0 1.0 1.0 1.0 1.0 1.0 1.0 1.0 1.0 1.0 1.0 1.0 
1.0 1.0 1.0 1.0 1.0 1.0 1.0 1.0 1.0 1.0 1.0 1.0 1.0 1.0 1.0 1.0 1.0 1.0 1.0 1.0 1.0 1.0 1.0 1.0 1.0 1.0 1.0 1.0 1.0 1.0 1.0 1.0 1.0 1.0 1.0 0.0 1.0 1.0 1.0 1.0 1.0 1.0 1.0 1.0 1.0 1.0 1.0 1.0 1.0 1.0 1.0 1.0 1.0 1.0 1.0 1.0 1.0 1.0 1.0 1.0 1.0 1.0 1.0 1.0 
1.0 1.0 1.0 1.0 1.0 1.0 1.0 1.0 1.0 1.0 1.0 1.0 1.0 1.0 1.0 1.0 1.0 1.0 1.0 1.0 1.0 1.0 1.0 1.0 1.0 1.0 1.0 1.0 1.0 1.0 1.0 1.0 1.0 1.0 1.0 1.0 0.0 1.0 1.0 1.0 1.0 1.0 1.0 1.0 1.0 1.0 1.0 1.0 1.0 1.0 1.0 1.0 1.0 1.0 1.0 1.0 1.0 1.0 1.0 1.0 1.0 1.0 1.0 1.0 
1.0 1.0 1.0 1.0 1.0 1.0 1.0 1.0 1.0 1.0 1.0 1.0 1.0 1.0 1.0 1.0 1.0 1.0 1.0 1.0 1.0 1.0 1.0 1.0 1.0 1.0 1.0 1.0 1.0 1.0 1.0 1.0 1.0 1.0 1.0 1.0 1.0 0.0 1.0 1.0 1.0 1.0 1.0 1.0 1.0 1.0 1.0 1.0 1.0 1.0 1.0 1.0 1.0 1.0 1.0 1.0 1.0 1.0 1.0 1.0 1.0 1.0 1.0 1.0 
1.0 1.0 1.0 1.0 1.0 1.0 1.0 1.0 1.0 1.0 1.0 1.0 1.0 1.0 1.0 1.0 1.0 1.0 1.0 1.0 1.0 1.0 1.0 1.0 1.0 1.0 1.0 1.0 1.0 1.0 1.0 1.0 1.0 1.0 1.0 1.0 1.0 1.0 0.0 1.0 1.0 1.0 1.0 1.0 1.0 1.0 1.0 1.0 1.0 1.0 1.0 1.0 1.0 1.0 1.0 1.0 1.0 1.0 1.0 1.0 1.0 1.0 1.0 1.0 
1.0 1.0 1.0 1.0 1.0 1.0 1.0 1.0 1.0 1.0 1.0 1.0 1.0 1.0 1.0 1.0 1.0 1.0 1.0 1.0 1.0 1.0 1.0 1.0 1.0 1.0 1.0 1.0 1.0 1.0 1.0 1.0 1.0 1.0 1.0 1.0 1.0 1.0 1.0 0.0 1.0 1.0 1.0 1.0 1.0 1.0 1.0 1.0 1.0 1.0 1.0 1.0 1.0 1.0 1.0 1.0 1.0 1.0 1.0 1.0 1.0 1.0 1.0 1.0 
1.0 1.0 1.0 1.0 1.0 1.0 1.0 1.0 1.0 1.0 1.0 1.0 1.0 1.0 1.0 1.0 1.0 1.0 1.0 1.0 1.0 1.0 1.0 1.0 1.0 1.0 1.0 1.0 1.0 1.0 1.0 1.0 1.0 1.0 1.0 1.0 1.0 1.0 1.0 1.0 0.0 1.0 1.0 1.0 1.0 1.0 1.0 1.0 1.0 1.0 1.0 1.0 1.0 1.0 1.0 1.0 1.0 1.0 1.0 1.0 1.0 1.0 1.0 1.0 
1.0 1.0 1.0 1.0 1.0 1.0 1.0 1.0 1.0 1.0 1.0 1.0 1.0 1.0 1.0 1.0 1.0 1.0 1.0 1.0 1.0 1.0 1.0 1.0 1.0 1.0 1.0 1.0 1.0 1.0 1.0 1.0 1.0 1.0 1.0 1.0 1.0 1.0 1.0 1.0 1.0 0.0 1.0 1.0 1.0 1.0 1.0 1.0 1.0 1.0 1.0 1.0 1.0 1.0 1.0 1.0 1.0 1.0 1.0 1.0 1.0 1.0 1.0 1.0 
1.0 1.0 1.0 1.0 1.0 1.0 1.0 1.0 1.0 1.0 1.0 1.0 1.0 1.0 1.0 1.0 1.0 1.0 1.0 1.0 1.0 1.0 1.0 1.0 1.0 1.0 1.0 1.0 1.0 1.0 1.0 1.0 1.0 1.0 1.0 1.0 1.0 1.0 1.0 1.0 1.0 1.0 0.0 1.0 1.0 1.0 1.0 1.0 1.0 1.0 1.0 1.0 1.0 1.0 1.0 1.0 1.0 1.0 1.0 1.0 1.0 1.0 1.0 1.0 
1.0 1.0 1.0 1.0 1.0 1.0 1.0 1.0 1.0 1.0 1.0 1.0 1.0 1.0 1.0 1.0 1.0 1.0 1.0 1.0 1.0 1.0 1.0 1.0 1.0 1.0 1.0 1.0 1.0 1.0 1.0 1.0 1.0 1.0 1.0 1.0 1.0 1.0 1.0 1.0 1.0 1.0 1.0 0.0 1.0 1.0 1.0 1.0 1.0 1.0 1.0 1.0 1.0 1.0 1.0 1.0 1.0 1.0 1.0 1.0 1.0 1.0 1.0 1.0 
1.0 1.0 1.0 1.0 1.0 1.0 1.0 1.0 1.0 1.0 1.0 1.0 1.0 1.0 1.0 1.0 1.0 1.0 1.0 1.0 1.0 1.0 1.0 1.0 1.0 1.0 1.0 1.0 1.0 1.0 1.0 1.0 1.0 1.0 1.0 1.0 1.0 1.0 1.0 1.0 1.0 1.0 1.0 1.0 0.0 1.0 1.0 1.0 1.0 1.0 1.0 1.0 1.0 1.0 1.0 1.0 1.0 1.0 1.0 1.0 1.0 1.0 1.0 1.0 
1.0 1.0 1.0 1.0 1.0 1.0 1.0 1.0 1.0 1.0 1.0 1.0 1.0 1.0 1.0 1.0 1.0 1.0 1.0 1.0 1.0 1.0 1.0 1.0 1.0 1.0 1.0 1.0 1.0 1.0 1.0 1.0 1.0 1.0 1.0 1.0 1.0 1.0 1.0 1.0 1.0 1.0 1.0 1.0 1.0 0.0 1.0 1.0 1.0 1.0 1.0 1.0 1.0 1.0 1.0 1.0 1.0 1.0 1.0 1.0 1.0 1.0 1.0 1.0 
1.0 1.0 1.0 1.0 1.0 1.0 1.0 1.0 1.0 1.0 1.0 1.0 1.0 1.0 1.0 1.0 1.0 1.0 1.0 1.0 1.0 1.0 1.0 1.0 1.0 1.0 1.0 1.0 1.0 1.0 1.0 1.0 1.0 1.0 1.0 1.0 1.0 1.0 1.0 1.0 1.0 1.0 1.0 1.0 1.0 1.0 0.0 1.0 1.0 1.0 1.0 1.0 1.0 1.0 1.0 1.0 1.0 1.0 1.0 1.0 1.0 1.0 1.0 1.0 
1.0 1.0 1.0 1.0 1.0 1.0 1.0 1.0 1.0 1.0 1.0 1.0 1.0 1.0 1.0 1.0 1.0 1.0 1.0 1.0 1.0 1.0 1.0 1.0 1.0 1.0 1.0 1.0 1.0 1.0 1.0 1.0 1.0 1.0 1.0 1.0 1.0 1.0 1.0 1.0 1.0 1.0 1.0 1.0 1.0 1.0 1.0 0.0 1.0 1.0 1.0 1.0 1.0 1.0 1.0 1.0 1.0 1.0 1.0 1.0 1.0 1.0 1.0 1.0 
1.0 1.0 1.0 1.0 1.0 1.0 1.0 1.0 1.0 1.0 1.0 1.0 1.0 1.0 1.0 1.0 1.0 1.0 1.0 1.0 1.0 1.0 1.0 1.0 1.0 1.0 1.0 1.0 1.0 1.0 1.0 1.0 1.0 1.0 1.0 1.0 1.0 1.0 1.0 1.0 1.0 1.0 1.0 1.0 1.0 1.0 1.0 1.0 0.0 1.0 1.0 1.0 1.0 1.0 1.0 1.0 1.0 1.0 1.0 1.0 1.0 1.0 1.0 1.0 
1.0 1.0 1.0 1.0 1.0 1.0 1.0 1.0 1.0 1.0 1.0 1.0 1.0 1.0 1.0 1.0 1.0 1.0 1.0 1.0 1.0 1.0 1.0 1.0 1.0 1.0 1.0 1.0 1.0 1.0 1.0 1.0 1.0 1.0 1.0 1.0 1.0 1.0 1.0 1.0 1.0 1.0 1.0 1.0 1.0 1.0 1.0 1.0 1.0 0.0 1.0 1.0 1.0 1.0 1.0 1.0 1.0 1.0 1.0 1.0 1.0 1.0 1.0 1.0 
1.0 1.0 1.0 1.0 1.0 1.0 1.0 1.0 1.0 1.0 1.0 1.0 1.0 1.0 1.0 1.0 1.0 1.0 1.0 1.0 1.0 1.0 1.0 1.0 1.0 1.0 1.0 1.0 1.0 1.0 1.0 1.0 1.0 1.0 1.0 1.0 1.0 1.0 1.0 1.0 1.0 1.0 1.0 1.0 1.0 1.0 1.0 1.0 1.0 1.0 0.0 1.0 1.0 1.0 1.0 1.0 1.0 1.0 1.0 1.0 1.0 1.0 1.0 1.0 
1.0 1.0 1.0 1.0 1.0 1.0 1.0 1.0 1.0 1.0 1.0 1.0 1.0 1.0 1.0 1.0 1.0 1.0 1.0 1.0 1.0 1.0 1.0 1.0 1.0 1.0 1.0 1.0 1.0 1.0 1.0 1.0 1.0 1.0 1.0 1.0 1.0 1.0 1.0 1.0 1.0 1.0 1.0 1.0 1.0 1.0 1.0 1.0 1.0 1.0 1.0 0.0 1.0 1.0 1.0 1.0 1.0 1.0 1.0 1.0 1.0 1.0 1.0 1.0 
1.0 1.0 1.0 1.0 1.0 1.0 1.0 1.0 1.0 1.0 1.0 1.0 1.0 1.0 1.0 1.0 1.0 1.0 1.0 1.0 1.0 1.0 1.0 1.0 1.0 1.0 1.0 1.0 1.0 1.0 1.0 1.0 1.0 1.0 1.0 1.0 1.0 1.0 1.0 1.0 1.0 1.0 1.0 1.0 1.0 1.0 1.0 1.0 1.0 1.0 1.0 1.0 0.0 1.0 1.0 1.0 1.0 1.0 1.0 1.0 1.0 1.0 1.0 1.0 
1.0 1.0 1.0 1.0 1.0 1.0 1.0 1.0 1.0 1.0 1.0 1.0 1.0 1.0 1.0 1.0 1.0 1.0 1.0 1.0 1.0 1.0 1.0 1.0 1.0 1.0 1.0 1.0 1.0 1.0 1.0 1.0 1.0 1.0 1.0 1.0 1.0 1.0 1.0 1.0 1.0 1.0 1.0 1.0 1.0 1.0 1.0 1.0 1.0 1.0 1.0 1.0 1.0 0.0 1.0 1.0 1.0 1.0 1.0 1.0 1.0 1.0 1.0 1.0 
1.0 1.0 1.0 1.0 1.0 1.0 1.0 1.0 1.0 1.0 1.0 1.0 1.0 1.0 1.0 1.0 1.0 1.0 1.0 1.0 1.0 1.0 1.0 1.0 1.0 1.0 1.0 1.0 1.0 1.0 1.0 1.0 1.0 1.0 1.0 1.0 1.0 1.0 1.0 1.0 1.0 1.0 1.0 1.0 1.0 1.0 1.0 1.0 1.0 1.0 1.0 1.0 1.0 1.0 0.0 1.0 1.0 1.0 1.0 1.0 1.0 1.0 1.0 1.0 
1.0 1.0 1.0 1.0 1.0 1.0 1.0 1.0 1.0 1.0 1.0 1.0 1.0 1.0 1.0 1.0 1.0 1.0 1.0 1.0 1.0 1.0 1.0 1.0 1.0 1.0 1.0 1.0 1.0 1.0 1.0 1.0 1.0 1.0 1.0 1.0 1.0 1.0 1.0 1.0 1.0 1.0 1.0 1.0 1.0 1.0 1.0 1.0 1.0 1.0 1.0 1.0 1.0 1.0 1.0 0.0 1.0 1.0 1.0 1.0 1.0 1.0 1.0 1.0 
1.0 1.0 1.0 1.0 1.0 1.0 1.0 1.0 1.0 1.0 1.0 1.0 1.0 1.0 1.0 1.0 1.0 1.0 1.0 1.0 1.0 1.0 1.0 1.0 1.0 1.0 1.0 1.0 1.0 1.0 1.0 1.0 1.0 1.0 1.0 1.0 1.0 1.0 1.0 1.0 1.0 1.0 1.0 1.0 1.0 1.0 1.0 1.0 1.0 1.0 1.0 1.0 1.0 1.0 1.0 1.0 0.0 1.0 1.0 1.0 1.0 1.0 1.0 1.0 
1.0 1.0 1.0 1.0 1.0 1.0 1.0 1.0 1.0 1.0 1.0 1.0 1.0 1.0 1.0 1.0 1.0 1.0 1.0 1.0 1.0 1.0 1.0 1.0 1.0 1.0 1.0 1.0 1.0 1.0 1.0 1.0 1.0 1.0 1.0 1.0 1.0 1.0 1.0 1.0 1.0 1.0 1.0 1.0 1.0 1.0 1.0 1.0 1.0 1.0 1.0 1.0 1.0 1.0 1.0 1.0 1.0 0.0 1.0 1.0 1.0 1.0 1.0 1.0 
1.0 1.0 1.0 1.0 1.0 1.0 1.0 1.0 1.0 1.0 1.0 1.0 1.0 1.0 1.0 1.0 1.0 1.0 1.0 1.0 1.0 1.0 1.0 1.0 1.0 1.0 1.0 1.0 1.0 1.0 1.0 1.0 1.0 1.0 1.0 1.0 1.0 1.0 1.0 1.0 1.0 1.0 1.0 1.0 1.0 1.0 1.0 1.0 1.0 1.0 1.0 1.0 1.0 1.0 1.0 1.0 1.0 1.0 0.0 1.0 1.0 1.0 1.0 1.0 
1.0 1.0 1.0 1.0 1.0 1.0 1.0 1.0 1.0 1.0 1.0 1.0 1.0 1.0 1.0 1.0 1.0 1.0 1.0 1.0 1.0 1.0 1.0 1.0 1.0 1.0 1.0 1.0 1.0 1.0 1.0 1.0 1.0 1.0 1.0 1.0 1.0 1.0 1.0 1.0 1.0 1.0 1.0 1.0 1.0 1.0 1.0 1.0 1.0 1.0 1.0 1.0 1.0 1.0 1.0 1.0 1.0 1.0 1.0 0.0 1.0 1.0 1.0 1.0 
1.0 1.0 1.0 1.0 1.0 1.0 1.0 1.0 1.0 1.0 1.0 1.0 1.0 1.0 1.0 1.0 1.0 1.0 1.0 1.0 1.0 1.0 1.0 1.0 1.0 1.0 1.0 1.0 1.0 1.0 1.0 1.0 1.0 1.0 1.0 1.0 1.0 1.0 1.0 1.0 1.0 1.0 1.0 1.0 1.0 1.0 1.0 1.0 1.0 1.0 1.0 1.0 1.0 1.0 1.0 1.0 1.0 1.0 1.0 1.0 0.0 1.0 1.0 1.0 
1.0 1.0 1.0 1.0 1.0 1.0 1.0 1.0 1.0 1.0 1.0 1.0 1.0 1.0 1.0 1.0 1.0 1.0 1.0 1.0 1.0 1.0 1.0 1.0 1.0 1.0 1.0 1.0 1.0 1.0 1.0 1.0 1.0 1.0 1.0 1.0 1.0 1.0 1.0 1.0 1.0 1.0 1.0 1.0 1.0 1.0 1.0 1.0 1.0 1.0 1.0 1.0 1.0 1.0 1.0 1.0 1.0 1.0 1.0 1.0 1.0 0.0 1.0 1.0 
1.0 1.0 1.0 1.0 1.0 1.0 1.0 1.0 1.0 1.0 1.0 1.0 1.0 1.0 1.0 1.0 1.0 1.0 1.0 1.0 1.0 1.0 1.0 1.0 1.0 1.0 1.0 1.0 1.0 1.0 1.0 1.0 1.0 1.0 1.0 1.0 1.0 1.0 1.0 1.0 1.0 1.0 1.0 1.0 1.0 1.0 1.0 1.0 1.0 1.0 1.0 1.0 1.0 1.0 1.0 1.0 1.0 1.0 1.0 1.0 1.0 1.0 0.0 1.0 
1.0 1.0 1.0 1.0 1.0 1.0 1.0 1.0 1.0 1.0 1.0 1.0 1.0 1.0 1.0 1.0 1.0 1.0 1.0 1.0 1.0 1.0 1.0 1.0 1.0 1.0 1.0 1.0 1.0 1.0 1.0 1.0 1.0 1.0 1.0 1.0 1.0 1.0 1.0 1.0 1.0 1.0 1.0 1.0 1.0 1.0 1.0 1.0 1.0 1.0 1.0 1.0 1.0 1.0 1.0 1.0 1.0 1.0 1.0 1.0 1.0 1.0 1.0 0.0 