32
50 5 76 40 85 93 75 78 92 10 40 79 43 17 16 9 33 68 11 9 41 92 86 68 67 73 65 45 83 100 44 25 
55 68 72 90 48 72 50 50 56 20 9 14 32 20 87 8 28 29 85 24 18 64 85 12 93 67 62 45 19 36 16 2 
12 89 37 38 99 49 33 70 96 48 53 71 31 67 46 75 84 49 98 86 66 63 85 80 22 24 38 19 96 35 34 21 
1 26 91 29 5 67 91 42 86 71 55 31 26 87 95 4 90 23 14 78 20 50 74 21 52 14 67 23 29 57 83 50 
71 84 45 34 76 85 48 3 49 91 95 97 72 77 42 85 73 72 59 47 84 71 23 59 2 26 7 11 31 72 52 91 
100 42 4 82 33 59 62 15 57 91 7 10 20 70 47 60 18 12 38 67 33 91 57 77 87 81 39 66 76 24 37 12 
19 8 30 90 82 56 83 68 2 74 76 84 52 23 55 70 72 72 86 75 22 83 34 42 5 75 29 35 71 37 91 59 
4 62 42 23 28 87 66 33 81 82 64 86 51 30 30 36 68 59 1 23 65 59 6 14 91 98 96 63 25 66 86 72 
84 13 88 86 22 27 13 28 81 9 75 88 87 98 18 29 59 26 58 64 35 20 65 19 54 25 34 73 41 31 86 38 
90 76 30 48 44 44 38 11 98 67 12 8 95 44 31 24 26 65 26 9 42 20 83 39 58 52 16 97 78 77 100 64 
20 93 36 4 55 76 44 51 72 47 63 24 45 83 8 91 87 75 32 71 58 2 21 1 76 87 95 10 7 57 23 94 
89 37 56 32 77 56 16 48 42 98 41 93 48 34 34 62 12 76 46 22 42 47 87 75 31 38 86 13 70 28 98 13 
38 33 82 26 16 23 87 68 72 47 72 83 81 35 37 72 31 89 48 65 41 83 55 99 59 98 67 91 14 90 62 62 
76 3 33 27 43 14 25 65 77 54 4 79 44 12 8 61 73 48 60 2 20 79 94 75 67 68 51 60 64 4 5 26 
49 43 64 82 39 24 2 14 71 52 44 17 68 69 67 89 68 56 87 3 97 32 68 53 98 63 86 38 2 83 63 90 
90 54 63 15 8 68 35 96 18 21 78 29 16 32 64 3 58 73 98 93 79 67 32 93 28 36 8 63 37 66 56 7 
28 46 99 1 4 11 91 15 67 28 38 49 41 17 48 70 23 35 64 87 47 44 22 60 55 17 40 16 11 51 100 37 
83 84 28 58 73 12 45 9 32 56 16 84 100 59 19 5 23 44 71 51 94 98 49 76 26 95 26 9 86 67 20 41 
66 75 78 34 27 7 83 63 64 84 43 51 52 97 16 41 22 60 75 97 69 12 24 69 47 67 23 100 65 42 30 35 
46 5 53 53 31 42 72 29 10 19 37 100 8 58 95 27 6 32 76 93 17 94 24 24 25 32 5 12 31 12 17 39 
69 65 11 73 77 85 18 2 16 14 61 89 17 82 96 72 30 57 100 31 54 37 24 42 91 67 24 9 56 69 62 88 
42 31 44 78 35 32 16 24 49 60 33 97 43 71 64 77 28 28 19 41 96 31 58 24 24 52 93 20 12 25 64 2 
62 64 78 41 19 78 78 80 43 24 19 73 62 69 52 37 22 38 87 47 91 12 38 80 3 41 16 75 16 66 7 21 
51 32 60 99 92 4 45 68 33 13 19 85 45 30 87 3 54 4 96 13 45 89 15 66 26 75 34 80 33 96 95 12 
46 47 22 98 67 4 83 67 33 76 37 72 85 83 27 13 2 65 76 72 60 7 34 32 32 3 26 15 11 10 11 81 
63 97 96 70 6 50 74 79 75 18 100 56 11 89 55 85 27 84 67 83 2 86 87 83 66 79 81 68 34 76 77 11 
35 39 21 41 88 23 34 100 30 92 26 70 82 52 30 42 20 55 78 29 8 38 62 5 19 25 38 83 49 81 92 12 
32 86 22 39 80 56 61 41 100 82 25 69 64 22 43 31 64 26 23 67 50 84 82 67 26 1 70 46 75 93 21 95 
12 63 43 65 71 33 67 13 13 32 38 80 30 17 24 86 61 53 51 50 29 18 83 4 36 24 6 18 43 75 36 40 
47 22 12 14 29 23 80 41 53 12 59 53 62 21 79 25 30 72 37 39 34 94 94 22 4 19 44 61 79 11 12 55 
16 31 38 81 85 92 63 39 5 42 19 88 2 5 49 11 47 100 43 39 79 35 8 100 88 31 100 76 9 72 74 34 
82 16 85 61 93 86 34 43 99 29 91 66 78 46 51 97 23 40 9 40 10 99 33 45 89 84 60 34 26 80 70 36 
0.0 1.0 1.0 1.0 1.0 1.0 1.0 1.0 1.0 1.0 1.0 1.0 1.0 1.0 1.0 1.0 1.0 1.0 1.0 1.0 1.0 1.0 1.0 1.0 1.0 1.0 1.0 1.0 1.0 1.0 1.0 1.0 
1.0 0.0 1.0 1.0 1.0 1.0 1.0 1.0 1.0 1.0 1.0 1.0 1.0 1.0 1.0 1.0 1.0 1.0 1.0 1.0 1.0 1.0 1.0 1.0 1.0 1.0 1.0 1.0 1.0 1.0 1.0 1.0 
1.0 1.0 0.0 1.0 1.0 1.0 1.0 1.0 1.0 1.0 1.0 1.0 1.0 1.0 1.0 1.0 1.0 1.0 1.0 1.0 1.0 1.0 1.0 1.0 1.0 1.0 1.0 1.0 1.0 1.0 1.0 1.0 
1.0 1.0 1.0 0.0 1.0 1.0 1.0 1.0 1.0 1.0 1.0 1.0 1.0 1.0 1.0 1.0 1.0 1.0 1.0 1.0 1.0 1.0 1.0 1.0 1.0 1.0 1.0 1.0 1.0 1.0 1.0 1.0 
1.0 1.0 1.0 1.0 0.0 1.0 1.0 1.0 1.0 1.0 1.0 1.0 1.0 1.0 1.0 1.0 1.0 1.0 1.0 1.0 1.0 1.0 1.0 1.0 1.0 1.0 1.0 1.0 1.0 1.0 1.0 1.0 
1.0 1.0 1.0 1.0 1.0 0.0 1.0 1.0 1.0 1.0 1.0 1.0 1.0 1.0 1.0 1.0 1.0 1.0 1.0 1.0 1.0 1.0 1.0 1.0 1.0 1.0 1.0 1.0 1.0 1.0 1.0 1.0 
1.0 1.0 1.0 1.0 1.0 1.0 0.0 1.0 1.0 1.0 1.0 1.0 1.0 1.0 1.0 1.0 1.0 1.0 1.0 1.0 1.0 1.0 1.0 1.0 1.0 1.0 1.0 1.0 1.0 1.0 1.0 1.0 
1.0 1.0 1.0 1.0 1.0 1.0 1.0 0.0 1.0 1.0 1.0 1.0 1.0 1.0 1.0 1.0 1.0 1.0 1.0 1.0 1.0 1.0 1.0 1.0 1.0 1.0 1.0 1.0 1.0 1.0 1.0 1.0 
1.0 1.0 1.0 1.0 1.0 1.0 1.0 1.0 0.0 1.0 1.0 1.0 1.0 1.0 1.0 1.0 1.0 1.0 1.0 1.0 1.0 1.0 1.0 1.0 1.0 1.0 1.0 1.0 1.0 1.0 1.0 1.0 
1.0 1.0 1.0 1.0 1.0 1.0 1.0 1.0 1.0 0.0 1.0 1.0 1.0 1.0 1.0 1.0 1.0 1.0 1.0 1.0 1.0 1.0 1.0 1.0 1.0 1.0 1.0 1.0 1.0 1.0 1.0 1.0 
1.0 1.0 1.0 1.0 1.0 1.0 1.0 1.0 1.0 1.0 0.0 1.0 1.0 1.0 1.0 1.0 1.0 1.0 1.0 1.0 1.0 1.0 1.0 1.0 1.0 1.0 1.0 1.0 1.0 1.0 1.0 1.0 
1.0 1.0 1.0 1.0 1.0 1.0 1.0 1.0 1.0 1.0 1.0 0.0 1.0 1.0 1.0 1.0 1.0 1.0 1.0 1.0 1.0 1.0 1.0 1.0 1.0 1.0 1.0 1.0 1.0 1.0 1.0 1.0 
1.0 1.0 1.0 1.0 1.0 1.0 1.0 1.0 1.0 1.0 1.0 1.0 0.0 1.0 1.0 1.0 1.0 1.0 1.0 1.0 1.0 1.0 1.0 1.0 1.0 1.0 1.0 1.0 1.0 1.0 1.0 1.0 
1.0 1.0 1.0 1.0 1.0 1.0 1.0 1.0 1.0 1.0 1.0 1.0 1.0 0.0 1.0 1.0 1.0 1.0 1.0 1.0 1.0 1.0 1.0 1.0 1.0 1.0 1.0 1.0 1.0 1.0 1.0 1.0 
1.0 1.0 1.0 1.0 1.0 1.0 1.0 1.0 1.0 1.0 1.0 1.0 1.0 1.0 0.0 1.0 1.0 1.0 1.0 1.0 1.0 1.0 1.0 1.0 1.0 1.0 1.0 1.0 1.0 1.0 1.0 1.0 
1.0 1.0 1.0 1.0 1.0 1.0 1.0 1.0 1.0 1.0 1.0 1.0 1.0 1.0 1.0 0.0 1.0 1.0 1.0 1.0 1.0 1.0 1.0 1.0 1.0 1.0 1.0 1.0 1.0 1.0 1.0 1.0 
1.0 1.0 1.0 1.0 1.0 1.0 1.0 1.0 1.0 1.0 1.0 1.0 1.0 1.0 1.0 1.0 0.0 1.0 1.0 1.0 1.0 1.0 1.0 1.0 1.0 1.0 1.0 1.0 1.0 1.0 1.0 1.0 
1.0 1.0 1.0 1.0 1.0 1.0 1.0 1.0 1.0 1.0 1.0 1.0 1.0 1.0 1.0 1.0 1.0 0.0 1.0 1.0 1.0 1.0 1.0 1.0 1.0 1.0 1.0 1.0 1.0 1.0 1.0 1.0 
1.0 1.0 1.0 1.0 1.0 1.0 1.0 1.0 1.0 1.0 1.0 1.0 1.0 1.0 1.0 1.0 1.0 1.0 0.0 1.0 1.0 1.0 1.0 1.0 1.0 1.0 1.0 1.0 1.0 1.0 1.0 1.0 
1.0 1.0 1.0 1.0 1.0 1.0 1.0 1.0 1.0 1.0 1.0 1.0 1.0 1.0 1.0 1.0 1.0 1.0 1.0 0.0 1.0 1.0 1.0 1.0 1.0 1.0 1.0 1.0 1.0 1.0 1.0 1.0 
1.0 1.0 1.0 1.0 1.0 1.0 1.0 1.0 1.0 1.0 1.0 1.0 1.0 1.0 1.0 1.0 1.0 1.0 1.0 1.0 0.0 1.0 1.0 1.0 1.0 1.0 1.0 1.0 1.0 1.0 1.0 1.0 
1.0 1.0 1.0 1.0 1.0 1.0 1.0 1.0 1.0 1.0 1.0 1.0 1.0 1.0 1.0 1.0 1.0 1.0 1.0 1.0 1.0 0.0 1.0 1.0 1.0 1.0 1.0 1.0 1.0 1.0 1.0 1.0 
1.0 1.0 1.0 1.0 1.0 1.0 1.0 1.0 1.0 1.0 1.0 1.0 1.0 1.0 1.0 1.0 1.0 1.0 1.0 1.0 1.0 1.0 0.0 1.0 1.0 1.0 1.0 1.0 1.0 1.0 1.0 1.0 
1.0 1.0 1.0 1.0 1.0 1.0 1.0 1.0 1.0 1.0 1.0 1.0 1.0 1.0 1.0 1.0 1.0 1.0 1.0 1.0 1.0 1.0 1.0 0.0 1.0 1.0 1.0 1.0 1.0 1.0 1.0 1.0 
1.0 1.0 1.0 1.0 1.0 1.0 1.0 1.0 1.0 1.0 1.0 1.0 1.0 1.0 1.0 1.0 1.0 1.0 1.0 1.0 1.0 1.0 1.0 1.0 0.0 1.0 1.0 1.0 1.0 1.0 1.0 1.0 
1.0 1.0 1.0 1.0 1.0 1.0 1.0 1.0 1.0 1.0 1.0 1.0 1.0 1.0 1.0 1.0 1.0 1.0 1.0 1.0 1.0 1.0 1.0 1.0 1.0 0.0 1.0 1.0 1.0 1.0 1.0 1.0 
1.0 1.0 1.0 1.0 1.0 1.0 1.0 1.0 1.0 1.0 1.0 1.0 1.0 1.0 1.0 1.0 1.0 1.0 1.0 1.0 1.0 1.0 1.0 1.0 1.0 1.0 0.0 1.0 1.0 1.0 1.0 1.0 
1.0 1.0 1.0 1.0 1.0 1.0 1.0 1.0 1.0 1.0 1.0 1.0 1.0 1.0 1.0 1.0 1.0 1.0 1.0 1.0 1.0 1.0 1.0 1.0 1.0 1.0 1.0 0.0 1.0 1.0 1.0 1.0 
1.0 1.0 1.0 1.0 1.0 1.0 1.0 1.0 1.0 1.0 1.0 1.0 1.0 1.0 1.0 1.0 1.0 1.0 1.0 1.0 1.0 1.0 1.0 1.0 1.0 1.0 1.0 1.0 0.0 1.0 1.0 1.0 
1.0 1.0 1.0 1.0 1.0 1.0 1.0 1.0 1.0 1.0 1.0 1.0 1.0 1.0 1.0 1.0 1.0 1.0 1.0 1.0 1.0 1.0 1.0 1.0 1.0 1.0 1.0 1.0 1.0 0.0 1.0 1.0 
1.0 1.0 1.0 1.0 1.0 1.0 1.0 1.0 1.0 1.0 1.0 1.0 1.0 1.0 1.0 1.0 1.0 1.0 1.0 1.0 1.0 1.0 1.0 1.0 1.0 1.0 1.0 1.0 1.0 1.0 0.0 1.0 
1.0 1.0 1.0 1.0 1.0 1.0 1.0 1.0 1.0 1.0 1.0 1.0 1.0 1.0 1.0 1.0 1.0 1.0 1.0 1.0 1.0 1.0 1.0 1.0 1.0 1.0 1.0 1.0 1.0 1.0 1.0 0.0 