16
28 25 13 80 81 88 57 16 59 96 42 5 71 41 43 47 
40 86 33 60 34 100 67 48 78 34 89 91 84 15 18 21 
4 39 12 95 43 26 6 21 42 83 62 75 28 35 83 98 
74 61 100 38 39 5 42 63 52 26 88 46 98 63 35 65 
28 17 39 39 31 58 78 29 94 18 95 12 37 15 17 19 
4 12 52 79 73 7 22 53 59 44 88 81 52 96 40 63 
66 67 56 46 32 33 40 52 83 27 80 83 7 10 85 96 
10 28 75 26 56 65 78 78 29 48 80 64 25 87 27 60 
21 45 83 17 46 76 61 61 92 49 29 62 78 68 90 37 
66 47 57 74 4 58 13 12 44 31 77 94 30 97 29 80 
68 21 15 55 3 98 100 23 74 59 43 96 92 60 5 23 
55 28 77 31 77 89 65 21 20 74 90 86 62 95 66 33 
99 95 28 84 54 17 18 87 59 74 47 30 70 38 100 89 
85 8 39 96 40 45 64 58 72 19 82 51 21 44 2 71 
37 42 29 92 99 30 64 75 69 74 91 98 46 74 99 22 
63 85 50 49 65 21 52 94 7 95 49 89 15 55 24 12 
0.0 1.0 1.0 1.0 1.0 1.0 1.0 1.0 1.0 1.0 1.0 1.0 1.0 1.0 1.0 1.0 
1.0 0.0 1.0 1.0 1.0 1.0 1.0 1.0 1.0 1.0 1.0 1.0 1.0 1.0 1.0 1.0 
1.0 1.0 0.0 1.0 1.0 1.0 1.0 1.0 1.0 1.0 1.0 1.0 1.0 1.0 1.0 1.0 
1.0 1.0 1.0 0.0 1.0 1.0 1.0 1.0 1.0 1.0 1.0 1.0 1.0 1.0 1.0 1.0 
1.0 1.0 1.0 1.0 0.0 1.0 1.0 1.0 1.0 1.0 1.0 1.0 1.0 1.0 1.0 1.0 
1.0 1.0 1.0 1.0 1.0 0.0 1.0 1.0 1.0 1.0 1.0 1.0 1.0 1.0 1.0 1.0 
1.0 1.0 1.0 1.0 1.0 1.0 0.0 1.0 1.0 1.0 1.0 1.0 1.0 1.0 1.0 1.0 
1.0 1.0 1.0 1.0 1.0 1.0 1.0 0.0 1.0 1.0 1.0 1.0 1.0 1.0 1.0 1.0 
1.0 1.0 1.0 1.0 1.0 1.0 1.0 1.0 0.0 1.0 1.0 1.0 1.0 1.0 1.0 1.0 
1.0 1.0 1.0 1.0 1.0 1.0 1.0 1.0 1.0 0.0 1.0 1.0 1.0 1.0 1.0 1.0 
1.0 1.0 1.0 1.0 1.0 1.0 1.0 1.0 1.0 1.0 0.0 1.0 1.0 1.0 1.0 1.0 
1.0 1.0 1.0 1.0 1.0 1.0 1.0 1.0 1.0 1.0 1.0 0.0 1.0 1.0 1.0 1.0 
1.0 1.0 1.0 1.0 1.0 1.0 1.0 1.0 1.0 1.0 1.0 1.0 0.0 1.0 1.0 1.0 
1.0 1.0 1.0 1.0 1.0 1.0 1.0 1.0 1.0 1.0 1.0 1.0 1.0 0.0 1.0 1.0 
1.0 1.0 1.0 1.0 1.0 1.0 1.0 1.0 1.0 1.0 1.0 1.0 1.0 1.0 0.0 1.0 
1.0 1.0 1.0 1.0 1.0 1.0 1.0 1.0 1.0 1.0 1.0 1.0 1.0 1.0 1.0 0.0 