16 0.0 16.0 288 2958
62 75 69 51 3 73 82 89 6 46 7 83 25 45 49 5 
22 19 90 52 90 89 44 66 95 1 2 46 5 2 88 1 
10 97 4 61 62 50 84 84 29 30 25 40 81 62 36 38 
62 17 33 37 26 43 67 49 13 89 22 30 10 24 74 95 
21 74 88 5 89 96 36 27 43 39 11 73 32 31 65 91 
38 24 25 18 59 27 8 67 50 9 28 31 34 9 100 78 
42 24 11 34 13 94 83 2 36 83 49 36 11 65 57 26 
27 31 71 54 19 71 31 79 47 24 53 58 63 85 22 78 
31 2 55 9 18 26 1 24 41 96 82 44 27 9 70 27 
11 49 49 95 73 89 77 56 62 13 88 18 97 94 16 18 
28 10 98 99 99 72 73 29 20 24 74 14 33 84 46 83 
34 8 20 28 66 45 99 45 72 43 42 3 79 67 20 11 
16 20 91 68 68 15 48 58 62 27 31 66 71 22 52 64 
69 39 30 51 91 1 26 12 16 37 44 12 62 39 60 50 
82 89 98 77 54 27 68 33 41 74 24 80 20 73 29 42 
100 14 66 22 70 62 14 39 81 41 21 88 22 28 69 63 
0.0 1.0 1.0 1.0 1.0 1.0 1.0 1.0 1.0 1.0 1.0 1.0 1.0 1.0 1.0 1.0 
1.0 0.0 1.0 1.0 1.0 1.0 1.0 1.0 1.0 1.0 1.0 1.0 1.0 1.0 1.0 1.0 
1.0 1.0 0.0 1.0 1.0 1.0 1.0 1.0 1.0 1.0 1.0 1.0 1.0 1.0 1.0 1.0 
1.0 1.0 1.0 0.0 1.0 1.0 1.0 1.0 1.0 1.0 1.0 1.0 1.0 1.0 1.0 1.0 
1.0 1.0 1.0 1.0 0.0 1.0 1.0 1.0 1.0 1.0 1.0 1.0 1.0 1.0 1.0 1.0 
1.0 1.0 1.0 1.0 1.0 0.0 1.0 1.0 1.0 1.0 1.0 1.0 1.0 1.0 1.0 1.0 
1.0 1.0 1.0 1.0 1.0 1.0 0.0 1.0 1.0 1.0 1.0 1.0 1.0 1.0 1.0 1.0 
1.0 1.0 1.0 1.0 1.0 1.0 1.0 0.0 1.0 1.0 1.0 1.0 1.0 1.0 1.0 1.0 
1.0 1.0 1.0 1.0 1.0 1.0 1.0 1.0 0.0 1.0 1.0 1.0 1.0 1.0 1.0 1.0 
1.0 1.0 1.0 1.0 1.0 1.0 1.0 1.0 1.0 0.0 1.0 1.0 1.0 1.0 1.0 1.0 
1.0 1.0 1.0 1.0 1.0 1.0 1.0 1.0 1.0 1.0 0.0 1.0 1.0 1.0 1.0 1.0 
1.0 1.0 1.0 1.0 1.0 1.0 1.0 1.0 1.0 1.0 1.0 0.0 1.0 1.0 1.0 1.0 
1.0 1.0 1.0 1.0 1.0 1.0 1.0 1.0 1.0 1.0 1.0 1.0 0.0 1.0 1.0 1.0 
1.0 1.0 1.0 1.0 1.0 1.0 1.0 1.0 1.0 1.0 1.0 1.0 1.0 0.0 1.0 1.0 
1.0 1.0 1.0 1.0 1.0 1.0 1.0 1.0 1.0 1.0 1.0 1.0 1.0 1.0 0.0 1.0 
1.0 1.0 1.0 1.0 1.0 1.0 1.0 1.0 1.0 1.0 1.0 1.0 1.0 1.0 1.0 0.0 