16 0.0 16.0 270 2844
17 58 91 57 57 59 95 91 49 27 60 77 91 12 11 49 
94 52 31 25 6 91 34 29 7 48 63 2 52 5 52 74 
76 3 86 53 42 36 81 72 21 27 45 43 32 18 17 97 
36 59 70 37 87 87 85 59 21 49 94 58 16 92 45 43 
3 80 2 45 58 75 81 27 35 51 97 5 100 57 34 2 
84 81 78 79 11 91 51 90 87 19 84 34 84 41 71 26 
67 55 15 36 38 33 2 71 78 70 90 22 31 88 32 22 
18 60 36 34 86 56 31 84 5 23 62 98 1 62 22 81 
18 29 64 32 95 90 5 9 22 16 17 12 82 21 17 30 
74 80 69 52 50 4 41 88 5 77 98 96 41 42 56 2 
91 73 44 69 58 85 57 69 56 44 56 1 20 67 16 50 
45 6 36 45 13 3 98 78 65 8 29 46 68 84 5 79 
37 78 100 59 39 13 90 73 68 41 73 23 48 96 23 8 
52 89 73 19 20 72 58 46 30 60 8 76 19 65 75 4 
38 56 40 54 52 16 78 21 65 32 51 66 10 11 32 40 
12 68 59 59 37 30 31 58 87 50 34 97 12 78 45 53 
0.0 1.0 1.0 1.0 1.0 1.0 1.0 1.0 1.0 1.0 1.0 1.0 1.0 1.0 1.0 1.0 
1.0 0.0 1.0 1.0 1.0 1.0 1.0 1.0 1.0 1.0 1.0 1.0 1.0 1.0 1.0 1.0 
1.0 1.0 0.0 1.0 1.0 1.0 1.0 1.0 1.0 1.0 1.0 1.0 1.0 1.0 1.0 1.0 
1.0 1.0 1.0 0.0 1.0 1.0 1.0 1.0 1.0 1.0 1.0 1.0 1.0 1.0 1.0 1.0 
1.0 1.0 1.0 1.0 0.0 1.0 1.0 1.0 1.0 1.0 1.0 1.0 1.0 1.0 1.0 1.0 
1.0 1.0 1.0 1.0 1.0 0.0 1.0 1.0 1.0 1.0 1.0 1.0 1.0 1.0 1.0 1.0 
1.0 1.0 1.0 1.0 1.0 1.0 0.0 1.0 1.0 1.0 1.0 1.0 1.0 1.0 1.0 1.0 
1.0 1.0 1.0 1.0 1.0 1.0 1.0 0.0 1.0 1.0 1.0 1.0 1.0 1.0 1.0 1.0 
1.0 1.0 1.0 1.0 1.0 1.0 1.0 1.0 0.0 1.0 1.0 1.0 1.0 1.0 1.0 1.0 
1.0 1.0 1.0 1.0 1.0 1.0 1.0 1.0 1.0 0.0 1.0 1.0 1.0 1.0 1.0 1.0 
1.0 1.0 1.0 1.0 1.0 1.0 1.0 1.0 1.0 1.0 0.0 1.0 1.0 1.0 1.0 1.0 
1.0 1.0 1.0 1.0 1.0 1.0 1.0 1.0 1.0 1.0 1.0 0.0 1.0 1.0 1.0 1.0 
1.0 1.0 1.0 1.0 1.0 1.0 1.0 1.0 1.0 1.0 1.0 1.0 0.0 1.0 1.0 1.0 
1.0 1.0 1.0 1.0 1.0 1.0 1.0 1.0 1.0 1.0 1.0 1.0 1.0 0.0 1.0 1.0 
1.0 1.0 1.0 1.0 1.0 1.0 1.0 1.0 1.0 1.0 1.0 1.0 1.0 1.0 0.0 1.0 
1.0 1.0 1.0 1.0 1.0 1.0 1.0 1.0 1.0 1.0 1.0 1.0 1.0 1.0 1.0 0.0 