64 0.0 64.0 408 12528
81 17 59 66 28 71 64 63 74 86 9 99 17 18 65 93 48 50 27 60 76 70 68 25 1 40 77 56 99 35 37 37 45 56 67 50 90 33 53 25 24 52 24 34 54 8 25 85 100 13 85 13 78 99 31 32 3 32 1 70 22 15 27 62 
51 82 21 43 49 2 63 21 48 63 91 42 1 83 18 5 81 72 58 14 51 39 29 58 36 100 97 79 84 86 41 98 68 76 1 87 1 67 65 28 97 94 21 74 52 100 3 48 78 2 75 15 94 34 30 98 6 57 45 12 11 20 88 75 
48 61 27 82 59 17 31 91 92 82 13 58 65 7 2 92 11 28 64 19 13 44 3 2 45 77 15 78 51 25 81 48 28 62 81 16 43 61 49 38 16 32 51 72 1 31 6 6 17 57 83 13 20 4 48 66 87 8 70 54 56 46 48 6 
89 77 33 58 12 57 90 41 30 34 25 74 72 42 83 62 71 41 19 4 89 12 75 4 47 70 58 20 92 58 81 67 97 8 44 30 98 11 59 26 95 32 88 28 34 31 74 56 48 95 50 28 31 71 97 28 82 75 89 5 53 65 4 15 
23 45 85 59 64 58 10 21 52 49 5 12 85 28 96 82 62 88 32 4 23 87 38 53 100 81 26 59 15 1 14 35 91 16 39 81 93 43 65 38 96 94 22 51 31 96 63 92 24 71 41 66 62 32 38 56 15 70 29 85 6 62 33 80 
7 9 6 34 44 56 66 15 26 34 33 13 10 67 62 16 77 40 73 74 85 7 33 30 8 41 89 39 59 31 56 12 44 90 16 96 81 17 48 84 24 20 61 11 10 62 48 24 82 84 82 36 89 32 12 55 81 72 98 15 55 70 27 78 
72 77 89 83 65 9 71 86 72 37 93 48 89 63 21 5 7 76 77 91 18 80 92 88 41 34 22 36 54 5 88 80 14 36 44 95 49 100 32 69 16 33 54 22 37 62 27 83 45 12 97 58 24 77 68 66 77 38 34 82 2 65 76 55 
2 7 57 29 75 62 73 94 40 28 7 22 89 73 85 46 46 55 42 73 32 1 18 94 52 64 70 16 60 18 37 38 67 48 26 84 65 40 30 70 98 50 96 37 45 97 95 74 9 55 56 44 53 51 64 61 90 84 40 50 6 42 56 68 
50 92 74 18 14 83 98 18 50 49 65 40 35 8 19 23 26 57 19 30 16 50 51 31 23 34 28 63 93 28 47 77 49 8 92 42 44 6 75 29 56 17 77 25 67 23 22 14 97 13 24 60 54 42 4 47 86 93 59 60 19 31 83 49 
63 20 54 88 50 82 78 82 34 54 91 16 35 88 5 99 81 38 7 68 48 59 18 79 58 69 84 20 58 58 33 68 79 17 61 26 95 8 63 9 52 27 11 79 28 36 39 83 49 61 91 92 3 37 29 10 91 17 28 91 84 75 44 89 
29 62 22 26 37 21 31 90 70 48 13 88 6 43 3 23 78 94 54 32 60 63 27 38 11 73 94 83 31 47 60 73 39 86 16 54 17 34 78 20 54 28 60 96 9 53 40 4 63 13 98 1 24 49 17 66 60 60 90 13 73 5 57 93 
8 32 29 23 7 79 61 57 12 60 80 78 64 19 93 18 67 10 56 87 64 100 30 22 70 82 66 63 37 29 22 39 25 26 27 23 46 87 66 91 35 16 72 75 13 34 50 94 60 20 72 37 19 23 47 25 80 28 49 54 87 14 68 25 
86 88 28 99 25 28 26 100 10 66 88 80 28 87 35 68 1 100 83 79 14 26 32 53 26 49 29 37 32 18 29 33 14 63 16 20 63 44 81 13 16 39 78 100 25 19 50 71 77 90 78 61 72 54 54 88 12 15 6 4 11 58 36 66 
5 92 84 86 20 67 22 53 42 36 67 91 34 74 3 69 15 30 61 24 66 39 93 55 38 9 53 2 45 1 95 56 75 29 58 97 37 75 6 28 22 87 100 67 66 17 28 78 98 27 31 76 17 12 42 78 92 76 60 85 97 24 96 22 
35 86 78 36 56 58 83 99 9 93 61 98 47 13 21 75 57 16 66 51 64 92 30 91 20 61 19 37 36 79 51 84 37 64 39 28 75 76 48 45 16 85 14 21 79 62 19 90 72 32 49 22 58 49 87 8 85 52 86 18 2 87 64 16 
39 93 53 40 30 86 67 45 74 83 57 10 19 37 10 4 60 60 45 11 63 30 7 68 32 56 22 56 52 72 97 92 12 45 72 45 43 77 41 83 8 80 73 68 38 22 88 78 94 52 19 21 57 93 47 76 37 92 22 99 36 10 8 38 
49 44 12 7 45 76 44 89 16 76 39 96 74 32 90 50 1 61 77 30 47 94 62 19 73 18 58 63 44 40 39 66 44 32 33 22 43 77 42 17 38 2 42 55 20 26 47 68 90 14 8 70 9 92 64 48 60 66 78 55 19 70 75 48 
68 29 4 37 2 58 97 10 38 82 38 68 93 67 97 98 14 48 60 84 95 14 89 9 96 18 66 34 100 47 2 32 64 99 52 88 54 77 60 100 79 33 55 44 40 59 26 76 42 30 44 41 26 87 17 65 31 47 33 78 82 61 25 74 
35 100 28 80 27 34 19 25 100 96 37 42 98 43 31 29 94 63 90 31 51 5 71 9 35 94 36 54 73 28 58 95 11 90 47 11 100 24 17 59 82 46 84 73 64 92 21 51 69 83 52 67 30 88 12 10 69 56 74 11 32 47 64 71 
71 15 93 47 48 89 15 28 85 26 91 34 93 77 44 50 18 80 87 2 43 83 3 41 1 21 74 22 47 85 59 75 84 96 21 53 31 9 60 66 92 95 82 80 93 99 57 49 10 38 21 97 88 65 18 92 56 95 95 94 77 79 40 63 
88 78 100 16 2 91 52 57 93 14 62 12 67 34 27 44 40 24 12 73 98 15 62 77 23 87 86 63 28 3 84 25 68 47 81 98 76 18 12 85 86 51 35 6 85 11 15 85 25 81 76 67 46 73 27 14 86 9 87 66 56 97 12 53 
3 23 32 57 45 66 12 97 43 97 54 64 64 61 89 90 50 39 13 87 95 13 41 17 10 73 22 2 80 41 54 45 42 26 64 64 78 88 83 84 83 12 24 68 43 74 47 72 28 47 10 13 31 91 77 1 68 64 42 78 87 43 79 9 
50 12 89 63 18 19 77 43 74 84 96 80 95 40 69 15 82 78 79 87 2 70 66 7 71 80 5 50 94 65 38 7 8 16 52 37 14 84 92 61 12 71 51 51 4 65 50 88 100 85 72 81 76 14 11 77 2 39 90 11 37 99 47 84 
31 87 91 34 98 14 26 52 3 38 40 19 62 47 24 21 35 90 97 16 66 68 36 68 66 63 94 45 59 99 31 1 30 13 98 16 24 37 69 25 42 90 64 28 95 53 48 21 37 58 65 46 29 92 42 40 16 38 97 57 33 67 100 79 
77 77 67 24 27 57 62 100 5 21 42 57 50 54 61 52 20 79 2 51 46 54 38 87 88 77 5 76 66 48 37 43 5 24 87 65 71 64 96 67 31 1 10 79 14 62 56 35 39 7 88 47 20 90 10 93 34 38 3 24 50 16 44 38 
73 66 25 100 50 4 39 48 42 8 30 76 42 33 84 63 41 88 69 90 44 62 71 61 94 44 50 86 92 12 95 46 45 85 16 6 47 14 86 1 76 17 65 84 52 35 47 81 98 49 29 93 13 5 42 76 41 51 44 34 87 92 66 58 
21 54 17 51 95 54 66 46 42 98 93 44 48 2 16 30 84 51 8 9 77 14 4 50 39 16 2 55 87 65 44 99 1 51 13 97 99 64 41 3 68 58 93 45 12 36 82 100 18 20 25 95 75 93 92 15 70 66 84 44 13 74 37 12 
5 73 92 96 19 15 38 63 64 51 33 12 85 64 81 75 36 32 38 1 92 25 4 85 6 74 20 16 65 54 28 14 42 53 64 89 41 72 4 54 88 59 95 66 84 14 30 64 67 25 36 11 77 92 60 85 76 91 19 95 92 12 30 78 
57 81 96 67 69 43 29 46 32 13 39 93 27 98 76 71 41 48 41 21 51 83 61 8 19 10 62 55 25 60 38 28 66 5 10 95 11 13 86 16 85 94 19 72 26 61 87 35 95 5 15 43 70 72 18 90 69 64 35 70 37 99 95 13 
75 95 74 51 13 25 71 65 60 49 60 76 53 75 16 52 33 83 58 97 61 70 93 37 46 70 32 69 87 90 40 94 44 29 37 9 58 21 38 72 56 90 61 12 46 43 68 61 66 43 78 96 76 63 21 63 55 9 83 94 50 76 19 43 
2 76 100 86 44 39 39 22 55 60 95 61 91 82 77 4 44 94 83 40 65 51 72 6 94 77 87 49 95 84 86 60 3 30 51 19 34 34 78 69 70 55 14 69 68 76 52 50 50 17 31 97 98 75 52 22 2 50 18 95 16 50 100 72 
42 17 79 53 87 75 7 84 14 69 81 28 91 41 46 62 93 54 5 56 16 29 54 73 20 95 8 46 56 16 95 76 20 74 4 97 2 61 52 29 79 51 56 1 83 40 47 61 18 25 89 73 71 7 66 83 39 49 15 55 95 23 69 2 
94 100 11 97 47 48 81 9 55 46 56 53 96 70 100 41 27 4 25 31 99 10 12 12 54 26 7 99 12 31 8 84 16 50 44 13 92 83 69 97 18 92 6 85 64 5 96 36 74 96 31 31 74 90 60 83 80 43 82 16 24 21 51 12 
45 76 24 17 67 27 77 68 50 24 4 48 86 43 33 47 30 86 21 66 31 29 18 83 10 97 90 44 39 75 65 89 58 22 56 40 76 80 8 49 59 51 95 19 70 59 26 67 74 29 38 30 47 68 38 44 42 34 99 76 20 42 57 44 
87 94 94 56 68 31 7 74 27 82 93 77 85 24 31 8 100 4 59 10 27 23 33 18 8 26 90 54 87 2 54 69 26 83 6 91 65 98 71 4 90 20 47 72 43 97 4 41 100 25 27 3 5 50 99 51 35 47 40 72 100 72 82 42 
95 57 21 59 52 70 35 61 28 70 48 88 35 90 60 48 49 92 39 26 13 64 44 91 94 5 89 69 11 44 32 13 3 20 52 49 41 66 82 15 46 13 65 72 88 24 88 8 76 18 15 18 27 76 85 68 6 92 39 5 58 4 45 87 
62 90 72 91 67 96 75 30 62 2 18 8 4 56 19 40 75 74 58 36 21 61 44 3 39 68 59 45 38 5 48 19 31 7 33 62 2 100 33 86 52 62 13 22 75 45 53 40 31 35 44 95 94 99 52 25 25 16 59 46 68 24 86 7 
33 75 57 19 90 84 18 6 70 18 2 83 76 31 36 27 11 22 45 71 62 88 50 69 37 60 61 16 4 93 33 80 19 59 68 52 48 65 81 33 26 1 40 82 2 55 19 54 71 7 51 9 26 36 38 81 35 7 6 16 74 96 33 15 
14 89 19 77 33 34 85 22 46 97 13 5 85 89 89 55 96 46 40 37 97 87 99 79 75 61 2 27 34 66 89 99 35 43 42 72 7 64 81 36 66 34 10 35 68 12 36 44 59 56 32 39 18 73 18 17 25 90 99 44 66 31 27 65 
34 66 25 9 4 64 40 21 99 41 70 69 58 73 32 22 52 39 74 59 20 49 9 36 40 7 76 85 7 33 91 26 81 26 30 17 49 44 66 50 95 33 41 42 89 27 18 67 44 34 26 21 98 10 62 79 86 97 66 61 57 93 35 97 
79 74 12 65 89 66 98 78 77 28 95 51 98 78 84 25 95 64 69 19 17 73 59 73 27 13 36 58 66 51 40 4 44 4 90 24 88 80 96 87 53 88 37 25 50 18 9 37 72 24 19 33 10 44 40 59 48 82 41 91 34 18 91 11 
18 27 19 39 43 77 5 45 15 23 54 8 67 35 97 21 97 61 44 78 99 77 76 73 4 50 64 71 48 80 64 57 97 25 1 13 49 94 50 18 94 64 45 65 54 45 58 56 20 60 43 11 98 34 78 54 50 25 73 42 64 13 63 16 
75 62 8 98 91 100 73 10 65 50 19 87 94 34 46 67 17 64 89 18 87 55 58 57 84 46 48 11 42 42 31 48 22 70 71 85 12 31 34 71 90 74 87 20 66 71 90 9 15 91 25 24 100 7 58 72 43 46 69 9 46 31 56 16 
39 11 3 21 68 66 41 30 81 75 68 15 98 91 61 71 56 5 51 84 28 99 40 6 93 26 50 9 90 18 3 95 7 72 46 6 54 14 80 48 45 44 68 26 26 18 6 33 6 37 58 63 29 28 47 78 4 82 93 30 16 72 6 50 
10 89 60 71 95 9 51 96 87 99 38 47 66 68 80 35 84 36 84 49 55 63 55 70 79 87 50 96 86 80 30 99 48 36 9 35 62 40 15 84 83 73 44 89 19 70 96 40 57 80 29 45 58 17 26 15 58 4 47 56 78 65 49 42 
34 87 95 85 54 22 96 98 59 57 35 75 9 85 11 71 74 64 46 92 11 98 43 49 8 66 47 59 89 94 58 56 70 60 56 82 47 100 68 9 85 22 51 22 78 51 61 39 45 19 29 26 48 73 99 87 78 84 95 79 33 69 17 2 
12 27 28 5 29 8 24 71 59 4 46 44 62 97 6 17 97 84 6 7 84 37 93 55 45 71 31 7 51 50 55 78 86 41 28 8 39 77 98 33 37 83 23 82 45 49 23 75 65 38 12 54 2 75 57 87 46 64 69 72 90 21 98 6 
4 89 77 35 12 91 72 15 17 66 45 77 26 21 36 87 53 80 15 1 15 93 51 10 37 31 100 52 8 40 82 2 91 94 24 6 24 46 88 16 43 81 87 94 85 94 94 97 56 85 41 80 39 2 17 12 71 80 46 88 65 63 7 38 
15 80 80 14 13 96 13 56 22 14 63 17 35 50 98 5 11 70 77 61 44 17 30 51 26 74 74 45 95 61 90 8 96 36 98 53 77 54 44 91 1 22 48 67 65 74 4 25 12 47 97 100 99 97 24 55 13 10 75 21 60 77 96 61 
85 75 60 49 5 62 33 3 70 8 94 57 100 39 2 95 93 92 97 27 62 14 75 11 85 59 60 63 93 35 58 54 64 14 71 88 48 50 100 47 7 85 18 60 89 99 35 81 5 84 19 16 33 37 74 96 38 65 28 75 91 23 93 72 
17 27 67 41 43 36 80 31 2 90 28 55 70 63 73 21 75 6 89 76 91 62 37 67 23 51 43 44 95 94 34 54 80 99 23 6 48 71 79 20 28 47 96 6 66 98 45 21 4 93 36 41 28 71 84 86 36 68 40 71 5 81 28 19 
22 52 46 14 62 73 1 7 92 98 87 96 77 28 40 40 41 30 6 3 90 8 29 80 68 2 95 15 32 20 77 83 58 23 83 59 53 19 73 30 18 34 14 35 86 22 94 78 42 4 12 79 1 44 1 35 26 12 20 1 27 93 42 74 
25 74 11 79 17 66 6 96 41 80 56 54 33 72 14 27 8 65 50 46 18 67 42 14 65 71 87 39 83 27 92 94 5 67 69 25 99 40 63 64 71 17 80 34 21 3 88 11 14 61 96 42 9 36 43 89 76 65 2 29 68 57 49 84 
42 8 56 62 71 31 61 5 61 25 93 24 19 37 34 74 87 66 30 37 92 21 76 78 61 10 100 86 28 3 89 73 2 53 38 28 18 64 15 49 6 54 18 17 10 49 85 64 44 78 69 99 89 12 84 39 19 23 30 24 2 49 48 16 
55 77 7 57 87 13 70 52 74 46 49 24 25 42 62 59 90 56 65 51 71 84 9 91 89 67 18 41 2 20 31 59 67 99 81 16 33 1 64 46 82 53 11 37 83 5 18 94 63 100 59 90 53 8 65 55 94 79 35 67 39 37 97 85 
78 67 53 16 8 67 92 25 42 7 51 44 100 8 6 30 22 89 21 37 41 43 68 19 19 13 67 75 92 49 1 3 15 28 44 6 22 19 54 100 35 14 67 28 19 31 55 81 47 13 72 28 19 19 31 29 7 64 81 82 7 55 52 3 
38 82 72 42 93 96 48 61 100 26 31 61 50 39 14 19 26 33 4 79 91 29 81 60 65 83 20 84 84 39 81 95 90 86 5 35 100 66 82 84 28 49 74 65 41 98 42 12 11 87 65 95 35 67 45 90 35 85 14 45 87 9 96 44 
57 17 19 42 54 99 58 90 76 88 75 63 71 34 57 99 34 38 97 29 47 72 34 96 67 77 6 84 1 56 58 23 44 45 48 88 17 57 94 49 87 34 84 72 13 74 29 71 42 13 34 84 94 28 88 71 46 27 7 24 7 80 37 26 
43 80 44 11 53 93 81 93 78 35 40 84 13 29 50 57 11 78 71 17 76 77 61 66 49 62 93 95 33 73 87 30 25 46 49 99 93 89 11 72 91 71 6 38 12 91 27 60 39 100 54 71 54 67 2 67 60 66 52 57 78 86 67 2 
33 8 76 33 26 75 86 25 47 30 95 67 12 73 37 91 22 91 80 88 52 22 85 95 17 20 39 88 99 19 84 74 2 49 8 19 65 32 39 90 71 53 42 11 27 16 32 81 53 85 35 41 58 41 31 71 89 85 51 58 12 44 30 38 
93 67 40 3 77 96 56 1 96 76 9 59 30 30 67 56 88 66 66 22 88 11 56 95 88 88 91 99 63 13 95 10 87 66 60 52 47 48 18 67 78 27 9 90 49 29 43 13 54 60 1 99 38 45 53 72 59 94 76 2 26 15 34 41 
43 8 22 59 42 46 91 9 39 79 5 43 93 79 40 52 26 3 63 13 53 87 96 79 54 28 21 11 54 23 4 14 53 14 18 10 3 21 85 44 24 38 49 45 82 100 90 72 16 70 40 28 37 55 46 30 19 33 38 14 82 96 7 43 
5 35 2 1 44 54 53 94 75 60 74 55 86 60 35 39 80 78 95 80 54 23 35 62 48 68 30 73 87 16 75 47 37 78 71 1 63 34 39 96 78 50 41 62 24 55 71 79 11 11 13 42 60 9 28 81 74 37 14 64 90 12 33 68 
70 3 12 43 96 24 66 15 3 23 4 85 46 63 26 83 3 77 64 57 25 83 16 43 51 70 80 82 9 94 46 73 14 92 10 50 40 8 12 98 9 71 69 82 86 42 62 43 56 50 64 1 96 28 9 95 53 34 25 4 20 52 6 43 
0.0 1.0 1.0 1.0 1.0 1.0 1.0 1.0 1.0 1.0 1.0 1.0 1.0 1.0 1.0 1.0 1.0 1.0 1.0 1.0 1.0 1.0 1.0 1.0 1.0 1.0 1.0 1.0 1.0 1.0 1.0 1.0 1.0 1.0 1.0 1.0 1.0 1.0 1.0 1.0 1.0 1.0 1.0 1.0 1.0 1.0 1.0 1.0 1.0 1.0 1.0 1.0 1.0 1.0 1.0 1.0 1.0 1.0 1.0 1.0 1.0 1.0 1.0 1.0 
1.0 0.0 1.0 1.0 1.0 1.0 1.0 1.0 1.0 1.0 1.0 1.0 1.0 1.0 1.0 1.0 1.0 1.0 1.0 1.0 1.0 1.0 1.0 1.0 1.0 1.0 1.0 1.0 1.0 1.0 1.0 1.0 1.0 1.0 1.0 1.0 1.0 1.0 1.0 1.0 1.0 1.0 1.0 1.0 1.0 1.0 1.0 1.0 1.0 1.0 1.0 1.0 1.0 1.0 1.0 1.0 1.0 1.0 1.0 1.0 1.0 1.0 1.0 1.0 
1.0 1.0 0.0 1.0 1.0 1.0 1.0 1.0 1.0 1.0 1.0 1.0 1.0 1.0 1.0 1.0 1.0 1.0 1.0 1.0 1.0 1.0 1.0 1.0 1.0 1.0 1.0 1.0 1.0 1.0 1.0 1.0 1.0 1.0 1.0 1.0 1.0 1.0 1.0 1.0 1.0 1.0 1.0 1.0 1.0 1.0 1.0 1.0 1.0 1.0 1.0 1.0 1.0 1.0 1.0 1.0 1.0 1.0 1.0 1.0 1.0 1.0 1.0 1.0 
1.0 1.0 1.0 0.0 1.0 1.0 1.0 1.0 1.0 1.0 1.0 1.0 1.0 1.0 1.0 1.0 1.0 1.0 1.0 1.0 1.0 1.0 1.0 1.0 1.0 1.0 1.0 1.0 1.0 1.0 1.0 1.0 1.0 1.0 1.0 1.0 1.0 1.0 1.0 1.0 1.0 1.0 1.0 1.0 1.0 1.0 1.0 1.0 1.0 1.0 1.0 1.0 1.0 1.0 1.0 1.0 1.0 1.0 1.0 1.0 1.0 1.0 1.0 1.0 
1.0 1.0 1.0 1.0 0.0 1.0 1.0 1.0 1.0 1.0 1.0 1.0 1.0 1.0 1.0 1.0 1.0 1.0 1.0 1.0 1.0 1.0 1.0 1.0 1.0 1.0 1.0 1.0 1.0 1.0 1.0 1.0 1.0 1.0 1.0 1.0 1.0 1.0 1.0 1.0 1.0 1.0 1.0 1.0 1.0 1.0 1.0 1.0 1.0 1.0 1.0 1.0 1.0 1.0 1.0 1.0 1.0 1.0 1.0 1.0 1.0 1.0 1.0 1.0 
1.0 1.0 1.0 1.0 1.0 0.0 1.0 1.0 1.0 1.0 1.0 1.0 1.0 1.0 1.0 1.0 1.0 1.0 1.0 1.0 1.0 1.0 1.0 1.0 1.0 1.0 1.0 1.0 1.0 1.0 1.0 1.0 1.0 1.0 1.0 1.0 1.0 1.0 1.0 1.0 1.0 1.0 1.0 1.0 1.0 1.0 1.0 1.0 1.0 1.0 1.0 1.0 1.0 1.0 1.0 1.0 1.0 1.0 1.0 1.0 1.0 1.0 1.0 1.0 
1.0 1.0 1.0 1.0 1.0 1.0 0.0 1.0 1.0 1.0 1.0 1.0 1.0 1.0 1.0 1.0 1.0 1.0 1.0 1.0 1.0 1.0 1.0 1.0 1.0 1.0 1.0 1.0 1.0 1.0 1.0 1.0 1.0 1.0 1.0 1.0 1.0 1.0 1.0 1.0 1.0 1.0 1.0 1.0 1.0 1.0 1.0 1.0 1.0 1.0 1.0 1.0 1.0 1.0 1.0 1.0 1.0 1.0 1.0 1.0 1.0 1.0 1.0 1.0 
1.0 1.0 1.0 1.0 1.0 1.0 1.0 0.0 1.0 1.0 1.0 1.0 1.0 1.0 1.0 1.0 1.0 1.0 1.0 1.0 1.0 1.0 1.0 1.0 1.0 1.0 1.0 1.0 1.0 1.0 1.0 1.0 1.0 1.0 1.0 1.0 1.0 1.0 1.0 1.0 1.0 1.0 1.0 1.0 1.0 1.0 1.0 1.0 1.0 1.0 1.0 1.0 1.0 1.0 1.0 1.0 1.0 1.0 1.0 1.0 1.0 1.0 1.0 1.0 
1.0 1.0 1.0 1.0 1.0 1.0 1.0 1.0 0.0 1.0 1.0 1.0 1.0 1.0 1.0 1.0 1.0 1.0 1.0 1.0 1.0 1.0 1.0 1.0 1.0 1.0 1.0 1.0 1.0 1.0 1.0 1.0 1.0 1.0 1.0 1.0 1.0 1.0 1.0 1.0 1.0 1.0 1.0 1.0 1.0 1.0 1.0 1.0 1.0 1.0 1.0 1.0 1.0 1.0 1.0 1.0 1.0 1.0 1.0 1.0 1.0 1.0 1.0 1.0 
1.0 1.0 1.0 1.0 1.0 1.0 1.0 1.0 1.0 0.0 1.0 1.0 1.0 1.0 1.0 1.0 1.0 1.0 1.0 1.0 1.0 1.0 1.0 1.0 1.0 1.0 1.0 1.0 1.0 1.0 1.0 1.0 1.0 1.0 1.0 1.0 1.0 1.0 1.0 1.0 1.0 1.0 1.0 1.0 1.0 1.0 1.0 1.0 1.0 1.0 1.0 1.0 1.0 1.0 1.0 1.0 1.0 1.0 1.0 1.0 1.0 1.0 1.0 1.0 
1.0 1.0 1.0 1.0 1.0 1.0 1.0 1.0 1.0 1.0 0.0 1.0 1.0 1.0 1.0 1.0 1.0 1.0 1.0 1.0 1.0 1.0 1.0 1.0 1.0 1.0 1.0 1.0 1.0 1.0 1.0 1.0 1.0 1.0 1.0 1.0 1.0 1.0 1.0 1.0 1.0 1.0 1.0 1.0 1.0 1.0 1.0 1.0 1.0 1.0 1.0 1.0 1.0 1.0 1.0 1.0 1.0 1.0 1.0 1.0 1.0 1.0 1.0 1.0 
1.0 1.0 1.0 1.0 1.0 1.0 1.0 1.0 1.0 1.0 1.0 0.0 1.0 1.0 1.0 1.0 1.0 1.0 1.0 1.0 1.0 1.0 1.0 1.0 1.0 1.0 1.0 1.0 1.0 1.0 1.0 1.0 1.0 1.0 1.0 1.0 1.0 1.0 1.0 1.0 1.0 1.0 1.0 1.0 1.0 1.0 1.0 1.0 1.0 1.0 1.0 1.0 1.0 1.0 1.0 1.0 1.0 1.0 1.0 1.0 1.0 1.0 1.0 1.0 
1.0 1.0 1.0 1.0 1.0 1.0 1.0 1.0 1.0 1.0 1.0 1.0 0.0 1.0 1.0 1.0 1.0 1.0 1.0 1.0 1.0 1.0 1.0 1.0 1.0 1.0 1.0 1.0 1.0 1.0 1.0 1.0 1.0 1.0 1.0 1.0 1.0 1.0 1.0 1.0 1.0 1.0 1.0 1.0 1.0 1.0 1.0 1.0 1.0 1.0 1.0 1.0 1.0 1.0 1.0 1.0 1.0 1.0 1.0 1.0 1.0 1.0 1.0 1.0 
1.0 1.0 1.0 1.0 1.0 1.0 1.0 1.0 1.0 1.0 1.0 1.0 1.0 0.0 1.0 1.0 1.0 1.0 1.0 1.0 1.0 1.0 1.0 1.0 1.0 1.0 1.0 1.0 1.0 1.0 1.0 1.0 1.0 1.0 1.0 1.0 1.0 1.0 1.0 1.0 1.0 1.0 1.0 1.0 1.0 1.0 1.0 1.0 1.0 1.0 1.0 1.0 1.0 1.0 1.0 1.0 1.0 1.0 1.0 1.0 1.0 1.0 1.0 1.0 
1.0 1.0 1.0 1.0 1.0 1.0 1.0 1.0 1.0 1.0 1.0 1.0 1.0 1.0 0.0 1.0 1.0 1.0 1.0 1.0 1.0 1.0 1.0 1.0 1.0 1.0 1.0 1.0 1.0 1.0 1.0 1.0 1.0 1.0 1.0 1.0 1.0 1.0 1.0 1.0 1.0 1.0 1.0 1.0 1.0 1.0 1.0 1.0 1.0 1.0 1.0 1.0 1.0 1.0 1.0 1.0 1.0 1.0 1.0 1.0 1.0 1.0 1.0 1.0 
1.0 1.0 1.0 1.0 1.0 1.0 1.0 1.0 1.0 1.0 1.0 1.0 1.0 1.0 1.0 0.0 1.0 1.0 1.0 1.0 1.0 1.0 1.0 1.0 1.0 1.0 1.0 1.0 1.0 1.0 1.0 1.0 1.0 1.0 1.0 1.0 1.0 1.0 1.0 1.0 1.0 1.0 1.0 1.0 1.0 1.0 1.0 1.0 1.0 1.0 1.0 1.0 1.0 1.0 1.0 1.0 1.0 1.0 1.0 1.0 1.0 1.0 1.0 1.0 
1.0 1.0 1.0 1.0 1.0 1.0 1.0 1.0 1.0 1.0 1.0 1.0 1.0 1.0 1.0 1.0 0.0 1.0 1.0 1.0 1.0 1.0 1.0 1.0 1.0 1.0 1.0 1.0 1.0 1.0 1.0 1.0 1.0 1.0 1.0 1.0 1.0 1.0 1.0 1.0 1.0 1.0 1.0 1.0 1.0 1.0 1.0 1.0 1.0 1.0 1.0 1.0 1.0 1.0 1.0 1.0 1.0 1.0 1.0 1.0 1.0 1.0 1.0 1.0 
1.0 1.0 1.0 1.0 1.0 1.0 1.0 1.0 1.0 1.0 1.0 1.0 1.0 1.0 1.0 1.0 1.0 0.0 1.0 1.0 1.0 1.0 1.0 1.0 1.0 1.0 1.0 1.0 1.0 1.0 1.0 1.0 1.0 1.0 1.0 1.0 1.0 1.0 1.0 1.0 1.0 1.0 1.0 1.0 1.0 1.0 1.0 1.0 1.0 1.0 1.0 1.0 1.0 1.0 1.0 1.0 1.0 1.0 1.0 1.0 1.0 1.0 1.0 1.0 
1.0 1.0 1.0 1.0 1.0 1.0 1.0 1.0 1.0 1.0 1.0 1.0 1.0 1.0 1.0 1.0 1.0 1.0 0.0 1.0 1.0 1.0 1.0 1.0 1.0 1.0 1.0 1.0 1.0 1.0 1.0 1.0 1.0 1.0 1.0 1.0 1.0 1.0 1.0 1.0 1.0 1.0 1.0 1.0 1.0 1.0 1.0 1.0 1.0 1.0 1.0 1.0 1.0 1.0 1.0 1.0 1.0 1.0 1.0 1.0 1.0 1.0 1.0 1.0 
1.0 1.0 1.0 1.0 1.0 1.0 1.0 1.0 1.0 1.0 1.0 1.0 1.0 1.0 1.0 1.0 1.0 1.0 1.0 0.0 1.0 1.0 1.0 1.0 1.0 1.0 1.0 1.0 1.0 1.0 1.0 1.0 1.0 1.0 1.0 1.0 1.0 1.0 1.0 1.0 1.0 1.0 1.0 1.0 1.0 1.0 1.0 1.0 1.0 1.0 1.0 1.0 1.0 1.0 1.0 1.0 1.0 1.0 1.0 1.0 1.0 1.0 1.0 1.0 
1.0 1.0 1.0 1.0 1.0 1.0 1.0 1.0 1.0 1.0 1.0 1.0 1.0 1.0 1.0 1.0 1.0 1.0 1.0 1.0 0.0 1.0 1.0 1.0 1.0 1.0 1.0 1.0 1.0 1.0 1.0 1.0 1.0 1.0 1.0 1.0 1.0 1.0 1.0 1.0 1.0 1.0 1.0 1.0 1.0 1.0 1.0 1.0 1.0 1.0 1.0 1.0 1.0 1.0 1.0 1.0 1.0 1.0 1.0 1.0 1.0 1.0 1.0 1.0 
1.0 1.0 1.0 1.0 1.0 1.0 1.0 1.0 1.0 1.0 1.0 1.0 1.0 1.0 1.0 1.0 1.0 1.0 1.0 1.0 1.0 0.0 1.0 1.0 1.0 1.0 1.0 1.0 1.0 1.0 1.0 1.0 1.0 1.0 1.0 1.0 1.0 1.0 1.0 1.0 1.0 1.0 1.0 1.0 1.0 1.0 1.0 1.0 1.0 1.0 1.0 1.0 1.0 1.0 1.0 1.0 1.0 1.0 1.0 1.0 1.0 1.0 1.0 1.0 
1.0 1.0 1.0 1.0 1.0 1.0 1.0 1.0 1.0 1.0 1.0 1.0 1.0 1.0 1.0 1.0 1.0 1.0 1.0 1.0 1.0 1.0 0.0 1.0 1.0 1.0 1.0 1.0 1.0 1.0 1.0 1.0 1.0 1.0 1.0 1.0 1.0 1.0 1.0 1.0 1.0 1.0 1.0 1.0 1.0 1.0 1.0 1.0 1.0 1.0 1.0 1.0 1.0 1.0 1.0 1.0 1.0 1.0 1.0 1.0 1.0 1.0 1.0 1.0 
1.0 1.0 1.0 1.0 1.0 1.0 1.0 1.0 1.0 1.0 1.0 1.0 1.0 1.0 1.0 1.0 1.0 1.0 1.0 1.0 1.0 1.0 1.0 0.0 1.0 1.0 1.0 1.0 1.0 1.0 1.0 1.0 1.0 1.0 1.0 1.0 1.0 1.0 1.0 1.0 1.0 1.0 1.0 1.0 1.0 1.0 1.0 1.0 1.0 1.0 1.0 1.0 1.0 1.0 1.0 1.0 1.0 1.0 1.0 1.0 1.0 1.0 1.0 1.0 
1.0 1.0 1.0 1.0 1.0 1.0 1.0 1.0 1.0 1.0 1.0 1.0 1.0 1.0 1.0 1.0 1.0 1.0 1.0 1.0 1.0 1.0 1.0 1.0 0.0 1.0 1.0 1.0 1.0 1.0 1.0 1.0 1.0 1.0 1.0 1.0 1.0 1.0 1.0 1.0 1.0 1.0 1.0 1.0 1.0 1.0 1.0 1.0 1.0 1.0 1.0 1.0 1.0 1.0 1.0 1.0 1.0 1.0 1.0 1.0 1.0 1.0 1.0 1.0 
1.0 1.0 1.0 1.0 1.0 1.0 1.0 1.0 1.0 1.0 1.0 1.0 1.0 1.0 1.0 1.0 1.0 1.0 1.0 1.0 1.0 1.0 1.0 1.0 1.0 0.0 1.0 1.0 1.0 1.0 1.0 1.0 1.0 1.0 1.0 1.0 1.0 1.0 1.0 1.0 1.0 1.0 1.0 1.0 1.0 1.0 1.0 1.0 1.0 1.0 1.0 1.0 1.0 1.0 1.0 1.0 1.0 1.0 1.0 1.0 1.0 1.0 1.0 1.0 
1.0 1.0 1.0 1.0 1.0 1.0 1.0 1.0 1.0 1.0 1.0 1.0 1.0 1.0 1.0 1.0 1.0 1.0 1.0 1.0 1.0 1.0 1.0 1.0 1.0 1.0 0.0 1.0 1.0 1.0 1.0 1.0 1.0 1.0 1.0 1.0 1.0 1.0 1.0 1.0 1.0 1.0 1.0 1.0 1.0 1.0 1.0 1.0 1.0 1.0 1.0 1.0 1.0 1.0 1.0 1.0 1.0 1.0 1.0 1.0 1.0 1.0 1.0 1.0 
1.0 1.0 1.0 1.0 1.0 1.0 1.0 1.0 1.0 1.0 1.0 1.0 1.0 1.0 1.0 1.0 1.0 1.0 1.0 1.0 1.0 1.0 1.0 1.0 1.0 1.0 1.0 0.0 1.0 1.0 1.0 1.0 1.0 1.0 1.0 1.0 1.0 1.0 1.0 1.0 1.0 1.0 1.0 1.0 1.0 1.0 1.0 1.0 1.0 1.0 1.0 1.0 1.0 1.0 1.0 1.0 1.0 1.0 1.0 1.0 1.0 1.0 1.0 1.0 
1.0 1.0 1.0 1.0 1.0 1.0 1.0 1.0 1.0 1.0 1.0 1.0 1.0 1.0 1.0 1.0 1.0 1.0 1.0 1.0 1.0 1.0 1.0 1.0 1.0 1.0 1.0 1.0 0.0 1.0 1.0 1.0 1.0 1.0 1.0 1.0 1.0 1.0 1.0 1.0 1.0 1.0 1.0 1.0 1.0 1.0 1.0 1.0 1.0 1.0 1.0 1.0 1.0 1.0 1.0 1.0 1.0 1.0 1.0 1.0 1.0 1.0 1.0 1.0 
1.0 1.0 1.0 1.0 1.0 1.0 1.0 1.0 1.0 1.0 1.0 1.0 1.0 1.0 1.0 1.0 1.0 1.0 1.0 1.0 1.0 1.0 1.0 1.0 1.0 1.0 1.0 1.0 1.0 0.0 1.0 1.0 1.0 1.0 1.0 1.0 1.0 1.0 1.0 1.0 1.0 1.0 1.0 1.0 1.0 1.0 1.0 1.0 1.0 1.0 1.0 1.0 1.0 1.0 1.0 1.0 1.0 1.0 1.0 1.0 1.0 1.0 1.0 1.0 
1.0 1.0 1.0 1.0 1.0 1.0 1.0 1.0 1.0 1.0 1.0 1.0 1.0 1.0 1.0 1.0 1.0 1.0 1.0 1.0 1.0 1.0 1.0 1.0 1.0 1.0 1.0 1.0 1.0 1.0 0.0 1.0 1.0 1.0 1.0 1.0 1.0 1.0 1.0 1.0 1.0 1.0 1.0 1.0 1.0 1.0 1.0 1.0 1.0 1.0 1.0 1.0 1.0 1.0 1.0 1.0 1.0 1.0 1.0 1.0 1.0 1.0 1.0 1.0 
1.0 1.0 1.0 1.0 1.0 1.0 1.0 1.0 1.0 1.0 1.0 1.0 1.0 1.0 1.0 1.0 1.0 1.0 1.0 1.0 1.0 1.0 1.0 1.0 1.0 1.0 1.0 1.0 1.0 1.0 1.0 0.0 1.0 1.0 1.0 1.0 1.0 1.0 1.0 1.0 1.0 1.0 1.0 1.0 1.0 1.0 1.0 1.0 1.0 1.0 1.0 1.0 1.0 1.0 1.0 1.0 1.0 1.0 1.0 1.0 1.0 1.0 1.0 1.0 
1.0 1.0 1.0 1.0 1.0 1.0 1.0 1.0 1.0 1.0 1.0 1.0 1.0 1.0 1.0 1.0 1.0 1.0 1.0 1.0 1.0 1.0 1.0 1.0 1.0 1.0 1.0 1.0 1.0 1.0 1.0 1.0 0.0 1.0 1.0 1.0 1.0 1.0 1.0 1.0 1.0 1.0 1.0 1.0 1.0 1.0 1.0 1.0 1.0 1.0 1.0 1.0 1.0 1.0 1.0 1.0 1.0 1.0 1.0 1.0 1.0 1.0 1.0 1.0 
1.0 1.0 1.0 1.0 1.0 1.0 1.0 1.0 1.0 1.0 1.0 1.0 1.0 1.0 1.0 1.0 1.0 1.0 1.0 1.0 1.0 1.0 1.0 1.0 1.0 1.0 1.0 1.0 1.0 1.0 1.0 1.0 1.0 0.0 1.0 1.0 1.0 1.0 1.0 1.0 1.0 1.0 1.0 1.0 1.0 1.0 1.0 1.0 1.0 1.0 1.0 1.0 1.0 1.0 1.0 1.0 1.0 1.0 1.0 1.0 1.0 1.0 1.0 1.0 
1.0 1.0 1.0 1.0 1.0 1.0 1.0 1.0 1.0 1.0 1.0 1.0 1.0 1.0 1.0 1.0 1.0 1.0 1.0 1.0 1.0 1.0 1.0 1.0 1.0 1.0 1.0 1.0 1.0 1.0 1.0 1.0 1.0 1.0 0.0 1.0 1.0 1.0 1.0 1.0 1.0 1.0 1.0 1.0 1.0 1.0 1.0 1.0 1.0 1.0 1.0 1.0 1.0 1.0 1.0 1.0 1.0 1.0 1.0 1.0 1.0 1.0 1.0 1.0 
1.0 1.0 1.0 1.0 1.0 1.0 1.0 1.0 1.0 1.0 1.0 1.0 1.0 1.0 1.0 1.0 1.0 1.0 1.0 1.0 1.0 1.0 1.0 1.0 1.0 1.0 1.0 1.0 1.0 1.0 1.0 1.0 1.0 1.0 1.0 0.0 1.0 1.0 1.0 1.0 1.0 1.0 1.0 1.0 1.0 1.0 1.0 1.0 1.0 1.0 1.0 1.0 1.0 1.0 1.0 1.0 1.0 1.0 1.0 1.0 1.0 1.0 1.0 1.0 
1.0 1.0 1.0 1.0 1.0 1.0 1.0 1.0 1.0 1.0 1.0 1.0 1.0 1.0 1.0 1.0 1.0 1.0 1.0 1.0 1.0 1.0 1.0 1.0 1.0 1.0 1.0 1.0 1.0 1.0 1.0 1.0 1.0 1.0 1.0 1.0 0.0 1.0 1.0 1.0 1.0 1.0 1.0 1.0 1.0 1.0 1.0 1.0 1.0 1.0 1.0 1.0 1.0 1.0 1.0 1.0 1.0 1.0 1.0 1.0 1.0 1.0 1.0 1.0 
1.0 1.0 1.0 1.0 1.0 1.0 1.0 1.0 1.0 1.0 1.0 1.0 1.0 1.0 1.0 1.0 1.0 1.0 1.0 1.0 1.0 1.0 1.0 1.0 1.0 1.0 1.0 1.0 1.0 1.0 1.0 1.0 1.0 1.0 1.0 1.0 1.0 0.0 1.0 1.0 1.0 1.0 1.0 1.0 1.0 1.0 1.0 1.0 1.0 1.0 1.0 1.0 1.0 1.0 1.0 1.0 1.0 1.0 1.0 1.0 1.0 1.0 1.0 1.0 
1.0 1.0 1.0 1.0 1.0 1.0 1.0 1.0 1.0 1.0 1.0 1.0 1.0 1.0 1.0 1.0 1.0 1.0 1.0 1.0 1.0 1.0 1.0 1.0 1.0 1.0 1.0 1.0 1.0 1.0 1.0 1.0 1.0 1.0 1.0 1.0 1.0 1.0 0.0 1.0 1.0 1.0 1.0 1.0 1.0 1.0 1.0 1.0 1.0 1.0 1.0 1.0 1.0 1.0 1.0 1.0 1.0 1.0 1.0 1.0 1.0 1.0 1.0 1.0 
1.0 1.0 1.0 1.0 1.0 1.0 1.0 1.0 1.0 1.0 1.0 1.0 1.0 1.0 1.0 1.0 1.0 1.0 1.0 1.0 1.0 1.0 1.0 1.0 1.0 1.0 1.0 1.0 1.0 1.0 1.0 1.0 1.0 1.0 1.0 1.0 1.0 1.0 1.0 0.0 1.0 1.0 1.0 1.0 1.0 1.0 1.0 1.0 1.0 1.0 1.0 1.0 1.0 1.0 1.0 1.0 1.0 1.0 1.0 1.0 1.0 1.0 1.0 1.0 
1.0 1.0 1.0 1.0 1.0 1.0 1.0 1.0 1.0 1.0 1.0 1.0 1.0 1.0 1.0 1.0 1.0 1.0 1.0 1.0 1.0 1.0 1.0 1.0 1.0 1.0 1.0 1.0 1.0 1.0 1.0 1.0 1.0 1.0 1.0 1.0 1.0 1.0 1.0 1.0 0.0 1.0 1.0 1.0 1.0 1.0 1.0 1.0 1.0 1.0 1.0 1.0 1.0 1.0 1.0 1.0 1.0 1.0 1.0 1.0 1.0 1.0 1.0 1.0 
1.0 1.0 1.0 1.0 1.0 1.0 1.0 1.0 1.0 1.0 1.0 1.0 1.0 1.0 1.0 1.0 1.0 1.0 1.0 1.0 1.0 1.0 1.0 1.0 1.0 1.0 1.0 1.0 1.0 1.0 1.0 1.0 1.0 1.0 1.0 1.0 1.0 1.0 1.0 1.0 1.0 0.0 1.0 1.0 1.0 1.0 1.0 1.0 1.0 1.0 1.0 1.0 1.0 1.0 1.0 1.0 1.0 1.0 1.0 1.0 1.0 1.0 1.0 1.0 
1.0 1.0 1.0 1.0 1.0 1.0 1.0 1.0 1.0 1.0 1.0 1.0 1.0 1.0 1.0 1.0 1.0 1.0 1.0 1.0 1.0 1.0 1.0 1.0 1.0 1.0 1.0 1.0 1.0 1.0 1.0 1.0 1.0 1.0 1.0 1.0 1.0 1.0 1.0 1.0 1.0 1.0 0.0 1.0 1.0 1.0 1.0 1.0 1.0 1.0 1.0 1.0 1.0 1.0 1.0 1.0 1.0 1.0 1.0 1.0 1.0 1.0 1.0 1.0 
1.0 1.0 1.0 1.0 1.0 1.0 1.0 1.0 1.0 1.0 1.0 1.0 1.0 1.0 1.0 1.0 1.0 1.0 1.0 1.0 1.0 1.0 1.0 1.0 1.0 1.0 1.0 1.0 1.0 1.0 1.0 1.0 1.0 1.0 1.0 1.0 1.0 1.0 1.0 1.0 1.0 1.0 1.0 0.0 1.0 1.0 1.0 1.0 1.0 1.0 1.0 1.0 1.0 1.0 1.0 1.0 1.0 1.0 1.0 1.0 1.0 1.0 1.0 1.0 
1.0 1.0 1.0 1.0 1.0 1.0 1.0 1.0 1.0 1.0 1.0 1.0 1.0 1.0 1.0 1.0 1.0 1.0 1.0 1.0 1.0 1.0 1.0 1.0 1.0 1.0 1.0 1.0 1.0 1.0 1.0 1.0 1.0 1.0 1.0 1.0 1.0 1.0 1.0 1.0 1.0 1.0 1.0 1.0 0.0 1.0 1.0 1.0 1.0 1.0 1.0 1.0 1.0 1.0 1.0 1.0 1.0 1.0 1.0 1.0 1.0 1.0 1.0 1.0 
1.0 1.0 1.0 1.0 1.0 1.0 1.0 1.0 1.0 1.0 1.0 1.0 1.0 1.0 1.0 1.0 1.0 1.0 1.0 1.0 1.0 1.0 1.0 1.0 1.0 1.0 1.0 1.0 1.0 1.0 1.0 1.0 1.0 1.0 1.0 1.0 1.0 1.0 1.0 1.0 1.0 1.0 1.0 1.0 1.0 0.0 1.0 1.0 1.0 1.0 1.0 1.0 1.0 1.0 1.0 1.0 1.0 1.0 1.0 1.0 1.0 1.0 1.0 1.0 
1.0 1.0 1.0 1.0 1.0 1.0 1.0 1.0 1.0 1.0 1.0 1.0 1.0 1.0 1.0 1.0 1.0 1.0 1.0 1.0 1.0 1.0 1.0 1.0 1.0 1.0 1.0 1.0 1.0 1.0 1.0 1.0 1.0 1.0 1.0 1.0 1.0 1.0 1.0 1.0 1.0 1.0 1.0 1.0 1.0 1.0 0.0 1.0 1.0 1.0 1.0 1.0 1.0 1.0 1.0 1.0 1.0 1.0 1.0 1.0 1.0 1.0 1.0 1.0 
1.0 1.0 1.0 1.0 1.0 1.0 1.0 1.0 1.0 1.0 1.0 1.0 1.0 1.0 1.0 1.0 1.0 1.0 1.0 1.0 1.0 1.0 1.0 1.0 1.0 1.0 1.0 1.0 1.0 1.0 1.0 1.0 1.0 1.0 1.0 1.0 1.0 1.0 1.0 1.0 1.0 1.0 1.0 1.0 1.0 1.0 1.0 0.0 1.0 1.0 1.0 1.0 1.0 1.0 1.0 1.0 1.0 1.0 1.0 1.0 1.0 1.0 1.0 1.0 
1.0 1.0 1.0 1.0 1.0 1.0 1.0 1.0 1.0 1.0 1.0 1.0 1.0 1.0 1.0 1.0 1.0 1.0 1.0 1.0 1.0 1.0 1.0 1.0 1.0 1.0 1.0 1.0 1.0 1.0 1.0 1.0 1.0 1.0 1.0 1.0 1.0 1.0 1.0 1.0 1.0 1.0 1.0 1.0 1.0 1.0 1.0 1.0 0.0 1.0 1.0 1.0 1.0 1.0 1.0 1.0 1.0 1.0 1.0 1.0 1.0 1.0 1.0 1.0 
1.0 1.0 1.0 1.0 1.0 1.0 1.0 1.0 1.0 1.0 1.0 1.0 1.0 1.0 1.0 1.0 1.0 1.0 1.0 1.0 1.0 1.0 1.0 1.0 1.0 1.0 1.0 1.0 1.0 1.0 1.0 1.0 1.0 1.0 1.0 1.0 1.0 1.0 1.0 1.0 1.0 1.0 1.0 1.0 1.0 1.0 1.0 1.0 1.0 0.0 1.0 1.0 1.0 1.0 1.0 1.0 1.0 1.0 1.0 1.0 1.0 1.0 1.0 1.0 
1.0 1.0 1.0 1.0 1.0 1.0 1.0 1.0 1.0 1.0 1.0 1.0 1.0 1.0 1.0 1.0 1.0 1.0 1.0 1.0 1.0 1.0 1.0 1.0 1.0 1.0 1.0 1.0 1.0 1.0 1.0 1.0 1.0 1.0 1.0 1.0 1.0 1.0 1.0 1.0 1.0 1.0 1.0 1.0 1.0 1.0 1.0 1.0 1.0 1.0 0.0 1.0 1.0 1.0 1.0 1.0 1.0 1.0 1.0 1.0 1.0 1.0 1.0 1.0 
1.0 1.0 1.0 1.0 1.0 1.0 1.0 1.0 1.0 1.0 1.0 1.0 1.0 1.0 1.0 1.0 1.0 1.0 1.0 1.0 1.0 1.0 1.0 1.0 1.0 1.0 1.0 1.0 1.0 1.0 1.0 1.0 1.0 1.0 1.0 1.0 1.0 1.0 1.0 1.0 1.0 1.0 1.0 1.0 1.0 1.0 1.0 1.0 1.0 1.0 1.0 0.0 1.0 1.0 1.0 1.0 1.0 1.0 1.0 1.0 1.0 1.0 1.0 1.0 
1.0 1.0 1.0 1.0 1.0 1.0 1.0 1.0 1.0 1.0 1.0 1.0 1.0 1.0 1.0 1.0 1.0 1.0 1.0 1.0 1.0 1.0 1.0 1.0 1.0 1.0 1.0 1.0 1.0 1.0 1.0 1.0 1.0 1.0 1.0 1.0 1.0 1.0 1.0 1.0 1.0 1.0 1.0 1.0 1.0 1.0 1.0 1.0 1.0 1.0 1.0 1.0 0.0 1.0 1.0 1.0 1.0 1.0 1.0 1.0 1.0 1.0 1.0 1.0 
1.0 1.0 1.0 1.0 1.0 1.0 1.0 1.0 1.0 1.0 1.0 1.0 1.0 1.0 1.0 1.0 1.0 1.0 1.0 1.0 1.0 1.0 1.0 1.0 1.0 1.0 1.0 1.0 1.0 1.0 1.0 1.0 1.0 1.0 1.0 1.0 1.0 1.0 1.0 1.0 1.0 1.0 1.0 1.0 1.0 1.0 1.0 1.0 1.0 1.0 1.0 1.0 1.0 0.0 1.0 1.0 1.0 1.0 1.0 1.0 1.0 1.0 1.0 1.0 
1.0 1.0 1.0 1.0 1.0 1.0 1.0 1.0 1.0 1.0 1.0 1.0 1.0 1.0 1.0 1.0 1.0 1.0 1.0 1.0 1.0 1.0 1.0 1.0 1.0 1.0 1.0 1.0 1.0 1.0 1.0 1.0 1.0 1.0 1.0 1.0 1.0 1.0 1.0 1.0 1.0 1.0 1.0 1.0 1.0 1.0 1.0 1.0 1.0 1.0 1.0 1.0 1.0 1.0 0.0 1.0 1.0 1.0 1.0 1.0 1.0 1.0 1.0 1.0 
1.0 1.0 1.0 1.0 1.0 1.0 1.0 1.0 1.0 1.0 1.0 1.0 1.0 1.0 1.0 1.0 1.0 1.0 1.0 1.0 1.0 1.0 1.0 1.0 1.0 1.0 1.0 1.0 1.0 1.0 1.0 1.0 1.0 1.0 1.0 1.0 1.0 1.0 1.0 1.0 1.0 1.0 1.0 1.0 1.0 1.0 1.0 1.0 1.0 1.0 1.0 1.0 1.0 1.0 1.0 0.0 1.0 1.0 1.0 1.0 1.0 1.0 1.0 1.0 
1.0 1.0 1.0 1.0 1.0 1.0 1.0 1.0 1.0 1.0 1.0 1.0 1.0 1.0 1.0 1.0 1.0 1.0 1.0 1.0 1.0 1.0 1.0 1.0 1.0 1.0 1.0 1.0 1.0 1.0 1.0 1.0 1.0 1.0 1.0 1.0 1.0 1.0 1.0 1.0 1.0 1.0 1.0 1.0 1.0 1.0 1.0 1.0 1.0 1.0 1.0 1.0 1.0 1.0 1.0 1.0 0.0 1.0 1.0 1.0 1.0 1.0 1.0 1.0 
1.0 1.0 1.0 1.0 1.0 1.0 1.0 1.0 1.0 1.0 1.0 1.0 1.0 1.0 1.0 1.0 1.0 1.0 1.0 1.0 1.0 1.0 1.0 1.0 1.0 1.0 1.0 1.0 1.0 1.0 1.0 1.0 1.0 1.0 1.0 1.0 1.0 1.0 1.0 1.0 1.0 1.0 1.0 1.0 1.0 1.0 1.0 1.0 1.0 1.0 1.0 1.0 1.0 1.0 1.0 1.0 1.0 0.0 1.0 1.0 1.0 1.0 1.0 1.0 
1.0 1.0 1.0 1.0 1.0 1.0 1.0 1.0 1.0 1.0 1.0 1.0 1.0 1.0 1.0 1.0 1.0 1.0 1.0 1.0 1.0 1.0 1.0 1.0 1.0 1.0 1.0 1.0 1.0 1.0 1.0 1.0 1.0 1.0 1.0 1.0 1.0 1.0 1.0 1.0 1.0 1.0 1.0 1.0 1.0 1.0 1.0 1.0 1.0 1.0 1.0 1.0 1.0 1.0 1.0 1.0 1.0 1.0 0.0 1.0 1.0 1.0 1.0 1.0 
1.0 1.0 1.0 1.0 1.0 1.0 1.0 1.0 1.0 1.0 1.0 1.0 1.0 1.0 1.0 1.0 1.0 1.0 1.0 1.0 1.0 1.0 1.0 1.0 1.0 1.0 1.0 1.0 1.0 1.0 1.0 1.0 1.0 1.0 1.0 1.0 1.0 1.0 1.0 1.0 1.0 1.0 1.0 1.0 1.0 1.0 1.0 1.0 1.0 1.0 1.0 1.0 1.0 1.0 1.0 1.0 1.0 1.0 1.0 0.0 1.0 1.0 1.0 1.0 
1.0 1.0 1.0 1.0 1.0 1.0 1.0 1.0 1.0 1.0 1.0 1.0 1.0 1.0 1.0 1.0 1.0 1.0 1.0 1.0 1.0 1.0 1.0 1.0 1.0 1.0 1.0 1.0 1.0 1.0 1.0 1.0 1.0 1.0 1.0 1.0 1.0 1.0 1.0 1.0 1.0 1.0 1.0 1.0 1.0 1.0 1.0 1.0 1.0 1.0 1.0 1.0 1.0 1.0 1.0 1.0 1.0 1.0 1.0 1.0 0.0 1.0 1.0 1.0 
1.0 1.0 1.0 1.0 1.0 1.0 1.0 1.0 1.0 1.0 1.0 1.0 1.0 1.0 1.0 1.0 1.0 1.0 1.0 1.0 1.0 1.0 1.0 1.0 1.0 1.0 1.0 1.0 1.0 1.0 1.0 1.0 1.0 1.0 1.0 1.0 1.0 1.0 1.0 1.0 1.0 1.0 1.0 1.0 1.0 1.0 1.0 1.0 1.0 1.0 1.0 1.0 1.0 1.0 1.0 1.0 1.0 1.0 1.0 1.0 1.0 0.0 1.0 1.0 
1.0 1.0 1.0 1.0 1.0 1.0 1.0 1.0 1.0 1.0 1.0 1.0 1.0 1.0 1.0 1.0 1.0 1.0 1.0 1.0 1.0 1.0 1.0 1.0 1.0 1.0 1.0 1.0 1.0 1.0 1.0 1.0 1.0 1.0 1.0 1.0 1.0 1.0 1.0 1.0 1.0 1.0 1.0 1.0 1.0 1.0 1.0 1.0 1.0 1.0 1.0 1.0 1.0 1.0 1.0 1.0 1.0 1.0 1.0 1.0 1.0 1.0 0.0 1.0 
1.0 1.0 1.0 1.0 1.0 1.0 1.0 1.0 1.0 1.0 1.0 1.0 1.0 1.0 1.0 1.0 1.0 1.0 1.0 1.0 1.0 1.0 1.0 1.0 1.0 1.0 1.0 1.0 1.0 1.0 1.0 1.0 1.0 1.0 1.0 1.0 1.0 1.0 1.0 1.0 1.0 1.0 1.0 1.0 1.0 1.0 1.0 1.0 1.0 1.0 1.0 1.0 1.0 1.0 1.0 1.0 1.0 1.0 1.0 1.0 1.0 1.0 1.0 0.0 