64 0.0 2048.0 434 12542
42 6 66 67 41 58 58 81 20 68 31 69 89 51 93 17 18 29 64 73 45 63 95 65 96 28 13 7 4 22 35 54 83 86 83 61 48 29 66 58 62 35 15 100 63 18 92 31 46 75 20 27 12 72 45 55 83 20 16 99 74 65 43 100 
88 76 73 95 42 46 42 39 52 87 12 28 60 83 6 24 13 80 39 31 48 89 44 79 100 6 92 16 85 8 23 79 33 10 6 14 78 29 13 28 16 86 28 35 34 57 65 16 12 46 91 25 17 24 79 43 91 10 5 43 77 90 100 69 
22 50 95 83 32 96 15 52 49 98 60 52 3 29 76 97 58 73 36 71 60 61 98 57 43 90 27 51 4 30 100 37 86 26 99 81 53 70 93 100 46 85 39 15 40 98 56 39 30 36 27 96 46 78 74 98 43 9 92 57 66 34 32 32 
86 35 7 21 93 31 30 76 24 32 59 85 74 79 6 28 43 62 9 100 11 85 47 67 41 4 92 92 95 41 96 81 28 33 28 98 9 11 25 73 5 81 52 42 56 70 92 23 27 94 87 2 85 28 63 14 92 94 11 50 53 53 7 60 
30 15 79 17 53 49 69 85 18 1 69 22 29 71 24 5 13 81 83 8 56 56 44 51 77 89 4 74 48 79 34 78 75 50 74 32 79 45 7 100 18 37 83 11 96 37 10 31 46 7 18 39 87 65 7 9 93 8 22 53 38 25 50 60 
98 66 71 11 6 79 84 51 94 14 89 51 56 22 91 78 59 14 6 1 49 11 23 92 45 86 25 27 46 1 69 51 89 43 53 53 14 3 4 2 68 96 7 9 69 25 67 56 85 80 24 20 29 17 37 95 88 89 60 19 99 71 18 83 
20 32 5 100 89 34 13 88 29 34 50 98 1 34 43 45 87 24 82 26 88 9 76 83 37 16 40 65 63 47 97 83 48 47 81 64 50 87 22 51 70 72 13 71 35 7 38 100 16 17 38 75 5 25 82 44 36 8 99 69 23 49 45 34 
71 55 16 43 91 87 18 28 9 4 47 50 15 52 93 28 61 21 3 39 33 34 64 89 27 85 1 95 95 28 10 36 8 46 1 91 43 33 50 64 25 77 94 19 14 34 53 82 20 18 12 67 84 96 41 46 100 54 28 52 63 7 68 100 
77 20 41 45 95 81 15 68 28 84 11 92 24 20 45 6 19 13 98 91 24 86 59 14 49 62 85 90 67 26 44 80 82 22 51 29 12 96 76 52 100 34 15 65 95 57 37 15 11 92 16 30 94 83 91 62 56 48 53 44 12 66 55 12 
36 24 68 61 63 90 6 69 48 1 92 86 7 65 10 69 28 42 35 48 3 68 81 70 65 45 98 80 36 58 84 46 77 52 59 30 99 31 40 28 28 85 25 1 16 20 72 72 15 52 84 46 24 86 73 8 92 69 75 5 69 92 64 28 
99 79 78 43 98 38 59 27 3 35 72 9 67 49 23 18 77 81 49 26 49 95 16 85 38 18 93 40 20 83 33 83 59 14 37 87 95 68 4 92 46 25 17 90 85 70 4 64 46 44 69 15 73 75 75 6 88 49 26 29 9 96 98 43 
83 49 48 9 43 38 62 44 76 39 61 26 37 4 33 83 58 99 12 73 47 18 12 54 85 28 39 9 7 30 93 70 17 13 16 93 27 42 95 5 76 31 68 38 46 14 43 99 9 61 75 50 95 23 2 28 27 65 63 14 81 72 1 41 
34 77 65 66 58 44 12 29 88 36 78 49 3 20 75 1 72 21 18 94 61 33 6 66 69 30 20 85 16 98 78 34 53 64 19 98 24 65 26 71 9 61 31 49 9 52 20 86 74 39 5 30 78 39 29 39 28 80 31 89 83 58 6 46 
12 45 31 75 33 30 67 49 52 58 55 82 48 67 32 98 9 33 77 50 89 56 62 60 9 50 46 13 68 94 94 44 60 85 41 83 29 84 61 81 69 82 2 35 66 69 56 76 6 39 95 83 93 79 22 29 98 36 28 42 56 15 10 26 
67 21 75 79 45 36 67 23 8 20 33 89 14 16 42 83 34 23 42 78 45 81 65 50 64 7 17 36 37 24 59 90 10 18 76 47 49 98 44 58 73 29 96 91 28 76 65 40 39 4 36 31 59 52 98 66 77 48 82 81 17 59 42 13 
16 38 63 24 55 21 70 46 71 87 58 40 47 84 26 97 98 95 3 83 31 70 82 65 20 69 51 81 49 45 89 17 77 32 56 8 96 67 42 5 5 95 42 22 42 57 12 26 85 93 11 5 12 48 27 29 93 73 100 36 84 79 11 7 
76 12 45 44 25 34 85 34 22 88 82 36 20 58 5 63 94 43 66 93 61 79 90 73 63 65 3 16 19 24 8 41 87 45 7 77 5 4 48 18 24 92 54 99 46 67 8 42 70 29 12 16 3 82 33 13 53 47 83 6 14 13 64 37 
27 22 23 6 31 97 99 32 89 43 15 4 39 8 13 79 67 36 43 44 98 96 85 75 22 74 94 80 89 55 13 84 35 72 8 42 83 79 31 83 15 82 49 28 100 32 69 44 36 36 6 80 29 59 58 11 82 30 98 39 9 71 20 49 
9 31 78 57 33 10 91 46 50 7 30 22 64 55 82 73 98 74 58 30 10 78 71 64 91 10 84 77 25 39 10 57 97 67 96 95 11 35 72 77 12 89 85 27 29 28 27 62 74 3 53 53 55 70 17 57 33 58 85 40 53 24 61 65 
45 32 46 32 65 47 95 14 84 9 80 11 54 68 6 77 48 43 92 83 51 23 47 93 70 83 79 16 78 5 61 95 75 89 84 3 17 20 1 7 61 46 38 51 79 49 14 97 96 24 42 39 65 24 90 90 43 87 90 8 42 8 32 51 
86 44 46 57 29 56 34 94 1 21 72 6 31 9 31 98 22 63 25 94 95 61 23 64 80 50 1 94 59 72 59 13 53 49 65 23 45 85 82 27 25 35 82 19 46 88 9 71 74 30 37 86 5 84 98 53 18 60 37 87 7 39 4 82 
81 15 87 70 77 26 47 48 16 39 11 43 40 13 48 65 12 16 81 67 40 11 72 67 61 46 75 14 96 92 58 16 22 1 71 7 76 51 75 93 40 48 62 62 42 100 89 14 91 76 52 56 33 95 86 47 17 36 13 91 9 76 9 91 
77 4 61 24 98 100 35 27 72 91 25 76 58 63 92 1 11 69 43 89 72 30 53 4 9 10 49 38 87 23 53 29 46 87 92 6 52 5 57 86 78 75 10 36 12 12 62 39 13 24 24 93 76 47 59 55 85 99 25 79 70 60 63 41 
5 18 27 79 76 55 78 51 64 18 31 99 76 55 18 20 41 24 66 7 10 82 30 52 93 48 21 55 72 39 36 23 64 2 44 62 83 81 27 34 78 62 39 4 81 18 65 56 97 35 71 45 38 74 30 52 66 66 13 29 80 74 21 3 
62 48 3 18 56 11 95 59 55 58 66 84 81 85 23 39 50 16 64 81 66 18 85 69 89 87 43 59 96 32 10 75 75 39 66 77 96 86 32 65 93 41 96 39 80 91 41 76 52 45 74 67 92 4 62 81 14 99 42 8 29 70 26 8 
83 40 86 54 83 60 32 32 37 54 32 18 91 75 34 10 60 21 75 78 11 94 22 79 42 61 50 69 58 21 7 40 3 81 77 42 98 41 18 10 28 55 37 73 63 60 22 11 86 8 39 92 32 92 16 26 42 68 87 7 28 26 10 54 
80 18 23 8 42 47 68 42 56 60 2 7 59 55 54 42 96 89 29 17 24 70 27 58 61 34 82 45 20 9 75 74 38 77 87 70 40 89 21 69 54 56 11 12 25 37 75 40 6 41 4 93 99 10 66 88 38 94 50 58 81 81 74 18 
99 47 22 36 39 19 62 55 68 19 97 76 55 48 43 39 81 69 35 66 16 51 27 67 38 57 43 25 24 30 28 84 99 69 45 96 6 69 69 59 57 7 5 51 78 16 18 100 10 4 51 16 47 38 26 56 30 66 38 22 37 61 25 93 
56 24 76 78 29 47 95 16 9 10 23 9 12 4 15 4 22 27 40 81 100 54 38 3 52 96 54 97 94 47 10 20 58 24 70 14 41 26 62 60 14 100 40 52 85 4 66 89 56 63 74 53 86 8 49 65 98 14 8 91 39 18 93 18 
96 32 17 61 40 42 9 34 78 37 84 84 7 82 100 10 35 19 58 98 31 10 62 35 12 9 10 33 71 95 33 45 24 31 48 31 89 75 84 74 5 63 86 97 1 11 69 11 25 7 30 29 82 93 69 7 10 78 77 16 39 52 58 88 
45 48 62 60 99 70 57 39 11 30 17 82 39 57 19 8 13 86 32 55 98 44 52 56 88 8 89 43 54 58 68 62 24 22 12 41 25 99 39 43 31 80 22 45 81 96 22 98 76 92 79 49 45 15 19 36 74 69 21 11 86 12 86 42 
60 78 35 17 32 93 1 47 12 76 93 31 99 6 96 69 50 18 48 97 13 88 2 99 62 49 18 43 41 57 17 66 84 95 37 79 100 42 90 70 71 38 46 14 57 51 100 78 47 20 59 51 14 55 54 30 81 8 3 29 69 30 37 98 
82 74 40 86 25 33 33 6 70 85 43 21 54 2 96 97 38 2 39 37 24 23 58 18 46 14 14 57 26 69 60 39 41 66 23 37 29 84 13 52 76 20 75 1 95 83 34 75 93 11 3 37 9 15 70 32 62 45 99 75 28 50 68 26 
11 100 90 63 84 16 88 79 34 49 43 61 79 85 37 62 91 29 56 89 84 23 1 72 1 23 85 97 15 36 37 61 90 1 72 6 9 62 71 13 76 2 42 38 65 99 66 33 8 4 34 10 70 48 30 22 65 56 28 62 36 94 23 77 
55 23 11 79 94 36 75 56 66 8 98 47 35 69 52 34 72 75 57 34 10 84 36 74 20 68 39 89 46 85 68 19 83 74 15 55 47 7 47 39 68 77 59 36 54 16 97 62 51 59 20 28 88 85 84 55 63 69 96 75 18 23 40 6 
8 16 89 21 16 99 6 18 1 83 85 44 23 86 97 60 9 83 84 87 33 19 100 67 62 31 20 10 6 41 79 88 24 2 10 71 96 17 100 76 94 62 96 25 29 6 3 20 48 93 21 92 3 15 66 80 35 23 54 51 32 31 22 39 
94 97 92 96 27 64 27 11 63 38 11 67 97 21 25 93 35 40 81 95 85 40 93 68 71 47 34 35 72 76 10 60 21 80 29 38 68 20 72 16 72 19 91 20 46 65 18 65 2 49 7 38 66 63 33 44 92 15 3 31 33 58 10 27 
56 9 1 31 22 79 46 67 100 82 67 41 82 18 86 41 92 75 39 23 25 60 56 25 52 4 96 57 27 78 59 10 3 84 25 74 25 50 16 34 50 45 5 60 45 100 14 54 61 33 64 8 11 58 63 48 44 61 68 69 52 39 17 34 
65 35 40 97 1 81 74 46 46 67 20 99 38 14 88 74 50 69 40 93 49 56 69 72 9 4 13 72 74 39 97 22 89 50 33 71 55 66 46 41 71 49 59 67 31 64 83 12 75 43 10 15 87 56 8 41 49 46 10 89 80 20 26 79 
32 75 1 52 26 18 67 27 60 3 33 62 15 53 21 83 91 38 6 70 95 21 26 48 67 20 42 84 70 94 100 34 34 98 56 100 74 69 61 75 87 92 98 34 60 50 63 83 16 47 88 13 40 53 24 35 74 22 60 40 64 76 59 19 
12 53 16 22 7 37 85 44 67 84 1 47 48 48 44 30 15 8 20 59 12 36 69 56 19 55 2 35 85 92 45 20 74 93 35 22 35 69 7 49 43 4 54 9 82 49 2 68 6 79 95 68 55 23 38 20 60 3 38 20 2 2 7 42 
61 91 13 48 24 33 30 60 76 12 86 83 21 46 76 57 48 31 13 17 64 13 16 16 100 29 33 85 40 11 68 64 78 70 78 60 65 51 33 64 99 79 73 67 59 31 95 37 68 23 91 15 67 16 98 86 62 27 33 78 54 77 51 65 
83 97 33 2 88 5 82 74 43 40 87 45 67 96 83 45 11 95 89 13 87 17 14 47 33 35 93 42 3 12 4 69 34 41 12 7 60 12 65 38 70 100 47 85 17 27 14 20 56 65 45 68 69 79 41 20 31 39 54 79 28 22 38 16 
25 85 20 20 25 82 21 81 50 19 62 11 38 87 48 12 69 31 48 63 83 97 80 99 45 11 71 26 8 65 5 41 88 85 34 16 40 13 18 29 69 19 28 50 43 57 82 13 54 89 60 91 80 62 92 19 77 41 69 11 78 82 71 48 
65 56 81 70 57 99 15 63 95 6 11 83 81 71 20 37 93 94 51 76 7 81 39 50 4 51 59 13 79 70 82 64 63 74 64 4 73 80 65 3 41 90 31 39 10 86 59 87 20 40 64 38 50 97 93 2 66 59 13 3 98 81 18 8 
35 96 50 35 99 23 61 37 61 59 42 46 55 75 12 83 90 14 54 48 8 46 30 63 79 40 58 39 32 19 35 36 16 12 26 40 66 27 53 9 90 39 55 46 94 44 36 21 55 77 18 6 56 49 99 31 93 79 93 41 90 7 48 14 
70 21 88 19 44 58 93 29 79 9 86 10 89 70 26 78 47 94 78 87 15 41 83 87 32 16 41 16 95 42 83 34 19 33 59 57 78 100 84 21 33 18 12 85 72 22 26 76 49 28 76 69 6 33 95 71 69 39 37 83 73 31 57 52 
24 39 40 53 37 57 28 59 100 65 79 9 1 63 82 52 91 91 87 27 76 40 80 61 15 53 48 13 51 74 48 77 77 19 34 55 67 40 83 7 39 27 54 92 34 99 40 3 89 79 24 35 71 63 70 41 61 83 29 74 83 40 6 25 
16 47 75 21 86 45 58 27 74 66 59 77 49 4 40 53 9 75 53 1 6 32 85 16 85 54 25 65 74 5 30 21 78 44 69 58 85 10 68 30 81 5 78 34 84 16 2 86 12 62 22 76 33 37 17 76 62 18 8 71 78 55 44 29 
39 40 4 72 24 49 61 49 22 91 83 75 74 65 32 60 85 30 43 21 77 67 92 95 79 89 98 41 89 32 96 84 50 71 91 69 18 26 4 83 51 39 40 31 65 64 68 34 30 92 96 79 11 47 15 5 38 24 29 20 16 93 30 31 
29 86 9 79 47 57 14 49 25 70 92 53 95 70 79 100 28 24 23 16 47 50 55 48 1 97 72 97 18 73 46 84 80 83 6 78 6 86 54 61 30 83 54 8 84 72 21 89 11 45 23 74 97 35 12 34 76 16 74 98 13 24 47 3 
96 40 23 48 58 96 30 40 14 49 44 12 97 24 14 65 17 1 99 23 64 19 2 60 100 39 10 28 35 13 75 18 47 89 24 98 81 39 28 45 27 86 55 60 66 71 27 28 16 31 25 72 36 83 20 3 91 52 76 26 26 96 49 54 
24 42 5 2 30 95 87 18 40 82 95 68 21 99 21 2 99 65 24 51 6 53 9 26 56 36 45 67 4 25 88 88 99 93 7 47 90 57 90 52 98 85 10 27 44 33 11 68 43 33 33 26 16 48 9 46 21 31 94 14 27 73 76 91 
17 36 44 23 36 31 46 78 51 92 97 12 83 28 83 59 98 7 49 6 37 41 66 29 59 4 66 95 32 44 40 75 22 23 78 2 17 55 66 65 100 96 40 49 2 2 11 43 52 76 15 98 41 99 2 19 3 73 17 50 92 39 65 7 
72 88 7 15 38 42 100 42 56 55 32 22 8 10 26 31 43 92 57 24 34 67 68 71 24 11 56 99 98 38 89 86 24 60 30 30 54 12 21 72 16 66 75 60 94 100 35 6 84 21 89 38 27 15 37 82 92 16 51 20 1 91 91 59 
52 95 62 2 30 56 59 47 5 66 66 60 16 41 55 13 14 74 39 44 44 36 56 25 69 45 93 3 18 94 39 99 32 82 11 51 16 11 67 81 53 7 100 70 56 5 71 38 72 84 20 52 78 77 12 47 36 15 8 99 19 75 46 36 
70 90 17 90 96 83 93 67 22 28 20 62 6 40 21 64 75 3 26 85 64 37 57 97 49 65 75 42 9 83 99 72 17 2 42 28 15 12 98 30 55 37 52 28 27 14 4 77 81 53 97 76 14 28 41 17 3 97 87 70 84 12 23 83 
69 95 72 84 35 6 7 17 20 49 79 94 23 4 57 28 92 25 53 70 65 53 71 42 76 97 20 34 18 78 61 14 70 4 100 90 95 21 62 39 91 82 94 54 77 69 95 35 81 17 82 90 86 28 58 55 39 27 34 93 28 87 63 22 
4 87 15 22 50 83 58 1 55 2 13 31 92 29 92 33 17 33 40 36 58 35 49 75 65 5 33 16 27 88 82 65 45 33 74 89 33 32 61 84 29 48 64 25 87 18 89 91 30 48 89 46 76 55 62 36 76 17 49 33 63 54 8 35 
10 24 16 91 53 16 2 21 41 62 99 73 26 70 25 91 11 100 74 53 23 6 7 92 22 15 20 41 35 6 25 97 77 52 39 15 26 36 85 43 5 27 83 44 75 60 77 17 96 17 70 83 87 82 72 49 45 46 100 70 29 2 22 95 
85 67 58 71 91 80 20 61 84 57 49 24 97 93 88 45 57 23 46 49 87 82 32 35 23 60 41 47 91 53 90 3 74 45 98 44 45 16 75 87 31 18 36 27 11 73 22 16 60 70 14 45 22 6 65 28 10 70 20 52 85 36 12 40 
97 48 32 12 3 92 84 22 67 84 14 70 8 67 22 78 41 77 34 1 10 14 47 95 55 29 1 92 47 64 24 21 37 38 77 74 20 59 74 18 62 62 3 34 52 69 17 61 58 44 3 67 12 8 55 60 58 52 97 100 72 9 35 92 
15 54 15 71 55 11 25 79 79 88 93 70 56 94 33 55 49 82 86 67 56 91 72 37 40 55 71 59 6 36 15 12 37 81 57 8 15 35 99 97 76 11 39 69 63 23 28 40 32 73 56 25 44 33 30 60 52 19 54 51 95 70 94 2 
3 75 2 89 92 66 28 75 67 7 73 85 82 72 98 2 63 90 29 20 74 37 6 52 97 13 94 50 12 81 64 2 84 18 65 23 73 82 54 55 77 13 19 99 68 42 73 15 28 51 13 67 87 63 96 93 51 21 81 37 87 2 28 42 
0.0 1.0 2.0 3.0 4.0 5.0 6.0 7.0 8.0 9.0 10.0 11.0 12.0 13.0 14.0 15.0 16.0 17.0 18.0 19.0 20.0 21.0 22.0 23.0 24.0 25.0 26.0 27.0 28.0 29.0 30.0 31.0 32.0 31.0 30.0 29.0 28.0 27.0 26.0 25.0 24.0 23.0 22.0 21.0 20.0 19.0 18.0 17.0 16.0 15.0 14.0 13.0 12.0 11.0 10.0 9.0 8.0 7.0 6.0 5.0 4.0 3.0 2.0 1.0 
1.0 0.0 1.0 2.0 3.0 4.0 5.0 6.0 7.0 8.0 9.0 10.0 11.0 12.0 13.0 14.0 15.0 16.0 17.0 18.0 19.0 20.0 21.0 22.0 23.0 24.0 25.0 26.0 27.0 28.0 29.0 30.0 31.0 32.0 31.0 30.0 29.0 28.0 27.0 26.0 25.0 24.0 23.0 22.0 21.0 20.0 19.0 18.0 17.0 16.0 15.0 14.0 13.0 12.0 11.0 10.0 9.0 8.0 7.0 6.0 5.0 4.0 3.0 2.0 
2.0 1.0 0.0 1.0 2.0 3.0 4.0 5.0 6.0 7.0 8.0 9.0 10.0 11.0 12.0 13.0 14.0 15.0 16.0 17.0 18.0 19.0 20.0 21.0 22.0 23.0 24.0 25.0 26.0 27.0 28.0 29.0 30.0 31.0 32.0 31.0 30.0 29.0 28.0 27.0 26.0 25.0 24.0 23.0 22.0 21.0 20.0 19.0 18.0 17.0 16.0 15.0 14.0 13.0 12.0 11.0 10.0 9.0 8.0 7.0 6.0 5.0 4.0 3.0 
3.0 2.0 1.0 0.0 1.0 2.0 3.0 4.0 5.0 6.0 7.0 8.0 9.0 10.0 11.0 12.0 13.0 14.0 15.0 16.0 17.0 18.0 19.0 20.0 21.0 22.0 23.0 24.0 25.0 26.0 27.0 28.0 29.0 30.0 31.0 32.0 31.0 30.0 29.0 28.0 27.0 26.0 25.0 24.0 23.0 22.0 21.0 20.0 19.0 18.0 17.0 16.0 15.0 14.0 13.0 12.0 11.0 10.0 9.0 8.0 7.0 6.0 5.0 4.0 
4.0 3.0 2.0 1.0 0.0 1.0 2.0 3.0 4.0 5.0 6.0 7.0 8.0 9.0 10.0 11.0 12.0 13.0 14.0 15.0 16.0 17.0 18.0 19.0 20.0 21.0 22.0 23.0 24.0 25.0 26.0 27.0 28.0 29.0 30.0 31.0 32.0 31.0 30.0 29.0 28.0 27.0 26.0 25.0 24.0 23.0 22.0 21.0 20.0 19.0 18.0 17.0 16.0 15.0 14.0 13.0 12.0 11.0 10.0 9.0 8.0 7.0 6.0 5.0 
5.0 4.0 3.0 2.0 1.0 0.0 1.0 2.0 3.0 4.0 5.0 6.0 7.0 8.0 9.0 10.0 11.0 12.0 13.0 14.0 15.0 16.0 17.0 18.0 19.0 20.0 21.0 22.0 23.0 24.0 25.0 26.0 27.0 28.0 29.0 30.0 31.0 32.0 31.0 30.0 29.0 28.0 27.0 26.0 25.0 24.0 23.0 22.0 21.0 20.0 19.0 18.0 17.0 16.0 15.0 14.0 13.0 12.0 11.0 10.0 9.0 8.0 7.0 6.0 
6.0 5.0 4.0 3.0 2.0 1.0 0.0 1.0 2.0 3.0 4.0 5.0 6.0 7.0 8.0 9.0 10.0 11.0 12.0 13.0 14.0 15.0 16.0 17.0 18.0 19.0 20.0 21.0 22.0 23.0 24.0 25.0 26.0 27.0 28.0 29.0 30.0 31.0 32.0 31.0 30.0 29.0 28.0 27.0 26.0 25.0 24.0 23.0 22.0 21.0 20.0 19.0 18.0 17.0 16.0 15.0 14.0 13.0 12.0 11.0 10.0 9.0 8.0 7.0 
7.0 6.0 5.0 4.0 3.0 2.0 1.0 0.0 1.0 2.0 3.0 4.0 5.0 6.0 7.0 8.0 9.0 10.0 11.0 12.0 13.0 14.0 15.0 16.0 17.0 18.0 19.0 20.0 21.0 22.0 23.0 24.0 25.0 26.0 27.0 28.0 29.0 30.0 31.0 32.0 31.0 30.0 29.0 28.0 27.0 26.0 25.0 24.0 23.0 22.0 21.0 20.0 19.0 18.0 17.0 16.0 15.0 14.0 13.0 12.0 11.0 10.0 9.0 8.0 
8.0 7.0 6.0 5.0 4.0 3.0 2.0 1.0 0.0 1.0 2.0 3.0 4.0 5.0 6.0 7.0 8.0 9.0 10.0 11.0 12.0 13.0 14.0 15.0 16.0 17.0 18.0 19.0 20.0 21.0 22.0 23.0 24.0 25.0 26.0 27.0 28.0 29.0 30.0 31.0 32.0 31.0 30.0 29.0 28.0 27.0 26.0 25.0 24.0 23.0 22.0 21.0 20.0 19.0 18.0 17.0 16.0 15.0 14.0 13.0 12.0 11.0 10.0 9.0 
9.0 8.0 7.0 6.0 5.0 4.0 3.0 2.0 1.0 0.0 1.0 2.0 3.0 4.0 5.0 6.0 7.0 8.0 9.0 10.0 11.0 12.0 13.0 14.0 15.0 16.0 17.0 18.0 19.0 20.0 21.0 22.0 23.0 24.0 25.0 26.0 27.0 28.0 29.0 30.0 31.0 32.0 31.0 30.0 29.0 28.0 27.0 26.0 25.0 24.0 23.0 22.0 21.0 20.0 19.0 18.0 17.0 16.0 15.0 14.0 13.0 12.0 11.0 10.0 
10.0 9.0 8.0 7.0 6.0 5.0 4.0 3.0 2.0 1.0 0.0 1.0 2.0 3.0 4.0 5.0 6.0 7.0 8.0 9.0 10.0 11.0 12.0 13.0 14.0 15.0 16.0 17.0 18.0 19.0 20.0 21.0 22.0 23.0 24.0 25.0 26.0 27.0 28.0 29.0 30.0 31.0 32.0 31.0 30.0 29.0 28.0 27.0 26.0 25.0 24.0 23.0 22.0 21.0 20.0 19.0 18.0 17.0 16.0 15.0 14.0 13.0 12.0 11.0 
11.0 10.0 9.0 8.0 7.0 6.0 5.0 4.0 3.0 2.0 1.0 0.0 1.0 2.0 3.0 4.0 5.0 6.0 7.0 8.0 9.0 10.0 11.0 12.0 13.0 14.0 15.0 16.0 17.0 18.0 19.0 20.0 21.0 22.0 23.0 24.0 25.0 26.0 27.0 28.0 29.0 30.0 31.0 32.0 31.0 30.0 29.0 28.0 27.0 26.0 25.0 24.0 23.0 22.0 21.0 20.0 19.0 18.0 17.0 16.0 15.0 14.0 13.0 12.0 
12.0 11.0 10.0 9.0 8.0 7.0 6.0 5.0 4.0 3.0 2.0 1.0 0.0 1.0 2.0 3.0 4.0 5.0 6.0 7.0 8.0 9.0 10.0 11.0 12.0 13.0 14.0 15.0 16.0 17.0 18.0 19.0 20.0 21.0 22.0 23.0 24.0 25.0 26.0 27.0 28.0 29.0 30.0 31.0 32.0 31.0 30.0 29.0 28.0 27.0 26.0 25.0 24.0 23.0 22.0 21.0 20.0 19.0 18.0 17.0 16.0 15.0 14.0 13.0 
13.0 12.0 11.0 10.0 9.0 8.0 7.0 6.0 5.0 4.0 3.0 2.0 1.0 0.0 1.0 2.0 3.0 4.0 5.0 6.0 7.0 8.0 9.0 10.0 11.0 12.0 13.0 14.0 15.0 16.0 17.0 18.0 19.0 20.0 21.0 22.0 23.0 24.0 25.0 26.0 27.0 28.0 29.0 30.0 31.0 32.0 31.0 30.0 29.0 28.0 27.0 26.0 25.0 24.0 23.0 22.0 21.0 20.0 19.0 18.0 17.0 16.0 15.0 14.0 
14.0 13.0 12.0 11.0 10.0 9.0 8.0 7.0 6.0 5.0 4.0 3.0 2.0 1.0 0.0 1.0 2.0 3.0 4.0 5.0 6.0 7.0 8.0 9.0 10.0 11.0 12.0 13.0 14.0 15.0 16.0 17.0 18.0 19.0 20.0 21.0 22.0 23.0 24.0 25.0 26.0 27.0 28.0 29.0 30.0 31.0 32.0 31.0 30.0 29.0 28.0 27.0 26.0 25.0 24.0 23.0 22.0 21.0 20.0 19.0 18.0 17.0 16.0 15.0 
15.0 14.0 13.0 12.0 11.0 10.0 9.0 8.0 7.0 6.0 5.0 4.0 3.0 2.0 1.0 0.0 1.0 2.0 3.0 4.0 5.0 6.0 7.0 8.0 9.0 10.0 11.0 12.0 13.0 14.0 15.0 16.0 17.0 18.0 19.0 20.0 21.0 22.0 23.0 24.0 25.0 26.0 27.0 28.0 29.0 30.0 31.0 32.0 31.0 30.0 29.0 28.0 27.0 26.0 25.0 24.0 23.0 22.0 21.0 20.0 19.0 18.0 17.0 16.0 
16.0 15.0 14.0 13.0 12.0 11.0 10.0 9.0 8.0 7.0 6.0 5.0 4.0 3.0 2.0 1.0 0.0 1.0 2.0 3.0 4.0 5.0 6.0 7.0 8.0 9.0 10.0 11.0 12.0 13.0 14.0 15.0 16.0 17.0 18.0 19.0 20.0 21.0 22.0 23.0 24.0 25.0 26.0 27.0 28.0 29.0 30.0 31.0 32.0 31.0 30.0 29.0 28.0 27.0 26.0 25.0 24.0 23.0 22.0 21.0 20.0 19.0 18.0 17.0 
17.0 16.0 15.0 14.0 13.0 12.0 11.0 10.0 9.0 8.0 7.0 6.0 5.0 4.0 3.0 2.0 1.0 0.0 1.0 2.0 3.0 4.0 5.0 6.0 7.0 8.0 9.0 10.0 11.0 12.0 13.0 14.0 15.0 16.0 17.0 18.0 19.0 20.0 21.0 22.0 23.0 24.0 25.0 26.0 27.0 28.0 29.0 30.0 31.0 32.0 31.0 30.0 29.0 28.0 27.0 26.0 25.0 24.0 23.0 22.0 21.0 20.0 19.0 18.0 
18.0 17.0 16.0 15.0 14.0 13.0 12.0 11.0 10.0 9.0 8.0 7.0 6.0 5.0 4.0 3.0 2.0 1.0 0.0 1.0 2.0 3.0 4.0 5.0 6.0 7.0 8.0 9.0 10.0 11.0 12.0 13.0 14.0 15.0 16.0 17.0 18.0 19.0 20.0 21.0 22.0 23.0 24.0 25.0 26.0 27.0 28.0 29.0 30.0 31.0 32.0 31.0 30.0 29.0 28.0 27.0 26.0 25.0 24.0 23.0 22.0 21.0 20.0 19.0 
19.0 18.0 17.0 16.0 15.0 14.0 13.0 12.0 11.0 10.0 9.0 8.0 7.0 6.0 5.0 4.0 3.0 2.0 1.0 0.0 1.0 2.0 3.0 4.0 5.0 6.0 7.0 8.0 9.0 10.0 11.0 12.0 13.0 14.0 15.0 16.0 17.0 18.0 19.0 20.0 21.0 22.0 23.0 24.0 25.0 26.0 27.0 28.0 29.0 30.0 31.0 32.0 31.0 30.0 29.0 28.0 27.0 26.0 25.0 24.0 23.0 22.0 21.0 20.0 
20.0 19.0 18.0 17.0 16.0 15.0 14.0 13.0 12.0 11.0 10.0 9.0 8.0 7.0 6.0 5.0 4.0 3.0 2.0 1.0 0.0 1.0 2.0 3.0 4.0 5.0 6.0 7.0 8.0 9.0 10.0 11.0 12.0 13.0 14.0 15.0 16.0 17.0 18.0 19.0 20.0 21.0 22.0 23.0 24.0 25.0 26.0 27.0 28.0 29.0 30.0 31.0 32.0 31.0 30.0 29.0 28.0 27.0 26.0 25.0 24.0 23.0 22.0 21.0 
21.0 20.0 19.0 18.0 17.0 16.0 15.0 14.0 13.0 12.0 11.0 10.0 9.0 8.0 7.0 6.0 5.0 4.0 3.0 2.0 1.0 0.0 1.0 2.0 3.0 4.0 5.0 6.0 7.0 8.0 9.0 10.0 11.0 12.0 13.0 14.0 15.0 16.0 17.0 18.0 19.0 20.0 21.0 22.0 23.0 24.0 25.0 26.0 27.0 28.0 29.0 30.0 31.0 32.0 31.0 30.0 29.0 28.0 27.0 26.0 25.0 24.0 23.0 22.0 
22.0 21.0 20.0 19.0 18.0 17.0 16.0 15.0 14.0 13.0 12.0 11.0 10.0 9.0 8.0 7.0 6.0 5.0 4.0 3.0 2.0 1.0 0.0 1.0 2.0 3.0 4.0 5.0 6.0 7.0 8.0 9.0 10.0 11.0 12.0 13.0 14.0 15.0 16.0 17.0 18.0 19.0 20.0 21.0 22.0 23.0 24.0 25.0 26.0 27.0 28.0 29.0 30.0 31.0 32.0 31.0 30.0 29.0 28.0 27.0 26.0 25.0 24.0 23.0 
23.0 22.0 21.0 20.0 19.0 18.0 17.0 16.0 15.0 14.0 13.0 12.0 11.0 10.0 9.0 8.0 7.0 6.0 5.0 4.0 3.0 2.0 1.0 0.0 1.0 2.0 3.0 4.0 5.0 6.0 7.0 8.0 9.0 10.0 11.0 12.0 13.0 14.0 15.0 16.0 17.0 18.0 19.0 20.0 21.0 22.0 23.0 24.0 25.0 26.0 27.0 28.0 29.0 30.0 31.0 32.0 31.0 30.0 29.0 28.0 27.0 26.0 25.0 24.0 
24.0 23.0 22.0 21.0 20.0 19.0 18.0 17.0 16.0 15.0 14.0 13.0 12.0 11.0 10.0 9.0 8.0 7.0 6.0 5.0 4.0 3.0 2.0 1.0 0.0 1.0 2.0 3.0 4.0 5.0 6.0 7.0 8.0 9.0 10.0 11.0 12.0 13.0 14.0 15.0 16.0 17.0 18.0 19.0 20.0 21.0 22.0 23.0 24.0 25.0 26.0 27.0 28.0 29.0 30.0 31.0 32.0 31.0 30.0 29.0 28.0 27.0 26.0 25.0 
25.0 24.0 23.0 22.0 21.0 20.0 19.0 18.0 17.0 16.0 15.0 14.0 13.0 12.0 11.0 10.0 9.0 8.0 7.0 6.0 5.0 4.0 3.0 2.0 1.0 0.0 1.0 2.0 3.0 4.0 5.0 6.0 7.0 8.0 9.0 10.0 11.0 12.0 13.0 14.0 15.0 16.0 17.0 18.0 19.0 20.0 21.0 22.0 23.0 24.0 25.0 26.0 27.0 28.0 29.0 30.0 31.0 32.0 31.0 30.0 29.0 28.0 27.0 26.0 
26.0 25.0 24.0 23.0 22.0 21.0 20.0 19.0 18.0 17.0 16.0 15.0 14.0 13.0 12.0 11.0 10.0 9.0 8.0 7.0 6.0 5.0 4.0 3.0 2.0 1.0 0.0 1.0 2.0 3.0 4.0 5.0 6.0 7.0 8.0 9.0 10.0 11.0 12.0 13.0 14.0 15.0 16.0 17.0 18.0 19.0 20.0 21.0 22.0 23.0 24.0 25.0 26.0 27.0 28.0 29.0 30.0 31.0 32.0 31.0 30.0 29.0 28.0 27.0 
27.0 26.0 25.0 24.0 23.0 22.0 21.0 20.0 19.0 18.0 17.0 16.0 15.0 14.0 13.0 12.0 11.0 10.0 9.0 8.0 7.0 6.0 5.0 4.0 3.0 2.0 1.0 0.0 1.0 2.0 3.0 4.0 5.0 6.0 7.0 8.0 9.0 10.0 11.0 12.0 13.0 14.0 15.0 16.0 17.0 18.0 19.0 20.0 21.0 22.0 23.0 24.0 25.0 26.0 27.0 28.0 29.0 30.0 31.0 32.0 31.0 30.0 29.0 28.0 
28.0 27.0 26.0 25.0 24.0 23.0 22.0 21.0 20.0 19.0 18.0 17.0 16.0 15.0 14.0 13.0 12.0 11.0 10.0 9.0 8.0 7.0 6.0 5.0 4.0 3.0 2.0 1.0 0.0 1.0 2.0 3.0 4.0 5.0 6.0 7.0 8.0 9.0 10.0 11.0 12.0 13.0 14.0 15.0 16.0 17.0 18.0 19.0 20.0 21.0 22.0 23.0 24.0 25.0 26.0 27.0 28.0 29.0 30.0 31.0 32.0 31.0 30.0 29.0 
29.0 28.0 27.0 26.0 25.0 24.0 23.0 22.0 21.0 20.0 19.0 18.0 17.0 16.0 15.0 14.0 13.0 12.0 11.0 10.0 9.0 8.0 7.0 6.0 5.0 4.0 3.0 2.0 1.0 0.0 1.0 2.0 3.0 4.0 5.0 6.0 7.0 8.0 9.0 10.0 11.0 12.0 13.0 14.0 15.0 16.0 17.0 18.0 19.0 20.0 21.0 22.0 23.0 24.0 25.0 26.0 27.0 28.0 29.0 30.0 31.0 32.0 31.0 30.0 
30.0 29.0 28.0 27.0 26.0 25.0 24.0 23.0 22.0 21.0 20.0 19.0 18.0 17.0 16.0 15.0 14.0 13.0 12.0 11.0 10.0 9.0 8.0 7.0 6.0 5.0 4.0 3.0 2.0 1.0 0.0 1.0 2.0 3.0 4.0 5.0 6.0 7.0 8.0 9.0 10.0 11.0 12.0 13.0 14.0 15.0 16.0 17.0 18.0 19.0 20.0 21.0 22.0 23.0 24.0 25.0 26.0 27.0 28.0 29.0 30.0 31.0 32.0 31.0 
31.0 30.0 29.0 28.0 27.0 26.0 25.0 24.0 23.0 22.0 21.0 20.0 19.0 18.0 17.0 16.0 15.0 14.0 13.0 12.0 11.0 10.0 9.0 8.0 7.0 6.0 5.0 4.0 3.0 2.0 1.0 0.0 1.0 2.0 3.0 4.0 5.0 6.0 7.0 8.0 9.0 10.0 11.0 12.0 13.0 14.0 15.0 16.0 17.0 18.0 19.0 20.0 21.0 22.0 23.0 24.0 25.0 26.0 27.0 28.0 29.0 30.0 31.0 32.0 
32.0 31.0 30.0 29.0 28.0 27.0 26.0 25.0 24.0 23.0 22.0 21.0 20.0 19.0 18.0 17.0 16.0 15.0 14.0 13.0 12.0 11.0 10.0 9.0 8.0 7.0 6.0 5.0 4.0 3.0 2.0 1.0 0.0 1.0 2.0 3.0 4.0 5.0 6.0 7.0 8.0 9.0 10.0 11.0 12.0 13.0 14.0 15.0 16.0 17.0 18.0 19.0 20.0 21.0 22.0 23.0 24.0 25.0 26.0 27.0 28.0 29.0 30.0 31.0 
31.0 32.0 31.0 30.0 29.0 28.0 27.0 26.0 25.0 24.0 23.0 22.0 21.0 20.0 19.0 18.0 17.0 16.0 15.0 14.0 13.0 12.0 11.0 10.0 9.0 8.0 7.0 6.0 5.0 4.0 3.0 2.0 1.0 0.0 1.0 2.0 3.0 4.0 5.0 6.0 7.0 8.0 9.0 10.0 11.0 12.0 13.0 14.0 15.0 16.0 17.0 18.0 19.0 20.0 21.0 22.0 23.0 24.0 25.0 26.0 27.0 28.0 29.0 30.0 
30.0 31.0 32.0 31.0 30.0 29.0 28.0 27.0 26.0 25.0 24.0 23.0 22.0 21.0 20.0 19.0 18.0 17.0 16.0 15.0 14.0 13.0 12.0 11.0 10.0 9.0 8.0 7.0 6.0 5.0 4.0 3.0 2.0 1.0 0.0 1.0 2.0 3.0 4.0 5.0 6.0 7.0 8.0 9.0 10.0 11.0 12.0 13.0 14.0 15.0 16.0 17.0 18.0 19.0 20.0 21.0 22.0 23.0 24.0 25.0 26.0 27.0 28.0 29.0 
29.0 30.0 31.0 32.0 31.0 30.0 29.0 28.0 27.0 26.0 25.0 24.0 23.0 22.0 21.0 20.0 19.0 18.0 17.0 16.0 15.0 14.0 13.0 12.0 11.0 10.0 9.0 8.0 7.0 6.0 5.0 4.0 3.0 2.0 1.0 0.0 1.0 2.0 3.0 4.0 5.0 6.0 7.0 8.0 9.0 10.0 11.0 12.0 13.0 14.0 15.0 16.0 17.0 18.0 19.0 20.0 21.0 22.0 23.0 24.0 25.0 26.0 27.0 28.0 
28.0 29.0 30.0 31.0 32.0 31.0 30.0 29.0 28.0 27.0 26.0 25.0 24.0 23.0 22.0 21.0 20.0 19.0 18.0 17.0 16.0 15.0 14.0 13.0 12.0 11.0 10.0 9.0 8.0 7.0 6.0 5.0 4.0 3.0 2.0 1.0 0.0 1.0 2.0 3.0 4.0 5.0 6.0 7.0 8.0 9.0 10.0 11.0 12.0 13.0 14.0 15.0 16.0 17.0 18.0 19.0 20.0 21.0 22.0 23.0 24.0 25.0 26.0 27.0 
27.0 28.0 29.0 30.0 31.0 32.0 31.0 30.0 29.0 28.0 27.0 26.0 25.0 24.0 23.0 22.0 21.0 20.0 19.0 18.0 17.0 16.0 15.0 14.0 13.0 12.0 11.0 10.0 9.0 8.0 7.0 6.0 5.0 4.0 3.0 2.0 1.0 0.0 1.0 2.0 3.0 4.0 5.0 6.0 7.0 8.0 9.0 10.0 11.0 12.0 13.0 14.0 15.0 16.0 17.0 18.0 19.0 20.0 21.0 22.0 23.0 24.0 25.0 26.0 
26.0 27.0 28.0 29.0 30.0 31.0 32.0 31.0 30.0 29.0 28.0 27.0 26.0 25.0 24.0 23.0 22.0 21.0 20.0 19.0 18.0 17.0 16.0 15.0 14.0 13.0 12.0 11.0 10.0 9.0 8.0 7.0 6.0 5.0 4.0 3.0 2.0 1.0 0.0 1.0 2.0 3.0 4.0 5.0 6.0 7.0 8.0 9.0 10.0 11.0 12.0 13.0 14.0 15.0 16.0 17.0 18.0 19.0 20.0 21.0 22.0 23.0 24.0 25.0 
25.0 26.0 27.0 28.0 29.0 30.0 31.0 32.0 31.0 30.0 29.0 28.0 27.0 26.0 25.0 24.0 23.0 22.0 21.0 20.0 19.0 18.0 17.0 16.0 15.0 14.0 13.0 12.0 11.0 10.0 9.0 8.0 7.0 6.0 5.0 4.0 3.0 2.0 1.0 0.0 1.0 2.0 3.0 4.0 5.0 6.0 7.0 8.0 9.0 10.0 11.0 12.0 13.0 14.0 15.0 16.0 17.0 18.0 19.0 20.0 21.0 22.0 23.0 24.0 
24.0 25.0 26.0 27.0 28.0 29.0 30.0 31.0 32.0 31.0 30.0 29.0 28.0 27.0 26.0 25.0 24.0 23.0 22.0 21.0 20.0 19.0 18.0 17.0 16.0 15.0 14.0 13.0 12.0 11.0 10.0 9.0 8.0 7.0 6.0 5.0 4.0 3.0 2.0 1.0 0.0 1.0 2.0 3.0 4.0 5.0 6.0 7.0 8.0 9.0 10.0 11.0 12.0 13.0 14.0 15.0 16.0 17.0 18.0 19.0 20.0 21.0 22.0 23.0 
23.0 24.0 25.0 26.0 27.0 28.0 29.0 30.0 31.0 32.0 31.0 30.0 29.0 28.0 27.0 26.0 25.0 24.0 23.0 22.0 21.0 20.0 19.0 18.0 17.0 16.0 15.0 14.0 13.0 12.0 11.0 10.0 9.0 8.0 7.0 6.0 5.0 4.0 3.0 2.0 1.0 0.0 1.0 2.0 3.0 4.0 5.0 6.0 7.0 8.0 9.0 10.0 11.0 12.0 13.0 14.0 15.0 16.0 17.0 18.0 19.0 20.0 21.0 22.0 
22.0 23.0 24.0 25.0 26.0 27.0 28.0 29.0 30.0 31.0 32.0 31.0 30.0 29.0 28.0 27.0 26.0 25.0 24.0 23.0 22.0 21.0 20.0 19.0 18.0 17.0 16.0 15.0 14.0 13.0 12.0 11.0 10.0 9.0 8.0 7.0 6.0 5.0 4.0 3.0 2.0 1.0 0.0 1.0 2.0 3.0 4.0 5.0 6.0 7.0 8.0 9.0 10.0 11.0 12.0 13.0 14.0 15.0 16.0 17.0 18.0 19.0 20.0 21.0 
21.0 22.0 23.0 24.0 25.0 26.0 27.0 28.0 29.0 30.0 31.0 32.0 31.0 30.0 29.0 28.0 27.0 26.0 25.0 24.0 23.0 22.0 21.0 20.0 19.0 18.0 17.0 16.0 15.0 14.0 13.0 12.0 11.0 10.0 9.0 8.0 7.0 6.0 5.0 4.0 3.0 2.0 1.0 0.0 1.0 2.0 3.0 4.0 5.0 6.0 7.0 8.0 9.0 10.0 11.0 12.0 13.0 14.0 15.0 16.0 17.0 18.0 19.0 20.0 
20.0 21.0 22.0 23.0 24.0 25.0 26.0 27.0 28.0 29.0 30.0 31.0 32.0 31.0 30.0 29.0 28.0 27.0 26.0 25.0 24.0 23.0 22.0 21.0 20.0 19.0 18.0 17.0 16.0 15.0 14.0 13.0 12.0 11.0 10.0 9.0 8.0 7.0 6.0 5.0 4.0 3.0 2.0 1.0 0.0 1.0 2.0 3.0 4.0 5.0 6.0 7.0 8.0 9.0 10.0 11.0 12.0 13.0 14.0 15.0 16.0 17.0 18.0 19.0 
19.0 20.0 21.0 22.0 23.0 24.0 25.0 26.0 27.0 28.0 29.0 30.0 31.0 32.0 31.0 30.0 29.0 28.0 27.0 26.0 25.0 24.0 23.0 22.0 21.0 20.0 19.0 18.0 17.0 16.0 15.0 14.0 13.0 12.0 11.0 10.0 9.0 8.0 7.0 6.0 5.0 4.0 3.0 2.0 1.0 0.0 1.0 2.0 3.0 4.0 5.0 6.0 7.0 8.0 9.0 10.0 11.0 12.0 13.0 14.0 15.0 16.0 17.0 18.0 
18.0 19.0 20.0 21.0 22.0 23.0 24.0 25.0 26.0 27.0 28.0 29.0 30.0 31.0 32.0 31.0 30.0 29.0 28.0 27.0 26.0 25.0 24.0 23.0 22.0 21.0 20.0 19.0 18.0 17.0 16.0 15.0 14.0 13.0 12.0 11.0 10.0 9.0 8.0 7.0 6.0 5.0 4.0 3.0 2.0 1.0 0.0 1.0 2.0 3.0 4.0 5.0 6.0 7.0 8.0 9.0 10.0 11.0 12.0 13.0 14.0 15.0 16.0 17.0 
17.0 18.0 19.0 20.0 21.0 22.0 23.0 24.0 25.0 26.0 27.0 28.0 29.0 30.0 31.0 32.0 31.0 30.0 29.0 28.0 27.0 26.0 25.0 24.0 23.0 22.0 21.0 20.0 19.0 18.0 17.0 16.0 15.0 14.0 13.0 12.0 11.0 10.0 9.0 8.0 7.0 6.0 5.0 4.0 3.0 2.0 1.0 0.0 1.0 2.0 3.0 4.0 5.0 6.0 7.0 8.0 9.0 10.0 11.0 12.0 13.0 14.0 15.0 16.0 
16.0 17.0 18.0 19.0 20.0 21.0 22.0 23.0 24.0 25.0 26.0 27.0 28.0 29.0 30.0 31.0 32.0 31.0 30.0 29.0 28.0 27.0 26.0 25.0 24.0 23.0 22.0 21.0 20.0 19.0 18.0 17.0 16.0 15.0 14.0 13.0 12.0 11.0 10.0 9.0 8.0 7.0 6.0 5.0 4.0 3.0 2.0 1.0 0.0 1.0 2.0 3.0 4.0 5.0 6.0 7.0 8.0 9.0 10.0 11.0 12.0 13.0 14.0 15.0 
15.0 16.0 17.0 18.0 19.0 20.0 21.0 22.0 23.0 24.0 25.0 26.0 27.0 28.0 29.0 30.0 31.0 32.0 31.0 30.0 29.0 28.0 27.0 26.0 25.0 24.0 23.0 22.0 21.0 20.0 19.0 18.0 17.0 16.0 15.0 14.0 13.0 12.0 11.0 10.0 9.0 8.0 7.0 6.0 5.0 4.0 3.0 2.0 1.0 0.0 1.0 2.0 3.0 4.0 5.0 6.0 7.0 8.0 9.0 10.0 11.0 12.0 13.0 14.0 
14.0 15.0 16.0 17.0 18.0 19.0 20.0 21.0 22.0 23.0 24.0 25.0 26.0 27.0 28.0 29.0 30.0 31.0 32.0 31.0 30.0 29.0 28.0 27.0 26.0 25.0 24.0 23.0 22.0 21.0 20.0 19.0 18.0 17.0 16.0 15.0 14.0 13.0 12.0 11.0 10.0 9.0 8.0 7.0 6.0 5.0 4.0 3.0 2.0 1.0 0.0 1.0 2.0 3.0 4.0 5.0 6.0 7.0 8.0 9.0 10.0 11.0 12.0 13.0 
13.0 14.0 15.0 16.0 17.0 18.0 19.0 20.0 21.0 22.0 23.0 24.0 25.0 26.0 27.0 28.0 29.0 30.0 31.0 32.0 31.0 30.0 29.0 28.0 27.0 26.0 25.0 24.0 23.0 22.0 21.0 20.0 19.0 18.0 17.0 16.0 15.0 14.0 13.0 12.0 11.0 10.0 9.0 8.0 7.0 6.0 5.0 4.0 3.0 2.0 1.0 0.0 1.0 2.0 3.0 4.0 5.0 6.0 7.0 8.0 9.0 10.0 11.0 12.0 
12.0 13.0 14.0 15.0 16.0 17.0 18.0 19.0 20.0 21.0 22.0 23.0 24.0 25.0 26.0 27.0 28.0 29.0 30.0 31.0 32.0 31.0 30.0 29.0 28.0 27.0 26.0 25.0 24.0 23.0 22.0 21.0 20.0 19.0 18.0 17.0 16.0 15.0 14.0 13.0 12.0 11.0 10.0 9.0 8.0 7.0 6.0 5.0 4.0 3.0 2.0 1.0 0.0 1.0 2.0 3.0 4.0 5.0 6.0 7.0 8.0 9.0 10.0 11.0 
11.0 12.0 13.0 14.0 15.0 16.0 17.0 18.0 19.0 20.0 21.0 22.0 23.0 24.0 25.0 26.0 27.0 28.0 29.0 30.0 31.0 32.0 31.0 30.0 29.0 28.0 27.0 26.0 25.0 24.0 23.0 22.0 21.0 20.0 19.0 18.0 17.0 16.0 15.0 14.0 13.0 12.0 11.0 10.0 9.0 8.0 7.0 6.0 5.0 4.0 3.0 2.0 1.0 0.0 1.0 2.0 3.0 4.0 5.0 6.0 7.0 8.0 9.0 10.0 
10.0 11.0 12.0 13.0 14.0 15.0 16.0 17.0 18.0 19.0 20.0 21.0 22.0 23.0 24.0 25.0 26.0 27.0 28.0 29.0 30.0 31.0 32.0 31.0 30.0 29.0 28.0 27.0 26.0 25.0 24.0 23.0 22.0 21.0 20.0 19.0 18.0 17.0 16.0 15.0 14.0 13.0 12.0 11.0 10.0 9.0 8.0 7.0 6.0 5.0 4.0 3.0 2.0 1.0 0.0 1.0 2.0 3.0 4.0 5.0 6.0 7.0 8.0 9.0 
9.0 10.0 11.0 12.0 13.0 14.0 15.0 16.0 17.0 18.0 19.0 20.0 21.0 22.0 23.0 24.0 25.0 26.0 27.0 28.0 29.0 30.0 31.0 32.0 31.0 30.0 29.0 28.0 27.0 26.0 25.0 24.0 23.0 22.0 21.0 20.0 19.0 18.0 17.0 16.0 15.0 14.0 13.0 12.0 11.0 10.0 9.0 8.0 7.0 6.0 5.0 4.0 3.0 2.0 1.0 0.0 1.0 2.0 3.0 4.0 5.0 6.0 7.0 8.0 
8.0 9.0 10.0 11.0 12.0 13.0 14.0 15.0 16.0 17.0 18.0 19.0 20.0 21.0 22.0 23.0 24.0 25.0 26.0 27.0 28.0 29.0 30.0 31.0 32.0 31.0 30.0 29.0 28.0 27.0 26.0 25.0 24.0 23.0 22.0 21.0 20.0 19.0 18.0 17.0 16.0 15.0 14.0 13.0 12.0 11.0 10.0 9.0 8.0 7.0 6.0 5.0 4.0 3.0 2.0 1.0 0.0 1.0 2.0 3.0 4.0 5.0 6.0 7.0 
7.0 8.0 9.0 10.0 11.0 12.0 13.0 14.0 15.0 16.0 17.0 18.0 19.0 20.0 21.0 22.0 23.0 24.0 25.0 26.0 27.0 28.0 29.0 30.0 31.0 32.0 31.0 30.0 29.0 28.0 27.0 26.0 25.0 24.0 23.0 22.0 21.0 20.0 19.0 18.0 17.0 16.0 15.0 14.0 13.0 12.0 11.0 10.0 9.0 8.0 7.0 6.0 5.0 4.0 3.0 2.0 1.0 0.0 1.0 2.0 3.0 4.0 5.0 6.0 
6.0 7.0 8.0 9.0 10.0 11.0 12.0 13.0 14.0 15.0 16.0 17.0 18.0 19.0 20.0 21.0 22.0 23.0 24.0 25.0 26.0 27.0 28.0 29.0 30.0 31.0 32.0 31.0 30.0 29.0 28.0 27.0 26.0 25.0 24.0 23.0 22.0 21.0 20.0 19.0 18.0 17.0 16.0 15.0 14.0 13.0 12.0 11.0 10.0 9.0 8.0 7.0 6.0 5.0 4.0 3.0 2.0 1.0 0.0 1.0 2.0 3.0 4.0 5.0 
5.0 6.0 7.0 8.0 9.0 10.0 11.0 12.0 13.0 14.0 15.0 16.0 17.0 18.0 19.0 20.0 21.0 22.0 23.0 24.0 25.0 26.0 27.0 28.0 29.0 30.0 31.0 32.0 31.0 30.0 29.0 28.0 27.0 26.0 25.0 24.0 23.0 22.0 21.0 20.0 19.0 18.0 17.0 16.0 15.0 14.0 13.0 12.0 11.0 10.0 9.0 8.0 7.0 6.0 5.0 4.0 3.0 2.0 1.0 0.0 1.0 2.0 3.0 4.0 
4.0 5.0 6.0 7.0 8.0 9.0 10.0 11.0 12.0 13.0 14.0 15.0 16.0 17.0 18.0 19.0 20.0 21.0 22.0 23.0 24.0 25.0 26.0 27.0 28.0 29.0 30.0 31.0 32.0 31.0 30.0 29.0 28.0 27.0 26.0 25.0 24.0 23.0 22.0 21.0 20.0 19.0 18.0 17.0 16.0 15.0 14.0 13.0 12.0 11.0 10.0 9.0 8.0 7.0 6.0 5.0 4.0 3.0 2.0 1.0 0.0 1.0 2.0 3.0 
3.0 4.0 5.0 6.0 7.0 8.0 9.0 10.0 11.0 12.0 13.0 14.0 15.0 16.0 17.0 18.0 19.0 20.0 21.0 22.0 23.0 24.0 25.0 26.0 27.0 28.0 29.0 30.0 31.0 32.0 31.0 30.0 29.0 28.0 27.0 26.0 25.0 24.0 23.0 22.0 21.0 20.0 19.0 18.0 17.0 16.0 15.0 14.0 13.0 12.0 11.0 10.0 9.0 8.0 7.0 6.0 5.0 4.0 3.0 2.0 1.0 0.0 1.0 2.0 
2.0 3.0 4.0 5.0 6.0 7.0 8.0 9.0 10.0 11.0 12.0 13.0 14.0 15.0 16.0 17.0 18.0 19.0 20.0 21.0 22.0 23.0 24.0 25.0 26.0 27.0 28.0 29.0 30.0 31.0 32.0 31.0 30.0 29.0 28.0 27.0 26.0 25.0 24.0 23.0 22.0 21.0 20.0 19.0 18.0 17.0 16.0 15.0 14.0 13.0 12.0 11.0 10.0 9.0 8.0 7.0 6.0 5.0 4.0 3.0 2.0 1.0 0.0 1.0 
1.0 2.0 3.0 4.0 5.0 6.0 7.0 8.0 9.0 10.0 11.0 12.0 13.0 14.0 15.0 16.0 17.0 18.0 19.0 20.0 21.0 22.0 23.0 24.0 25.0 26.0 27.0 28.0 29.0 30.0 31.0 32.0 31.0 30.0 29.0 28.0 27.0 26.0 25.0 24.0 23.0 22.0 21.0 20.0 19.0 18.0 17.0 16.0 15.0 14.0 13.0 12.0 11.0 10.0 9.0 8.0 7.0 6.0 5.0 4.0 3.0 2.0 1.0 0.0 