16
70 25 86 100 80 48 96 58 59 91 11 96 84 8 87 81 
98 7 30 27 46 33 11 69 73 74 12 51 61 58 12 84 
69 26 17 54 1 55 79 28 46 1 60 98 46 65 60 60 
63 32 47 67 31 49 34 93 33 68 78 35 10 44 32 25 
69 47 30 99 75 95 55 12 49 62 35 27 2 30 63 91 
13 85 41 66 45 14 20 64 46 13 72 22 84 88 100 66 
71 99 25 80 88 81 30 47 69 45 73 63 94 79 98 48 
58 75 85 31 14 71 18 21 14 37 17 69 100 26 96 93 
7 36 34 100 58 52 52 11 30 12 2 84 97 9 76 64 
39 79 31 44 42 52 92 35 60 22 43 41 64 69 69 28 
70 86 29 78 61 93 72 51 74 72 40 18 87 56 88 17 
10 64 10 4 32 82 94 35 27 51 28 60 59 37 90 57 
83 42 53 16 96 26 61 2 36 72 54 100 19 94 94 18 
91 72 70 73 38 68 80 8 42 3 61 63 75 93 34 58 
68 29 42 40 49 59 65 40 28 35 59 98 41 26 95 91 
16 41 77 73 28 10 38 4 34 3 99 71 39 46 97 95 
0.0 1.0 2.0 3.0 4.0 5.0 6.0 7.0 8.0 7.0 6.0 5.0 4.0 3.0 2.0 1.0 
1.0 0.0 1.0 2.0 3.0 4.0 5.0 6.0 7.0 8.0 7.0 6.0 5.0 4.0 3.0 2.0 
2.0 1.0 0.0 1.0 2.0 3.0 4.0 5.0 6.0 7.0 8.0 7.0 6.0 5.0 4.0 3.0 
3.0 2.0 1.0 0.0 1.0 2.0 3.0 4.0 5.0 6.0 7.0 8.0 7.0 6.0 5.0 4.0 
4.0 3.0 2.0 1.0 0.0 1.0 2.0 3.0 4.0 5.0 6.0 7.0 8.0 7.0 6.0 5.0 
5.0 4.0 3.0 2.0 1.0 0.0 1.0 2.0 3.0 4.0 5.0 6.0 7.0 8.0 7.0 6.0 
6.0 5.0 4.0 3.0 2.0 1.0 0.0 1.0 2.0 3.0 4.0 5.0 6.0 7.0 8.0 7.0 
7.0 6.0 5.0 4.0 3.0 2.0 1.0 0.0 1.0 2.0 3.0 4.0 5.0 6.0 7.0 8.0 
8.0 7.0 6.0 5.0 4.0 3.0 2.0 1.0 0.0 1.0 2.0 3.0 4.0 5.0 6.0 7.0 
7.0 8.0 7.0 6.0 5.0 4.0 3.0 2.0 1.0 0.0 1.0 2.0 3.0 4.0 5.0 6.0 
6.0 7.0 8.0 7.0 6.0 5.0 4.0 3.0 2.0 1.0 0.0 1.0 2.0 3.0 4.0 5.0 
5.0 6.0 7.0 8.0 7.0 6.0 5.0 4.0 3.0 2.0 1.0 0.0 1.0 2.0 3.0 4.0 
4.0 5.0 6.0 7.0 8.0 7.0 6.0 5.0 4.0 3.0 2.0 1.0 0.0 1.0 2.0 3.0 
3.0 4.0 5.0 6.0 7.0 8.0 7.0 6.0 5.0 4.0 3.0 2.0 1.0 0.0 1.0 2.0 
2.0 3.0 4.0 5.0 6.0 7.0 8.0 7.0 6.0 5.0 4.0 3.0 2.0 1.0 0.0 1.0 
1.0 2.0 3.0 4.0 5.0 6.0 7.0 8.0 7.0 6.0 5.0 4.0 3.0 2.0 1.0 0.0 