16 0.0 128.0 294 2954
32 92 80 71 19 9 1 84 61 87 90 63 2 59 33 76 
26 16 20 38 43 89 89 41 65 75 38 83 87 22 17 98 
43 13 43 27 3 17 83 34 28 41 92 79 98 68 83 60 
34 99 66 81 4 13 17 94 54 76 65 33 3 8 45 81 
2 15 85 8 84 3 70 41 48 53 98 75 16 82 3 18 
57 47 48 10 55 50 43 88 27 26 6 51 94 14 4 23 
90 13 35 95 99 21 76 9 36 1 48 44 80 32 37 73 
87 83 90 59 24 59 16 26 42 71 28 87 94 92 95 15 
44 69 13 64 64 47 12 64 25 85 96 13 5 7 47 97 
90 84 51 43 16 28 13 86 59 47 54 97 94 65 77 84 
72 89 7 23 53 72 6 20 87 94 54 60 44 93 39 5 
46 43 49 75 10 63 75 60 92 43 47 41 21 99 17 1 
23 56 82 84 22 83 19 86 7 28 34 25 55 46 72 84 
34 63 19 57 99 55 19 69 2 91 93 83 80 57 16 38 
19 58 25 45 5 11 55 11 70 61 81 30 89 53 76 78 
48 70 8 81 26 99 90 10 52 13 77 13 86 54 66 5 
0.0 1.0 2.0 3.0 4.0 5.0 6.0 7.0 8.0 7.0 6.0 5.0 4.0 3.0 2.0 1.0 
1.0 0.0 1.0 2.0 3.0 4.0 5.0 6.0 7.0 8.0 7.0 6.0 5.0 4.0 3.0 2.0 
2.0 1.0 0.0 1.0 2.0 3.0 4.0 5.0 6.0 7.0 8.0 7.0 6.0 5.0 4.0 3.0 
3.0 2.0 1.0 0.0 1.0 2.0 3.0 4.0 5.0 6.0 7.0 8.0 7.0 6.0 5.0 4.0 
4.0 3.0 2.0 1.0 0.0 1.0 2.0 3.0 4.0 5.0 6.0 7.0 8.0 7.0 6.0 5.0 
5.0 4.0 3.0 2.0 1.0 0.0 1.0 2.0 3.0 4.0 5.0 6.0 7.0 8.0 7.0 6.0 
6.0 5.0 4.0 3.0 2.0 1.0 0.0 1.0 2.0 3.0 4.0 5.0 6.0 7.0 8.0 7.0 
7.0 6.0 5.0 4.0 3.0 2.0 1.0 0.0 1.0 2.0 3.0 4.0 5.0 6.0 7.0 8.0 
8.0 7.0 6.0 5.0 4.0 3.0 2.0 1.0 0.0 1.0 2.0 3.0 4.0 5.0 6.0 7.0 
7.0 8.0 7.0 6.0 5.0 4.0 3.0 2.0 1.0 0.0 1.0 2.0 3.0 4.0 5.0 6.0 
6.0 7.0 8.0 7.0 6.0 5.0 4.0 3.0 2.0 1.0 0.0 1.0 2.0 3.0 4.0 5.0 
5.0 6.0 7.0 8.0 7.0 6.0 5.0 4.0 3.0 2.0 1.0 0.0 1.0 2.0 3.0 4.0 
4.0 5.0 6.0 7.0 8.0 7.0 6.0 5.0 4.0 3.0 2.0 1.0 0.0 1.0 2.0 3.0 
3.0 4.0 5.0 6.0 7.0 8.0 7.0 6.0 5.0 4.0 3.0 2.0 1.0 0.0 1.0 2.0 
2.0 3.0 4.0 5.0 6.0 7.0 8.0 7.0 6.0 5.0 4.0 3.0 2.0 1.0 0.0 1.0 
1.0 2.0 3.0 4.0 5.0 6.0 7.0 8.0 7.0 6.0 5.0 4.0 3.0 2.0 1.0 0.0 