32
19 70 81 67 41 28 29 6 53 30 31 2 45 19 78 21 20 35 70 1 78 96 81 92 36 10 47 83 94 36 96 65 
65 13 48 65 70 24 100 24 26 83 70 38 99 15 6 53 96 84 64 96 14 29 46 48 74 81 7 86 34 63 41 26 
45 70 17 13 29 59 91 38 44 29 92 44 85 99 4 10 70 100 49 79 31 97 60 7 82 87 48 32 77 53 89 87 
83 76 73 51 14 27 88 21 54 27 22 76 39 36 28 97 17 23 44 35 40 22 59 17 56 58 33 81 14 74 2 29 
65 35 4 63 77 91 36 55 75 34 21 10 7 6 5 36 57 14 49 64 14 62 87 34 85 92 88 76 28 62 97 42 
59 46 30 26 18 62 12 19 17 88 64 24 96 47 66 82 37 82 18 10 33 76 16 3 78 93 44 16 86 16 48 51 
25 54 8 50 33 55 81 10 96 89 48 91 80 13 62 30 90 75 97 45 1 98 61 53 11 93 40 89 54 58 28 47 
41 29 34 38 22 46 11 70 3 19 85 88 74 52 83 19 11 41 68 15 88 17 75 67 68 55 45 97 16 14 79 44 
97 50 9 6 37 93 74 84 82 21 87 20 49 19 96 79 71 35 85 56 6 9 100 46 17 72 47 42 71 94 77 100 
23 78 60 6 29 18 78 42 96 40 34 60 3 66 21 53 78 22 68 21 19 88 47 44 12 53 31 70 96 77 90 77 
48 42 54 59 25 89 28 8 39 58 62 53 25 73 53 85 38 37 26 50 43 34 62 87 1 14 47 15 66 10 91 56 
94 76 36 77 99 38 69 100 10 12 23 66 75 35 20 25 33 82 36 77 42 26 18 93 87 38 47 27 71 36 92 45 
93 52 23 26 21 10 34 7 45 2 15 100 98 45 48 72 88 74 27 58 38 98 22 83 69 60 83 12 19 99 17 84 
17 67 98 33 74 54 62 54 48 94 58 87 26 40 36 40 90 56 33 10 58 69 86 75 27 46 16 41 6 94 25 12 
93 16 40 54 37 48 39 92 41 78 21 63 24 70 82 41 16 13 82 25 25 78 98 59 56 81 81 44 37 94 97 7 
68 14 30 51 18 89 17 81 45 93 16 11 39 32 95 13 31 5 32 35 87 13 3 78 10 35 54 3 75 30 16 78 
63 98 49 39 100 66 78 10 27 77 93 11 70 8 73 17 59 92 48 29 86 97 21 16 4 41 14 5 54 54 10 40 
61 12 8 91 46 96 98 67 86 16 15 6 34 65 77 80 85 54 35 43 37 13 17 87 80 20 89 12 1 66 52 55 
83 29 83 74 45 16 56 17 16 33 28 37 54 26 9 25 13 68 1 2 12 1 70 61 44 92 81 47 76 67 17 56 
91 38 61 12 98 72 53 62 80 100 72 90 78 6 40 8 55 19 96 25 70 91 79 28 32 79 8 13 51 67 43 95 
50 88 63 39 100 90 84 76 14 17 51 82 5 52 24 52 47 71 99 54 72 11 26 97 21 40 44 54 81 54 52 88 
2 34 40 99 8 41 12 38 100 58 4 73 60 98 88 95 29 45 15 76 83 86 78 15 89 27 35 34 96 30 86 89 
6 100 100 90 45 1 30 4 62 15 16 6 7 100 79 41 63 37 39 92 11 64 43 15 60 10 25 19 50 27 54 54 
1 97 49 95 2 55 28 41 71 42 52 32 18 100 32 26 55 11 43 85 95 86 32 57 23 9 13 36 72 62 88 63 
44 40 87 7 85 39 4 70 89 93 73 34 15 96 83 62 16 56 45 69 51 65 35 13 54 65 63 12 16 35 77 27 
93 1 79 12 52 98 28 8 59 13 58 18 36 52 35 69 38 55 13 30 33 37 35 76 74 1 71 12 19 79 27 95 
95 7 79 87 76 62 41 37 63 79 12 10 37 81 55 36 26 77 29 23 34 81 85 59 85 8 59 62 45 95 86 12 
59 65 70 11 84 49 37 23 35 52 64 97 31 7 35 95 12 78 59 33 62 100 54 91 55 31 76 34 9 23 57 79 
87 96 38 99 63 48 95 48 81 18 97 33 85 91 71 91 20 98 93 54 12 60 56 34 2 64 89 89 43 50 45 46 
33 70 78 20 54 60 66 32 27 28 78 19 13 76 76 57 97 44 28 1 88 84 7 20 26 71 37 5 71 36 3 5 
45 97 81 74 51 60 95 60 46 58 3 18 14 81 98 69 2 91 7 61 33 12 34 51 86 10 38 1 7 21 8 73 
70 22 64 57 81 79 68 13 45 67 54 77 17 4 35 29 81 16 81 68 10 26 4 84 57 46 100 8 13 48 49 76 
0.0 1.0 2.0 3.0 4.0 5.0 6.0 7.0 8.0 9.0 10.0 11.0 12.0 13.0 14.0 15.0 16.0 15.0 14.0 13.0 12.0 11.0 10.0 9.0 8.0 7.0 6.0 5.0 4.0 3.0 2.0 1.0 
1.0 0.0 1.0 2.0 3.0 4.0 5.0 6.0 7.0 8.0 9.0 10.0 11.0 12.0 13.0 14.0 15.0 16.0 15.0 14.0 13.0 12.0 11.0 10.0 9.0 8.0 7.0 6.0 5.0 4.0 3.0 2.0 
2.0 1.0 0.0 1.0 2.0 3.0 4.0 5.0 6.0 7.0 8.0 9.0 10.0 11.0 12.0 13.0 14.0 15.0 16.0 15.0 14.0 13.0 12.0 11.0 10.0 9.0 8.0 7.0 6.0 5.0 4.0 3.0 
3.0 2.0 1.0 0.0 1.0 2.0 3.0 4.0 5.0 6.0 7.0 8.0 9.0 10.0 11.0 12.0 13.0 14.0 15.0 16.0 15.0 14.0 13.0 12.0 11.0 10.0 9.0 8.0 7.0 6.0 5.0 4.0 
4.0 3.0 2.0 1.0 0.0 1.0 2.0 3.0 4.0 5.0 6.0 7.0 8.0 9.0 10.0 11.0 12.0 13.0 14.0 15.0 16.0 15.0 14.0 13.0 12.0 11.0 10.0 9.0 8.0 7.0 6.0 5.0 
5.0 4.0 3.0 2.0 1.0 0.0 1.0 2.0 3.0 4.0 5.0 6.0 7.0 8.0 9.0 10.0 11.0 12.0 13.0 14.0 15.0 16.0 15.0 14.0 13.0 12.0 11.0 10.0 9.0 8.0 7.0 6.0 
6.0 5.0 4.0 3.0 2.0 1.0 0.0 1.0 2.0 3.0 4.0 5.0 6.0 7.0 8.0 9.0 10.0 11.0 12.0 13.0 14.0 15.0 16.0 15.0 14.0 13.0 12.0 11.0 10.0 9.0 8.0 7.0 
7.0 6.0 5.0 4.0 3.0 2.0 1.0 0.0 1.0 2.0 3.0 4.0 5.0 6.0 7.0 8.0 9.0 10.0 11.0 12.0 13.0 14.0 15.0 16.0 15.0 14.0 13.0 12.0 11.0 10.0 9.0 8.0 
8.0 7.0 6.0 5.0 4.0 3.0 2.0 1.0 0.0 1.0 2.0 3.0 4.0 5.0 6.0 7.0 8.0 9.0 10.0 11.0 12.0 13.0 14.0 15.0 16.0 15.0 14.0 13.0 12.0 11.0 10.0 9.0 
9.0 8.0 7.0 6.0 5.0 4.0 3.0 2.0 1.0 0.0 1.0 2.0 3.0 4.0 5.0 6.0 7.0 8.0 9.0 10.0 11.0 12.0 13.0 14.0 15.0 16.0 15.0 14.0 13.0 12.0 11.0 10.0 
10.0 9.0 8.0 7.0 6.0 5.0 4.0 3.0 2.0 1.0 0.0 1.0 2.0 3.0 4.0 5.0 6.0 7.0 8.0 9.0 10.0 11.0 12.0 13.0 14.0 15.0 16.0 15.0 14.0 13.0 12.0 11.0 
11.0 10.0 9.0 8.0 7.0 6.0 5.0 4.0 3.0 2.0 1.0 0.0 1.0 2.0 3.0 4.0 5.0 6.0 7.0 8.0 9.0 10.0 11.0 12.0 13.0 14.0 15.0 16.0 15.0 14.0 13.0 12.0 
12.0 11.0 10.0 9.0 8.0 7.0 6.0 5.0 4.0 3.0 2.0 1.0 0.0 1.0 2.0 3.0 4.0 5.0 6.0 7.0 8.0 9.0 10.0 11.0 12.0 13.0 14.0 15.0 16.0 15.0 14.0 13.0 
13.0 12.0 11.0 10.0 9.0 8.0 7.0 6.0 5.0 4.0 3.0 2.0 1.0 0.0 1.0 2.0 3.0 4.0 5.0 6.0 7.0 8.0 9.0 10.0 11.0 12.0 13.0 14.0 15.0 16.0 15.0 14.0 
14.0 13.0 12.0 11.0 10.0 9.0 8.0 7.0 6.0 5.0 4.0 3.0 2.0 1.0 0.0 1.0 2.0 3.0 4.0 5.0 6.0 7.0 8.0 9.0 10.0 11.0 12.0 13.0 14.0 15.0 16.0 15.0 
15.0 14.0 13.0 12.0 11.0 10.0 9.0 8.0 7.0 6.0 5.0 4.0 3.0 2.0 1.0 0.0 1.0 2.0 3.0 4.0 5.0 6.0 7.0 8.0 9.0 10.0 11.0 12.0 13.0 14.0 15.0 16.0 
16.0 15.0 14.0 13.0 12.0 11.0 10.0 9.0 8.0 7.0 6.0 5.0 4.0 3.0 2.0 1.0 0.0 1.0 2.0 3.0 4.0 5.0 6.0 7.0 8.0 9.0 10.0 11.0 12.0 13.0 14.0 15.0 
15.0 16.0 15.0 14.0 13.0 12.0 11.0 10.0 9.0 8.0 7.0 6.0 5.0 4.0 3.0 2.0 1.0 0.0 1.0 2.0 3.0 4.0 5.0 6.0 7.0 8.0 9.0 10.0 11.0 12.0 13.0 14.0 
14.0 15.0 16.0 15.0 14.0 13.0 12.0 11.0 10.0 9.0 8.0 7.0 6.0 5.0 4.0 3.0 2.0 1.0 0.0 1.0 2.0 3.0 4.0 5.0 6.0 7.0 8.0 9.0 10.0 11.0 12.0 13.0 
13.0 14.0 15.0 16.0 15.0 14.0 13.0 12.0 11.0 10.0 9.0 8.0 7.0 6.0 5.0 4.0 3.0 2.0 1.0 0.0 1.0 2.0 3.0 4.0 5.0 6.0 7.0 8.0 9.0 10.0 11.0 12.0 
12.0 13.0 14.0 15.0 16.0 15.0 14.0 13.0 12.0 11.0 10.0 9.0 8.0 7.0 6.0 5.0 4.0 3.0 2.0 1.0 0.0 1.0 2.0 3.0 4.0 5.0 6.0 7.0 8.0 9.0 10.0 11.0 
11.0 12.0 13.0 14.0 15.0 16.0 15.0 14.0 13.0 12.0 11.0 10.0 9.0 8.0 7.0 6.0 5.0 4.0 3.0 2.0 1.0 0.0 1.0 2.0 3.0 4.0 5.0 6.0 7.0 8.0 9.0 10.0 
10.0 11.0 12.0 13.0 14.0 15.0 16.0 15.0 14.0 13.0 12.0 11.0 10.0 9.0 8.0 7.0 6.0 5.0 4.0 3.0 2.0 1.0 0.0 1.0 2.0 3.0 4.0 5.0 6.0 7.0 8.0 9.0 
9.0 10.0 11.0 12.0 13.0 14.0 15.0 16.0 15.0 14.0 13.0 12.0 11.0 10.0 9.0 8.0 7.0 6.0 5.0 4.0 3.0 2.0 1.0 0.0 1.0 2.0 3.0 4.0 5.0 6.0 7.0 8.0 
8.0 9.0 10.0 11.0 12.0 13.0 14.0 15.0 16.0 15.0 14.0 13.0 12.0 11.0 10.0 9.0 8.0 7.0 6.0 5.0 4.0 3.0 2.0 1.0 0.0 1.0 2.0 3.0 4.0 5.0 6.0 7.0 
7.0 8.0 9.0 10.0 11.0 12.0 13.0 14.0 15.0 16.0 15.0 14.0 13.0 12.0 11.0 10.0 9.0 8.0 7.0 6.0 5.0 4.0 3.0 2.0 1.0 0.0 1.0 2.0 3.0 4.0 5.0 6.0 
6.0 7.0 8.0 9.0 10.0 11.0 12.0 13.0 14.0 15.0 16.0 15.0 14.0 13.0 12.0 11.0 10.0 9.0 8.0 7.0 6.0 5.0 4.0 3.0 2.0 1.0 0.0 1.0 2.0 3.0 4.0 5.0 
5.0 6.0 7.0 8.0 9.0 10.0 11.0 12.0 13.0 14.0 15.0 16.0 15.0 14.0 13.0 12.0 11.0 10.0 9.0 8.0 7.0 6.0 5.0 4.0 3.0 2.0 1.0 0.0 1.0 2.0 3.0 4.0 
4.0 5.0 6.0 7.0 8.0 9.0 10.0 11.0 12.0 13.0 14.0 15.0 16.0 15.0 14.0 13.0 12.0 11.0 10.0 9.0 8.0 7.0 6.0 5.0 4.0 3.0 2.0 1.0 0.0 1.0 2.0 3.0 
3.0 4.0 5.0 6.0 7.0 8.0 9.0 10.0 11.0 12.0 13.0 14.0 15.0 16.0 15.0 14.0 13.0 12.0 11.0 10.0 9.0 8.0 7.0 6.0 5.0 4.0 3.0 2.0 1.0 0.0 1.0 2.0 
2.0 3.0 4.0 5.0 6.0 7.0 8.0 9.0 10.0 11.0 12.0 13.0 14.0 15.0 16.0 15.0 14.0 13.0 12.0 11.0 10.0 9.0 8.0 7.0 6.0 5.0 4.0 3.0 2.0 1.0 0.0 1.0 
1.0 2.0 3.0 4.0 5.0 6.0 7.0 8.0 9.0 10.0 11.0 12.0 13.0 14.0 15.0 16.0 15.0 14.0 13.0 12.0 11.0 10.0 9.0 8.0 7.0 6.0 5.0 4.0 3.0 2.0 1.0 0.0 