32 0.0 512.0 386 6098
28 11 91 15 39 2 39 70 50 35 67 67 84 7 87 7 54 75 49 29 64 97 6 1 79 68 20 59 18 14 53 90 
83 85 50 55 46 30 94 41 38 63 68 85 25 63 48 84 72 24 42 64 90 40 32 47 14 69 23 90 60 77 10 74 
17 27 5 7 90 45 37 33 84 6 88 87 75 59 88 96 56 2 37 45 68 79 64 8 12 49 83 59 99 96 76 87 
97 29 16 1 50 100 12 36 45 54 62 77 60 39 40 75 91 14 1 90 56 37 15 32 18 37 59 11 65 68 26 90 
23 9 88 49 40 42 50 21 19 15 33 97 5 38 44 89 91 23 78 35 52 5 26 78 10 25 4 98 99 35 21 52 
87 88 74 78 87 69 48 38 25 87 57 2 72 98 17 84 96 79 95 43 57 84 19 26 65 84 18 65 60 60 13 69 
70 78 15 75 88 63 35 58 39 97 39 44 100 12 36 47 29 13 51 30 89 86 41 96 51 89 92 67 16 19 36 90 
69 22 47 64 37 4 26 78 80 63 6 34 67 27 85 4 9 48 72 72 68 57 11 10 68 60 18 19 27 58 35 20 
30 87 62 88 86 53 34 4 100 64 57 29 62 42 45 10 29 36 24 18 90 83 67 31 7 46 85 5 100 99 87 70 
33 26 84 68 95 62 37 13 74 34 13 51 16 55 49 79 24 47 87 5 77 71 80 89 98 43 29 36 93 13 85 90 
3 55 85 33 21 100 8 33 41 33 26 64 92 15 8 84 89 69 51 64 63 86 32 21 34 78 55 40 73 75 84 26 
18 32 85 66 23 60 18 46 78 86 86 54 30 67 50 8 91 8 73 29 31 77 4 3 34 14 92 11 45 76 38 73 
53 51 58 43 75 55 87 52 25 35 52 24 85 84 41 73 75 55 88 97 68 63 46 96 73 95 28 78 59 93 56 91 
70 94 85 80 58 21 98 18 92 10 99 76 26 85 76 9 46 68 68 26 44 92 38 16 79 54 18 22 92 15 44 19 
63 69 40 20 54 5 11 16 48 62 90 17 72 48 63 71 63 79 96 9 49 31 9 86 10 52 33 100 6 42 64 6 
92 81 91 55 99 9 7 24 15 34 67 95 7 88 31 12 4 19 18 56 19 6 16 93 87 80 79 74 13 50 75 2 
12 73 71 97 22 34 21 14 14 20 4 63 58 68 96 70 72 36 40 50 21 89 50 70 77 67 65 83 5 87 53 51 
33 63 15 42 27 42 96 55 4 37 85 89 74 46 73 47 43 99 49 55 40 81 33 18 12 68 69 4 84 17 37 32 
58 37 9 76 43 84 52 39 83 96 98 67 53 88 64 99 40 99 27 72 57 43 71 46 53 34 47 22 85 43 77 71 
29 19 50 50 78 7 3 13 57 58 11 85 74 92 83 60 84 53 13 75 14 86 81 71 91 69 32 36 51 67 3 1 
86 32 41 85 93 1 70 79 31 88 47 62 80 27 1 3 55 74 43 89 9 81 58 41 36 15 58 19 96 85 10 79 
24 84 73 57 44 53 10 68 12 32 2 16 85 11 86 43 45 13 36 93 11 65 10 55 47 4 29 11 78 77 90 35 
42 84 16 94 77 78 52 77 50 43 58 45 5 67 42 65 35 60 98 79 84 60 58 4 88 67 52 19 99 17 1 18 
71 59 19 50 62 97 49 52 23 45 78 99 49 12 33 60 85 80 79 25 49 38 52 22 87 49 3 58 79 30 80 25 
20 97 68 77 26 24 97 26 95 62 86 88 57 82 46 99 35 47 53 88 57 69 9 3 26 62 54 3 37 26 81 37 
71 64 70 43 81 23 30 12 36 77 84 61 61 80 29 23 37 2 18 12 63 37 98 50 42 31 34 99 44 2 97 85 
54 91 34 12 20 82 19 85 25 25 100 10 71 81 77 49 5 32 43 27 92 61 84 94 31 35 65 49 68 60 69 64 
31 19 5 28 85 77 54 28 42 21 59 74 72 55 24 15 38 10 29 56 59 5 5 67 39 4 20 40 56 44 58 42 
82 61 86 4 71 98 54 49 29 78 39 39 89 42 16 64 64 32 74 49 83 45 28 5 64 57 91 92 16 55 76 48 
45 6 99 55 69 83 30 97 88 15 35 75 23 13 89 19 86 30 48 14 83 13 45 28 80 39 33 16 66 92 79 59 
6 90 91 17 46 13 90 63 100 12 96 62 59 8 10 54 6 64 59 64 63 57 39 81 7 46 24 70 55 88 1 28 
13 28 78 53 55 71 48 62 46 35 14 22 80 89 73 47 98 90 67 8 64 81 8 80 62 23 85 35 13 87 58 11 
0.0 1.0 2.0 3.0 4.0 5.0 6.0 7.0 8.0 9.0 10.0 11.0 12.0 13.0 14.0 15.0 16.0 15.0 14.0 13.0 12.0 11.0 10.0 9.0 8.0 7.0 6.0 5.0 4.0 3.0 2.0 1.0 
1.0 0.0 1.0 2.0 3.0 4.0 5.0 6.0 7.0 8.0 9.0 10.0 11.0 12.0 13.0 14.0 15.0 16.0 15.0 14.0 13.0 12.0 11.0 10.0 9.0 8.0 7.0 6.0 5.0 4.0 3.0 2.0 
2.0 1.0 0.0 1.0 2.0 3.0 4.0 5.0 6.0 7.0 8.0 9.0 10.0 11.0 12.0 13.0 14.0 15.0 16.0 15.0 14.0 13.0 12.0 11.0 10.0 9.0 8.0 7.0 6.0 5.0 4.0 3.0 
3.0 2.0 1.0 0.0 1.0 2.0 3.0 4.0 5.0 6.0 7.0 8.0 9.0 10.0 11.0 12.0 13.0 14.0 15.0 16.0 15.0 14.0 13.0 12.0 11.0 10.0 9.0 8.0 7.0 6.0 5.0 4.0 
4.0 3.0 2.0 1.0 0.0 1.0 2.0 3.0 4.0 5.0 6.0 7.0 8.0 9.0 10.0 11.0 12.0 13.0 14.0 15.0 16.0 15.0 14.0 13.0 12.0 11.0 10.0 9.0 8.0 7.0 6.0 5.0 
5.0 4.0 3.0 2.0 1.0 0.0 1.0 2.0 3.0 4.0 5.0 6.0 7.0 8.0 9.0 10.0 11.0 12.0 13.0 14.0 15.0 16.0 15.0 14.0 13.0 12.0 11.0 10.0 9.0 8.0 7.0 6.0 
6.0 5.0 4.0 3.0 2.0 1.0 0.0 1.0 2.0 3.0 4.0 5.0 6.0 7.0 8.0 9.0 10.0 11.0 12.0 13.0 14.0 15.0 16.0 15.0 14.0 13.0 12.0 11.0 10.0 9.0 8.0 7.0 
7.0 6.0 5.0 4.0 3.0 2.0 1.0 0.0 1.0 2.0 3.0 4.0 5.0 6.0 7.0 8.0 9.0 10.0 11.0 12.0 13.0 14.0 15.0 16.0 15.0 14.0 13.0 12.0 11.0 10.0 9.0 8.0 
8.0 7.0 6.0 5.0 4.0 3.0 2.0 1.0 0.0 1.0 2.0 3.0 4.0 5.0 6.0 7.0 8.0 9.0 10.0 11.0 12.0 13.0 14.0 15.0 16.0 15.0 14.0 13.0 12.0 11.0 10.0 9.0 
9.0 8.0 7.0 6.0 5.0 4.0 3.0 2.0 1.0 0.0 1.0 2.0 3.0 4.0 5.0 6.0 7.0 8.0 9.0 10.0 11.0 12.0 13.0 14.0 15.0 16.0 15.0 14.0 13.0 12.0 11.0 10.0 
10.0 9.0 8.0 7.0 6.0 5.0 4.0 3.0 2.0 1.0 0.0 1.0 2.0 3.0 4.0 5.0 6.0 7.0 8.0 9.0 10.0 11.0 12.0 13.0 14.0 15.0 16.0 15.0 14.0 13.0 12.0 11.0 
11.0 10.0 9.0 8.0 7.0 6.0 5.0 4.0 3.0 2.0 1.0 0.0 1.0 2.0 3.0 4.0 5.0 6.0 7.0 8.0 9.0 10.0 11.0 12.0 13.0 14.0 15.0 16.0 15.0 14.0 13.0 12.0 
12.0 11.0 10.0 9.0 8.0 7.0 6.0 5.0 4.0 3.0 2.0 1.0 0.0 1.0 2.0 3.0 4.0 5.0 6.0 7.0 8.0 9.0 10.0 11.0 12.0 13.0 14.0 15.0 16.0 15.0 14.0 13.0 
13.0 12.0 11.0 10.0 9.0 8.0 7.0 6.0 5.0 4.0 3.0 2.0 1.0 0.0 1.0 2.0 3.0 4.0 5.0 6.0 7.0 8.0 9.0 10.0 11.0 12.0 13.0 14.0 15.0 16.0 15.0 14.0 
14.0 13.0 12.0 11.0 10.0 9.0 8.0 7.0 6.0 5.0 4.0 3.0 2.0 1.0 0.0 1.0 2.0 3.0 4.0 5.0 6.0 7.0 8.0 9.0 10.0 11.0 12.0 13.0 14.0 15.0 16.0 15.0 
15.0 14.0 13.0 12.0 11.0 10.0 9.0 8.0 7.0 6.0 5.0 4.0 3.0 2.0 1.0 0.0 1.0 2.0 3.0 4.0 5.0 6.0 7.0 8.0 9.0 10.0 11.0 12.0 13.0 14.0 15.0 16.0 
16.0 15.0 14.0 13.0 12.0 11.0 10.0 9.0 8.0 7.0 6.0 5.0 4.0 3.0 2.0 1.0 0.0 1.0 2.0 3.0 4.0 5.0 6.0 7.0 8.0 9.0 10.0 11.0 12.0 13.0 14.0 15.0 
15.0 16.0 15.0 14.0 13.0 12.0 11.0 10.0 9.0 8.0 7.0 6.0 5.0 4.0 3.0 2.0 1.0 0.0 1.0 2.0 3.0 4.0 5.0 6.0 7.0 8.0 9.0 10.0 11.0 12.0 13.0 14.0 
14.0 15.0 16.0 15.0 14.0 13.0 12.0 11.0 10.0 9.0 8.0 7.0 6.0 5.0 4.0 3.0 2.0 1.0 0.0 1.0 2.0 3.0 4.0 5.0 6.0 7.0 8.0 9.0 10.0 11.0 12.0 13.0 
13.0 14.0 15.0 16.0 15.0 14.0 13.0 12.0 11.0 10.0 9.0 8.0 7.0 6.0 5.0 4.0 3.0 2.0 1.0 0.0 1.0 2.0 3.0 4.0 5.0 6.0 7.0 8.0 9.0 10.0 11.0 12.0 
12.0 13.0 14.0 15.0 16.0 15.0 14.0 13.0 12.0 11.0 10.0 9.0 8.0 7.0 6.0 5.0 4.0 3.0 2.0 1.0 0.0 1.0 2.0 3.0 4.0 5.0 6.0 7.0 8.0 9.0 10.0 11.0 
11.0 12.0 13.0 14.0 15.0 16.0 15.0 14.0 13.0 12.0 11.0 10.0 9.0 8.0 7.0 6.0 5.0 4.0 3.0 2.0 1.0 0.0 1.0 2.0 3.0 4.0 5.0 6.0 7.0 8.0 9.0 10.0 
10.0 11.0 12.0 13.0 14.0 15.0 16.0 15.0 14.0 13.0 12.0 11.0 10.0 9.0 8.0 7.0 6.0 5.0 4.0 3.0 2.0 1.0 0.0 1.0 2.0 3.0 4.0 5.0 6.0 7.0 8.0 9.0 
9.0 10.0 11.0 12.0 13.0 14.0 15.0 16.0 15.0 14.0 13.0 12.0 11.0 10.0 9.0 8.0 7.0 6.0 5.0 4.0 3.0 2.0 1.0 0.0 1.0 2.0 3.0 4.0 5.0 6.0 7.0 8.0 
8.0 9.0 10.0 11.0 12.0 13.0 14.0 15.0 16.0 15.0 14.0 13.0 12.0 11.0 10.0 9.0 8.0 7.0 6.0 5.0 4.0 3.0 2.0 1.0 0.0 1.0 2.0 3.0 4.0 5.0 6.0 7.0 
7.0 8.0 9.0 10.0 11.0 12.0 13.0 14.0 15.0 16.0 15.0 14.0 13.0 12.0 11.0 10.0 9.0 8.0 7.0 6.0 5.0 4.0 3.0 2.0 1.0 0.0 1.0 2.0 3.0 4.0 5.0 6.0 
6.0 7.0 8.0 9.0 10.0 11.0 12.0 13.0 14.0 15.0 16.0 15.0 14.0 13.0 12.0 11.0 10.0 9.0 8.0 7.0 6.0 5.0 4.0 3.0 2.0 1.0 0.0 1.0 2.0 3.0 4.0 5.0 
5.0 6.0 7.0 8.0 9.0 10.0 11.0 12.0 13.0 14.0 15.0 16.0 15.0 14.0 13.0 12.0 11.0 10.0 9.0 8.0 7.0 6.0 5.0 4.0 3.0 2.0 1.0 0.0 1.0 2.0 3.0 4.0 
4.0 5.0 6.0 7.0 8.0 9.0 10.0 11.0 12.0 13.0 14.0 15.0 16.0 15.0 14.0 13.0 12.0 11.0 10.0 9.0 8.0 7.0 6.0 5.0 4.0 3.0 2.0 1.0 0.0 1.0 2.0 3.0 
3.0 4.0 5.0 6.0 7.0 8.0 9.0 10.0 11.0 12.0 13.0 14.0 15.0 16.0 15.0 14.0 13.0 12.0 11.0 10.0 9.0 8.0 7.0 6.0 5.0 4.0 3.0 2.0 1.0 0.0 1.0 2.0 
2.0 3.0 4.0 5.0 6.0 7.0 8.0 9.0 10.0 11.0 12.0 13.0 14.0 15.0 16.0 15.0 14.0 13.0 12.0 11.0 10.0 9.0 8.0 7.0 6.0 5.0 4.0 3.0 2.0 1.0 0.0 1.0 
1.0 2.0 3.0 4.0 5.0 6.0 7.0 8.0 9.0 10.0 11.0 12.0 13.0 14.0 15.0 16.0 15.0 14.0 13.0 12.0 11.0 10.0 9.0 8.0 7.0 6.0 5.0 4.0 3.0 2.0 1.0 0.0 