32
76 1 95 74 87 96 57 62 17 15 6 92 41 95 63 99 88 74 85 23 80 6 3 27 78 79 7 26 68 17 51 15 
90 78 5 3 94 94 46 20 92 41 77 93 4 95 62 21 22 88 73 40 22 65 55 78 34 43 91 76 71 25 6 70 
96 7 8 40 71 57 13 28 18 36 74 1 60 57 33 97 57 54 21 94 50 57 96 78 37 26 20 4 77 41 54 46 
13 21 80 81 80 18 52 66 1 92 32 43 24 49 60 72 68 69 31 6 90 31 5 66 12 90 12 37 39 72 92 87 
51 40 59 61 9 72 37 42 25 35 91 74 28 73 96 23 95 26 19 32 83 8 57 61 64 26 27 82 2 20 61 4 
48 100 54 29 5 82 12 34 26 55 31 4 21 52 58 77 62 22 69 78 35 5 2 34 55 21 30 78 8 41 45 98 
97 88 11 58 7 90 9 53 17 53 59 23 14 28 18 4 74 83 73 34 36 60 81 86 64 25 86 52 12 53 73 96 
45 41 8 84 42 6 28 96 69 96 63 100 83 38 69 62 1 17 6 50 76 86 37 15 12 1 41 18 97 11 84 100 
31 32 8 96 47 31 66 85 59 75 46 96 4 21 96 37 46 79 85 92 48 24 71 96 61 39 76 65 69 56 77 100 
33 65 10 62 52 59 47 56 21 31 99 10 57 63 75 87 18 61 5 70 70 28 48 54 35 65 22 46 20 78 36 78 
66 26 27 32 76 99 66 20 87 50 73 90 42 18 54 84 27 61 89 76 95 99 44 42 19 45 86 62 96 12 56 51 
62 62 35 28 34 52 81 21 73 60 97 70 68 82 83 19 61 18 43 15 90 94 90 21 68 10 6 25 26 48 100 43 
40 40 26 100 74 78 24 4 79 65 7 5 70 73 61 38 1 52 11 9 4 57 62 78 3 69 39 32 54 27 72 66 
93 77 43 74 62 57 70 79 21 80 81 44 87 30 89 98 75 11 35 41 38 11 18 100 64 80 12 21 48 65 68 48 
41 3 3 23 43 80 44 80 9 14 41 25 89 3 65 12 37 66 70 54 18 34 39 73 26 43 28 17 46 78 8 35 
61 82 49 52 21 47 57 43 88 49 83 85 32 9 48 93 13 61 95 16 54 36 91 63 54 99 86 61 70 48 73 35 
32 71 95 44 53 36 79 44 42 20 85 20 79 70 70 23 76 3 25 65 36 76 53 29 42 12 3 3 68 22 28 65 
35 96 29 19 63 24 12 88 83 35 48 50 88 12 64 46 53 80 35 88 23 31 77 85 32 7 42 73 56 29 32 51 
24 37 88 65 38 27 67 37 23 49 40 11 90 39 60 43 21 81 38 73 55 34 61 46 88 64 22 16 77 73 60 2 
81 70 59 41 99 28 60 83 2 7 94 11 9 32 87 16 49 33 66 59 92 22 51 85 72 69 37 54 14 74 73 15 
20 50 99 67 37 73 73 61 1 97 51 100 35 29 5 18 74 4 78 99 3 40 44 87 80 33 10 16 51 5 38 71 
11 64 20 52 41 29 91 98 9 59 2 25 79 11 60 36 32 60 75 97 70 25 34 1 41 20 17 52 44 88 83 57 
43 51 86 47 40 55 61 26 48 51 19 69 17 70 38 17 14 11 85 26 86 93 34 97 80 64 8 36 24 74 72 67 
47 99 74 30 40 45 20 19 60 92 72 56 55 19 8 43 3 71 13 5 3 20 66 19 55 10 23 52 97 43 14 2 
55 73 61 66 52 66 15 59 65 36 98 25 35 67 32 11 15 89 32 78 67 94 66 64 30 73 66 53 1 43 6 97 
10 19 33 57 85 8 28 6 1 11 75 51 78 11 74 90 42 13 72 53 92 11 44 22 60 84 46 49 58 25 9 95 
57 10 74 62 69 64 40 12 67 68 97 42 2 20 9 47 4 76 27 65 3 57 74 27 24 16 96 68 18 30 47 1 
2 16 26 78 20 42 46 31 100 46 89 6 82 47 95 100 99 54 98 81 29 5 65 99 91 66 4 6 45 9 9 38 
25 36 21 24 26 39 33 22 33 78 97 84 68 2 85 92 23 34 99 10 57 68 67 72 14 75 38 49 94 2 66 7 
49 23 14 48 26 23 29 39 94 30 60 7 98 68 47 80 13 31 98 57 88 55 96 59 32 24 77 75 62 92 87 48 
25 84 33 48 77 71 64 43 82 98 45 79 8 23 6 80 50 31 41 90 11 60 95 36 56 62 44 54 23 46 75 19 
19 76 90 88 9 77 16 31 49 21 18 38 7 21 85 10 84 38 29 72 55 69 51 39 64 87 49 10 11 76 53 13 
0.0 1.0 2.0 3.0 4.0 5.0 6.0 7.0 8.0 9.0 10.0 11.0 12.0 13.0 14.0 15.0 16.0 15.0 14.0 13.0 12.0 11.0 10.0 9.0 8.0 7.0 6.0 5.0 4.0 3.0 2.0 1.0 
1.0 0.0 1.0 2.0 3.0 4.0 5.0 6.0 7.0 8.0 9.0 10.0 11.0 12.0 13.0 14.0 15.0 16.0 15.0 14.0 13.0 12.0 11.0 10.0 9.0 8.0 7.0 6.0 5.0 4.0 3.0 2.0 
2.0 1.0 0.0 1.0 2.0 3.0 4.0 5.0 6.0 7.0 8.0 9.0 10.0 11.0 12.0 13.0 14.0 15.0 16.0 15.0 14.0 13.0 12.0 11.0 10.0 9.0 8.0 7.0 6.0 5.0 4.0 3.0 
3.0 2.0 1.0 0.0 1.0 2.0 3.0 4.0 5.0 6.0 7.0 8.0 9.0 10.0 11.0 12.0 13.0 14.0 15.0 16.0 15.0 14.0 13.0 12.0 11.0 10.0 9.0 8.0 7.0 6.0 5.0 4.0 
4.0 3.0 2.0 1.0 0.0 1.0 2.0 3.0 4.0 5.0 6.0 7.0 8.0 9.0 10.0 11.0 12.0 13.0 14.0 15.0 16.0 15.0 14.0 13.0 12.0 11.0 10.0 9.0 8.0 7.0 6.0 5.0 
5.0 4.0 3.0 2.0 1.0 0.0 1.0 2.0 3.0 4.0 5.0 6.0 7.0 8.0 9.0 10.0 11.0 12.0 13.0 14.0 15.0 16.0 15.0 14.0 13.0 12.0 11.0 10.0 9.0 8.0 7.0 6.0 
6.0 5.0 4.0 3.0 2.0 1.0 0.0 1.0 2.0 3.0 4.0 5.0 6.0 7.0 8.0 9.0 10.0 11.0 12.0 13.0 14.0 15.0 16.0 15.0 14.0 13.0 12.0 11.0 10.0 9.0 8.0 7.0 
7.0 6.0 5.0 4.0 3.0 2.0 1.0 0.0 1.0 2.0 3.0 4.0 5.0 6.0 7.0 8.0 9.0 10.0 11.0 12.0 13.0 14.0 15.0 16.0 15.0 14.0 13.0 12.0 11.0 10.0 9.0 8.0 
8.0 7.0 6.0 5.0 4.0 3.0 2.0 1.0 0.0 1.0 2.0 3.0 4.0 5.0 6.0 7.0 8.0 9.0 10.0 11.0 12.0 13.0 14.0 15.0 16.0 15.0 14.0 13.0 12.0 11.0 10.0 9.0 
9.0 8.0 7.0 6.0 5.0 4.0 3.0 2.0 1.0 0.0 1.0 2.0 3.0 4.0 5.0 6.0 7.0 8.0 9.0 10.0 11.0 12.0 13.0 14.0 15.0 16.0 15.0 14.0 13.0 12.0 11.0 10.0 
10.0 9.0 8.0 7.0 6.0 5.0 4.0 3.0 2.0 1.0 0.0 1.0 2.0 3.0 4.0 5.0 6.0 7.0 8.0 9.0 10.0 11.0 12.0 13.0 14.0 15.0 16.0 15.0 14.0 13.0 12.0 11.0 
11.0 10.0 9.0 8.0 7.0 6.0 5.0 4.0 3.0 2.0 1.0 0.0 1.0 2.0 3.0 4.0 5.0 6.0 7.0 8.0 9.0 10.0 11.0 12.0 13.0 14.0 15.0 16.0 15.0 14.0 13.0 12.0 
12.0 11.0 10.0 9.0 8.0 7.0 6.0 5.0 4.0 3.0 2.0 1.0 0.0 1.0 2.0 3.0 4.0 5.0 6.0 7.0 8.0 9.0 10.0 11.0 12.0 13.0 14.0 15.0 16.0 15.0 14.0 13.0 
13.0 12.0 11.0 10.0 9.0 8.0 7.0 6.0 5.0 4.0 3.0 2.0 1.0 0.0 1.0 2.0 3.0 4.0 5.0 6.0 7.0 8.0 9.0 10.0 11.0 12.0 13.0 14.0 15.0 16.0 15.0 14.0 
14.0 13.0 12.0 11.0 10.0 9.0 8.0 7.0 6.0 5.0 4.0 3.0 2.0 1.0 0.0 1.0 2.0 3.0 4.0 5.0 6.0 7.0 8.0 9.0 10.0 11.0 12.0 13.0 14.0 15.0 16.0 15.0 
15.0 14.0 13.0 12.0 11.0 10.0 9.0 8.0 7.0 6.0 5.0 4.0 3.0 2.0 1.0 0.0 1.0 2.0 3.0 4.0 5.0 6.0 7.0 8.0 9.0 10.0 11.0 12.0 13.0 14.0 15.0 16.0 
16.0 15.0 14.0 13.0 12.0 11.0 10.0 9.0 8.0 7.0 6.0 5.0 4.0 3.0 2.0 1.0 0.0 1.0 2.0 3.0 4.0 5.0 6.0 7.0 8.0 9.0 10.0 11.0 12.0 13.0 14.0 15.0 
15.0 16.0 15.0 14.0 13.0 12.0 11.0 10.0 9.0 8.0 7.0 6.0 5.0 4.0 3.0 2.0 1.0 0.0 1.0 2.0 3.0 4.0 5.0 6.0 7.0 8.0 9.0 10.0 11.0 12.0 13.0 14.0 
14.0 15.0 16.0 15.0 14.0 13.0 12.0 11.0 10.0 9.0 8.0 7.0 6.0 5.0 4.0 3.0 2.0 1.0 0.0 1.0 2.0 3.0 4.0 5.0 6.0 7.0 8.0 9.0 10.0 11.0 12.0 13.0 
13.0 14.0 15.0 16.0 15.0 14.0 13.0 12.0 11.0 10.0 9.0 8.0 7.0 6.0 5.0 4.0 3.0 2.0 1.0 0.0 1.0 2.0 3.0 4.0 5.0 6.0 7.0 8.0 9.0 10.0 11.0 12.0 
12.0 13.0 14.0 15.0 16.0 15.0 14.0 13.0 12.0 11.0 10.0 9.0 8.0 7.0 6.0 5.0 4.0 3.0 2.0 1.0 0.0 1.0 2.0 3.0 4.0 5.0 6.0 7.0 8.0 9.0 10.0 11.0 
11.0 12.0 13.0 14.0 15.0 16.0 15.0 14.0 13.0 12.0 11.0 10.0 9.0 8.0 7.0 6.0 5.0 4.0 3.0 2.0 1.0 0.0 1.0 2.0 3.0 4.0 5.0 6.0 7.0 8.0 9.0 10.0 
10.0 11.0 12.0 13.0 14.0 15.0 16.0 15.0 14.0 13.0 12.0 11.0 10.0 9.0 8.0 7.0 6.0 5.0 4.0 3.0 2.0 1.0 0.0 1.0 2.0 3.0 4.0 5.0 6.0 7.0 8.0 9.0 
9.0 10.0 11.0 12.0 13.0 14.0 15.0 16.0 15.0 14.0 13.0 12.0 11.0 10.0 9.0 8.0 7.0 6.0 5.0 4.0 3.0 2.0 1.0 0.0 1.0 2.0 3.0 4.0 5.0 6.0 7.0 8.0 
8.0 9.0 10.0 11.0 12.0 13.0 14.0 15.0 16.0 15.0 14.0 13.0 12.0 11.0 10.0 9.0 8.0 7.0 6.0 5.0 4.0 3.0 2.0 1.0 0.0 1.0 2.0 3.0 4.0 5.0 6.0 7.0 
7.0 8.0 9.0 10.0 11.0 12.0 13.0 14.0 15.0 16.0 15.0 14.0 13.0 12.0 11.0 10.0 9.0 8.0 7.0 6.0 5.0 4.0 3.0 2.0 1.0 0.0 1.0 2.0 3.0 4.0 5.0 6.0 
6.0 7.0 8.0 9.0 10.0 11.0 12.0 13.0 14.0 15.0 16.0 15.0 14.0 13.0 12.0 11.0 10.0 9.0 8.0 7.0 6.0 5.0 4.0 3.0 2.0 1.0 0.0 1.0 2.0 3.0 4.0 5.0 
5.0 6.0 7.0 8.0 9.0 10.0 11.0 12.0 13.0 14.0 15.0 16.0 15.0 14.0 13.0 12.0 11.0 10.0 9.0 8.0 7.0 6.0 5.0 4.0 3.0 2.0 1.0 0.0 1.0 2.0 3.0 4.0 
4.0 5.0 6.0 7.0 8.0 9.0 10.0 11.0 12.0 13.0 14.0 15.0 16.0 15.0 14.0 13.0 12.0 11.0 10.0 9.0 8.0 7.0 6.0 5.0 4.0 3.0 2.0 1.0 0.0 1.0 2.0 3.0 
3.0 4.0 5.0 6.0 7.0 8.0 9.0 10.0 11.0 12.0 13.0 14.0 15.0 16.0 15.0 14.0 13.0 12.0 11.0 10.0 9.0 8.0 7.0 6.0 5.0 4.0 3.0 2.0 1.0 0.0 1.0 2.0 
2.0 3.0 4.0 5.0 6.0 7.0 8.0 9.0 10.0 11.0 12.0 13.0 14.0 15.0 16.0 15.0 14.0 13.0 12.0 11.0 10.0 9.0 8.0 7.0 6.0 5.0 4.0 3.0 2.0 1.0 0.0 1.0 
1.0 2.0 3.0 4.0 5.0 6.0 7.0 8.0 9.0 10.0 11.0 12.0 13.0 14.0 15.0 16.0 15.0 14.0 13.0 12.0 11.0 10.0 9.0 8.0 7.0 6.0 5.0 4.0 3.0 2.0 1.0 0.0 