16 0.0 128.0 328 2914
73 90 46 68 58 25 48 44 11 73 49 63 57 18 61 82 
9 96 59 85 63 36 52 43 71 51 19 97 48 59 15 2 
73 70 1 37 76 24 75 97 25 78 100 91 73 49 31 72 
51 44 41 55 97 71 53 86 13 56 17 77 20 12 52 60 
89 26 93 26 36 45 23 96 50 4 59 79 47 64 71 6 
47 80 11 29 55 99 44 97 12 14 92 69 15 67 8 68 
90 92 95 40 35 49 43 60 79 28 5 61 75 82 87 32 
8 88 98 62 58 46 78 60 62 61 24 14 64 91 70 5 
1 91 97 64 23 54 37 56 99 30 93 51 60 47 42 14 
55 54 37 66 14 29 77 33 42 84 2 93 57 36 76 58 
26 26 9 62 30 68 32 28 59 30 63 28 66 50 95 85 
3 17 63 29 99 5 77 14 11 27 72 76 53 20 68 1 
2 62 50 55 15 43 2 19 49 51 82 39 1 75 78 65 
54 70 1 24 88 41 9 26 8 50 47 97 81 35 58 8 
82 85 70 21 91 1 26 99 36 24 53 29 95 20 74 93 
11 39 71 49 64 84 26 33 46 89 80 58 37 79 65 12 
0.0 1.0 2.0 3.0 4.0 5.0 6.0 7.0 8.0 7.0 6.0 5.0 4.0 3.0 2.0 1.0 
1.0 0.0 1.0 2.0 3.0 4.0 5.0 6.0 7.0 8.0 7.0 6.0 5.0 4.0 3.0 2.0 
2.0 1.0 0.0 1.0 2.0 3.0 4.0 5.0 6.0 7.0 8.0 7.0 6.0 5.0 4.0 3.0 
3.0 2.0 1.0 0.0 1.0 2.0 3.0 4.0 5.0 6.0 7.0 8.0 7.0 6.0 5.0 4.0 
4.0 3.0 2.0 1.0 0.0 1.0 2.0 3.0 4.0 5.0 6.0 7.0 8.0 7.0 6.0 5.0 
5.0 4.0 3.0 2.0 1.0 0.0 1.0 2.0 3.0 4.0 5.0 6.0 7.0 8.0 7.0 6.0 
6.0 5.0 4.0 3.0 2.0 1.0 0.0 1.0 2.0 3.0 4.0 5.0 6.0 7.0 8.0 7.0 
7.0 6.0 5.0 4.0 3.0 2.0 1.0 0.0 1.0 2.0 3.0 4.0 5.0 6.0 7.0 8.0 
8.0 7.0 6.0 5.0 4.0 3.0 2.0 1.0 0.0 1.0 2.0 3.0 4.0 5.0 6.0 7.0 
7.0 8.0 7.0 6.0 5.0 4.0 3.0 2.0 1.0 0.0 1.0 2.0 3.0 4.0 5.0 6.0 
6.0 7.0 8.0 7.0 6.0 5.0 4.0 3.0 2.0 1.0 0.0 1.0 2.0 3.0 4.0 5.0 
5.0 6.0 7.0 8.0 7.0 6.0 5.0 4.0 3.0 2.0 1.0 0.0 1.0 2.0 3.0 4.0 
4.0 5.0 6.0 7.0 8.0 7.0 6.0 5.0 4.0 3.0 2.0 1.0 0.0 1.0 2.0 3.0 
3.0 4.0 5.0 6.0 7.0 8.0 7.0 6.0 5.0 4.0 3.0 2.0 1.0 0.0 1.0 2.0 
2.0 3.0 4.0 5.0 6.0 7.0 8.0 7.0 6.0 5.0 4.0 3.0 2.0 1.0 0.0 1.0 
1.0 2.0 3.0 4.0 5.0 6.0 7.0 8.0 7.0 6.0 5.0 4.0 3.0 2.0 1.0 0.0 