64
47 30 69 80 27 80 86 100 91 71 71 47 29 9 65 46 100 80 17 92 91 58 47 32 61 73 40 78 70 74 30 49 22 90 74 3 26 44 69 83 48 52 35 82 73 49 15 4 29 56 44 99 40 74 15 72 14 53 61 73 77 47 2 19 
69 40 34 49 17 44 53 70 84 47 78 53 96 88 58 97 53 18 83 87 56 45 76 71 75 81 65 22 22 11 51 26 27 32 3 81 98 65 4 52 76 77 72 20 66 48 82 33 47 23 41 83 25 74 69 54 92 74 67 41 96 91 22 78 
20 22 42 96 85 36 33 64 85 75 37 46 16 2 24 88 92 45 73 13 15 72 4 33 19 13 56 56 29 94 41 37 36 3 47 86 83 6 89 30 15 11 74 39 33 45 76 87 67 21 15 40 83 20 49 57 62 8 61 31 20 89 42 26 
5 41 100 10 68 77 23 85 87 100 47 42 95 12 36 30 78 62 11 92 52 7 15 51 12 10 75 74 25 80 96 14 29 64 3 87 1 35 61 22 94 27 91 6 24 4 54 64 60 71 75 67 57 1 23 72 10 78 40 42 1 56 41 44 
56 78 15 76 80 9 79 83 47 36 64 40 77 23 79 89 16 89 30 81 85 28 95 55 39 50 63 91 87 34 54 20 100 56 64 41 63 59 56 30 25 47 61 19 76 13 8 69 12 20 58 31 88 58 77 48 59 80 7 86 95 94 4 23 
80 57 34 36 9 98 93 69 100 5 53 18 92 67 61 71 52 38 86 58 91 7 53 57 50 84 3 11 56 69 76 46 69 53 86 78 69 67 30 88 16 83 11 13 19 64 49 79 81 87 42 95 11 21 34 66 2 70 69 50 52 97 74 98 
3 34 37 99 100 55 47 86 4 72 48 44 10 75 91 65 38 98 88 30 68 17 37 3 21 44 91 6 11 45 31 80 46 55 76 75 51 24 46 100 45 50 27 86 61 22 16 49 7 39 9 88 11 82 73 78 35 97 51 83 16 55 34 38 
31 17 57 32 28 28 7 84 11 71 93 74 6 78 100 57 23 49 3 69 95 33 18 49 9 57 58 52 3 65 23 83 82 37 96 21 10 61 28 86 51 60 41 72 62 87 16 86 76 56 42 6 31 84 58 98 66 16 81 36 70 60 84 59 
30 79 90 57 51 73 79 59 68 18 79 58 61 91 92 17 98 67 31 47 10 13 45 73 57 9 100 26 51 86 88 58 23 10 32 95 70 60 95 76 82 7 23 13 24 28 44 18 87 73 85 43 21 87 45 46 86 36 76 67 30 82 69 76 
9 4 15 68 89 11 36 10 21 69 35 32 98 73 54 53 37 16 93 91 42 42 66 27 22 71 50 93 74 77 86 8 7 75 26 23 4 65 7 21 95 61 41 71 14 76 26 25 85 8 99 80 98 66 62 22 48 35 29 62 98 36 28 46 
77 93 48 45 10 24 72 4 95 3 99 98 12 71 84 97 50 4 12 61 63 48 30 14 19 90 58 71 25 44 45 12 64 1 43 21 42 93 69 86 75 25 95 67 93 92 79 10 10 68 87 12 23 83 99 39 60 89 80 22 83 54 40 97 
84 64 22 39 39 29 85 30 10 95 91 22 26 75 94 19 44 28 95 97 11 60 85 53 87 11 92 47 100 38 37 32 24 27 3 79 87 44 86 13 21 71 38 75 48 24 41 74 78 57 76 94 54 37 68 15 26 54 70 100 91 47 58 56 
81 73 64 70 26 48 6 76 88 12 73 35 84 11 3 67 90 21 58 30 8 99 84 53 94 36 19 59 63 22 57 8 16 47 38 4 50 53 88 76 91 54 23 12 40 84 69 1 87 66 51 46 47 5 76 49 54 86 99 90 83 99 84 23 
83 70 64 1 77 31 96 93 68 85 29 8 77 15 71 90 18 3 89 45 22 100 5 22 85 64 96 63 69 98 13 6 38 61 51 84 95 38 70 95 76 43 73 77 11 82 26 71 62 88 74 34 6 92 95 27 26 1 32 21 62 17 65 9 
16 21 14 73 28 27 100 49 72 99 28 35 32 10 32 80 75 80 100 75 69 63 13 40 46 20 100 84 100 39 44 35 60 55 55 44 25 20 13 67 7 67 98 5 55 14 41 22 90 12 24 19 77 24 30 86 88 2 11 94 2 56 91 100 
85 28 89 44 11 30 5 72 76 65 23 38 8 35 21 18 73 52 57 7 42 38 80 4 73 28 64 58 45 73 42 53 8 4 13 17 46 73 77 67 3 81 34 38 26 97 80 87 86 86 81 88 86 48 25 14 58 28 92 20 61 57 22 32 
39 39 90 79 6 63 33 62 74 31 74 24 29 4 4 42 77 69 28 99 91 29 43 60 62 91 44 93 30 30 47 62 85 87 77 9 77 52 30 74 15 95 100 54 44 89 14 83 58 3 85 13 85 53 84 58 51 81 56 25 85 87 12 62 
53 47 10 72 3 57 11 16 53 19 41 11 74 55 42 83 36 33 86 32 52 18 37 96 92 31 25 39 37 1 24 8 17 41 27 41 36 10 21 95 74 33 89 21 8 91 76 33 62 13 48 66 23 70 21 91 28 76 47 83 63 99 85 47 
29 74 43 39 5 6 94 75 16 5 61 6 71 71 37 98 59 79 42 43 13 21 79 92 97 69 65 79 74 3 29 63 22 41 42 76 39 89 97 7 26 32 7 60 70 30 47 62 39 73 36 32 12 23 43 85 49 18 40 44 30 62 67 4 
27 36 51 18 49 50 24 70 73 1 21 44 59 68 55 26 51 31 18 60 80 58 2 88 44 29 62 70 77 89 24 17 77 70 63 62 51 19 80 10 2 100 25 83 12 78 21 37 38 40 2 92 51 82 52 52 20 82 92 98 76 79 72 1 
4 29 39 6 27 86 49 29 60 27 53 10 36 17 88 59 53 8 7 96 7 50 81 40 53 88 52 87 17 68 63 5 20 57 28 51 42 1 21 64 48 50 19 86 24 94 8 55 3 53 4 74 38 100 2 14 51 30 49 97 70 73 4 89 
24 1 42 24 29 13 17 17 42 95 6 59 95 33 17 23 63 24 44 56 89 20 73 52 65 83 13 1 76 95 96 40 9 77 98 60 84 61 56 71 51 53 65 9 1 14 58 74 12 71 66 36 66 12 66 77 52 80 94 96 1 23 62 30 
96 37 86 38 62 92 51 97 15 93 19 62 12 33 14 17 98 51 58 13 16 4 49 31 90 39 83 64 77 4 97 4 79 90 90 27 65 78 92 5 26 30 71 99 73 49 75 69 95 23 33 15 6 22 37 78 58 82 19 62 78 98 58 19 
93 73 75 77 22 95 22 34 84 64 88 98 79 28 43 56 87 39 24 50 46 69 36 67 37 15 94 73 3 26 12 17 3 76 55 67 55 76 41 87 79 30 29 79 14 48 8 56 54 16 38 34 30 71 43 45 11 85 76 6 98 40 13 9 
7 16 52 20 97 96 28 48 68 82 48 75 27 98 8 100 29 89 79 44 5 17 35 98 87 38 37 24 58 56 99 31 10 36 59 47 18 57 75 56 56 82 85 64 17 87 41 24 21 78 87 64 99 33 31 67 54 30 38 40 35 52 92 25 
52 24 36 25 32 94 20 92 84 8 88 29 9 75 18 72 74 65 2 22 82 18 27 39 4 83 87 100 74 94 88 42 70 90 28 92 35 50 22 8 5 60 85 86 26 79 30 30 70 75 42 50 56 34 79 88 47 57 82 38 88 85 42 29 
52 73 46 98 16 80 42 33 9 46 13 19 81 10 31 82 34 95 13 56 8 52 95 71 79 46 22 26 17 40 86 7 27 68 3 82 46 89 66 35 74 88 42 37 4 89 17 11 85 17 34 37 52 86 19 49 1 48 58 18 59 87 54 70 
85 46 85 33 46 60 53 72 59 67 66 42 60 77 25 61 52 11 11 32 36 18 49 11 38 54 74 46 32 98 18 88 10 37 55 93 67 45 3 55 16 3 15 58 17 76 44 37 100 61 95 78 37 31 28 13 57 18 80 70 76 19 75 47 
97 99 72 32 90 57 73 45 37 11 49 87 6 70 61 75 30 72 9 54 79 6 99 28 55 71 49 71 99 98 74 79 87 37 90 1 80 21 31 22 61 85 11 2 8 77 82 41 42 17 16 47 19 65 53 100 45 83 34 31 69 62 39 82 
28 9 28 24 19 56 8 75 62 40 12 3 86 92 92 19 68 19 28 19 39 81 47 34 94 12 41 18 35 7 31 6 78 49 24 77 63 82 2 1 1 45 46 9 11 36 32 51 78 40 13 62 81 61 10 99 80 57 85 70 2 32 54 33 
54 44 81 51 40 5 56 1 31 85 33 35 46 29 33 27 65 63 88 88 14 30 20 56 71 63 57 99 11 17 8 57 30 8 47 64 34 58 87 66 2 27 92 88 59 20 23 58 89 73 34 75 19 82 86 47 60 19 82 94 78 22 82 76 
64 63 79 63 44 54 1 72 90 45 75 15 36 64 77 9 87 32 28 20 30 76 82 11 72 12 6 49 34 29 31 23 40 38 1 65 14 56 60 72 20 58 91 95 2 98 91 100 86 79 7 46 70 79 39 25 48 27 64 21 78 21 8 16 
62 53 62 44 38 38 27 39 73 80 1 42 80 88 79 3 28 54 51 43 92 71 5 96 82 77 61 62 25 91 50 16 77 56 38 86 75 86 31 21 95 17 29 4 84 18 96 70 54 77 78 63 52 83 39 80 26 52 76 56 94 50 4 92 
31 59 10 34 23 22 17 100 32 14 59 18 12 38 62 44 40 79 61 95 3 100 3 24 28 97 93 74 93 70 18 62 50 30 40 1 1 9 77 62 21 17 90 60 42 83 23 77 50 67 32 27 46 25 54 64 11 37 93 34 32 68 23 92 
88 50 78 29 32 65 48 69 63 91 90 83 13 68 14 68 28 80 76 57 75 96 57 76 64 86 27 95 70 17 89 31 7 17 76 79 48 73 17 35 46 45 95 87 57 70 49 60 45 54 68 12 47 89 79 99 71 27 15 76 12 74 19 96 
44 41 59 28 85 81 53 7 74 11 47 65 17 29 48 71 49 83 24 54 33 26 70 50 54 24 14 23 80 35 85 65 93 41 20 82 80 87 5 32 24 14 17 84 85 72 53 33 88 35 63 14 6 99 28 93 18 93 33 60 1 1 74 73 
48 51 62 62 79 6 97 74 36 21 41 9 19 84 25 53 70 98 2 2 79 88 26 99 53 73 50 88 32 81 12 45 99 86 80 74 1 97 93 13 5 35 83 49 90 84 93 37 68 40 29 79 62 27 95 1 31 4 8 38 20 45 70 12 
70 41 100 60 67 60 82 8 46 47 18 80 16 96 58 59 51 25 71 51 17 90 32 95 99 44 50 57 66 59 23 11 63 89 25 54 45 11 71 15 31 31 72 99 14 76 48 85 18 56 74 39 92 8 33 78 67 73 100 42 29 90 42 57 
57 90 73 1 24 98 20 53 53 53 5 92 58 67 67 54 94 94 86 24 99 49 99 82 46 47 27 44 63 22 45 73 96 2 63 56 40 74 75 62 74 55 40 22 38 82 99 9 85 36 42 65 91 28 28 21 87 92 94 74 53 35 1 93 
3 79 9 53 100 81 25 53 11 20 52 12 61 8 10 41 50 71 6 22 28 17 21 76 14 94 7 57 5 98 24 23 43 65 86 5 75 96 63 85 38 99 34 51 9 89 7 74 25 75 84 90 86 45 83 40 73 46 57 50 3 16 90 31 
92 77 75 5 80 46 55 80 84 6 62 83 31 89 40 54 12 40 28 64 98 63 31 100 98 56 7 77 15 31 22 26 60 26 77 35 53 64 51 13 60 86 58 94 9 13 100 49 21 76 21 75 76 62 60 59 91 89 13 43 85 68 53 93 
57 26 5 72 61 55 39 52 83 42 34 93 81 35 32 68 78 80 75 72 67 19 24 88 8 50 99 34 19 27 20 9 9 81 6 45 25 1 30 14 32 34 29 40 98 4 99 91 11 71 26 9 67 54 33 23 95 77 28 41 6 37 40 8 
39 8 68 88 66 70 90 31 50 85 29 34 27 25 28 7 66 60 69 17 60 25 79 76 34 86 6 61 90 42 23 72 39 3 6 75 39 100 72 86 59 44 63 98 32 11 60 55 91 32 63 93 46 83 73 2 69 93 24 87 31 15 49 79 
68 35 91 60 81 33 69 96 25 88 85 84 28 23 69 95 68 20 76 19 36 66 70 78 42 31 13 32 7 65 30 100 87 23 92 82 25 42 82 50 63 82 96 68 67 48 94 27 27 82 57 95 39 14 12 14 78 49 72 96 78 33 66 92 
42 100 94 64 93 26 59 58 34 91 35 13 81 73 52 22 47 74 39 18 26 4 79 2 67 49 8 63 17 89 1 21 42 35 24 43 94 45 9 77 20 87 47 21 43 66 8 40 11 2 100 39 88 7 8 17 90 64 42 88 21 23 65 53 
33 7 19 7 84 90 31 26 52 1 27 12 77 25 98 15 2 99 61 93 43 31 27 64 35 62 35 67 86 98 85 1 16 55 100 51 30 98 80 8 71 69 86 11 16 48 69 15 20 57 52 98 19 98 55 34 81 91 76 21 84 21 88 53 
100 73 84 1 55 9 13 85 3 6 47 5 30 50 9 68 44 53 24 94 99 60 52 39 28 2 4 81 59 37 33 6 66 97 13 99 66 95 17 96 67 8 9 83 55 65 65 87 30 58 8 59 32 3 18 8 78 93 4 42 88 60 62 12 
74 76 86 58 100 35 25 11 4 86 52 52 4 12 29 34 28 76 56 51 43 36 88 10 3 34 24 7 92 45 17 62 91 16 62 43 12 62 75 50 6 86 63 74 35 20 27 92 26 90 21 90 88 14 79 27 40 12 24 26 88 53 29 23 
37 27 33 95 34 26 99 51 43 8 12 65 42 58 49 82 98 47 52 11 34 79 49 6 64 2 26 64 11 5 80 96 95 100 60 59 62 10 52 94 26 19 91 51 75 69 13 26 48 35 25 89 98 14 8 61 41 82 52 66 47 25 3 94 
50 23 99 35 90 58 65 53 67 34 87 21 27 53 86 62 16 8 60 4 39 65 64 44 42 91 92 85 23 100 17 36 24 69 20 55 72 8 66 46 87 86 23 43 96 83 78 53 60 70 70 40 46 33 94 2 9 46 84 60 7 19 78 26 
78 55 77 1 5 69 43 27 60 26 77 68 63 72 54 6 28 83 34 16 53 21 87 71 46 73 41 24 10 37 100 31 87 85 10 59 77 85 17 38 51 99 53 78 84 2 90 18 68 79 1 53 18 35 14 32 12 62 88 50 89 98 71 86 
6 10 7 71 74 58 10 46 34 20 100 4 69 64 75 78 44 29 6 25 46 97 28 89 90 84 48 83 59 1 98 74 25 44 16 44 90 92 36 85 50 38 80 46 7 9 35 14 31 40 83 13 49 25 6 82 91 100 56 66 84 32 30 69 
40 27 3 45 87 81 59 28 14 29 20 16 45 41 52 91 55 8 79 12 34 4 64 8 84 62 64 57 74 44 46 12 50 77 64 54 52 8 49 99 57 39 46 96 13 95 60 15 75 82 22 6 95 96 76 96 53 11 65 47 41 87 19 74 
42 80 37 37 20 7 56 7 10 74 73 79 55 70 99 45 36 21 71 61 37 62 98 3 98 55 76 48 76 46 13 4 12 39 55 86 15 59 16 32 72 95 92 38 26 75 93 13 88 62 78 32 30 93 92 44 60 44 97 9 18 28 90 18 
19 46 42 35 40 60 38 24 88 23 13 100 84 100 37 33 12 91 14 75 4 35 30 53 88 92 71 14 71 23 34 80 99 76 5 44 43 95 87 82 95 48 22 19 73 93 94 27 96 25 40 66 55 65 74 72 56 63 6 76 75 34 6 97 
98 32 74 3 83 43 62 81 60 89 18 9 69 20 88 72 1 53 25 42 29 40 11 53 37 62 46 88 60 86 34 31 39 96 93 5 60 62 16 88 54 15 45 25 83 75 25 92 92 68 90 31 14 60 79 94 72 63 75 30 69 42 27 37 
60 48 60 57 84 26 40 29 23 50 58 55 26 12 19 70 32 13 30 20 5 51 41 11 72 63 11 50 69 2 40 75 4 48 96 49 1 44 68 19 81 61 73 96 79 55 81 61 91 95 12 24 81 13 3 19 44 37 62 77 3 44 90 64 
60 90 1 64 41 60 72 80 22 9 60 95 24 42 26 64 16 34 89 18 22 62 88 31 47 23 52 10 45 4 52 89 60 8 18 82 57 41 44 31 60 34 42 41 48 26 100 75 42 98 51 1 96 80 25 17 42 77 34 75 2 20 64 6 
9 11 74 8 80 42 95 80 44 55 75 22 1 63 75 5 88 10 75 69 47 78 20 83 90 73 34 45 21 95 27 27 66 82 18 32 45 55 98 73 65 56 88 24 85 22 24 25 57 76 73 50 77 39 48 37 9 98 31 88 53 64 3 93 
89 48 86 85 42 30 54 7 32 18 22 64 64 84 49 42 39 29 17 84 38 60 24 53 38 20 75 26 41 10 31 59 42 14 63 6 22 78 67 13 48 14 82 14 20 56 67 53 11 85 67 43 3 29 39 58 64 8 20 91 49 73 94 47 
75 40 30 7 88 4 24 10 84 86 35 52 88 19 26 56 23 38 66 73 24 22 32 90 29 18 95 58 85 13 11 88 60 92 77 50 28 56 30 13 23 30 69 35 17 92 65 66 23 38 47 36 32 10 20 43 38 29 39 16 98 10 62 15 
91 28 80 80 50 43 78 21 52 10 3 33 81 12 89 32 75 61 26 32 71 16 50 78 58 56 28 72 55 97 22 95 16 14 26 25 9 19 91 13 78 32 98 67 21 60 69 60 58 48 86 89 74 67 64 64 45 91 1 81 94 85 89 30 
65 65 39 75 70 20 74 45 30 99 42 84 14 8 25 11 20 1 52 99 86 23 57 5 37 25 52 32 34 32 59 70 40 80 44 45 90 47 82 92 73 22 25 93 30 38 10 40 15 79 64 57 29 60 12 21 8 47 10 20 46 3 33 40 
72 58 28 76 90 26 6 72 62 42 45 7 84 90 75 56 92 81 38 81 9 72 30 8 33 11 52 52 1 93 12 49 77 88 44 3 61 58 22 17 96 63 86 65 1 84 82 23 8 7 16 79 55 23 63 52 61 79 20 7 6 57 53 64 
0.0 1.0 2.0 3.0 4.0 5.0 6.0 7.0 8.0 9.0 10.0 11.0 12.0 13.0 14.0 15.0 16.0 17.0 18.0 19.0 20.0 21.0 22.0 23.0 24.0 25.0 26.0 27.0 28.0 29.0 30.0 31.0 32.0 31.0 30.0 29.0 28.0 27.0 26.0 25.0 24.0 23.0 22.0 21.0 20.0 19.0 18.0 17.0 16.0 15.0 14.0 13.0 12.0 11.0 10.0 9.0 8.0 7.0 6.0 5.0 4.0 3.0 2.0 1.0 
1.0 0.0 1.0 2.0 3.0 4.0 5.0 6.0 7.0 8.0 9.0 10.0 11.0 12.0 13.0 14.0 15.0 16.0 17.0 18.0 19.0 20.0 21.0 22.0 23.0 24.0 25.0 26.0 27.0 28.0 29.0 30.0 31.0 32.0 31.0 30.0 29.0 28.0 27.0 26.0 25.0 24.0 23.0 22.0 21.0 20.0 19.0 18.0 17.0 16.0 15.0 14.0 13.0 12.0 11.0 10.0 9.0 8.0 7.0 6.0 5.0 4.0 3.0 2.0 
2.0 1.0 0.0 1.0 2.0 3.0 4.0 5.0 6.0 7.0 8.0 9.0 10.0 11.0 12.0 13.0 14.0 15.0 16.0 17.0 18.0 19.0 20.0 21.0 22.0 23.0 24.0 25.0 26.0 27.0 28.0 29.0 30.0 31.0 32.0 31.0 30.0 29.0 28.0 27.0 26.0 25.0 24.0 23.0 22.0 21.0 20.0 19.0 18.0 17.0 16.0 15.0 14.0 13.0 12.0 11.0 10.0 9.0 8.0 7.0 6.0 5.0 4.0 3.0 
3.0 2.0 1.0 0.0 1.0 2.0 3.0 4.0 5.0 6.0 7.0 8.0 9.0 10.0 11.0 12.0 13.0 14.0 15.0 16.0 17.0 18.0 19.0 20.0 21.0 22.0 23.0 24.0 25.0 26.0 27.0 28.0 29.0 30.0 31.0 32.0 31.0 30.0 29.0 28.0 27.0 26.0 25.0 24.0 23.0 22.0 21.0 20.0 19.0 18.0 17.0 16.0 15.0 14.0 13.0 12.0 11.0 10.0 9.0 8.0 7.0 6.0 5.0 4.0 
4.0 3.0 2.0 1.0 0.0 1.0 2.0 3.0 4.0 5.0 6.0 7.0 8.0 9.0 10.0 11.0 12.0 13.0 14.0 15.0 16.0 17.0 18.0 19.0 20.0 21.0 22.0 23.0 24.0 25.0 26.0 27.0 28.0 29.0 30.0 31.0 32.0 31.0 30.0 29.0 28.0 27.0 26.0 25.0 24.0 23.0 22.0 21.0 20.0 19.0 18.0 17.0 16.0 15.0 14.0 13.0 12.0 11.0 10.0 9.0 8.0 7.0 6.0 5.0 
5.0 4.0 3.0 2.0 1.0 0.0 1.0 2.0 3.0 4.0 5.0 6.0 7.0 8.0 9.0 10.0 11.0 12.0 13.0 14.0 15.0 16.0 17.0 18.0 19.0 20.0 21.0 22.0 23.0 24.0 25.0 26.0 27.0 28.0 29.0 30.0 31.0 32.0 31.0 30.0 29.0 28.0 27.0 26.0 25.0 24.0 23.0 22.0 21.0 20.0 19.0 18.0 17.0 16.0 15.0 14.0 13.0 12.0 11.0 10.0 9.0 8.0 7.0 6.0 
6.0 5.0 4.0 3.0 2.0 1.0 0.0 1.0 2.0 3.0 4.0 5.0 6.0 7.0 8.0 9.0 10.0 11.0 12.0 13.0 14.0 15.0 16.0 17.0 18.0 19.0 20.0 21.0 22.0 23.0 24.0 25.0 26.0 27.0 28.0 29.0 30.0 31.0 32.0 31.0 30.0 29.0 28.0 27.0 26.0 25.0 24.0 23.0 22.0 21.0 20.0 19.0 18.0 17.0 16.0 15.0 14.0 13.0 12.0 11.0 10.0 9.0 8.0 7.0 
7.0 6.0 5.0 4.0 3.0 2.0 1.0 0.0 1.0 2.0 3.0 4.0 5.0 6.0 7.0 8.0 9.0 10.0 11.0 12.0 13.0 14.0 15.0 16.0 17.0 18.0 19.0 20.0 21.0 22.0 23.0 24.0 25.0 26.0 27.0 28.0 29.0 30.0 31.0 32.0 31.0 30.0 29.0 28.0 27.0 26.0 25.0 24.0 23.0 22.0 21.0 20.0 19.0 18.0 17.0 16.0 15.0 14.0 13.0 12.0 11.0 10.0 9.0 8.0 
8.0 7.0 6.0 5.0 4.0 3.0 2.0 1.0 0.0 1.0 2.0 3.0 4.0 5.0 6.0 7.0 8.0 9.0 10.0 11.0 12.0 13.0 14.0 15.0 16.0 17.0 18.0 19.0 20.0 21.0 22.0 23.0 24.0 25.0 26.0 27.0 28.0 29.0 30.0 31.0 32.0 31.0 30.0 29.0 28.0 27.0 26.0 25.0 24.0 23.0 22.0 21.0 20.0 19.0 18.0 17.0 16.0 15.0 14.0 13.0 12.0 11.0 10.0 9.0 
9.0 8.0 7.0 6.0 5.0 4.0 3.0 2.0 1.0 0.0 1.0 2.0 3.0 4.0 5.0 6.0 7.0 8.0 9.0 10.0 11.0 12.0 13.0 14.0 15.0 16.0 17.0 18.0 19.0 20.0 21.0 22.0 23.0 24.0 25.0 26.0 27.0 28.0 29.0 30.0 31.0 32.0 31.0 30.0 29.0 28.0 27.0 26.0 25.0 24.0 23.0 22.0 21.0 20.0 19.0 18.0 17.0 16.0 15.0 14.0 13.0 12.0 11.0 10.0 
10.0 9.0 8.0 7.0 6.0 5.0 4.0 3.0 2.0 1.0 0.0 1.0 2.0 3.0 4.0 5.0 6.0 7.0 8.0 9.0 10.0 11.0 12.0 13.0 14.0 15.0 16.0 17.0 18.0 19.0 20.0 21.0 22.0 23.0 24.0 25.0 26.0 27.0 28.0 29.0 30.0 31.0 32.0 31.0 30.0 29.0 28.0 27.0 26.0 25.0 24.0 23.0 22.0 21.0 20.0 19.0 18.0 17.0 16.0 15.0 14.0 13.0 12.0 11.0 
11.0 10.0 9.0 8.0 7.0 6.0 5.0 4.0 3.0 2.0 1.0 0.0 1.0 2.0 3.0 4.0 5.0 6.0 7.0 8.0 9.0 10.0 11.0 12.0 13.0 14.0 15.0 16.0 17.0 18.0 19.0 20.0 21.0 22.0 23.0 24.0 25.0 26.0 27.0 28.0 29.0 30.0 31.0 32.0 31.0 30.0 29.0 28.0 27.0 26.0 25.0 24.0 23.0 22.0 21.0 20.0 19.0 18.0 17.0 16.0 15.0 14.0 13.0 12.0 
12.0 11.0 10.0 9.0 8.0 7.0 6.0 5.0 4.0 3.0 2.0 1.0 0.0 1.0 2.0 3.0 4.0 5.0 6.0 7.0 8.0 9.0 10.0 11.0 12.0 13.0 14.0 15.0 16.0 17.0 18.0 19.0 20.0 21.0 22.0 23.0 24.0 25.0 26.0 27.0 28.0 29.0 30.0 31.0 32.0 31.0 30.0 29.0 28.0 27.0 26.0 25.0 24.0 23.0 22.0 21.0 20.0 19.0 18.0 17.0 16.0 15.0 14.0 13.0 
13.0 12.0 11.0 10.0 9.0 8.0 7.0 6.0 5.0 4.0 3.0 2.0 1.0 0.0 1.0 2.0 3.0 4.0 5.0 6.0 7.0 8.0 9.0 10.0 11.0 12.0 13.0 14.0 15.0 16.0 17.0 18.0 19.0 20.0 21.0 22.0 23.0 24.0 25.0 26.0 27.0 28.0 29.0 30.0 31.0 32.0 31.0 30.0 29.0 28.0 27.0 26.0 25.0 24.0 23.0 22.0 21.0 20.0 19.0 18.0 17.0 16.0 15.0 14.0 
14.0 13.0 12.0 11.0 10.0 9.0 8.0 7.0 6.0 5.0 4.0 3.0 2.0 1.0 0.0 1.0 2.0 3.0 4.0 5.0 6.0 7.0 8.0 9.0 10.0 11.0 12.0 13.0 14.0 15.0 16.0 17.0 18.0 19.0 20.0 21.0 22.0 23.0 24.0 25.0 26.0 27.0 28.0 29.0 30.0 31.0 32.0 31.0 30.0 29.0 28.0 27.0 26.0 25.0 24.0 23.0 22.0 21.0 20.0 19.0 18.0 17.0 16.0 15.0 
15.0 14.0 13.0 12.0 11.0 10.0 9.0 8.0 7.0 6.0 5.0 4.0 3.0 2.0 1.0 0.0 1.0 2.0 3.0 4.0 5.0 6.0 7.0 8.0 9.0 10.0 11.0 12.0 13.0 14.0 15.0 16.0 17.0 18.0 19.0 20.0 21.0 22.0 23.0 24.0 25.0 26.0 27.0 28.0 29.0 30.0 31.0 32.0 31.0 30.0 29.0 28.0 27.0 26.0 25.0 24.0 23.0 22.0 21.0 20.0 19.0 18.0 17.0 16.0 
16.0 15.0 14.0 13.0 12.0 11.0 10.0 9.0 8.0 7.0 6.0 5.0 4.0 3.0 2.0 1.0 0.0 1.0 2.0 3.0 4.0 5.0 6.0 7.0 8.0 9.0 10.0 11.0 12.0 13.0 14.0 15.0 16.0 17.0 18.0 19.0 20.0 21.0 22.0 23.0 24.0 25.0 26.0 27.0 28.0 29.0 30.0 31.0 32.0 31.0 30.0 29.0 28.0 27.0 26.0 25.0 24.0 23.0 22.0 21.0 20.0 19.0 18.0 17.0 
17.0 16.0 15.0 14.0 13.0 12.0 11.0 10.0 9.0 8.0 7.0 6.0 5.0 4.0 3.0 2.0 1.0 0.0 1.0 2.0 3.0 4.0 5.0 6.0 7.0 8.0 9.0 10.0 11.0 12.0 13.0 14.0 15.0 16.0 17.0 18.0 19.0 20.0 21.0 22.0 23.0 24.0 25.0 26.0 27.0 28.0 29.0 30.0 31.0 32.0 31.0 30.0 29.0 28.0 27.0 26.0 25.0 24.0 23.0 22.0 21.0 20.0 19.0 18.0 
18.0 17.0 16.0 15.0 14.0 13.0 12.0 11.0 10.0 9.0 8.0 7.0 6.0 5.0 4.0 3.0 2.0 1.0 0.0 1.0 2.0 3.0 4.0 5.0 6.0 7.0 8.0 9.0 10.0 11.0 12.0 13.0 14.0 15.0 16.0 17.0 18.0 19.0 20.0 21.0 22.0 23.0 24.0 25.0 26.0 27.0 28.0 29.0 30.0 31.0 32.0 31.0 30.0 29.0 28.0 27.0 26.0 25.0 24.0 23.0 22.0 21.0 20.0 19.0 
19.0 18.0 17.0 16.0 15.0 14.0 13.0 12.0 11.0 10.0 9.0 8.0 7.0 6.0 5.0 4.0 3.0 2.0 1.0 0.0 1.0 2.0 3.0 4.0 5.0 6.0 7.0 8.0 9.0 10.0 11.0 12.0 13.0 14.0 15.0 16.0 17.0 18.0 19.0 20.0 21.0 22.0 23.0 24.0 25.0 26.0 27.0 28.0 29.0 30.0 31.0 32.0 31.0 30.0 29.0 28.0 27.0 26.0 25.0 24.0 23.0 22.0 21.0 20.0 
20.0 19.0 18.0 17.0 16.0 15.0 14.0 13.0 12.0 11.0 10.0 9.0 8.0 7.0 6.0 5.0 4.0 3.0 2.0 1.0 0.0 1.0 2.0 3.0 4.0 5.0 6.0 7.0 8.0 9.0 10.0 11.0 12.0 13.0 14.0 15.0 16.0 17.0 18.0 19.0 20.0 21.0 22.0 23.0 24.0 25.0 26.0 27.0 28.0 29.0 30.0 31.0 32.0 31.0 30.0 29.0 28.0 27.0 26.0 25.0 24.0 23.0 22.0 21.0 
21.0 20.0 19.0 18.0 17.0 16.0 15.0 14.0 13.0 12.0 11.0 10.0 9.0 8.0 7.0 6.0 5.0 4.0 3.0 2.0 1.0 0.0 1.0 2.0 3.0 4.0 5.0 6.0 7.0 8.0 9.0 10.0 11.0 12.0 13.0 14.0 15.0 16.0 17.0 18.0 19.0 20.0 21.0 22.0 23.0 24.0 25.0 26.0 27.0 28.0 29.0 30.0 31.0 32.0 31.0 30.0 29.0 28.0 27.0 26.0 25.0 24.0 23.0 22.0 
22.0 21.0 20.0 19.0 18.0 17.0 16.0 15.0 14.0 13.0 12.0 11.0 10.0 9.0 8.0 7.0 6.0 5.0 4.0 3.0 2.0 1.0 0.0 1.0 2.0 3.0 4.0 5.0 6.0 7.0 8.0 9.0 10.0 11.0 12.0 13.0 14.0 15.0 16.0 17.0 18.0 19.0 20.0 21.0 22.0 23.0 24.0 25.0 26.0 27.0 28.0 29.0 30.0 31.0 32.0 31.0 30.0 29.0 28.0 27.0 26.0 25.0 24.0 23.0 
23.0 22.0 21.0 20.0 19.0 18.0 17.0 16.0 15.0 14.0 13.0 12.0 11.0 10.0 9.0 8.0 7.0 6.0 5.0 4.0 3.0 2.0 1.0 0.0 1.0 2.0 3.0 4.0 5.0 6.0 7.0 8.0 9.0 10.0 11.0 12.0 13.0 14.0 15.0 16.0 17.0 18.0 19.0 20.0 21.0 22.0 23.0 24.0 25.0 26.0 27.0 28.0 29.0 30.0 31.0 32.0 31.0 30.0 29.0 28.0 27.0 26.0 25.0 24.0 
24.0 23.0 22.0 21.0 20.0 19.0 18.0 17.0 16.0 15.0 14.0 13.0 12.0 11.0 10.0 9.0 8.0 7.0 6.0 5.0 4.0 3.0 2.0 1.0 0.0 1.0 2.0 3.0 4.0 5.0 6.0 7.0 8.0 9.0 10.0 11.0 12.0 13.0 14.0 15.0 16.0 17.0 18.0 19.0 20.0 21.0 22.0 23.0 24.0 25.0 26.0 27.0 28.0 29.0 30.0 31.0 32.0 31.0 30.0 29.0 28.0 27.0 26.0 25.0 
25.0 24.0 23.0 22.0 21.0 20.0 19.0 18.0 17.0 16.0 15.0 14.0 13.0 12.0 11.0 10.0 9.0 8.0 7.0 6.0 5.0 4.0 3.0 2.0 1.0 0.0 1.0 2.0 3.0 4.0 5.0 6.0 7.0 8.0 9.0 10.0 11.0 12.0 13.0 14.0 15.0 16.0 17.0 18.0 19.0 20.0 21.0 22.0 23.0 24.0 25.0 26.0 27.0 28.0 29.0 30.0 31.0 32.0 31.0 30.0 29.0 28.0 27.0 26.0 
26.0 25.0 24.0 23.0 22.0 21.0 20.0 19.0 18.0 17.0 16.0 15.0 14.0 13.0 12.0 11.0 10.0 9.0 8.0 7.0 6.0 5.0 4.0 3.0 2.0 1.0 0.0 1.0 2.0 3.0 4.0 5.0 6.0 7.0 8.0 9.0 10.0 11.0 12.0 13.0 14.0 15.0 16.0 17.0 18.0 19.0 20.0 21.0 22.0 23.0 24.0 25.0 26.0 27.0 28.0 29.0 30.0 31.0 32.0 31.0 30.0 29.0 28.0 27.0 
27.0 26.0 25.0 24.0 23.0 22.0 21.0 20.0 19.0 18.0 17.0 16.0 15.0 14.0 13.0 12.0 11.0 10.0 9.0 8.0 7.0 6.0 5.0 4.0 3.0 2.0 1.0 0.0 1.0 2.0 3.0 4.0 5.0 6.0 7.0 8.0 9.0 10.0 11.0 12.0 13.0 14.0 15.0 16.0 17.0 18.0 19.0 20.0 21.0 22.0 23.0 24.0 25.0 26.0 27.0 28.0 29.0 30.0 31.0 32.0 31.0 30.0 29.0 28.0 
28.0 27.0 26.0 25.0 24.0 23.0 22.0 21.0 20.0 19.0 18.0 17.0 16.0 15.0 14.0 13.0 12.0 11.0 10.0 9.0 8.0 7.0 6.0 5.0 4.0 3.0 2.0 1.0 0.0 1.0 2.0 3.0 4.0 5.0 6.0 7.0 8.0 9.0 10.0 11.0 12.0 13.0 14.0 15.0 16.0 17.0 18.0 19.0 20.0 21.0 22.0 23.0 24.0 25.0 26.0 27.0 28.0 29.0 30.0 31.0 32.0 31.0 30.0 29.0 
29.0 28.0 27.0 26.0 25.0 24.0 23.0 22.0 21.0 20.0 19.0 18.0 17.0 16.0 15.0 14.0 13.0 12.0 11.0 10.0 9.0 8.0 7.0 6.0 5.0 4.0 3.0 2.0 1.0 0.0 1.0 2.0 3.0 4.0 5.0 6.0 7.0 8.0 9.0 10.0 11.0 12.0 13.0 14.0 15.0 16.0 17.0 18.0 19.0 20.0 21.0 22.0 23.0 24.0 25.0 26.0 27.0 28.0 29.0 30.0 31.0 32.0 31.0 30.0 
30.0 29.0 28.0 27.0 26.0 25.0 24.0 23.0 22.0 21.0 20.0 19.0 18.0 17.0 16.0 15.0 14.0 13.0 12.0 11.0 10.0 9.0 8.0 7.0 6.0 5.0 4.0 3.0 2.0 1.0 0.0 1.0 2.0 3.0 4.0 5.0 6.0 7.0 8.0 9.0 10.0 11.0 12.0 13.0 14.0 15.0 16.0 17.0 18.0 19.0 20.0 21.0 22.0 23.0 24.0 25.0 26.0 27.0 28.0 29.0 30.0 31.0 32.0 31.0 
31.0 30.0 29.0 28.0 27.0 26.0 25.0 24.0 23.0 22.0 21.0 20.0 19.0 18.0 17.0 16.0 15.0 14.0 13.0 12.0 11.0 10.0 9.0 8.0 7.0 6.0 5.0 4.0 3.0 2.0 1.0 0.0 1.0 2.0 3.0 4.0 5.0 6.0 7.0 8.0 9.0 10.0 11.0 12.0 13.0 14.0 15.0 16.0 17.0 18.0 19.0 20.0 21.0 22.0 23.0 24.0 25.0 26.0 27.0 28.0 29.0 30.0 31.0 32.0 
32.0 31.0 30.0 29.0 28.0 27.0 26.0 25.0 24.0 23.0 22.0 21.0 20.0 19.0 18.0 17.0 16.0 15.0 14.0 13.0 12.0 11.0 10.0 9.0 8.0 7.0 6.0 5.0 4.0 3.0 2.0 1.0 0.0 1.0 2.0 3.0 4.0 5.0 6.0 7.0 8.0 9.0 10.0 11.0 12.0 13.0 14.0 15.0 16.0 17.0 18.0 19.0 20.0 21.0 22.0 23.0 24.0 25.0 26.0 27.0 28.0 29.0 30.0 31.0 
31.0 32.0 31.0 30.0 29.0 28.0 27.0 26.0 25.0 24.0 23.0 22.0 21.0 20.0 19.0 18.0 17.0 16.0 15.0 14.0 13.0 12.0 11.0 10.0 9.0 8.0 7.0 6.0 5.0 4.0 3.0 2.0 1.0 0.0 1.0 2.0 3.0 4.0 5.0 6.0 7.0 8.0 9.0 10.0 11.0 12.0 13.0 14.0 15.0 16.0 17.0 18.0 19.0 20.0 21.0 22.0 23.0 24.0 25.0 26.0 27.0 28.0 29.0 30.0 
30.0 31.0 32.0 31.0 30.0 29.0 28.0 27.0 26.0 25.0 24.0 23.0 22.0 21.0 20.0 19.0 18.0 17.0 16.0 15.0 14.0 13.0 12.0 11.0 10.0 9.0 8.0 7.0 6.0 5.0 4.0 3.0 2.0 1.0 0.0 1.0 2.0 3.0 4.0 5.0 6.0 7.0 8.0 9.0 10.0 11.0 12.0 13.0 14.0 15.0 16.0 17.0 18.0 19.0 20.0 21.0 22.0 23.0 24.0 25.0 26.0 27.0 28.0 29.0 
29.0 30.0 31.0 32.0 31.0 30.0 29.0 28.0 27.0 26.0 25.0 24.0 23.0 22.0 21.0 20.0 19.0 18.0 17.0 16.0 15.0 14.0 13.0 12.0 11.0 10.0 9.0 8.0 7.0 6.0 5.0 4.0 3.0 2.0 1.0 0.0 1.0 2.0 3.0 4.0 5.0 6.0 7.0 8.0 9.0 10.0 11.0 12.0 13.0 14.0 15.0 16.0 17.0 18.0 19.0 20.0 21.0 22.0 23.0 24.0 25.0 26.0 27.0 28.0 
28.0 29.0 30.0 31.0 32.0 31.0 30.0 29.0 28.0 27.0 26.0 25.0 24.0 23.0 22.0 21.0 20.0 19.0 18.0 17.0 16.0 15.0 14.0 13.0 12.0 11.0 10.0 9.0 8.0 7.0 6.0 5.0 4.0 3.0 2.0 1.0 0.0 1.0 2.0 3.0 4.0 5.0 6.0 7.0 8.0 9.0 10.0 11.0 12.0 13.0 14.0 15.0 16.0 17.0 18.0 19.0 20.0 21.0 22.0 23.0 24.0 25.0 26.0 27.0 
27.0 28.0 29.0 30.0 31.0 32.0 31.0 30.0 29.0 28.0 27.0 26.0 25.0 24.0 23.0 22.0 21.0 20.0 19.0 18.0 17.0 16.0 15.0 14.0 13.0 12.0 11.0 10.0 9.0 8.0 7.0 6.0 5.0 4.0 3.0 2.0 1.0 0.0 1.0 2.0 3.0 4.0 5.0 6.0 7.0 8.0 9.0 10.0 11.0 12.0 13.0 14.0 15.0 16.0 17.0 18.0 19.0 20.0 21.0 22.0 23.0 24.0 25.0 26.0 
26.0 27.0 28.0 29.0 30.0 31.0 32.0 31.0 30.0 29.0 28.0 27.0 26.0 25.0 24.0 23.0 22.0 21.0 20.0 19.0 18.0 17.0 16.0 15.0 14.0 13.0 12.0 11.0 10.0 9.0 8.0 7.0 6.0 5.0 4.0 3.0 2.0 1.0 0.0 1.0 2.0 3.0 4.0 5.0 6.0 7.0 8.0 9.0 10.0 11.0 12.0 13.0 14.0 15.0 16.0 17.0 18.0 19.0 20.0 21.0 22.0 23.0 24.0 25.0 
25.0 26.0 27.0 28.0 29.0 30.0 31.0 32.0 31.0 30.0 29.0 28.0 27.0 26.0 25.0 24.0 23.0 22.0 21.0 20.0 19.0 18.0 17.0 16.0 15.0 14.0 13.0 12.0 11.0 10.0 9.0 8.0 7.0 6.0 5.0 4.0 3.0 2.0 1.0 0.0 1.0 2.0 3.0 4.0 5.0 6.0 7.0 8.0 9.0 10.0 11.0 12.0 13.0 14.0 15.0 16.0 17.0 18.0 19.0 20.0 21.0 22.0 23.0 24.0 
24.0 25.0 26.0 27.0 28.0 29.0 30.0 31.0 32.0 31.0 30.0 29.0 28.0 27.0 26.0 25.0 24.0 23.0 22.0 21.0 20.0 19.0 18.0 17.0 16.0 15.0 14.0 13.0 12.0 11.0 10.0 9.0 8.0 7.0 6.0 5.0 4.0 3.0 2.0 1.0 0.0 1.0 2.0 3.0 4.0 5.0 6.0 7.0 8.0 9.0 10.0 11.0 12.0 13.0 14.0 15.0 16.0 17.0 18.0 19.0 20.0 21.0 22.0 23.0 
23.0 24.0 25.0 26.0 27.0 28.0 29.0 30.0 31.0 32.0 31.0 30.0 29.0 28.0 27.0 26.0 25.0 24.0 23.0 22.0 21.0 20.0 19.0 18.0 17.0 16.0 15.0 14.0 13.0 12.0 11.0 10.0 9.0 8.0 7.0 6.0 5.0 4.0 3.0 2.0 1.0 0.0 1.0 2.0 3.0 4.0 5.0 6.0 7.0 8.0 9.0 10.0 11.0 12.0 13.0 14.0 15.0 16.0 17.0 18.0 19.0 20.0 21.0 22.0 
22.0 23.0 24.0 25.0 26.0 27.0 28.0 29.0 30.0 31.0 32.0 31.0 30.0 29.0 28.0 27.0 26.0 25.0 24.0 23.0 22.0 21.0 20.0 19.0 18.0 17.0 16.0 15.0 14.0 13.0 12.0 11.0 10.0 9.0 8.0 7.0 6.0 5.0 4.0 3.0 2.0 1.0 0.0 1.0 2.0 3.0 4.0 5.0 6.0 7.0 8.0 9.0 10.0 11.0 12.0 13.0 14.0 15.0 16.0 17.0 18.0 19.0 20.0 21.0 
21.0 22.0 23.0 24.0 25.0 26.0 27.0 28.0 29.0 30.0 31.0 32.0 31.0 30.0 29.0 28.0 27.0 26.0 25.0 24.0 23.0 22.0 21.0 20.0 19.0 18.0 17.0 16.0 15.0 14.0 13.0 12.0 11.0 10.0 9.0 8.0 7.0 6.0 5.0 4.0 3.0 2.0 1.0 0.0 1.0 2.0 3.0 4.0 5.0 6.0 7.0 8.0 9.0 10.0 11.0 12.0 13.0 14.0 15.0 16.0 17.0 18.0 19.0 20.0 
20.0 21.0 22.0 23.0 24.0 25.0 26.0 27.0 28.0 29.0 30.0 31.0 32.0 31.0 30.0 29.0 28.0 27.0 26.0 25.0 24.0 23.0 22.0 21.0 20.0 19.0 18.0 17.0 16.0 15.0 14.0 13.0 12.0 11.0 10.0 9.0 8.0 7.0 6.0 5.0 4.0 3.0 2.0 1.0 0.0 1.0 2.0 3.0 4.0 5.0 6.0 7.0 8.0 9.0 10.0 11.0 12.0 13.0 14.0 15.0 16.0 17.0 18.0 19.0 
19.0 20.0 21.0 22.0 23.0 24.0 25.0 26.0 27.0 28.0 29.0 30.0 31.0 32.0 31.0 30.0 29.0 28.0 27.0 26.0 25.0 24.0 23.0 22.0 21.0 20.0 19.0 18.0 17.0 16.0 15.0 14.0 13.0 12.0 11.0 10.0 9.0 8.0 7.0 6.0 5.0 4.0 3.0 2.0 1.0 0.0 1.0 2.0 3.0 4.0 5.0 6.0 7.0 8.0 9.0 10.0 11.0 12.0 13.0 14.0 15.0 16.0 17.0 18.0 
18.0 19.0 20.0 21.0 22.0 23.0 24.0 25.0 26.0 27.0 28.0 29.0 30.0 31.0 32.0 31.0 30.0 29.0 28.0 27.0 26.0 25.0 24.0 23.0 22.0 21.0 20.0 19.0 18.0 17.0 16.0 15.0 14.0 13.0 12.0 11.0 10.0 9.0 8.0 7.0 6.0 5.0 4.0 3.0 2.0 1.0 0.0 1.0 2.0 3.0 4.0 5.0 6.0 7.0 8.0 9.0 10.0 11.0 12.0 13.0 14.0 15.0 16.0 17.0 
17.0 18.0 19.0 20.0 21.0 22.0 23.0 24.0 25.0 26.0 27.0 28.0 29.0 30.0 31.0 32.0 31.0 30.0 29.0 28.0 27.0 26.0 25.0 24.0 23.0 22.0 21.0 20.0 19.0 18.0 17.0 16.0 15.0 14.0 13.0 12.0 11.0 10.0 9.0 8.0 7.0 6.0 5.0 4.0 3.0 2.0 1.0 0.0 1.0 2.0 3.0 4.0 5.0 6.0 7.0 8.0 9.0 10.0 11.0 12.0 13.0 14.0 15.0 16.0 
16.0 17.0 18.0 19.0 20.0 21.0 22.0 23.0 24.0 25.0 26.0 27.0 28.0 29.0 30.0 31.0 32.0 31.0 30.0 29.0 28.0 27.0 26.0 25.0 24.0 23.0 22.0 21.0 20.0 19.0 18.0 17.0 16.0 15.0 14.0 13.0 12.0 11.0 10.0 9.0 8.0 7.0 6.0 5.0 4.0 3.0 2.0 1.0 0.0 1.0 2.0 3.0 4.0 5.0 6.0 7.0 8.0 9.0 10.0 11.0 12.0 13.0 14.0 15.0 
15.0 16.0 17.0 18.0 19.0 20.0 21.0 22.0 23.0 24.0 25.0 26.0 27.0 28.0 29.0 30.0 31.0 32.0 31.0 30.0 29.0 28.0 27.0 26.0 25.0 24.0 23.0 22.0 21.0 20.0 19.0 18.0 17.0 16.0 15.0 14.0 13.0 12.0 11.0 10.0 9.0 8.0 7.0 6.0 5.0 4.0 3.0 2.0 1.0 0.0 1.0 2.0 3.0 4.0 5.0 6.0 7.0 8.0 9.0 10.0 11.0 12.0 13.0 14.0 
14.0 15.0 16.0 17.0 18.0 19.0 20.0 21.0 22.0 23.0 24.0 25.0 26.0 27.0 28.0 29.0 30.0 31.0 32.0 31.0 30.0 29.0 28.0 27.0 26.0 25.0 24.0 23.0 22.0 21.0 20.0 19.0 18.0 17.0 16.0 15.0 14.0 13.0 12.0 11.0 10.0 9.0 8.0 7.0 6.0 5.0 4.0 3.0 2.0 1.0 0.0 1.0 2.0 3.0 4.0 5.0 6.0 7.0 8.0 9.0 10.0 11.0 12.0 13.0 
13.0 14.0 15.0 16.0 17.0 18.0 19.0 20.0 21.0 22.0 23.0 24.0 25.0 26.0 27.0 28.0 29.0 30.0 31.0 32.0 31.0 30.0 29.0 28.0 27.0 26.0 25.0 24.0 23.0 22.0 21.0 20.0 19.0 18.0 17.0 16.0 15.0 14.0 13.0 12.0 11.0 10.0 9.0 8.0 7.0 6.0 5.0 4.0 3.0 2.0 1.0 0.0 1.0 2.0 3.0 4.0 5.0 6.0 7.0 8.0 9.0 10.0 11.0 12.0 
12.0 13.0 14.0 15.0 16.0 17.0 18.0 19.0 20.0 21.0 22.0 23.0 24.0 25.0 26.0 27.0 28.0 29.0 30.0 31.0 32.0 31.0 30.0 29.0 28.0 27.0 26.0 25.0 24.0 23.0 22.0 21.0 20.0 19.0 18.0 17.0 16.0 15.0 14.0 13.0 12.0 11.0 10.0 9.0 8.0 7.0 6.0 5.0 4.0 3.0 2.0 1.0 0.0 1.0 2.0 3.0 4.0 5.0 6.0 7.0 8.0 9.0 10.0 11.0 
11.0 12.0 13.0 14.0 15.0 16.0 17.0 18.0 19.0 20.0 21.0 22.0 23.0 24.0 25.0 26.0 27.0 28.0 29.0 30.0 31.0 32.0 31.0 30.0 29.0 28.0 27.0 26.0 25.0 24.0 23.0 22.0 21.0 20.0 19.0 18.0 17.0 16.0 15.0 14.0 13.0 12.0 11.0 10.0 9.0 8.0 7.0 6.0 5.0 4.0 3.0 2.0 1.0 0.0 1.0 2.0 3.0 4.0 5.0 6.0 7.0 8.0 9.0 10.0 
10.0 11.0 12.0 13.0 14.0 15.0 16.0 17.0 18.0 19.0 20.0 21.0 22.0 23.0 24.0 25.0 26.0 27.0 28.0 29.0 30.0 31.0 32.0 31.0 30.0 29.0 28.0 27.0 26.0 25.0 24.0 23.0 22.0 21.0 20.0 19.0 18.0 17.0 16.0 15.0 14.0 13.0 12.0 11.0 10.0 9.0 8.0 7.0 6.0 5.0 4.0 3.0 2.0 1.0 0.0 1.0 2.0 3.0 4.0 5.0 6.0 7.0 8.0 9.0 
9.0 10.0 11.0 12.0 13.0 14.0 15.0 16.0 17.0 18.0 19.0 20.0 21.0 22.0 23.0 24.0 25.0 26.0 27.0 28.0 29.0 30.0 31.0 32.0 31.0 30.0 29.0 28.0 27.0 26.0 25.0 24.0 23.0 22.0 21.0 20.0 19.0 18.0 17.0 16.0 15.0 14.0 13.0 12.0 11.0 10.0 9.0 8.0 7.0 6.0 5.0 4.0 3.0 2.0 1.0 0.0 1.0 2.0 3.0 4.0 5.0 6.0 7.0 8.0 
8.0 9.0 10.0 11.0 12.0 13.0 14.0 15.0 16.0 17.0 18.0 19.0 20.0 21.0 22.0 23.0 24.0 25.0 26.0 27.0 28.0 29.0 30.0 31.0 32.0 31.0 30.0 29.0 28.0 27.0 26.0 25.0 24.0 23.0 22.0 21.0 20.0 19.0 18.0 17.0 16.0 15.0 14.0 13.0 12.0 11.0 10.0 9.0 8.0 7.0 6.0 5.0 4.0 3.0 2.0 1.0 0.0 1.0 2.0 3.0 4.0 5.0 6.0 7.0 
7.0 8.0 9.0 10.0 11.0 12.0 13.0 14.0 15.0 16.0 17.0 18.0 19.0 20.0 21.0 22.0 23.0 24.0 25.0 26.0 27.0 28.0 29.0 30.0 31.0 32.0 31.0 30.0 29.0 28.0 27.0 26.0 25.0 24.0 23.0 22.0 21.0 20.0 19.0 18.0 17.0 16.0 15.0 14.0 13.0 12.0 11.0 10.0 9.0 8.0 7.0 6.0 5.0 4.0 3.0 2.0 1.0 0.0 1.0 2.0 3.0 4.0 5.0 6.0 
6.0 7.0 8.0 9.0 10.0 11.0 12.0 13.0 14.0 15.0 16.0 17.0 18.0 19.0 20.0 21.0 22.0 23.0 24.0 25.0 26.0 27.0 28.0 29.0 30.0 31.0 32.0 31.0 30.0 29.0 28.0 27.0 26.0 25.0 24.0 23.0 22.0 21.0 20.0 19.0 18.0 17.0 16.0 15.0 14.0 13.0 12.0 11.0 10.0 9.0 8.0 7.0 6.0 5.0 4.0 3.0 2.0 1.0 0.0 1.0 2.0 3.0 4.0 5.0 
5.0 6.0 7.0 8.0 9.0 10.0 11.0 12.0 13.0 14.0 15.0 16.0 17.0 18.0 19.0 20.0 21.0 22.0 23.0 24.0 25.0 26.0 27.0 28.0 29.0 30.0 31.0 32.0 31.0 30.0 29.0 28.0 27.0 26.0 25.0 24.0 23.0 22.0 21.0 20.0 19.0 18.0 17.0 16.0 15.0 14.0 13.0 12.0 11.0 10.0 9.0 8.0 7.0 6.0 5.0 4.0 3.0 2.0 1.0 0.0 1.0 2.0 3.0 4.0 
4.0 5.0 6.0 7.0 8.0 9.0 10.0 11.0 12.0 13.0 14.0 15.0 16.0 17.0 18.0 19.0 20.0 21.0 22.0 23.0 24.0 25.0 26.0 27.0 28.0 29.0 30.0 31.0 32.0 31.0 30.0 29.0 28.0 27.0 26.0 25.0 24.0 23.0 22.0 21.0 20.0 19.0 18.0 17.0 16.0 15.0 14.0 13.0 12.0 11.0 10.0 9.0 8.0 7.0 6.0 5.0 4.0 3.0 2.0 1.0 0.0 1.0 2.0 3.0 
3.0 4.0 5.0 6.0 7.0 8.0 9.0 10.0 11.0 12.0 13.0 14.0 15.0 16.0 17.0 18.0 19.0 20.0 21.0 22.0 23.0 24.0 25.0 26.0 27.0 28.0 29.0 30.0 31.0 32.0 31.0 30.0 29.0 28.0 27.0 26.0 25.0 24.0 23.0 22.0 21.0 20.0 19.0 18.0 17.0 16.0 15.0 14.0 13.0 12.0 11.0 10.0 9.0 8.0 7.0 6.0 5.0 4.0 3.0 2.0 1.0 0.0 1.0 2.0 
2.0 3.0 4.0 5.0 6.0 7.0 8.0 9.0 10.0 11.0 12.0 13.0 14.0 15.0 16.0 17.0 18.0 19.0 20.0 21.0 22.0 23.0 24.0 25.0 26.0 27.0 28.0 29.0 30.0 31.0 32.0 31.0 30.0 29.0 28.0 27.0 26.0 25.0 24.0 23.0 22.0 21.0 20.0 19.0 18.0 17.0 16.0 15.0 14.0 13.0 12.0 11.0 10.0 9.0 8.0 7.0 6.0 5.0 4.0 3.0 2.0 1.0 0.0 1.0 
1.0 2.0 3.0 4.0 5.0 6.0 7.0 8.0 9.0 10.0 11.0 12.0 13.0 14.0 15.0 16.0 17.0 18.0 19.0 20.0 21.0 22.0 23.0 24.0 25.0 26.0 27.0 28.0 29.0 30.0 31.0 32.0 31.0 30.0 29.0 28.0 27.0 26.0 25.0 24.0 23.0 22.0 21.0 20.0 19.0 18.0 17.0 16.0 15.0 14.0 13.0 12.0 11.0 10.0 9.0 8.0 7.0 6.0 5.0 4.0 3.0 2.0 1.0 0.0 