64 0.0 2048.0 430 12494
53 50 54 12 46 41 52 48 37 15 13 65 99 49 95 1 11 64 23 51 33 80 89 5 10 15 80 52 66 71 74 8 76 45 39 61 18 89 78 46 34 14 36 84 95 65 21 98 10 9 87 31 40 62 2 17 27 20 33 84 100 17 91 75 
20 63 64 9 77 87 82 67 95 50 50 70 29 57 5 5 47 37 78 85 16 14 49 86 73 46 66 45 20 72 6 61 71 37 87 30 87 91 57 55 95 30 70 4 55 15 7 50 76 96 28 15 79 27 94 79 10 3 41 6 79 63 62 38 
7 86 95 8 92 42 44 24 28 86 32 25 54 33 27 3 57 3 91 15 61 82 47 38 42 81 52 61 64 18 63 15 32 52 79 30 70 1 96 52 58 45 22 44 17 57 38 64 44 36 71 63 83 27 6 41 63 43 2 89 57 72 38 10 
33 68 89 88 42 17 26 49 8 16 17 60 54 3 64 91 80 90 39 69 94 57 30 61 60 63 78 16 13 48 10 100 39 78 5 25 99 27 67 9 77 58 51 31 87 51 5 26 4 64 17 40 83 52 51 2 45 59 100 19 85 41 71 23 
92 19 7 38 34 79 65 29 47 12 34 12 99 51 46 49 90 93 17 94 84 53 79 54 59 62 26 54 71 100 53 18 51 35 77 8 66 29 79 16 10 46 98 90 82 42 48 20 66 61 3 67 28 69 84 36 5 25 64 32 40 49 18 46 
47 86 3 29 83 37 75 92 1 63 94 15 43 72 31 98 28 5 9 85 65 64 74 33 31 46 4 67 31 8 75 96 3 43 74 100 1 45 41 67 7 87 38 28 89 91 78 3 11 7 50 59 34 67 86 33 85 7 48 28 97 73 9 20 
20 64 48 32 5 97 35 22 33 44 64 14 44 86 85 31 85 56 79 28 82 76 45 40 34 33 25 92 19 97 81 83 33 93 57 27 1 42 6 11 46 14 39 12 45 29 68 51 12 1 13 94 91 2 79 58 74 68 38 2 39 8 72 5 
63 6 38 52 28 28 41 36 95 20 25 20 50 58 73 49 32 42 56 39 63 39 89 16 20 99 38 96 10 56 37 36 35 66 48 45 3 26 51 20 83 36 71 12 40 84 58 3 22 56 79 38 41 57 29 88 7 71 3 80 80 25 93 49 
68 53 61 79 21 37 22 97 88 90 16 74 65 77 100 44 91 84 29 44 47 60 76 6 63 99 17 4 7 5 82 65 55 29 69 58 2 66 73 25 39 30 100 46 57 79 89 62 55 72 97 54 2 58 68 75 90 13 74 93 90 91 92 77 
95 16 84 11 34 74 59 80 26 74 35 66 61 39 3 36 16 66 54 33 44 64 8 12 83 86 48 18 34 44 33 16 35 11 16 36 25 3 72 52 89 16 60 71 60 34 25 75 98 36 31 83 52 5 63 79 5 93 6 81 15 43 5 43 
92 85 45 5 29 37 22 7 3 91 43 79 78 57 46 11 22 31 43 18 33 92 7 81 28 56 51 81 26 13 30 50 76 20 70 86 48 35 53 40 31 88 39 4 88 60 81 79 2 29 33 29 32 6 69 18 71 77 23 83 99 86 88 95 
95 4 86 64 74 85 98 98 68 82 75 90 20 21 94 36 85 67 2 38 69 9 46 3 95 18 9 40 78 77 41 88 36 86 67 76 34 78 14 77 15 32 37 80 71 96 54 92 71 88 39 66 23 75 56 60 47 18 22 16 24 22 57 76 
70 38 64 11 68 86 12 44 28 20 69 61 15 5 63 10 23 28 92 78 16 28 59 59 11 100 92 90 64 1 24 35 1 83 63 72 71 36 29 32 94 33 19 12 85 88 46 1 27 31 13 38 95 81 15 31 8 43 26 21 60 68 41 76 
53 34 94 53 5 76 90 67 77 18 100 55 78 17 97 16 21 97 92 22 83 2 16 70 67 48 83 15 67 78 50 75 58 30 53 81 71 28 31 28 23 54 38 70 31 52 17 53 43 34 64 23 50 41 14 57 53 62 46 14 100 25 17 80 
63 87 51 74 90 88 18 24 18 79 17 57 93 95 98 90 59 11 73 50 29 48 46 46 86 81 6 18 61 47 49 67 1 92 64 69 71 34 66 84 30 21 68 11 52 61 28 74 51 79 41 96 45 36 82 38 84 67 75 6 42 78 66 10 
2 7 16 64 17 16 28 44 13 63 90 69 76 60 32 95 74 18 3 12 61 74 60 5 28 57 20 88 25 40 27 54 94 18 70 8 80 85 41 27 84 40 71 91 70 37 12 14 7 92 60 71 69 28 99 57 58 99 36 49 54 63 28 10 
1 98 19 25 90 85 82 58 86 3 38 21 15 43 63 14 45 36 84 81 95 41 92 38 76 95 50 94 36 74 71 47 74 69 13 32 22 30 3 68 83 72 60 49 31 45 27 79 54 10 47 41 97 45 15 92 37 54 83 36 74 24 84 30 
94 23 89 28 86 59 95 67 74 85 94 83 21 81 63 80 71 33 69 90 24 37 91 100 100 13 34 86 2 44 68 77 27 36 58 72 58 80 75 45 68 88 91 71 94 76 36 20 37 91 52 64 51 21 40 96 38 21 86 70 11 20 32 81 
9 66 63 78 48 59 53 8 95 49 97 76 68 4 74 63 40 34 46 21 6 64 54 74 69 97 61 37 39 44 68 15 80 9 58 73 19 31 87 4 53 81 86 20 79 29 4 12 33 6 13 75 17 5 64 80 42 54 42 3 56 7 15 61 
45 85 4 91 46 52 98 79 94 28 26 49 100 18 55 39 88 78 83 20 38 86 51 38 14 80 64 70 60 88 88 82 13 83 67 57 22 8 16 42 73 74 43 38 45 46 63 36 71 26 40 73 61 95 4 74 30 37 79 87 70 73 72 45 
85 89 13 65 85 36 58 29 73 48 91 38 20 50 45 85 27 55 37 5 98 75 58 26 29 67 11 1 64 49 15 46 33 30 25 50 6 70 92 68 83 73 99 58 11 94 94 51 37 4 43 80 23 57 80 51 68 77 55 19 13 78 37 15 
75 56 13 32 44 13 34 70 47 24 95 73 58 36 75 42 9 52 14 4 7 100 21 34 85 93 16 74 47 80 1 55 90 72 39 70 30 96 42 15 67 49 65 66 4 89 69 59 4 17 35 68 87 49 15 40 27 15 40 19 71 37 34 55 
12 67 79 21 37 69 46 30 55 46 89 92 14 1 43 55 11 28 57 48 88 68 48 59 72 88 10 64 48 23 83 58 95 23 4 83 17 31 77 82 57 52 89 32 39 23 60 70 18 20 4 28 21 18 42 5 5 25 52 77 62 84 19 100 
78 93 61 3 93 88 87 90 76 63 52 89 79 3 74 20 84 7 59 1 69 32 62 1 86 67 93 24 29 52 25 10 31 41 51 54 9 63 91 9 20 28 6 83 40 60 81 71 69 78 55 62 50 51 6 73 42 41 92 91 62 69 57 9 
2 55 49 32 79 33 96 93 97 26 92 85 29 73 44 52 63 83 23 45 31 74 14 26 25 92 69 68 5 17 11 62 67 82 54 31 70 55 87 61 94 51 99 66 33 57 64 53 32 79 86 47 61 87 18 27 31 46 47 49 20 66 85 12 
36 83 38 69 83 92 1 79 20 95 17 78 21 100 14 22 27 15 39 59 44 47 60 41 33 94 95 74 47 87 31 5 3 15 55 66 50 51 55 33 64 43 16 23 52 30 22 62 35 23 76 27 4 33 18 4 71 68 66 2 79 16 91 49 
23 18 13 99 27 35 83 33 90 96 67 27 63 95 70 97 51 71 26 68 24 96 61 64 64 3 13 31 59 72 46 94 19 99 43 16 35 84 70 51 1 88 52 28 56 86 73 83 53 12 36 65 44 7 79 34 82 52 49 89 63 85 21 82 
32 4 8 82 46 63 34 26 49 28 23 68 100 21 4 77 88 41 7 67 54 80 27 38 51 50 34 18 74 8 39 100 19 58 10 94 45 16 69 41 43 87 70 55 63 31 81 77 89 3 92 71 77 84 41 40 75 90 20 55 37 7 12 94 
93 42 6 59 97 3 53 88 22 14 63 79 24 95 42 20 17 51 56 13 87 80 72 9 97 9 54 63 41 42 92 3 16 62 25 63 86 38 17 62 81 67 59 39 12 78 36 91 68 32 45 70 50 71 81 74 82 5 42 50 4 68 4 43 
65 98 53 36 14 59 99 78 32 8 11 17 49 46 91 37 18 50 52 55 57 53 77 8 97 16 26 52 30 98 90 6 6 24 99 85 10 71 58 62 91 37 28 79 49 65 63 30 28 11 92 91 20 71 87 8 41 33 97 99 50 76 62 97 
94 53 8 28 81 87 6 70 65 34 42 16 64 34 7 1 37 59 30 62 8 45 75 48 29 51 90 14 53 46 71 73 13 69 63 39 100 93 43 38 53 71 47 92 60 66 39 17 68 13 85 8 7 66 88 72 83 99 99 23 73 23 15 9 
84 46 75 89 62 32 12 98 57 79 84 26 55 64 95 86 23 4 69 81 67 41 48 65 55 88 90 10 5 95 23 39 94 62 54 73 96 93 65 98 79 31 42 27 62 64 18 95 76 80 26 38 46 76 6 63 58 4 77 67 64 5 47 95 
95 28 47 98 80 45 98 55 71 89 34 64 15 64 12 70 48 96 94 5 90 52 84 81 6 60 30 88 75 62 1 26 55 43 70 9 4 63 41 28 28 37 84 89 20 81 98 42 7 27 10 61 35 13 61 21 74 57 57 35 18 23 9 88 
6 77 53 86 23 6 5 63 5 63 87 53 35 34 61 2 78 95 94 8 79 32 36 68 2 85 47 41 28 45 1 35 36 95 85 75 7 51 85 90 54 15 63 87 92 58 88 56 2 26 78 78 10 3 61 51 46 41 23 19 86 61 70 61 
9 72 17 43 11 58 30 46 75 88 96 2 78 32 53 67 75 46 6 41 94 39 65 6 93 63 9 99 79 7 29 3 50 20 9 64 72 75 58 5 29 55 7 75 99 94 51 79 82 56 24 61 40 58 68 77 16 35 82 83 98 97 26 9 
30 41 96 66 22 24 99 97 85 1 21 79 88 85 34 52 89 55 99 56 30 54 67 12 47 48 4 42 68 55 17 5 28 19 24 88 18 40 89 22 35 83 60 72 15 78 27 4 64 55 6 91 55 84 95 21 42 56 41 3 62 21 14 97 
92 7 12 37 41 85 58 60 82 5 70 28 5 49 43 6 97 86 3 20 14 79 53 79 50 56 86 51 78 88 49 79 40 39 22 98 11 33 48 28 65 68 5 52 58 44 80 22 63 44 84 30 95 7 45 79 40 58 99 72 98 25 66 6 
85 86 37 54 57 19 24 83 46 17 48 1 100 83 78 96 79 84 23 72 23 3 57 50 96 64 71 63 95 53 75 55 16 35 70 42 41 59 52 33 93 81 90 77 33 32 62 10 61 39 32 7 89 36 77 9 24 75 25 40 83 35 51 64 
35 44 66 24 22 62 33 22 91 40 96 97 28 40 80 22 50 49 18 29 40 8 18 97 50 62 83 19 71 54 93 11 68 52 56 36 66 4 37 11 52 86 6 69 18 79 67 28 95 17 22 78 71 58 61 44 50 41 17 22 84 90 73 92 
88 98 12 57 16 93 40 81 27 14 76 89 76 84 29 39 18 21 37 51 65 85 7 89 21 7 89 82 34 20 16 29 37 50 86 24 59 74 5 3 91 84 2 94 14 52 47 75 80 20 61 93 66 38 30 19 59 98 1 18 82 27 41 31 
30 50 28 17 28 44 16 88 17 35 5 12 80 54 75 98 82 96 48 71 32 38 32 85 11 8 59 42 78 70 34 25 33 66 53 85 95 96 15 7 28 87 97 75 27 8 76 12 93 92 52 63 2 24 36 36 40 81 76 36 5 39 24 47 
31 68 23 14 29 63 73 7 65 90 31 23 43 3 75 38 5 91 47 24 30 73 89 21 88 69 9 4 33 78 67 10 80 48 90 47 43 47 24 25 84 6 9 82 67 1 6 91 47 23 40 74 48 64 51 80 50 42 90 84 16 75 78 65 
85 4 20 54 36 51 7 48 87 46 43 34 19 98 87 86 43 71 49 31 74 23 16 26 18 23 10 39 62 47 39 35 43 85 34 52 53 83 78 12 42 80 65 27 76 68 22 66 43 25 39 91 70 100 23 16 84 34 92 7 35 30 90 26 
10 76 86 14 77 19 11 6 14 81 9 62 37 77 58 19 37 79 57 60 48 70 77 80 100 48 80 3 73 55 3 63 7 95 57 39 90 31 79 91 98 85 62 75 29 19 38 56 33 58 19 67 51 38 23 69 41 95 48 26 3 84 15 16 
98 61 8 42 3 15 51 57 8 27 39 98 4 69 51 68 67 14 83 64 7 85 97 84 51 19 55 80 98 79 61 91 70 45 60 61 24 25 14 10 7 27 81 4 60 8 35 97 65 24 91 18 67 4 66 83 4 55 20 98 95 79 40 10 
58 60 22 31 67 87 86 69 54 95 12 37 54 54 64 38 3 10 20 87 65 87 33 10 44 32 6 38 14 14 71 36 83 35 44 85 54 51 62 14 52 66 62 77 60 22 21 56 17 98 9 43 54 51 100 69 99 22 62 85 45 56 16 41 
93 64 92 39 36 10 51 96 33 8 75 93 80 85 45 77 79 77 21 99 55 8 63 43 58 95 74 58 27 93 13 88 30 42 58 12 16 58 57 87 85 86 65 54 78 57 19 14 82 100 38 96 33 90 25 12 81 24 42 32 80 18 25 26 
96 44 89 73 38 23 87 59 19 91 33 44 91 14 12 92 100 44 51 84 69 67 30 81 52 84 33 1 66 78 50 19 72 22 5 65 94 54 34 88 46 67 3 27 27 35 96 7 13 1 52 13 66 65 57 31 70 85 85 70 64 66 1 59 
13 57 81 20 25 88 35 32 52 19 48 20 43 11 52 18 70 60 78 40 74 17 10 11 45 65 27 83 27 30 87 81 87 29 4 19 92 28 53 74 67 61 50 24 71 15 41 68 47 83 95 71 39 90 7 35 90 11 31 26 90 42 70 28 
81 30 61 50 69 34 46 97 5 32 86 52 62 31 5 89 71 7 79 90 84 37 22 48 86 26 24 70 30 91 29 84 80 27 11 7 56 18 59 45 34 13 16 87 41 50 100 54 69 15 22 6 89 82 65 52 44 73 52 79 75 26 50 99 
17 46 16 75 27 57 30 77 91 71 81 63 9 14 97 41 45 17 42 71 43 17 16 28 92 91 46 20 38 45 70 81 25 43 72 2 8 78 38 3 43 86 9 54 28 1 46 11 56 22 68 67 85 39 75 29 10 44 10 55 97 31 24 31 
65 12 42 77 88 99 64 66 46 30 48 57 44 36 41 10 74 28 77 67 18 24 63 94 13 66 68 47 69 36 37 29 94 21 92 26 71 2 55 63 33 87 50 16 63 36 78 14 16 22 12 45 95 79 40 16 24 72 72 42 64 89 12 60 
15 3 81 70 36 96 15 88 96 81 39 92 12 3 37 30 36 33 69 63 95 6 53 91 24 99 11 2 53 67 5 76 89 100 83 34 14 93 61 69 9 37 39 3 97 14 69 66 4 56 14 48 70 92 12 69 94 93 5 25 88 31 82 81 
67 100 12 92 93 5 14 49 43 24 31 64 36 6 17 55 81 31 98 89 95 20 53 6 89 36 72 72 66 53 98 95 4 45 48 98 25 93 97 54 11 34 28 91 29 13 53 15 44 7 31 71 1 12 25 74 52 12 35 93 4 82 50 17 
72 10 50 14 73 44 35 72 14 79 11 100 9 96 82 88 78 28 53 95 13 100 85 32 91 20 95 75 47 19 30 26 83 93 21 22 84 89 75 86 30 84 25 91 49 22 44 65 75 16 7 89 38 75 37 52 56 93 69 6 18 50 7 60 
43 52 26 41 9 51 28 50 8 89 39 67 80 27 11 24 94 73 47 55 34 37 62 74 21 40 36 22 3 96 5 69 41 93 84 67 66 89 33 95 86 65 47 15 97 52 8 8 87 21 42 51 39 81 42 47 20 34 24 18 7 12 2 63 
17 63 98 92 74 40 51 7 59 20 17 57 15 91 74 34 93 74 14 93 35 32 95 12 13 53 47 73 54 95 65 50 20 14 37 65 49 52 97 60 77 55 13 86 74 20 69 66 42 35 88 35 44 63 64 78 50 49 12 54 28 51 85 72 
74 69 26 10 23 40 93 87 97 86 5 83 24 49 19 9 39 59 30 67 59 58 100 52 57 57 38 14 53 25 51 81 7 30 13 30 72 44 18 72 49 20 23 15 67 65 21 92 32 25 11 60 60 36 23 3 100 84 12 65 93 87 24 96 
54 89 4 9 27 9 28 12 59 59 39 63 49 86 86 16 85 64 73 66 73 4 42 48 94 9 79 77 23 85 69 52 32 58 39 83 29 37 75 25 18 70 42 69 2 40 35 71 25 38 39 100 67 2 78 56 71 15 8 15 94 34 54 15 
55 50 91 25 58 70 43 91 40 49 100 45 34 24 86 11 61 58 83 19 45 31 38 16 58 84 7 31 80 44 14 30 34 47 49 80 19 28 71 70 48 53 17 13 51 55 59 16 61 72 68 76 29 25 25 14 93 70 30 8 81 84 43 69 
17 43 65 49 6 27 2 54 38 20 37 80 1 8 4 34 83 86 80 75 71 47 85 6 54 46 17 17 21 15 62 91 57 99 2 44 30 6 30 90 33 32 57 76 22 13 25 31 24 43 77 74 99 35 51 31 4 92 54 9 55 48 72 9 
2 85 90 49 83 28 73 52 39 5 83 64 59 58 27 81 72 4 1 42 35 94 56 93 20 87 4 79 86 95 3 19 59 77 42 14 13 76 42 9 39 96 40 71 52 86 63 38 33 57 5 94 78 39 18 8 21 43 8 33 9 77 94 75 
67 99 19 42 65 33 39 84 6 2 96 65 22 44 70 97 58 98 95 58 36 65 87 43 39 25 26 58 67 48 78 52 11 77 72 62 61 85 60 79 5 98 100 18 92 67 34 37 8 57 37 1 65 21 50 9 57 15 52 64 75 80 31 72 
20 22 20 50 68 58 90 1 11 31 76 56 26 11 51 4 10 68 49 22 70 77 86 6 45 34 41 32 11 9 72 38 66 52 94 70 42 46 55 7 66 23 29 43 70 10 65 23 67 23 82 2 83 91 60 87 64 55 26 1 21 60 55 87 
0.0 1.0 2.0 3.0 4.0 5.0 6.0 7.0 8.0 9.0 10.0 11.0 12.0 13.0 14.0 15.0 16.0 17.0 18.0 19.0 20.0 21.0 22.0 23.0 24.0 25.0 26.0 27.0 28.0 29.0 30.0 31.0 32.0 31.0 30.0 29.0 28.0 27.0 26.0 25.0 24.0 23.0 22.0 21.0 20.0 19.0 18.0 17.0 16.0 15.0 14.0 13.0 12.0 11.0 10.0 9.0 8.0 7.0 6.0 5.0 4.0 3.0 2.0 1.0 
1.0 0.0 1.0 2.0 3.0 4.0 5.0 6.0 7.0 8.0 9.0 10.0 11.0 12.0 13.0 14.0 15.0 16.0 17.0 18.0 19.0 20.0 21.0 22.0 23.0 24.0 25.0 26.0 27.0 28.0 29.0 30.0 31.0 32.0 31.0 30.0 29.0 28.0 27.0 26.0 25.0 24.0 23.0 22.0 21.0 20.0 19.0 18.0 17.0 16.0 15.0 14.0 13.0 12.0 11.0 10.0 9.0 8.0 7.0 6.0 5.0 4.0 3.0 2.0 
2.0 1.0 0.0 1.0 2.0 3.0 4.0 5.0 6.0 7.0 8.0 9.0 10.0 11.0 12.0 13.0 14.0 15.0 16.0 17.0 18.0 19.0 20.0 21.0 22.0 23.0 24.0 25.0 26.0 27.0 28.0 29.0 30.0 31.0 32.0 31.0 30.0 29.0 28.0 27.0 26.0 25.0 24.0 23.0 22.0 21.0 20.0 19.0 18.0 17.0 16.0 15.0 14.0 13.0 12.0 11.0 10.0 9.0 8.0 7.0 6.0 5.0 4.0 3.0 
3.0 2.0 1.0 0.0 1.0 2.0 3.0 4.0 5.0 6.0 7.0 8.0 9.0 10.0 11.0 12.0 13.0 14.0 15.0 16.0 17.0 18.0 19.0 20.0 21.0 22.0 23.0 24.0 25.0 26.0 27.0 28.0 29.0 30.0 31.0 32.0 31.0 30.0 29.0 28.0 27.0 26.0 25.0 24.0 23.0 22.0 21.0 20.0 19.0 18.0 17.0 16.0 15.0 14.0 13.0 12.0 11.0 10.0 9.0 8.0 7.0 6.0 5.0 4.0 
4.0 3.0 2.0 1.0 0.0 1.0 2.0 3.0 4.0 5.0 6.0 7.0 8.0 9.0 10.0 11.0 12.0 13.0 14.0 15.0 16.0 17.0 18.0 19.0 20.0 21.0 22.0 23.0 24.0 25.0 26.0 27.0 28.0 29.0 30.0 31.0 32.0 31.0 30.0 29.0 28.0 27.0 26.0 25.0 24.0 23.0 22.0 21.0 20.0 19.0 18.0 17.0 16.0 15.0 14.0 13.0 12.0 11.0 10.0 9.0 8.0 7.0 6.0 5.0 
5.0 4.0 3.0 2.0 1.0 0.0 1.0 2.0 3.0 4.0 5.0 6.0 7.0 8.0 9.0 10.0 11.0 12.0 13.0 14.0 15.0 16.0 17.0 18.0 19.0 20.0 21.0 22.0 23.0 24.0 25.0 26.0 27.0 28.0 29.0 30.0 31.0 32.0 31.0 30.0 29.0 28.0 27.0 26.0 25.0 24.0 23.0 22.0 21.0 20.0 19.0 18.0 17.0 16.0 15.0 14.0 13.0 12.0 11.0 10.0 9.0 8.0 7.0 6.0 
6.0 5.0 4.0 3.0 2.0 1.0 0.0 1.0 2.0 3.0 4.0 5.0 6.0 7.0 8.0 9.0 10.0 11.0 12.0 13.0 14.0 15.0 16.0 17.0 18.0 19.0 20.0 21.0 22.0 23.0 24.0 25.0 26.0 27.0 28.0 29.0 30.0 31.0 32.0 31.0 30.0 29.0 28.0 27.0 26.0 25.0 24.0 23.0 22.0 21.0 20.0 19.0 18.0 17.0 16.0 15.0 14.0 13.0 12.0 11.0 10.0 9.0 8.0 7.0 
7.0 6.0 5.0 4.0 3.0 2.0 1.0 0.0 1.0 2.0 3.0 4.0 5.0 6.0 7.0 8.0 9.0 10.0 11.0 12.0 13.0 14.0 15.0 16.0 17.0 18.0 19.0 20.0 21.0 22.0 23.0 24.0 25.0 26.0 27.0 28.0 29.0 30.0 31.0 32.0 31.0 30.0 29.0 28.0 27.0 26.0 25.0 24.0 23.0 22.0 21.0 20.0 19.0 18.0 17.0 16.0 15.0 14.0 13.0 12.0 11.0 10.0 9.0 8.0 
8.0 7.0 6.0 5.0 4.0 3.0 2.0 1.0 0.0 1.0 2.0 3.0 4.0 5.0 6.0 7.0 8.0 9.0 10.0 11.0 12.0 13.0 14.0 15.0 16.0 17.0 18.0 19.0 20.0 21.0 22.0 23.0 24.0 25.0 26.0 27.0 28.0 29.0 30.0 31.0 32.0 31.0 30.0 29.0 28.0 27.0 26.0 25.0 24.0 23.0 22.0 21.0 20.0 19.0 18.0 17.0 16.0 15.0 14.0 13.0 12.0 11.0 10.0 9.0 
9.0 8.0 7.0 6.0 5.0 4.0 3.0 2.0 1.0 0.0 1.0 2.0 3.0 4.0 5.0 6.0 7.0 8.0 9.0 10.0 11.0 12.0 13.0 14.0 15.0 16.0 17.0 18.0 19.0 20.0 21.0 22.0 23.0 24.0 25.0 26.0 27.0 28.0 29.0 30.0 31.0 32.0 31.0 30.0 29.0 28.0 27.0 26.0 25.0 24.0 23.0 22.0 21.0 20.0 19.0 18.0 17.0 16.0 15.0 14.0 13.0 12.0 11.0 10.0 
10.0 9.0 8.0 7.0 6.0 5.0 4.0 3.0 2.0 1.0 0.0 1.0 2.0 3.0 4.0 5.0 6.0 7.0 8.0 9.0 10.0 11.0 12.0 13.0 14.0 15.0 16.0 17.0 18.0 19.0 20.0 21.0 22.0 23.0 24.0 25.0 26.0 27.0 28.0 29.0 30.0 31.0 32.0 31.0 30.0 29.0 28.0 27.0 26.0 25.0 24.0 23.0 22.0 21.0 20.0 19.0 18.0 17.0 16.0 15.0 14.0 13.0 12.0 11.0 
11.0 10.0 9.0 8.0 7.0 6.0 5.0 4.0 3.0 2.0 1.0 0.0 1.0 2.0 3.0 4.0 5.0 6.0 7.0 8.0 9.0 10.0 11.0 12.0 13.0 14.0 15.0 16.0 17.0 18.0 19.0 20.0 21.0 22.0 23.0 24.0 25.0 26.0 27.0 28.0 29.0 30.0 31.0 32.0 31.0 30.0 29.0 28.0 27.0 26.0 25.0 24.0 23.0 22.0 21.0 20.0 19.0 18.0 17.0 16.0 15.0 14.0 13.0 12.0 
12.0 11.0 10.0 9.0 8.0 7.0 6.0 5.0 4.0 3.0 2.0 1.0 0.0 1.0 2.0 3.0 4.0 5.0 6.0 7.0 8.0 9.0 10.0 11.0 12.0 13.0 14.0 15.0 16.0 17.0 18.0 19.0 20.0 21.0 22.0 23.0 24.0 25.0 26.0 27.0 28.0 29.0 30.0 31.0 32.0 31.0 30.0 29.0 28.0 27.0 26.0 25.0 24.0 23.0 22.0 21.0 20.0 19.0 18.0 17.0 16.0 15.0 14.0 13.0 
13.0 12.0 11.0 10.0 9.0 8.0 7.0 6.0 5.0 4.0 3.0 2.0 1.0 0.0 1.0 2.0 3.0 4.0 5.0 6.0 7.0 8.0 9.0 10.0 11.0 12.0 13.0 14.0 15.0 16.0 17.0 18.0 19.0 20.0 21.0 22.0 23.0 24.0 25.0 26.0 27.0 28.0 29.0 30.0 31.0 32.0 31.0 30.0 29.0 28.0 27.0 26.0 25.0 24.0 23.0 22.0 21.0 20.0 19.0 18.0 17.0 16.0 15.0 14.0 
14.0 13.0 12.0 11.0 10.0 9.0 8.0 7.0 6.0 5.0 4.0 3.0 2.0 1.0 0.0 1.0 2.0 3.0 4.0 5.0 6.0 7.0 8.0 9.0 10.0 11.0 12.0 13.0 14.0 15.0 16.0 17.0 18.0 19.0 20.0 21.0 22.0 23.0 24.0 25.0 26.0 27.0 28.0 29.0 30.0 31.0 32.0 31.0 30.0 29.0 28.0 27.0 26.0 25.0 24.0 23.0 22.0 21.0 20.0 19.0 18.0 17.0 16.0 15.0 
15.0 14.0 13.0 12.0 11.0 10.0 9.0 8.0 7.0 6.0 5.0 4.0 3.0 2.0 1.0 0.0 1.0 2.0 3.0 4.0 5.0 6.0 7.0 8.0 9.0 10.0 11.0 12.0 13.0 14.0 15.0 16.0 17.0 18.0 19.0 20.0 21.0 22.0 23.0 24.0 25.0 26.0 27.0 28.0 29.0 30.0 31.0 32.0 31.0 30.0 29.0 28.0 27.0 26.0 25.0 24.0 23.0 22.0 21.0 20.0 19.0 18.0 17.0 16.0 
16.0 15.0 14.0 13.0 12.0 11.0 10.0 9.0 8.0 7.0 6.0 5.0 4.0 3.0 2.0 1.0 0.0 1.0 2.0 3.0 4.0 5.0 6.0 7.0 8.0 9.0 10.0 11.0 12.0 13.0 14.0 15.0 16.0 17.0 18.0 19.0 20.0 21.0 22.0 23.0 24.0 25.0 26.0 27.0 28.0 29.0 30.0 31.0 32.0 31.0 30.0 29.0 28.0 27.0 26.0 25.0 24.0 23.0 22.0 21.0 20.0 19.0 18.0 17.0 
17.0 16.0 15.0 14.0 13.0 12.0 11.0 10.0 9.0 8.0 7.0 6.0 5.0 4.0 3.0 2.0 1.0 0.0 1.0 2.0 3.0 4.0 5.0 6.0 7.0 8.0 9.0 10.0 11.0 12.0 13.0 14.0 15.0 16.0 17.0 18.0 19.0 20.0 21.0 22.0 23.0 24.0 25.0 26.0 27.0 28.0 29.0 30.0 31.0 32.0 31.0 30.0 29.0 28.0 27.0 26.0 25.0 24.0 23.0 22.0 21.0 20.0 19.0 18.0 
18.0 17.0 16.0 15.0 14.0 13.0 12.0 11.0 10.0 9.0 8.0 7.0 6.0 5.0 4.0 3.0 2.0 1.0 0.0 1.0 2.0 3.0 4.0 5.0 6.0 7.0 8.0 9.0 10.0 11.0 12.0 13.0 14.0 15.0 16.0 17.0 18.0 19.0 20.0 21.0 22.0 23.0 24.0 25.0 26.0 27.0 28.0 29.0 30.0 31.0 32.0 31.0 30.0 29.0 28.0 27.0 26.0 25.0 24.0 23.0 22.0 21.0 20.0 19.0 
19.0 18.0 17.0 16.0 15.0 14.0 13.0 12.0 11.0 10.0 9.0 8.0 7.0 6.0 5.0 4.0 3.0 2.0 1.0 0.0 1.0 2.0 3.0 4.0 5.0 6.0 7.0 8.0 9.0 10.0 11.0 12.0 13.0 14.0 15.0 16.0 17.0 18.0 19.0 20.0 21.0 22.0 23.0 24.0 25.0 26.0 27.0 28.0 29.0 30.0 31.0 32.0 31.0 30.0 29.0 28.0 27.0 26.0 25.0 24.0 23.0 22.0 21.0 20.0 
20.0 19.0 18.0 17.0 16.0 15.0 14.0 13.0 12.0 11.0 10.0 9.0 8.0 7.0 6.0 5.0 4.0 3.0 2.0 1.0 0.0 1.0 2.0 3.0 4.0 5.0 6.0 7.0 8.0 9.0 10.0 11.0 12.0 13.0 14.0 15.0 16.0 17.0 18.0 19.0 20.0 21.0 22.0 23.0 24.0 25.0 26.0 27.0 28.0 29.0 30.0 31.0 32.0 31.0 30.0 29.0 28.0 27.0 26.0 25.0 24.0 23.0 22.0 21.0 
21.0 20.0 19.0 18.0 17.0 16.0 15.0 14.0 13.0 12.0 11.0 10.0 9.0 8.0 7.0 6.0 5.0 4.0 3.0 2.0 1.0 0.0 1.0 2.0 3.0 4.0 5.0 6.0 7.0 8.0 9.0 10.0 11.0 12.0 13.0 14.0 15.0 16.0 17.0 18.0 19.0 20.0 21.0 22.0 23.0 24.0 25.0 26.0 27.0 28.0 29.0 30.0 31.0 32.0 31.0 30.0 29.0 28.0 27.0 26.0 25.0 24.0 23.0 22.0 
22.0 21.0 20.0 19.0 18.0 17.0 16.0 15.0 14.0 13.0 12.0 11.0 10.0 9.0 8.0 7.0 6.0 5.0 4.0 3.0 2.0 1.0 0.0 1.0 2.0 3.0 4.0 5.0 6.0 7.0 8.0 9.0 10.0 11.0 12.0 13.0 14.0 15.0 16.0 17.0 18.0 19.0 20.0 21.0 22.0 23.0 24.0 25.0 26.0 27.0 28.0 29.0 30.0 31.0 32.0 31.0 30.0 29.0 28.0 27.0 26.0 25.0 24.0 23.0 
23.0 22.0 21.0 20.0 19.0 18.0 17.0 16.0 15.0 14.0 13.0 12.0 11.0 10.0 9.0 8.0 7.0 6.0 5.0 4.0 3.0 2.0 1.0 0.0 1.0 2.0 3.0 4.0 5.0 6.0 7.0 8.0 9.0 10.0 11.0 12.0 13.0 14.0 15.0 16.0 17.0 18.0 19.0 20.0 21.0 22.0 23.0 24.0 25.0 26.0 27.0 28.0 29.0 30.0 31.0 32.0 31.0 30.0 29.0 28.0 27.0 26.0 25.0 24.0 
24.0 23.0 22.0 21.0 20.0 19.0 18.0 17.0 16.0 15.0 14.0 13.0 12.0 11.0 10.0 9.0 8.0 7.0 6.0 5.0 4.0 3.0 2.0 1.0 0.0 1.0 2.0 3.0 4.0 5.0 6.0 7.0 8.0 9.0 10.0 11.0 12.0 13.0 14.0 15.0 16.0 17.0 18.0 19.0 20.0 21.0 22.0 23.0 24.0 25.0 26.0 27.0 28.0 29.0 30.0 31.0 32.0 31.0 30.0 29.0 28.0 27.0 26.0 25.0 
25.0 24.0 23.0 22.0 21.0 20.0 19.0 18.0 17.0 16.0 15.0 14.0 13.0 12.0 11.0 10.0 9.0 8.0 7.0 6.0 5.0 4.0 3.0 2.0 1.0 0.0 1.0 2.0 3.0 4.0 5.0 6.0 7.0 8.0 9.0 10.0 11.0 12.0 13.0 14.0 15.0 16.0 17.0 18.0 19.0 20.0 21.0 22.0 23.0 24.0 25.0 26.0 27.0 28.0 29.0 30.0 31.0 32.0 31.0 30.0 29.0 28.0 27.0 26.0 
26.0 25.0 24.0 23.0 22.0 21.0 20.0 19.0 18.0 17.0 16.0 15.0 14.0 13.0 12.0 11.0 10.0 9.0 8.0 7.0 6.0 5.0 4.0 3.0 2.0 1.0 0.0 1.0 2.0 3.0 4.0 5.0 6.0 7.0 8.0 9.0 10.0 11.0 12.0 13.0 14.0 15.0 16.0 17.0 18.0 19.0 20.0 21.0 22.0 23.0 24.0 25.0 26.0 27.0 28.0 29.0 30.0 31.0 32.0 31.0 30.0 29.0 28.0 27.0 
27.0 26.0 25.0 24.0 23.0 22.0 21.0 20.0 19.0 18.0 17.0 16.0 15.0 14.0 13.0 12.0 11.0 10.0 9.0 8.0 7.0 6.0 5.0 4.0 3.0 2.0 1.0 0.0 1.0 2.0 3.0 4.0 5.0 6.0 7.0 8.0 9.0 10.0 11.0 12.0 13.0 14.0 15.0 16.0 17.0 18.0 19.0 20.0 21.0 22.0 23.0 24.0 25.0 26.0 27.0 28.0 29.0 30.0 31.0 32.0 31.0 30.0 29.0 28.0 
28.0 27.0 26.0 25.0 24.0 23.0 22.0 21.0 20.0 19.0 18.0 17.0 16.0 15.0 14.0 13.0 12.0 11.0 10.0 9.0 8.0 7.0 6.0 5.0 4.0 3.0 2.0 1.0 0.0 1.0 2.0 3.0 4.0 5.0 6.0 7.0 8.0 9.0 10.0 11.0 12.0 13.0 14.0 15.0 16.0 17.0 18.0 19.0 20.0 21.0 22.0 23.0 24.0 25.0 26.0 27.0 28.0 29.0 30.0 31.0 32.0 31.0 30.0 29.0 
29.0 28.0 27.0 26.0 25.0 24.0 23.0 22.0 21.0 20.0 19.0 18.0 17.0 16.0 15.0 14.0 13.0 12.0 11.0 10.0 9.0 8.0 7.0 6.0 5.0 4.0 3.0 2.0 1.0 0.0 1.0 2.0 3.0 4.0 5.0 6.0 7.0 8.0 9.0 10.0 11.0 12.0 13.0 14.0 15.0 16.0 17.0 18.0 19.0 20.0 21.0 22.0 23.0 24.0 25.0 26.0 27.0 28.0 29.0 30.0 31.0 32.0 31.0 30.0 
30.0 29.0 28.0 27.0 26.0 25.0 24.0 23.0 22.0 21.0 20.0 19.0 18.0 17.0 16.0 15.0 14.0 13.0 12.0 11.0 10.0 9.0 8.0 7.0 6.0 5.0 4.0 3.0 2.0 1.0 0.0 1.0 2.0 3.0 4.0 5.0 6.0 7.0 8.0 9.0 10.0 11.0 12.0 13.0 14.0 15.0 16.0 17.0 18.0 19.0 20.0 21.0 22.0 23.0 24.0 25.0 26.0 27.0 28.0 29.0 30.0 31.0 32.0 31.0 
31.0 30.0 29.0 28.0 27.0 26.0 25.0 24.0 23.0 22.0 21.0 20.0 19.0 18.0 17.0 16.0 15.0 14.0 13.0 12.0 11.0 10.0 9.0 8.0 7.0 6.0 5.0 4.0 3.0 2.0 1.0 0.0 1.0 2.0 3.0 4.0 5.0 6.0 7.0 8.0 9.0 10.0 11.0 12.0 13.0 14.0 15.0 16.0 17.0 18.0 19.0 20.0 21.0 22.0 23.0 24.0 25.0 26.0 27.0 28.0 29.0 30.0 31.0 32.0 
32.0 31.0 30.0 29.0 28.0 27.0 26.0 25.0 24.0 23.0 22.0 21.0 20.0 19.0 18.0 17.0 16.0 15.0 14.0 13.0 12.0 11.0 10.0 9.0 8.0 7.0 6.0 5.0 4.0 3.0 2.0 1.0 0.0 1.0 2.0 3.0 4.0 5.0 6.0 7.0 8.0 9.0 10.0 11.0 12.0 13.0 14.0 15.0 16.0 17.0 18.0 19.0 20.0 21.0 22.0 23.0 24.0 25.0 26.0 27.0 28.0 29.0 30.0 31.0 
31.0 32.0 31.0 30.0 29.0 28.0 27.0 26.0 25.0 24.0 23.0 22.0 21.0 20.0 19.0 18.0 17.0 16.0 15.0 14.0 13.0 12.0 11.0 10.0 9.0 8.0 7.0 6.0 5.0 4.0 3.0 2.0 1.0 0.0 1.0 2.0 3.0 4.0 5.0 6.0 7.0 8.0 9.0 10.0 11.0 12.0 13.0 14.0 15.0 16.0 17.0 18.0 19.0 20.0 21.0 22.0 23.0 24.0 25.0 26.0 27.0 28.0 29.0 30.0 
30.0 31.0 32.0 31.0 30.0 29.0 28.0 27.0 26.0 25.0 24.0 23.0 22.0 21.0 20.0 19.0 18.0 17.0 16.0 15.0 14.0 13.0 12.0 11.0 10.0 9.0 8.0 7.0 6.0 5.0 4.0 3.0 2.0 1.0 0.0 1.0 2.0 3.0 4.0 5.0 6.0 7.0 8.0 9.0 10.0 11.0 12.0 13.0 14.0 15.0 16.0 17.0 18.0 19.0 20.0 21.0 22.0 23.0 24.0 25.0 26.0 27.0 28.0 29.0 
29.0 30.0 31.0 32.0 31.0 30.0 29.0 28.0 27.0 26.0 25.0 24.0 23.0 22.0 21.0 20.0 19.0 18.0 17.0 16.0 15.0 14.0 13.0 12.0 11.0 10.0 9.0 8.0 7.0 6.0 5.0 4.0 3.0 2.0 1.0 0.0 1.0 2.0 3.0 4.0 5.0 6.0 7.0 8.0 9.0 10.0 11.0 12.0 13.0 14.0 15.0 16.0 17.0 18.0 19.0 20.0 21.0 22.0 23.0 24.0 25.0 26.0 27.0 28.0 
28.0 29.0 30.0 31.0 32.0 31.0 30.0 29.0 28.0 27.0 26.0 25.0 24.0 23.0 22.0 21.0 20.0 19.0 18.0 17.0 16.0 15.0 14.0 13.0 12.0 11.0 10.0 9.0 8.0 7.0 6.0 5.0 4.0 3.0 2.0 1.0 0.0 1.0 2.0 3.0 4.0 5.0 6.0 7.0 8.0 9.0 10.0 11.0 12.0 13.0 14.0 15.0 16.0 17.0 18.0 19.0 20.0 21.0 22.0 23.0 24.0 25.0 26.0 27.0 
27.0 28.0 29.0 30.0 31.0 32.0 31.0 30.0 29.0 28.0 27.0 26.0 25.0 24.0 23.0 22.0 21.0 20.0 19.0 18.0 17.0 16.0 15.0 14.0 13.0 12.0 11.0 10.0 9.0 8.0 7.0 6.0 5.0 4.0 3.0 2.0 1.0 0.0 1.0 2.0 3.0 4.0 5.0 6.0 7.0 8.0 9.0 10.0 11.0 12.0 13.0 14.0 15.0 16.0 17.0 18.0 19.0 20.0 21.0 22.0 23.0 24.0 25.0 26.0 
26.0 27.0 28.0 29.0 30.0 31.0 32.0 31.0 30.0 29.0 28.0 27.0 26.0 25.0 24.0 23.0 22.0 21.0 20.0 19.0 18.0 17.0 16.0 15.0 14.0 13.0 12.0 11.0 10.0 9.0 8.0 7.0 6.0 5.0 4.0 3.0 2.0 1.0 0.0 1.0 2.0 3.0 4.0 5.0 6.0 7.0 8.0 9.0 10.0 11.0 12.0 13.0 14.0 15.0 16.0 17.0 18.0 19.0 20.0 21.0 22.0 23.0 24.0 25.0 
25.0 26.0 27.0 28.0 29.0 30.0 31.0 32.0 31.0 30.0 29.0 28.0 27.0 26.0 25.0 24.0 23.0 22.0 21.0 20.0 19.0 18.0 17.0 16.0 15.0 14.0 13.0 12.0 11.0 10.0 9.0 8.0 7.0 6.0 5.0 4.0 3.0 2.0 1.0 0.0 1.0 2.0 3.0 4.0 5.0 6.0 7.0 8.0 9.0 10.0 11.0 12.0 13.0 14.0 15.0 16.0 17.0 18.0 19.0 20.0 21.0 22.0 23.0 24.0 
24.0 25.0 26.0 27.0 28.0 29.0 30.0 31.0 32.0 31.0 30.0 29.0 28.0 27.0 26.0 25.0 24.0 23.0 22.0 21.0 20.0 19.0 18.0 17.0 16.0 15.0 14.0 13.0 12.0 11.0 10.0 9.0 8.0 7.0 6.0 5.0 4.0 3.0 2.0 1.0 0.0 1.0 2.0 3.0 4.0 5.0 6.0 7.0 8.0 9.0 10.0 11.0 12.0 13.0 14.0 15.0 16.0 17.0 18.0 19.0 20.0 21.0 22.0 23.0 
23.0 24.0 25.0 26.0 27.0 28.0 29.0 30.0 31.0 32.0 31.0 30.0 29.0 28.0 27.0 26.0 25.0 24.0 23.0 22.0 21.0 20.0 19.0 18.0 17.0 16.0 15.0 14.0 13.0 12.0 11.0 10.0 9.0 8.0 7.0 6.0 5.0 4.0 3.0 2.0 1.0 0.0 1.0 2.0 3.0 4.0 5.0 6.0 7.0 8.0 9.0 10.0 11.0 12.0 13.0 14.0 15.0 16.0 17.0 18.0 19.0 20.0 21.0 22.0 
22.0 23.0 24.0 25.0 26.0 27.0 28.0 29.0 30.0 31.0 32.0 31.0 30.0 29.0 28.0 27.0 26.0 25.0 24.0 23.0 22.0 21.0 20.0 19.0 18.0 17.0 16.0 15.0 14.0 13.0 12.0 11.0 10.0 9.0 8.0 7.0 6.0 5.0 4.0 3.0 2.0 1.0 0.0 1.0 2.0 3.0 4.0 5.0 6.0 7.0 8.0 9.0 10.0 11.0 12.0 13.0 14.0 15.0 16.0 17.0 18.0 19.0 20.0 21.0 
21.0 22.0 23.0 24.0 25.0 26.0 27.0 28.0 29.0 30.0 31.0 32.0 31.0 30.0 29.0 28.0 27.0 26.0 25.0 24.0 23.0 22.0 21.0 20.0 19.0 18.0 17.0 16.0 15.0 14.0 13.0 12.0 11.0 10.0 9.0 8.0 7.0 6.0 5.0 4.0 3.0 2.0 1.0 0.0 1.0 2.0 3.0 4.0 5.0 6.0 7.0 8.0 9.0 10.0 11.0 12.0 13.0 14.0 15.0 16.0 17.0 18.0 19.0 20.0 
20.0 21.0 22.0 23.0 24.0 25.0 26.0 27.0 28.0 29.0 30.0 31.0 32.0 31.0 30.0 29.0 28.0 27.0 26.0 25.0 24.0 23.0 22.0 21.0 20.0 19.0 18.0 17.0 16.0 15.0 14.0 13.0 12.0 11.0 10.0 9.0 8.0 7.0 6.0 5.0 4.0 3.0 2.0 1.0 0.0 1.0 2.0 3.0 4.0 5.0 6.0 7.0 8.0 9.0 10.0 11.0 12.0 13.0 14.0 15.0 16.0 17.0 18.0 19.0 
19.0 20.0 21.0 22.0 23.0 24.0 25.0 26.0 27.0 28.0 29.0 30.0 31.0 32.0 31.0 30.0 29.0 28.0 27.0 26.0 25.0 24.0 23.0 22.0 21.0 20.0 19.0 18.0 17.0 16.0 15.0 14.0 13.0 12.0 11.0 10.0 9.0 8.0 7.0 6.0 5.0 4.0 3.0 2.0 1.0 0.0 1.0 2.0 3.0 4.0 5.0 6.0 7.0 8.0 9.0 10.0 11.0 12.0 13.0 14.0 15.0 16.0 17.0 18.0 
18.0 19.0 20.0 21.0 22.0 23.0 24.0 25.0 26.0 27.0 28.0 29.0 30.0 31.0 32.0 31.0 30.0 29.0 28.0 27.0 26.0 25.0 24.0 23.0 22.0 21.0 20.0 19.0 18.0 17.0 16.0 15.0 14.0 13.0 12.0 11.0 10.0 9.0 8.0 7.0 6.0 5.0 4.0 3.0 2.0 1.0 0.0 1.0 2.0 3.0 4.0 5.0 6.0 7.0 8.0 9.0 10.0 11.0 12.0 13.0 14.0 15.0 16.0 17.0 
17.0 18.0 19.0 20.0 21.0 22.0 23.0 24.0 25.0 26.0 27.0 28.0 29.0 30.0 31.0 32.0 31.0 30.0 29.0 28.0 27.0 26.0 25.0 24.0 23.0 22.0 21.0 20.0 19.0 18.0 17.0 16.0 15.0 14.0 13.0 12.0 11.0 10.0 9.0 8.0 7.0 6.0 5.0 4.0 3.0 2.0 1.0 0.0 1.0 2.0 3.0 4.0 5.0 6.0 7.0 8.0 9.0 10.0 11.0 12.0 13.0 14.0 15.0 16.0 
16.0 17.0 18.0 19.0 20.0 21.0 22.0 23.0 24.0 25.0 26.0 27.0 28.0 29.0 30.0 31.0 32.0 31.0 30.0 29.0 28.0 27.0 26.0 25.0 24.0 23.0 22.0 21.0 20.0 19.0 18.0 17.0 16.0 15.0 14.0 13.0 12.0 11.0 10.0 9.0 8.0 7.0 6.0 5.0 4.0 3.0 2.0 1.0 0.0 1.0 2.0 3.0 4.0 5.0 6.0 7.0 8.0 9.0 10.0 11.0 12.0 13.0 14.0 15.0 
15.0 16.0 17.0 18.0 19.0 20.0 21.0 22.0 23.0 24.0 25.0 26.0 27.0 28.0 29.0 30.0 31.0 32.0 31.0 30.0 29.0 28.0 27.0 26.0 25.0 24.0 23.0 22.0 21.0 20.0 19.0 18.0 17.0 16.0 15.0 14.0 13.0 12.0 11.0 10.0 9.0 8.0 7.0 6.0 5.0 4.0 3.0 2.0 1.0 0.0 1.0 2.0 3.0 4.0 5.0 6.0 7.0 8.0 9.0 10.0 11.0 12.0 13.0 14.0 
14.0 15.0 16.0 17.0 18.0 19.0 20.0 21.0 22.0 23.0 24.0 25.0 26.0 27.0 28.0 29.0 30.0 31.0 32.0 31.0 30.0 29.0 28.0 27.0 26.0 25.0 24.0 23.0 22.0 21.0 20.0 19.0 18.0 17.0 16.0 15.0 14.0 13.0 12.0 11.0 10.0 9.0 8.0 7.0 6.0 5.0 4.0 3.0 2.0 1.0 0.0 1.0 2.0 3.0 4.0 5.0 6.0 7.0 8.0 9.0 10.0 11.0 12.0 13.0 
13.0 14.0 15.0 16.0 17.0 18.0 19.0 20.0 21.0 22.0 23.0 24.0 25.0 26.0 27.0 28.0 29.0 30.0 31.0 32.0 31.0 30.0 29.0 28.0 27.0 26.0 25.0 24.0 23.0 22.0 21.0 20.0 19.0 18.0 17.0 16.0 15.0 14.0 13.0 12.0 11.0 10.0 9.0 8.0 7.0 6.0 5.0 4.0 3.0 2.0 1.0 0.0 1.0 2.0 3.0 4.0 5.0 6.0 7.0 8.0 9.0 10.0 11.0 12.0 
12.0 13.0 14.0 15.0 16.0 17.0 18.0 19.0 20.0 21.0 22.0 23.0 24.0 25.0 26.0 27.0 28.0 29.0 30.0 31.0 32.0 31.0 30.0 29.0 28.0 27.0 26.0 25.0 24.0 23.0 22.0 21.0 20.0 19.0 18.0 17.0 16.0 15.0 14.0 13.0 12.0 11.0 10.0 9.0 8.0 7.0 6.0 5.0 4.0 3.0 2.0 1.0 0.0 1.0 2.0 3.0 4.0 5.0 6.0 7.0 8.0 9.0 10.0 11.0 
11.0 12.0 13.0 14.0 15.0 16.0 17.0 18.0 19.0 20.0 21.0 22.0 23.0 24.0 25.0 26.0 27.0 28.0 29.0 30.0 31.0 32.0 31.0 30.0 29.0 28.0 27.0 26.0 25.0 24.0 23.0 22.0 21.0 20.0 19.0 18.0 17.0 16.0 15.0 14.0 13.0 12.0 11.0 10.0 9.0 8.0 7.0 6.0 5.0 4.0 3.0 2.0 1.0 0.0 1.0 2.0 3.0 4.0 5.0 6.0 7.0 8.0 9.0 10.0 
10.0 11.0 12.0 13.0 14.0 15.0 16.0 17.0 18.0 19.0 20.0 21.0 22.0 23.0 24.0 25.0 26.0 27.0 28.0 29.0 30.0 31.0 32.0 31.0 30.0 29.0 28.0 27.0 26.0 25.0 24.0 23.0 22.0 21.0 20.0 19.0 18.0 17.0 16.0 15.0 14.0 13.0 12.0 11.0 10.0 9.0 8.0 7.0 6.0 5.0 4.0 3.0 2.0 1.0 0.0 1.0 2.0 3.0 4.0 5.0 6.0 7.0 8.0 9.0 
9.0 10.0 11.0 12.0 13.0 14.0 15.0 16.0 17.0 18.0 19.0 20.0 21.0 22.0 23.0 24.0 25.0 26.0 27.0 28.0 29.0 30.0 31.0 32.0 31.0 30.0 29.0 28.0 27.0 26.0 25.0 24.0 23.0 22.0 21.0 20.0 19.0 18.0 17.0 16.0 15.0 14.0 13.0 12.0 11.0 10.0 9.0 8.0 7.0 6.0 5.0 4.0 3.0 2.0 1.0 0.0 1.0 2.0 3.0 4.0 5.0 6.0 7.0 8.0 
8.0 9.0 10.0 11.0 12.0 13.0 14.0 15.0 16.0 17.0 18.0 19.0 20.0 21.0 22.0 23.0 24.0 25.0 26.0 27.0 28.0 29.0 30.0 31.0 32.0 31.0 30.0 29.0 28.0 27.0 26.0 25.0 24.0 23.0 22.0 21.0 20.0 19.0 18.0 17.0 16.0 15.0 14.0 13.0 12.0 11.0 10.0 9.0 8.0 7.0 6.0 5.0 4.0 3.0 2.0 1.0 0.0 1.0 2.0 3.0 4.0 5.0 6.0 7.0 
7.0 8.0 9.0 10.0 11.0 12.0 13.0 14.0 15.0 16.0 17.0 18.0 19.0 20.0 21.0 22.0 23.0 24.0 25.0 26.0 27.0 28.0 29.0 30.0 31.0 32.0 31.0 30.0 29.0 28.0 27.0 26.0 25.0 24.0 23.0 22.0 21.0 20.0 19.0 18.0 17.0 16.0 15.0 14.0 13.0 12.0 11.0 10.0 9.0 8.0 7.0 6.0 5.0 4.0 3.0 2.0 1.0 0.0 1.0 2.0 3.0 4.0 5.0 6.0 
6.0 7.0 8.0 9.0 10.0 11.0 12.0 13.0 14.0 15.0 16.0 17.0 18.0 19.0 20.0 21.0 22.0 23.0 24.0 25.0 26.0 27.0 28.0 29.0 30.0 31.0 32.0 31.0 30.0 29.0 28.0 27.0 26.0 25.0 24.0 23.0 22.0 21.0 20.0 19.0 18.0 17.0 16.0 15.0 14.0 13.0 12.0 11.0 10.0 9.0 8.0 7.0 6.0 5.0 4.0 3.0 2.0 1.0 0.0 1.0 2.0 3.0 4.0 5.0 
5.0 6.0 7.0 8.0 9.0 10.0 11.0 12.0 13.0 14.0 15.0 16.0 17.0 18.0 19.0 20.0 21.0 22.0 23.0 24.0 25.0 26.0 27.0 28.0 29.0 30.0 31.0 32.0 31.0 30.0 29.0 28.0 27.0 26.0 25.0 24.0 23.0 22.0 21.0 20.0 19.0 18.0 17.0 16.0 15.0 14.0 13.0 12.0 11.0 10.0 9.0 8.0 7.0 6.0 5.0 4.0 3.0 2.0 1.0 0.0 1.0 2.0 3.0 4.0 
4.0 5.0 6.0 7.0 8.0 9.0 10.0 11.0 12.0 13.0 14.0 15.0 16.0 17.0 18.0 19.0 20.0 21.0 22.0 23.0 24.0 25.0 26.0 27.0 28.0 29.0 30.0 31.0 32.0 31.0 30.0 29.0 28.0 27.0 26.0 25.0 24.0 23.0 22.0 21.0 20.0 19.0 18.0 17.0 16.0 15.0 14.0 13.0 12.0 11.0 10.0 9.0 8.0 7.0 6.0 5.0 4.0 3.0 2.0 1.0 0.0 1.0 2.0 3.0 
3.0 4.0 5.0 6.0 7.0 8.0 9.0 10.0 11.0 12.0 13.0 14.0 15.0 16.0 17.0 18.0 19.0 20.0 21.0 22.0 23.0 24.0 25.0 26.0 27.0 28.0 29.0 30.0 31.0 32.0 31.0 30.0 29.0 28.0 27.0 26.0 25.0 24.0 23.0 22.0 21.0 20.0 19.0 18.0 17.0 16.0 15.0 14.0 13.0 12.0 11.0 10.0 9.0 8.0 7.0 6.0 5.0 4.0 3.0 2.0 1.0 0.0 1.0 2.0 
2.0 3.0 4.0 5.0 6.0 7.0 8.0 9.0 10.0 11.0 12.0 13.0 14.0 15.0 16.0 17.0 18.0 19.0 20.0 21.0 22.0 23.0 24.0 25.0 26.0 27.0 28.0 29.0 30.0 31.0 32.0 31.0 30.0 29.0 28.0 27.0 26.0 25.0 24.0 23.0 22.0 21.0 20.0 19.0 18.0 17.0 16.0 15.0 14.0 13.0 12.0 11.0 10.0 9.0 8.0 7.0 6.0 5.0 4.0 3.0 2.0 1.0 0.0 1.0 
1.0 2.0 3.0 4.0 5.0 6.0 7.0 8.0 9.0 10.0 11.0 12.0 13.0 14.0 15.0 16.0 17.0 18.0 19.0 20.0 21.0 22.0 23.0 24.0 25.0 26.0 27.0 28.0 29.0 30.0 31.0 32.0 31.0 30.0 29.0 28.0 27.0 26.0 25.0 24.0 23.0 22.0 21.0 20.0 19.0 18.0 17.0 16.0 15.0 14.0 13.0 12.0 11.0 10.0 9.0 8.0 7.0 6.0 5.0 4.0 3.0 2.0 1.0 0.0 