16 0.0 128.0 280 2886
91 83 76 92 78 46 73 45 21 28 36 99 84 14 69 29 
85 31 11 91 21 99 65 2 18 7 23 66 11 2 1 13 
5 21 5 4 93 83 15 49 50 77 5 85 6 63 45 36 
93 76 73 31 39 97 42 60 60 90 14 28 45 97 100 65 
58 91 25 5 90 46 5 59 75 37 84 35 77 68 25 86 
2 23 88 9 36 70 10 69 83 37 11 24 15 96 80 7 
38 87 56 33 90 45 52 80 93 71 47 28 96 78 51 39 
72 88 38 50 47 57 15 33 20 4 7 31 60 59 18 45 
51 89 3 51 20 37 78 41 91 44 22 30 63 27 59 56 
81 14 51 59 93 27 41 81 27 52 28 97 85 79 15 2 
29 17 37 15 37 94 2 93 35 65 87 49 56 66 50 74 
3 81 61 22 23 16 76 62 88 87 1 6 27 68 12 44 
51 93 61 17 43 10 58 69 18 76 70 80 41 62 32 6 
22 61 27 89 3 97 11 47 68 21 33 1 37 89 69 81 
1 44 79 44 97 50 58 17 63 59 66 23 78 65 67 51 
23 9 71 8 34 81 35 8 43 99 19 2 91 19 54 79 
0.0 1.0 2.0 3.0 4.0 5.0 6.0 7.0 8.0 7.0 6.0 5.0 4.0 3.0 2.0 1.0 
1.0 0.0 1.0 2.0 3.0 4.0 5.0 6.0 7.0 8.0 7.0 6.0 5.0 4.0 3.0 2.0 
2.0 1.0 0.0 1.0 2.0 3.0 4.0 5.0 6.0 7.0 8.0 7.0 6.0 5.0 4.0 3.0 
3.0 2.0 1.0 0.0 1.0 2.0 3.0 4.0 5.0 6.0 7.0 8.0 7.0 6.0 5.0 4.0 
4.0 3.0 2.0 1.0 0.0 1.0 2.0 3.0 4.0 5.0 6.0 7.0 8.0 7.0 6.0 5.0 
5.0 4.0 3.0 2.0 1.0 0.0 1.0 2.0 3.0 4.0 5.0 6.0 7.0 8.0 7.0 6.0 
6.0 5.0 4.0 3.0 2.0 1.0 0.0 1.0 2.0 3.0 4.0 5.0 6.0 7.0 8.0 7.0 
7.0 6.0 5.0 4.0 3.0 2.0 1.0 0.0 1.0 2.0 3.0 4.0 5.0 6.0 7.0 8.0 
8.0 7.0 6.0 5.0 4.0 3.0 2.0 1.0 0.0 1.0 2.0 3.0 4.0 5.0 6.0 7.0 
7.0 8.0 7.0 6.0 5.0 4.0 3.0 2.0 1.0 0.0 1.0 2.0 3.0 4.0 5.0 6.0 
6.0 7.0 8.0 7.0 6.0 5.0 4.0 3.0 2.0 1.0 0.0 1.0 2.0 3.0 4.0 5.0 
5.0 6.0 7.0 8.0 7.0 6.0 5.0 4.0 3.0 2.0 1.0 0.0 1.0 2.0 3.0 4.0 
4.0 5.0 6.0 7.0 8.0 7.0 6.0 5.0 4.0 3.0 2.0 1.0 0.0 1.0 2.0 3.0 
3.0 4.0 5.0 6.0 7.0 8.0 7.0 6.0 5.0 4.0 3.0 2.0 1.0 0.0 1.0 2.0 
2.0 3.0 4.0 5.0 6.0 7.0 8.0 7.0 6.0 5.0 4.0 3.0 2.0 1.0 0.0 1.0 
1.0 2.0 3.0 4.0 5.0 6.0 7.0 8.0 7.0 6.0 5.0 4.0 3.0 2.0 1.0 0.0 