32
62 25 74 46 66 41 87 98 66 71 65 76 62 58 3 100 87 68 81 22 13 23 67 14 15 34 100 30 75 34 31 19 
42 41 74 70 35 5 58 31 43 5 48 96 51 90 91 70 44 37 82 15 69 35 73 96 36 39 44 45 60 84 37 77 
58 88 86 71 65 24 41 75 82 80 47 27 53 88 60 59 72 54 53 93 41 77 90 38 39 11 100 24 71 60 38 21 
61 51 5 30 90 80 75 27 70 72 9 46 76 75 66 56 49 44 68 96 89 1 39 73 15 85 79 98 67 87 89 77 
88 98 72 5 98 58 19 76 63 65 96 27 43 75 60 22 64 5 6 74 29 37 56 75 10 17 32 50 33 91 28 100 
11 20 37 98 34 96 61 64 13 91 91 79 96 44 10 30 49 28 26 39 69 57 15 16 72 31 72 60 22 83 80 22 
30 5 27 35 94 92 24 13 3 46 91 75 91 29 43 69 44 50 59 62 67 19 92 97 52 90 44 23 89 50 76 34 
40 5 92 92 81 94 36 5 87 86 24 1 41 58 31 85 46 17 12 70 30 43 41 78 52 22 57 36 35 9 15 17 
100 27 90 84 28 63 15 61 73 33 93 35 28 91 89 20 39 66 49 51 82 65 70 3 92 30 25 75 85 79 88 30 
31 2 14 56 82 84 57 6 8 29 30 6 3 97 10 40 50 61 15 88 8 9 63 71 26 12 66 14 97 59 90 25 
14 75 76 35 53 68 15 11 93 15 29 21 90 2 68 50 85 82 27 89 30 97 89 91 54 100 46 80 13 95 74 38 
15 91 29 44 51 19 95 64 3 65 19 25 1 43 68 60 54 78 56 5 3 87 34 1 60 51 8 100 22 70 14 84 
6 49 95 100 13 66 28 81 8 57 22 83 89 41 71 24 55 57 45 8 75 85 53 45 27 22 49 40 38 4 41 77 
8 26 62 36 66 79 78 66 8 43 19 82 6 35 27 10 80 89 18 37 89 71 22 77 50 29 47 86 21 96 52 3 
52 61 61 49 37 66 75 9 34 22 4 100 18 97 86 89 42 99 53 54 25 32 29 32 51 6 67 64 66 28 11 68 
5 64 5 3 31 63 4 52 13 95 24 23 75 95 29 86 1 60 91 6 24 39 53 92 80 58 95 60 52 8 47 95 
88 30 62 11 4 20 39 98 6 43 52 90 60 62 68 47 65 22 35 27 35 100 25 44 89 95 86 79 22 32 4 61 
94 77 8 15 79 14 30 70 26 49 93 82 85 93 5 95 43 43 59 57 88 54 44 94 66 78 54 66 13 43 70 29 
1 84 96 48 76 4 8 25 55 78 80 19 50 56 72 96 77 28 39 70 89 45 65 19 10 96 13 96 95 88 86 40 
84 78 46 32 88 19 99 9 37 49 77 54 22 48 94 45 23 58 36 6 20 58 46 97 44 8 56 51 56 3 66 16 
23 49 5 34 26 44 7 64 48 68 13 66 6 53 79 74 3 95 91 88 65 61 2 50 5 6 94 5 68 12 64 43 
13 20 28 38 21 60 30 68 47 79 1 35 87 63 76 32 40 55 57 15 74 83 11 13 79 100 5 63 55 94 85 74 
59 49 11 20 33 98 34 73 92 69 29 25 28 25 21 26 20 44 59 32 12 80 24 47 36 86 42 70 42 31 81 27 
83 49 8 5 13 82 18 89 84 80 17 30 45 65 18 67 29 31 58 54 37 12 42 36 43 94 39 51 89 93 29 29 
52 94 56 47 72 93 37 45 49 67 37 68 46 4 96 24 74 43 33 72 91 36 52 50 6 72 44 64 21 29 41 18 
64 13 11 43 34 96 78 49 57 34 96 27 98 11 12 41 35 98 6 25 95 1 58 49 82 68 88 18 49 52 73 82 
28 47 8 8 89 5 3 57 42 63 86 53 77 39 87 23 62 32 78 76 4 90 37 19 38 65 70 17 92 16 7 84 
76 11 27 57 19 51 83 34 10 26 100 4 28 78 65 48 9 22 71 28 52 89 71 25 81 94 62 10 38 10 36 57 
74 10 12 56 56 57 19 55 61 26 67 66 4 98 95 94 28 3 12 84 100 39 20 44 19 73 91 2 55 87 85 53 
39 32 81 52 99 76 94 68 38 54 96 16 75 42 28 27 88 65 39 77 65 53 90 75 69 2 99 75 27 25 74 33 
66 46 96 5 17 71 15 37 90 66 46 60 100 38 55 70 28 90 3 47 62 18 52 25 9 5 67 91 32 61 93 7 
54 12 95 18 81 81 14 70 30 35 29 2 33 39 69 1 73 90 79 96 1 46 53 98 94 82 8 73 6 44 40 16 
0.0 1.0 2.0 3.0 4.0 5.0 6.0 7.0 8.0 9.0 10.0 11.0 12.0 13.0 14.0 15.0 16.0 15.0 14.0 13.0 12.0 11.0 10.0 9.0 8.0 7.0 6.0 5.0 4.0 3.0 2.0 1.0 
1.0 0.0 1.0 2.0 3.0 4.0 5.0 6.0 7.0 8.0 9.0 10.0 11.0 12.0 13.0 14.0 15.0 16.0 15.0 14.0 13.0 12.0 11.0 10.0 9.0 8.0 7.0 6.0 5.0 4.0 3.0 2.0 
2.0 1.0 0.0 1.0 2.0 3.0 4.0 5.0 6.0 7.0 8.0 9.0 10.0 11.0 12.0 13.0 14.0 15.0 16.0 15.0 14.0 13.0 12.0 11.0 10.0 9.0 8.0 7.0 6.0 5.0 4.0 3.0 
3.0 2.0 1.0 0.0 1.0 2.0 3.0 4.0 5.0 6.0 7.0 8.0 9.0 10.0 11.0 12.0 13.0 14.0 15.0 16.0 15.0 14.0 13.0 12.0 11.0 10.0 9.0 8.0 7.0 6.0 5.0 4.0 
4.0 3.0 2.0 1.0 0.0 1.0 2.0 3.0 4.0 5.0 6.0 7.0 8.0 9.0 10.0 11.0 12.0 13.0 14.0 15.0 16.0 15.0 14.0 13.0 12.0 11.0 10.0 9.0 8.0 7.0 6.0 5.0 
5.0 4.0 3.0 2.0 1.0 0.0 1.0 2.0 3.0 4.0 5.0 6.0 7.0 8.0 9.0 10.0 11.0 12.0 13.0 14.0 15.0 16.0 15.0 14.0 13.0 12.0 11.0 10.0 9.0 8.0 7.0 6.0 
6.0 5.0 4.0 3.0 2.0 1.0 0.0 1.0 2.0 3.0 4.0 5.0 6.0 7.0 8.0 9.0 10.0 11.0 12.0 13.0 14.0 15.0 16.0 15.0 14.0 13.0 12.0 11.0 10.0 9.0 8.0 7.0 
7.0 6.0 5.0 4.0 3.0 2.0 1.0 0.0 1.0 2.0 3.0 4.0 5.0 6.0 7.0 8.0 9.0 10.0 11.0 12.0 13.0 14.0 15.0 16.0 15.0 14.0 13.0 12.0 11.0 10.0 9.0 8.0 
8.0 7.0 6.0 5.0 4.0 3.0 2.0 1.0 0.0 1.0 2.0 3.0 4.0 5.0 6.0 7.0 8.0 9.0 10.0 11.0 12.0 13.0 14.0 15.0 16.0 15.0 14.0 13.0 12.0 11.0 10.0 9.0 
9.0 8.0 7.0 6.0 5.0 4.0 3.0 2.0 1.0 0.0 1.0 2.0 3.0 4.0 5.0 6.0 7.0 8.0 9.0 10.0 11.0 12.0 13.0 14.0 15.0 16.0 15.0 14.0 13.0 12.0 11.0 10.0 
10.0 9.0 8.0 7.0 6.0 5.0 4.0 3.0 2.0 1.0 0.0 1.0 2.0 3.0 4.0 5.0 6.0 7.0 8.0 9.0 10.0 11.0 12.0 13.0 14.0 15.0 16.0 15.0 14.0 13.0 12.0 11.0 
11.0 10.0 9.0 8.0 7.0 6.0 5.0 4.0 3.0 2.0 1.0 0.0 1.0 2.0 3.0 4.0 5.0 6.0 7.0 8.0 9.0 10.0 11.0 12.0 13.0 14.0 15.0 16.0 15.0 14.0 13.0 12.0 
12.0 11.0 10.0 9.0 8.0 7.0 6.0 5.0 4.0 3.0 2.0 1.0 0.0 1.0 2.0 3.0 4.0 5.0 6.0 7.0 8.0 9.0 10.0 11.0 12.0 13.0 14.0 15.0 16.0 15.0 14.0 13.0 
13.0 12.0 11.0 10.0 9.0 8.0 7.0 6.0 5.0 4.0 3.0 2.0 1.0 0.0 1.0 2.0 3.0 4.0 5.0 6.0 7.0 8.0 9.0 10.0 11.0 12.0 13.0 14.0 15.0 16.0 15.0 14.0 
14.0 13.0 12.0 11.0 10.0 9.0 8.0 7.0 6.0 5.0 4.0 3.0 2.0 1.0 0.0 1.0 2.0 3.0 4.0 5.0 6.0 7.0 8.0 9.0 10.0 11.0 12.0 13.0 14.0 15.0 16.0 15.0 
15.0 14.0 13.0 12.0 11.0 10.0 9.0 8.0 7.0 6.0 5.0 4.0 3.0 2.0 1.0 0.0 1.0 2.0 3.0 4.0 5.0 6.0 7.0 8.0 9.0 10.0 11.0 12.0 13.0 14.0 15.0 16.0 
16.0 15.0 14.0 13.0 12.0 11.0 10.0 9.0 8.0 7.0 6.0 5.0 4.0 3.0 2.0 1.0 0.0 1.0 2.0 3.0 4.0 5.0 6.0 7.0 8.0 9.0 10.0 11.0 12.0 13.0 14.0 15.0 
15.0 16.0 15.0 14.0 13.0 12.0 11.0 10.0 9.0 8.0 7.0 6.0 5.0 4.0 3.0 2.0 1.0 0.0 1.0 2.0 3.0 4.0 5.0 6.0 7.0 8.0 9.0 10.0 11.0 12.0 13.0 14.0 
14.0 15.0 16.0 15.0 14.0 13.0 12.0 11.0 10.0 9.0 8.0 7.0 6.0 5.0 4.0 3.0 2.0 1.0 0.0 1.0 2.0 3.0 4.0 5.0 6.0 7.0 8.0 9.0 10.0 11.0 12.0 13.0 
13.0 14.0 15.0 16.0 15.0 14.0 13.0 12.0 11.0 10.0 9.0 8.0 7.0 6.0 5.0 4.0 3.0 2.0 1.0 0.0 1.0 2.0 3.0 4.0 5.0 6.0 7.0 8.0 9.0 10.0 11.0 12.0 
12.0 13.0 14.0 15.0 16.0 15.0 14.0 13.0 12.0 11.0 10.0 9.0 8.0 7.0 6.0 5.0 4.0 3.0 2.0 1.0 0.0 1.0 2.0 3.0 4.0 5.0 6.0 7.0 8.0 9.0 10.0 11.0 
11.0 12.0 13.0 14.0 15.0 16.0 15.0 14.0 13.0 12.0 11.0 10.0 9.0 8.0 7.0 6.0 5.0 4.0 3.0 2.0 1.0 0.0 1.0 2.0 3.0 4.0 5.0 6.0 7.0 8.0 9.0 10.0 
10.0 11.0 12.0 13.0 14.0 15.0 16.0 15.0 14.0 13.0 12.0 11.0 10.0 9.0 8.0 7.0 6.0 5.0 4.0 3.0 2.0 1.0 0.0 1.0 2.0 3.0 4.0 5.0 6.0 7.0 8.0 9.0 
9.0 10.0 11.0 12.0 13.0 14.0 15.0 16.0 15.0 14.0 13.0 12.0 11.0 10.0 9.0 8.0 7.0 6.0 5.0 4.0 3.0 2.0 1.0 0.0 1.0 2.0 3.0 4.0 5.0 6.0 7.0 8.0 
8.0 9.0 10.0 11.0 12.0 13.0 14.0 15.0 16.0 15.0 14.0 13.0 12.0 11.0 10.0 9.0 8.0 7.0 6.0 5.0 4.0 3.0 2.0 1.0 0.0 1.0 2.0 3.0 4.0 5.0 6.0 7.0 
7.0 8.0 9.0 10.0 11.0 12.0 13.0 14.0 15.0 16.0 15.0 14.0 13.0 12.0 11.0 10.0 9.0 8.0 7.0 6.0 5.0 4.0 3.0 2.0 1.0 0.0 1.0 2.0 3.0 4.0 5.0 6.0 
6.0 7.0 8.0 9.0 10.0 11.0 12.0 13.0 14.0 15.0 16.0 15.0 14.0 13.0 12.0 11.0 10.0 9.0 8.0 7.0 6.0 5.0 4.0 3.0 2.0 1.0 0.0 1.0 2.0 3.0 4.0 5.0 
5.0 6.0 7.0 8.0 9.0 10.0 11.0 12.0 13.0 14.0 15.0 16.0 15.0 14.0 13.0 12.0 11.0 10.0 9.0 8.0 7.0 6.0 5.0 4.0 3.0 2.0 1.0 0.0 1.0 2.0 3.0 4.0 
4.0 5.0 6.0 7.0 8.0 9.0 10.0 11.0 12.0 13.0 14.0 15.0 16.0 15.0 14.0 13.0 12.0 11.0 10.0 9.0 8.0 7.0 6.0 5.0 4.0 3.0 2.0 1.0 0.0 1.0 2.0 3.0 
3.0 4.0 5.0 6.0 7.0 8.0 9.0 10.0 11.0 12.0 13.0 14.0 15.0 16.0 15.0 14.0 13.0 12.0 11.0 10.0 9.0 8.0 7.0 6.0 5.0 4.0 3.0 2.0 1.0 0.0 1.0 2.0 
2.0 3.0 4.0 5.0 6.0 7.0 8.0 9.0 10.0 11.0 12.0 13.0 14.0 15.0 16.0 15.0 14.0 13.0 12.0 11.0 10.0 9.0 8.0 7.0 6.0 5.0 4.0 3.0 2.0 1.0 0.0 1.0 
1.0 2.0 3.0 4.0 5.0 6.0 7.0 8.0 9.0 10.0 11.0 12.0 13.0 14.0 15.0 16.0 15.0 14.0 13.0 12.0 11.0 10.0 9.0 8.0 7.0 6.0 5.0 4.0 3.0 2.0 1.0 0.0 