16 0.0 128.0 334 2874
52 55 95 55 80 59 30 96 26 48 52 68 8 34 100 38 
46 86 31 88 71 30 6 17 54 27 80 77 46 14 58 77 
6 47 33 65 100 41 19 96 79 94 13 68 63 70 6 5 
6 81 50 72 81 27 92 61 10 30 8 88 33 24 62 49 
35 32 17 72 54 53 27 16 34 1 92 60 24 94 79 62 
55 54 41 9 69 40 41 54 81 86 69 61 27 81 53 63 
67 3 46 54 18 29 36 66 17 32 63 14 54 54 12 14 
68 83 95 9 88 48 78 98 95 44 44 7 10 33 24 78 
41 72 88 89 93 39 99 92 88 31 18 77 23 62 82 80 
8 64 35 14 46 15 64 45 1 24 76 75 58 59 81 1 
41 52 42 25 4 64 24 93 12 21 9 34 4 12 25 7 
56 24 75 89 90 90 53 38 31 92 72 21 94 68 65 35 
77 6 61 65 27 50 24 73 94 36 19 64 83 60 68 83 
25 12 96 36 35 24 39 80 90 69 18 13 30 72 37 15 
41 52 63 63 24 18 3 84 7 47 41 67 66 92 3 66 
42 39 11 57 17 96 45 93 10 56 77 9 7 61 27 14 
0.0 1.0 2.0 3.0 4.0 5.0 6.0 7.0 8.0 7.0 6.0 5.0 4.0 3.0 2.0 1.0 
1.0 0.0 1.0 2.0 3.0 4.0 5.0 6.0 7.0 8.0 7.0 6.0 5.0 4.0 3.0 2.0 
2.0 1.0 0.0 1.0 2.0 3.0 4.0 5.0 6.0 7.0 8.0 7.0 6.0 5.0 4.0 3.0 
3.0 2.0 1.0 0.0 1.0 2.0 3.0 4.0 5.0 6.0 7.0 8.0 7.0 6.0 5.0 4.0 
4.0 3.0 2.0 1.0 0.0 1.0 2.0 3.0 4.0 5.0 6.0 7.0 8.0 7.0 6.0 5.0 
5.0 4.0 3.0 2.0 1.0 0.0 1.0 2.0 3.0 4.0 5.0 6.0 7.0 8.0 7.0 6.0 
6.0 5.0 4.0 3.0 2.0 1.0 0.0 1.0 2.0 3.0 4.0 5.0 6.0 7.0 8.0 7.0 
7.0 6.0 5.0 4.0 3.0 2.0 1.0 0.0 1.0 2.0 3.0 4.0 5.0 6.0 7.0 8.0 
8.0 7.0 6.0 5.0 4.0 3.0 2.0 1.0 0.0 1.0 2.0 3.0 4.0 5.0 6.0 7.0 
7.0 8.0 7.0 6.0 5.0 4.0 3.0 2.0 1.0 0.0 1.0 2.0 3.0 4.0 5.0 6.0 
6.0 7.0 8.0 7.0 6.0 5.0 4.0 3.0 2.0 1.0 0.0 1.0 2.0 3.0 4.0 5.0 
5.0 6.0 7.0 8.0 7.0 6.0 5.0 4.0 3.0 2.0 1.0 0.0 1.0 2.0 3.0 4.0 
4.0 5.0 6.0 7.0 8.0 7.0 6.0 5.0 4.0 3.0 2.0 1.0 0.0 1.0 2.0 3.0 
3.0 4.0 5.0 6.0 7.0 8.0 7.0 6.0 5.0 4.0 3.0 2.0 1.0 0.0 1.0 2.0 
2.0 3.0 4.0 5.0 6.0 7.0 8.0 7.0 6.0 5.0 4.0 3.0 2.0 1.0 0.0 1.0 
1.0 2.0 3.0 4.0 5.0 6.0 7.0 8.0 7.0 6.0 5.0 4.0 3.0 2.0 1.0 0.0 