32
86 14 82 29 58 71 48 31 78 47 81 97 75 22 55 8 6 27 73 96 34 21 78 8 2 40 48 7 4 59 56 15 
57 55 92 96 6 89 48 37 57 91 89 25 37 42 11 2 73 27 17 73 71 17 93 99 71 46 69 90 30 95 75 89 
94 11 70 83 44 53 60 96 78 32 86 87 64 21 54 17 8 57 61 86 20 30 44 61 2 75 96 95 37 12 40 52 
45 16 90 72 75 44 87 54 51 68 56 42 71 38 1 90 98 82 96 52 70 26 73 88 29 59 64 20 69 31 29 17 
54 78 21 63 69 14 82 83 3 28 37 64 89 60 71 35 72 55 44 62 45 93 66 72 83 82 43 84 82 28 64 3 
6 63 34 1 20 57 5 67 40 59 18 42 22 21 52 59 17 93 81 90 84 45 99 52 45 39 74 59 67 21 34 29 
36 60 22 86 21 16 41 9 71 74 63 86 67 1 73 47 56 3 29 48 18 97 99 36 64 14 91 71 81 50 29 89 
92 73 3 6 78 3 17 16 99 37 59 46 56 65 32 26 73 80 94 26 97 28 83 79 45 58 20 55 95 26 75 21 
54 87 40 4 39 79 58 82 60 31 25 1 93 80 20 11 55 50 11 9 21 58 31 20 31 7 52 48 58 29 16 88 
44 14 40 87 18 78 81 64 73 70 78 19 56 60 49 65 73 87 60 53 99 21 22 31 1 95 61 35 82 66 32 91 
66 7 7 52 86 13 27 59 23 64 81 88 78 91 72 56 65 56 76 92 93 98 94 31 57 55 26 88 8 66 39 64 
54 26 17 2 33 48 16 80 78 33 8 47 18 23 69 48 68 19 24 11 97 49 65 98 58 66 100 78 16 33 96 77 
10 19 73 99 24 38 51 25 32 8 98 18 58 73 50 86 70 58 47 37 72 81 84 50 77 59 51 1 94 3 17 54 
22 84 88 31 10 63 5 99 42 16 62 70 65 95 7 85 29 41 97 60 36 20 72 87 91 22 65 39 1 8 44 53 
9 37 87 70 89 82 14 58 42 84 24 38 47 56 18 71 6 75 15 19 26 99 50 72 57 58 43 96 27 43 5 38 
63 95 26 28 76 35 29 89 54 51 51 93 69 84 24 95 45 24 14 24 94 23 29 15 63 28 57 73 33 21 71 22 
80 35 41 71 62 63 38 10 52 35 21 71 100 74 57 46 65 50 34 61 34 24 83 93 10 86 4 88 16 45 49 95 
51 86 16 54 19 79 21 28 71 88 8 1 81 41 62 38 18 15 80 99 95 75 52 35 100 97 31 50 99 13 39 1 
75 65 39 62 18 87 43 96 51 77 15 87 87 9 55 75 76 50 57 34 57 6 67 96 57 53 59 58 32 65 31 57 
51 15 13 53 57 61 53 79 40 38 31 64 65 82 76 25 81 34 41 47 27 27 41 48 74 72 71 78 38 75 46 63 
91 57 51 44 32 78 51 52 15 95 17 31 85 58 92 87 78 16 28 16 23 32 29 3 41 84 80 38 93 61 32 45 
35 77 29 63 40 1 82 59 37 76 30 62 36 96 13 40 1 56 2 84 19 63 47 62 53 60 84 28 19 16 56 68 
9 58 67 24 76 13 74 51 61 55 8 1 56 100 24 66 78 18 74 30 26 48 85 41 27 14 54 3 86 56 7 87 
17 94 6 69 67 5 53 74 29 75 16 40 58 74 82 21 88 76 58 71 77 77 28 83 62 58 80 46 31 75 92 34 
88 86 44 22 30 19 44 19 41 50 45 54 25 98 25 3 25 55 2 17 32 79 35 13 3 49 69 4 91 61 64 89 
7 27 16 76 47 15 42 74 41 8 40 11 34 83 2 18 64 45 57 89 38 100 65 100 77 42 53 93 10 89 72 3 
92 59 69 66 86 67 41 21 70 81 10 97 81 77 51 22 47 54 51 48 100 81 20 48 31 96 78 21 16 10 95 99 
90 20 20 62 79 62 79 11 1 5 32 34 58 21 87 77 35 18 16 45 20 42 92 7 4 52 44 49 5 72 59 37 
92 22 87 4 68 4 20 24 29 83 27 85 34 22 16 41 10 27 99 78 63 93 36 7 7 76 23 98 50 48 95 65 
90 46 97 62 37 54 75 38 75 69 55 17 26 77 45 33 21 100 63 24 40 40 9 52 35 30 59 47 41 32 94 75 
37 48 12 9 34 37 43 88 47 61 16 22 61 61 14 96 55 100 43 14 36 94 85 55 85 73 8 94 64 42 35 32 
21 68 74 97 94 10 2 94 81 7 40 65 93 23 57 30 48 51 79 12 69 18 92 5 96 94 42 23 50 79 64 56 
0.0 1.0 2.0 3.0 4.0 5.0 6.0 7.0 8.0 9.0 10.0 11.0 12.0 13.0 14.0 15.0 16.0 15.0 14.0 13.0 12.0 11.0 10.0 9.0 8.0 7.0 6.0 5.0 4.0 3.0 2.0 1.0 
1.0 0.0 1.0 2.0 3.0 4.0 5.0 6.0 7.0 8.0 9.0 10.0 11.0 12.0 13.0 14.0 15.0 16.0 15.0 14.0 13.0 12.0 11.0 10.0 9.0 8.0 7.0 6.0 5.0 4.0 3.0 2.0 
2.0 1.0 0.0 1.0 2.0 3.0 4.0 5.0 6.0 7.0 8.0 9.0 10.0 11.0 12.0 13.0 14.0 15.0 16.0 15.0 14.0 13.0 12.0 11.0 10.0 9.0 8.0 7.0 6.0 5.0 4.0 3.0 
3.0 2.0 1.0 0.0 1.0 2.0 3.0 4.0 5.0 6.0 7.0 8.0 9.0 10.0 11.0 12.0 13.0 14.0 15.0 16.0 15.0 14.0 13.0 12.0 11.0 10.0 9.0 8.0 7.0 6.0 5.0 4.0 
4.0 3.0 2.0 1.0 0.0 1.0 2.0 3.0 4.0 5.0 6.0 7.0 8.0 9.0 10.0 11.0 12.0 13.0 14.0 15.0 16.0 15.0 14.0 13.0 12.0 11.0 10.0 9.0 8.0 7.0 6.0 5.0 
5.0 4.0 3.0 2.0 1.0 0.0 1.0 2.0 3.0 4.0 5.0 6.0 7.0 8.0 9.0 10.0 11.0 12.0 13.0 14.0 15.0 16.0 15.0 14.0 13.0 12.0 11.0 10.0 9.0 8.0 7.0 6.0 
6.0 5.0 4.0 3.0 2.0 1.0 0.0 1.0 2.0 3.0 4.0 5.0 6.0 7.0 8.0 9.0 10.0 11.0 12.0 13.0 14.0 15.0 16.0 15.0 14.0 13.0 12.0 11.0 10.0 9.0 8.0 7.0 
7.0 6.0 5.0 4.0 3.0 2.0 1.0 0.0 1.0 2.0 3.0 4.0 5.0 6.0 7.0 8.0 9.0 10.0 11.0 12.0 13.0 14.0 15.0 16.0 15.0 14.0 13.0 12.0 11.0 10.0 9.0 8.0 
8.0 7.0 6.0 5.0 4.0 3.0 2.0 1.0 0.0 1.0 2.0 3.0 4.0 5.0 6.0 7.0 8.0 9.0 10.0 11.0 12.0 13.0 14.0 15.0 16.0 15.0 14.0 13.0 12.0 11.0 10.0 9.0 
9.0 8.0 7.0 6.0 5.0 4.0 3.0 2.0 1.0 0.0 1.0 2.0 3.0 4.0 5.0 6.0 7.0 8.0 9.0 10.0 11.0 12.0 13.0 14.0 15.0 16.0 15.0 14.0 13.0 12.0 11.0 10.0 
10.0 9.0 8.0 7.0 6.0 5.0 4.0 3.0 2.0 1.0 0.0 1.0 2.0 3.0 4.0 5.0 6.0 7.0 8.0 9.0 10.0 11.0 12.0 13.0 14.0 15.0 16.0 15.0 14.0 13.0 12.0 11.0 
11.0 10.0 9.0 8.0 7.0 6.0 5.0 4.0 3.0 2.0 1.0 0.0 1.0 2.0 3.0 4.0 5.0 6.0 7.0 8.0 9.0 10.0 11.0 12.0 13.0 14.0 15.0 16.0 15.0 14.0 13.0 12.0 
12.0 11.0 10.0 9.0 8.0 7.0 6.0 5.0 4.0 3.0 2.0 1.0 0.0 1.0 2.0 3.0 4.0 5.0 6.0 7.0 8.0 9.0 10.0 11.0 12.0 13.0 14.0 15.0 16.0 15.0 14.0 13.0 
13.0 12.0 11.0 10.0 9.0 8.0 7.0 6.0 5.0 4.0 3.0 2.0 1.0 0.0 1.0 2.0 3.0 4.0 5.0 6.0 7.0 8.0 9.0 10.0 11.0 12.0 13.0 14.0 15.0 16.0 15.0 14.0 
14.0 13.0 12.0 11.0 10.0 9.0 8.0 7.0 6.0 5.0 4.0 3.0 2.0 1.0 0.0 1.0 2.0 3.0 4.0 5.0 6.0 7.0 8.0 9.0 10.0 11.0 12.0 13.0 14.0 15.0 16.0 15.0 
15.0 14.0 13.0 12.0 11.0 10.0 9.0 8.0 7.0 6.0 5.0 4.0 3.0 2.0 1.0 0.0 1.0 2.0 3.0 4.0 5.0 6.0 7.0 8.0 9.0 10.0 11.0 12.0 13.0 14.0 15.0 16.0 
16.0 15.0 14.0 13.0 12.0 11.0 10.0 9.0 8.0 7.0 6.0 5.0 4.0 3.0 2.0 1.0 0.0 1.0 2.0 3.0 4.0 5.0 6.0 7.0 8.0 9.0 10.0 11.0 12.0 13.0 14.0 15.0 
15.0 16.0 15.0 14.0 13.0 12.0 11.0 10.0 9.0 8.0 7.0 6.0 5.0 4.0 3.0 2.0 1.0 0.0 1.0 2.0 3.0 4.0 5.0 6.0 7.0 8.0 9.0 10.0 11.0 12.0 13.0 14.0 
14.0 15.0 16.0 15.0 14.0 13.0 12.0 11.0 10.0 9.0 8.0 7.0 6.0 5.0 4.0 3.0 2.0 1.0 0.0 1.0 2.0 3.0 4.0 5.0 6.0 7.0 8.0 9.0 10.0 11.0 12.0 13.0 
13.0 14.0 15.0 16.0 15.0 14.0 13.0 12.0 11.0 10.0 9.0 8.0 7.0 6.0 5.0 4.0 3.0 2.0 1.0 0.0 1.0 2.0 3.0 4.0 5.0 6.0 7.0 8.0 9.0 10.0 11.0 12.0 
12.0 13.0 14.0 15.0 16.0 15.0 14.0 13.0 12.0 11.0 10.0 9.0 8.0 7.0 6.0 5.0 4.0 3.0 2.0 1.0 0.0 1.0 2.0 3.0 4.0 5.0 6.0 7.0 8.0 9.0 10.0 11.0 
11.0 12.0 13.0 14.0 15.0 16.0 15.0 14.0 13.0 12.0 11.0 10.0 9.0 8.0 7.0 6.0 5.0 4.0 3.0 2.0 1.0 0.0 1.0 2.0 3.0 4.0 5.0 6.0 7.0 8.0 9.0 10.0 
10.0 11.0 12.0 13.0 14.0 15.0 16.0 15.0 14.0 13.0 12.0 11.0 10.0 9.0 8.0 7.0 6.0 5.0 4.0 3.0 2.0 1.0 0.0 1.0 2.0 3.0 4.0 5.0 6.0 7.0 8.0 9.0 
9.0 10.0 11.0 12.0 13.0 14.0 15.0 16.0 15.0 14.0 13.0 12.0 11.0 10.0 9.0 8.0 7.0 6.0 5.0 4.0 3.0 2.0 1.0 0.0 1.0 2.0 3.0 4.0 5.0 6.0 7.0 8.0 
8.0 9.0 10.0 11.0 12.0 13.0 14.0 15.0 16.0 15.0 14.0 13.0 12.0 11.0 10.0 9.0 8.0 7.0 6.0 5.0 4.0 3.0 2.0 1.0 0.0 1.0 2.0 3.0 4.0 5.0 6.0 7.0 
7.0 8.0 9.0 10.0 11.0 12.0 13.0 14.0 15.0 16.0 15.0 14.0 13.0 12.0 11.0 10.0 9.0 8.0 7.0 6.0 5.0 4.0 3.0 2.0 1.0 0.0 1.0 2.0 3.0 4.0 5.0 6.0 
6.0 7.0 8.0 9.0 10.0 11.0 12.0 13.0 14.0 15.0 16.0 15.0 14.0 13.0 12.0 11.0 10.0 9.0 8.0 7.0 6.0 5.0 4.0 3.0 2.0 1.0 0.0 1.0 2.0 3.0 4.0 5.0 
5.0 6.0 7.0 8.0 9.0 10.0 11.0 12.0 13.0 14.0 15.0 16.0 15.0 14.0 13.0 12.0 11.0 10.0 9.0 8.0 7.0 6.0 5.0 4.0 3.0 2.0 1.0 0.0 1.0 2.0 3.0 4.0 
4.0 5.0 6.0 7.0 8.0 9.0 10.0 11.0 12.0 13.0 14.0 15.0 16.0 15.0 14.0 13.0 12.0 11.0 10.0 9.0 8.0 7.0 6.0 5.0 4.0 3.0 2.0 1.0 0.0 1.0 2.0 3.0 
3.0 4.0 5.0 6.0 7.0 8.0 9.0 10.0 11.0 12.0 13.0 14.0 15.0 16.0 15.0 14.0 13.0 12.0 11.0 10.0 9.0 8.0 7.0 6.0 5.0 4.0 3.0 2.0 1.0 0.0 1.0 2.0 
2.0 3.0 4.0 5.0 6.0 7.0 8.0 9.0 10.0 11.0 12.0 13.0 14.0 15.0 16.0 15.0 14.0 13.0 12.0 11.0 10.0 9.0 8.0 7.0 6.0 5.0 4.0 3.0 2.0 1.0 0.0 1.0 
1.0 2.0 3.0 4.0 5.0 6.0 7.0 8.0 9.0 10.0 11.0 12.0 13.0 14.0 15.0 16.0 15.0 14.0 13.0 12.0 11.0 10.0 9.0 8.0 7.0 6.0 5.0 4.0 3.0 2.0 1.0 0.0 