64 0.0 2048.0 356 12552
88 16 52 26 4 81 75 88 24 41 5 67 31 18 81 98 21 12 48 76 64 94 32 80 18 50 54 35 8 81 8 21 19 10 25 76 72 100 56 83 21 59 21 37 65 85 79 92 33 52 35 64 99 58 63 17 18 2 58 52 30 36 9 9 
4 40 21 80 72 17 35 45 18 78 99 67 78 63 9 46 84 96 81 83 77 29 92 68 97 36 48 35 63 40 32 75 79 96 95 61 5 27 94 6 74 59 32 73 3 6 5 14 87 65 20 96 82 36 29 47 62 18 10 23 26 75 71 65 
32 16 82 48 46 82 44 2 87 62 23 66 84 82 20 92 50 60 4 39 68 90 30 40 47 79 8 37 5 80 34 53 85 84 46 81 36 82 50 96 18 12 59 67 80 19 9 59 82 7 57 36 86 45 89 20 94 61 27 89 93 58 29 71 
93 86 36 27 97 30 28 62 23 86 58 11 21 76 43 27 67 4 88 36 94 40 20 74 16 15 13 82 14 88 71 23 4 40 46 25 100 71 58 51 31 55 78 26 60 77 38 25 29 54 73 84 47 18 92 45 99 28 10 52 33 36 31 18 
6 16 32 59 40 83 83 36 17 63 78 39 60 88 90 1 68 77 74 73 6 55 47 34 86 77 22 17 30 60 64 80 70 55 69 3 88 95 58 70 36 68 17 10 52 42 2 6 81 4 22 2 4 2 45 56 85 78 48 60 65 76 97 88 
32 26 98 61 28 14 5 51 12 21 70 22 67 86 53 38 38 27 66 77 5 94 4 63 98 78 26 31 63 3 90 75 18 19 54 9 25 18 12 38 96 27 11 20 34 29 54 58 82 73 24 42 29 76 3 87 60 58 96 45 61 95 26 75 
47 37 38 88 15 41 53 87 95 22 52 6 11 37 36 90 59 47 80 100 94 25 89 85 60 44 80 7 95 51 94 17 55 39 15 29 37 25 45 35 75 54 42 35 19 56 92 23 7 1 73 88 98 36 5 27 4 12 9 60 62 81 94 18 
62 82 89 37 29 13 30 92 51 89 16 98 42 41 64 59 20 83 33 68 18 6 41 36 77 72 88 56 99 96 58 88 94 100 4 49 26 29 32 88 77 22 30 32 55 71 15 92 77 93 24 36 93 25 35 53 4 18 45 31 50 29 1 97 
81 3 58 72 21 19 66 38 62 63 80 54 18 93 100 89 83 43 75 100 63 21 13 5 86 20 25 11 73 18 91 46 12 76 40 38 49 90 71 57 49 25 75 25 22 51 52 91 87 56 96 92 71 94 35 34 36 26 78 42 93 45 56 36 
60 74 9 68 85 8 54 94 59 45 96 48 82 81 98 52 91 34 22 4 39 35 81 28 29 72 4 61 78 8 47 45 36 80 94 69 39 5 54 25 37 36 76 89 70 73 28 65 44 5 66 11 41 80 37 2 78 70 45 5 27 32 64 54 
14 15 94 93 5 9 6 99 55 73 86 10 39 77 69 61 56 23 31 52 47 48 27 3 71 95 86 7 35 50 72 25 96 70 23 69 31 5 13 33 85 43 34 27 6 74 56 3 85 92 33 36 98 5 31 70 44 90 90 27 75 35 62 87 
61 53 76 61 23 71 55 51 7 39 84 6 79 57 28 76 52 76 17 28 77 35 68 87 43 12 84 58 60 13 58 82 59 45 58 35 26 67 5 54 29 46 6 5 60 66 95 61 74 46 57 9 27 100 29 93 41 39 92 54 98 27 39 59 
7 72 47 79 12 33 58 50 65 3 55 30 13 75 65 32 55 23 79 46 100 96 25 82 39 19 9 91 79 56 91 78 5 55 16 62 86 40 51 25 93 72 37 17 49 70 66 82 65 26 17 25 35 52 10 95 51 10 55 22 93 92 4 79 
30 3 68 59 70 19 52 5 71 40 47 29 96 49 60 7 96 31 98 89 6 92 74 46 7 17 71 79 70 39 85 11 2 55 37 38 59 68 71 29 4 95 38 48 28 39 23 100 35 37 67 11 51 86 17 37 12 40 83 44 93 8 48 88 
47 51 76 77 46 97 50 18 92 35 92 48 76 14 26 86 5 43 80 9 37 36 57 30 85 42 80 53 58 24 12 92 96 11 99 93 38 51 57 83 66 47 57 77 30 9 8 48 18 63 43 32 7 10 8 58 64 100 100 51 32 71 55 6 
53 89 84 8 81 71 9 36 99 90 64 19 65 31 64 49 82 21 82 93 67 73 98 63 93 53 57 48 10 39 7 25 91 84 39 2 74 29 11 25 66 74 24 46 53 21 82 99 20 14 98 97 38 45 16 71 93 62 10 50 72 83 51 38 
6 6 29 57 98 84 15 73 30 65 31 5 76 12 62 31 20 93 39 27 74 61 48 65 45 30 79 90 36 89 68 72 68 87 48 86 73 90 54 32 29 8 64 74 54 47 56 78 63 59 2 47 74 24 5 93 57 71 13 18 100 63 3 12 
82 40 95 74 16 86 18 33 38 59 69 17 26 87 83 23 97 99 100 37 16 59 59 24 21 71 38 12 50 96 59 75 77 68 81 26 26 7 5 26 64 16 52 29 69 22 52 43 31 88 94 37 99 7 1 46 72 3 70 26 70 37 98 22 
24 19 69 95 52 18 95 57 13 15 79 96 86 10 9 93 89 12 43 3 56 41 83 32 92 24 63 21 47 40 67 18 41 23 86 93 63 35 21 81 10 14 73 29 9 41 67 96 34 20 79 62 51 86 94 93 90 86 59 87 39 77 87 16 
84 72 33 86 76 88 28 67 39 73 90 53 39 35 3 19 97 20 13 86 41 19 80 91 18 60 77 70 22 66 26 11 23 52 6 5 36 74 93 60 50 37 9 59 19 87 39 46 1 8 45 79 6 66 48 71 64 66 42 85 30 43 62 34 
59 75 93 39 64 95 21 71 63 30 60 94 37 58 20 24 67 16 59 28 6 3 69 18 30 29 26 13 31 35 85 10 39 48 22 92 16 71 43 68 97 19 47 18 43 16 71 27 3 95 66 14 49 42 68 27 76 81 16 11 40 84 43 63 
15 12 27 44 26 64 82 80 56 34 17 53 68 5 99 96 6 21 22 81 92 60 38 56 55 11 46 79 28 81 22 6 30 1 97 6 49 60 96 74 98 77 28 17 34 92 9 19 100 43 99 11 48 29 61 3 40 12 65 83 44 10 86 78 
18 46 66 69 48 43 1 8 69 46 21 72 96 57 72 31 53 88 15 99 1 46 52 36 47 52 45 30 74 58 25 45 50 61 52 49 65 37 39 89 95 17 48 37 39 56 76 78 92 18 96 50 24 55 55 7 59 74 53 17 27 97 82 26 
92 12 31 19 60 85 55 88 58 22 85 85 100 93 94 7 79 47 66 85 76 90 43 27 98 39 51 53 31 19 99 12 62 42 64 54 36 97 79 77 86 76 79 45 46 40 11 32 37 71 1 50 48 29 26 46 10 62 12 61 97 83 65 51 
20 69 18 83 74 9 4 66 100 84 99 76 1 77 62 85 27 72 65 37 99 11 32 87 72 53 22 61 51 46 61 39 35 42 76 17 99 12 68 45 99 97 88 47 61 25 24 64 46 11 2 81 87 45 91 13 72 35 76 15 22 66 48 6 
39 85 94 19 39 32 9 20 15 19 60 68 87 90 30 28 83 95 81 17 60 59 88 33 39 67 28 83 88 30 82 66 41 53 77 68 78 34 8 3 62 7 59 83 39 89 9 45 9 59 65 34 62 68 30 71 30 18 49 46 34 22 31 32 
56 77 68 53 87 81 75 59 79 61 23 11 68 81 62 77 49 53 6 24 56 52 66 73 93 90 36 30 29 38 44 61 96 35 42 76 6 90 30 38 94 15 80 21 44 32 4 12 82 26 61 87 40 33 8 1 69 47 54 98 32 81 22 71 
54 13 25 92 56 6 37 96 49 76 47 89 49 78 84 44 39 34 90 44 5 2 19 70 74 23 100 60 19 77 34 17 98 20 14 49 73 30 97 4 1 62 12 36 20 72 85 85 17 77 96 75 70 27 42 43 16 11 91 86 47 33 77 89 
73 83 40 45 14 10 87 5 36 79 89 74 70 24 6 29 44 63 98 55 7 75 77 18 27 74 78 15 90 11 22 95 85 24 52 11 26 11 35 55 38 28 35 85 22 61 48 5 90 76 56 80 75 73 54 95 34 92 32 58 38 67 10 79 
73 99 78 25 36 61 96 63 13 58 73 100 33 17 43 76 80 19 67 55 100 99 89 30 75 31 25 83 70 92 61 19 54 40 59 4 64 64 21 48 21 2 4 18 18 87 43 85 17 96 23 24 96 72 26 25 7 4 4 78 27 60 59 66 
31 73 3 19 99 44 30 12 61 19 13 26 77 79 94 37 83 89 34 99 53 49 65 1 33 91 45 2 80 58 49 62 28 76 29 66 46 8 78 23 51 93 38 91 17 8 84 100 4 18 14 51 6 17 23 66 4 85 58 54 40 46 46 38 
99 45 76 11 95 34 58 55 1 99 72 96 10 72 39 80 98 87 43 75 62 47 27 7 75 69 35 92 99 29 91 38 2 5 22 33 18 73 92 96 56 53 91 79 19 38 24 21 17 94 96 20 49 49 4 35 1 30 30 2 78 46 22 65 
67 77 12 21 75 15 90 3 25 44 58 75 70 5 31 17 48 16 63 62 81 14 96 78 21 42 77 95 13 58 99 68 72 20 5 63 13 6 56 12 7 77 61 10 84 26 6 77 66 40 82 79 56 59 22 95 25 71 80 99 87 60 93 23 
53 47 80 16 17 91 75 44 2 16 83 49 20 74 45 84 47 76 9 69 30 94 72 76 50 68 4 13 17 27 2 24 5 3 28 85 63 28 35 13 82 73 38 15 83 24 3 51 11 60 57 81 25 59 90 12 94 76 13 51 49 55 75 39 
46 64 86 49 35 86 75 27 46 94 82 48 68 100 93 44 78 90 13 22 13 83 53 14 61 49 87 33 88 67 32 12 65 76 67 69 17 9 95 35 48 62 83 62 78 28 31 99 10 74 22 82 51 89 20 64 77 4 32 70 84 92 73 74 
20 47 11 15 56 67 70 81 92 14 60 26 5 15 64 64 84 37 63 28 47 82 33 66 48 18 40 21 41 10 59 27 21 51 81 76 44 8 31 71 32 48 74 45 13 63 51 12 4 72 59 45 37 89 14 55 43 30 5 1 8 18 52 100 
18 42 29 80 55 37 47 7 17 96 72 28 4 87 51 29 1 50 65 26 49 35 92 27 42 19 67 48 65 89 58 59 1 38 36 48 13 83 2 76 98 16 19 58 85 30 19 98 2 89 87 25 40 18 4 38 35 21 20 40 8 51 77 98 
27 25 18 99 86 68 27 45 82 82 65 54 11 87 14 89 57 26 69 49 65 31 72 95 27 97 19 63 56 13 56 40 99 90 8 73 91 51 19 45 73 98 28 63 36 44 6 72 98 55 32 93 55 83 24 33 92 84 41 77 46 68 99 13 
18 66 60 39 1 86 50 7 86 67 61 72 76 44 48 34 85 30 29 34 48 40 89 80 21 21 98 21 79 56 48 39 87 12 71 85 48 57 15 84 22 56 54 49 96 29 70 52 80 60 80 7 57 8 75 48 19 46 13 94 69 41 31 10 
37 91 50 78 26 52 74 56 1 23 14 94 85 60 71 14 23 32 57 49 44 63 86 83 86 70 10 55 45 33 18 5 66 66 7 5 20 19 11 60 2 38 74 36 28 10 51 52 98 78 22 75 29 99 5 3 37 82 95 57 83 90 37 34 
69 21 33 18 79 38 64 7 20 73 86 83 63 30 42 56 60 30 54 18 41 19 51 5 37 10 23 49 67 16 37 97 76 22 100 8 35 99 76 36 2 6 97 32 46 96 6 52 3 41 75 6 25 85 24 18 1 74 46 8 1 49 61 86 
67 42 87 59 50 29 34 31 25 91 41 76 25 71 43 15 86 68 52 79 38 45 14 98 46 15 58 31 30 60 84 42 43 40 31 98 4 1 76 12 99 33 39 53 90 46 29 34 90 56 29 22 42 61 45 97 63 75 3 99 15 72 66 12 
66 98 31 90 43 93 55 1 72 61 12 74 17 55 32 8 30 28 24 40 83 64 26 89 70 44 19 38 92 70 14 1 45 77 20 65 47 31 62 86 11 68 8 85 50 83 60 45 73 1 93 34 29 82 13 84 39 12 30 81 86 78 42 86 
88 92 84 90 91 95 97 39 71 72 86 72 64 91 17 14 28 65 58 82 83 86 74 41 41 45 43 9 42 3 41 81 48 95 71 35 19 91 56 16 2 51 61 53 91 89 92 16 92 100 88 60 92 53 42 61 31 79 71 68 46 80 95 79 
93 67 53 31 42 41 4 100 14 100 97 94 10 59 28 62 99 16 96 21 87 89 96 61 52 1 15 86 39 27 97 22 85 43 67 70 68 46 6 7 8 64 14 95 39 70 48 95 12 6 76 17 74 90 63 76 83 14 90 3 11 67 78 74 
35 52 6 81 5 46 86 48 29 4 91 49 4 55 70 31 35 13 48 95 12 68 53 99 19 48 77 19 77 15 56 4 24 66 58 30 51 2 64 49 20 11 7 16 16 7 69 14 7 66 61 68 47 29 59 94 42 79 75 71 92 27 35 48 
4 18 28 61 79 43 41 59 87 79 12 9 62 7 43 59 2 28 54 85 42 77 59 80 95 42 86 41 35 57 36 10 65 67 82 65 57 20 23 61 75 21 19 40 64 72 62 62 61 13 64 75 59 94 77 96 41 5 32 82 60 31 61 27 
16 89 55 72 19 71 13 79 39 37 42 14 2 41 16 90 33 27 84 51 20 84 7 54 64 58 38 32 24 50 70 10 48 85 100 59 12 51 39 63 36 87 66 92 20 47 77 76 40 52 3 73 47 9 79 30 10 25 94 93 5 66 2 5 
75 79 82 1 61 14 11 54 85 93 97 96 54 43 65 85 81 84 15 74 87 3 87 44 50 68 16 87 32 72 48 29 81 22 20 9 91 30 31 92 2 82 29 20 78 98 41 12 47 3 73 30 18 76 1 21 8 44 66 59 40 37 5 59 
81 45 74 3 66 50 48 59 14 42 27 41 60 13 56 97 23 63 72 22 40 12 79 57 15 34 34 92 65 5 81 65 43 34 44 33 20 36 25 41 7 49 57 14 51 79 54 64 75 68 38 64 76 86 38 54 74 91 77 4 42 50 21 49 
21 20 65 99 76 81 74 9 83 28 26 37 68 21 11 78 1 82 72 31 1 65 9 49 6 82 66 95 79 27 85 18 17 51 10 7 85 58 55 95 96 74 84 40 91 36 40 100 75 42 9 23 4 16 92 54 3 50 1 49 20 98 80 23 
73 73 93 92 59 86 21 78 17 64 4 58 47 70 16 27 88 24 67 78 36 71 41 46 14 21 15 40 54 41 95 85 89 56 29 5 45 33 24 68 91 6 17 7 80 13 77 2 35 95 65 76 85 88 64 55 2 82 3 8 14 98 75 61 
64 25 38 39 49 10 85 54 46 53 48 59 45 34 49 14 63 99 76 1 31 68 36 21 72 13 37 43 68 36 14 67 18 3 25 76 33 61 82 24 43 20 38 7 12 31 78 41 52 46 31 8 40 21 92 90 26 44 25 69 39 54 17 47 
56 50 20 93 26 19 90 12 50 82 37 2 91 67 4 30 38 72 77 76 24 53 58 12 34 8 39 5 67 60 44 41 50 57 46 88 16 46 96 72 87 23 57 19 96 73 39 38 19 76 66 93 26 62 60 37 85 55 13 4 55 100 66 21 
96 8 26 10 3 21 21 51 86 3 82 81 49 41 51 48 30 12 7 8 43 42 61 87 1 39 39 31 74 4 44 44 3 91 97 24 55 72 54 77 37 47 100 48 78 60 20 96 31 78 75 77 80 47 6 2 77 39 37 39 69 8 5 16 
53 74 90 82 28 6 13 80 56 36 87 38 31 85 67 21 6 68 67 52 85 64 26 11 93 19 91 48 71 99 62 76 65 45 28 34 82 93 43 3 97 72 80 45 95 69 31 21 10 100 94 28 4 91 10 58 97 38 4 48 10 17 77 54 
68 59 23 76 50 67 3 29 98 72 61 61 100 65 70 61 13 24 35 76 51 83 18 7 33 9 30 66 67 27 95 76 19 17 70 93 33 95 74 9 43 83 24 57 6 9 52 34 92 80 73 45 79 68 64 15 61 77 49 68 55 8 19 16 
72 41 4 4 86 33 3 45 37 43 38 29 74 14 19 30 88 2 16 18 92 34 69 14 14 27 31 67 73 44 17 82 47 70 6 8 34 53 5 5 2 31 96 26 21 100 28 100 12 12 80 38 86 33 84 83 25 72 57 22 92 90 91 46 
82 20 42 36 10 56 36 29 27 95 40 74 91 63 31 81 15 85 29 13 31 40 21 55 30 46 100 30 51 28 69 45 61 83 72 14 23 77 97 35 95 57 83 6 63 40 86 94 22 75 30 31 27 77 28 86 74 30 64 41 47 1 90 10 
53 89 55 54 76 96 92 81 67 31 14 27 64 15 53 32 86 68 1 89 11 70 48 89 42 46 5 91 4 17 72 78 25 42 15 50 55 60 95 25 21 7 94 4 6 24 59 6 54 69 48 70 54 48 34 18 61 66 89 34 6 14 21 27 
36 61 43 25 12 7 12 40 11 53 85 90 10 88 6 78 44 2 97 82 55 5 58 62 35 24 49 100 20 41 10 61 14 1 60 6 54 5 9 40 67 90 98 73 7 27 100 48 82 90 34 69 23 81 93 73 34 38 18 5 73 79 83 60 
48 57 30 44 41 75 20 69 30 29 14 96 17 82 47 77 10 36 16 90 88 42 26 9 62 70 74 97 44 100 98 86 21 57 62 9 10 43 46 5 92 66 42 1 93 99 42 82 11 8 65 4 85 68 87 7 47 12 37 81 22 34 24 92 
52 2 37 98 53 89 98 49 51 41 84 50 53 56 32 80 58 66 98 94 99 69 81 12 11 50 50 49 10 81 18 34 66 25 9 90 18 92 11 20 52 69 25 91 56 8 57 79 61 93 29 93 9 79 59 78 44 56 7 29 85 47 28 72 
38 53 88 34 4 83 71 37 100 64 67 39 88 39 95 74 60 54 16 46 67 17 56 43 22 14 81 43 55 37 87 10 47 33 70 9 23 34 94 38 32 26 44 20 69 52 49 89 40 49 42 1 7 24 95 46 76 26 20 16 31 90 64 10 
0.0 1.0 2.0 3.0 4.0 5.0 6.0 7.0 8.0 9.0 10.0 11.0 12.0 13.0 14.0 15.0 16.0 17.0 18.0 19.0 20.0 21.0 22.0 23.0 24.0 25.0 26.0 27.0 28.0 29.0 30.0 31.0 32.0 31.0 30.0 29.0 28.0 27.0 26.0 25.0 24.0 23.0 22.0 21.0 20.0 19.0 18.0 17.0 16.0 15.0 14.0 13.0 12.0 11.0 10.0 9.0 8.0 7.0 6.0 5.0 4.0 3.0 2.0 1.0 
1.0 0.0 1.0 2.0 3.0 4.0 5.0 6.0 7.0 8.0 9.0 10.0 11.0 12.0 13.0 14.0 15.0 16.0 17.0 18.0 19.0 20.0 21.0 22.0 23.0 24.0 25.0 26.0 27.0 28.0 29.0 30.0 31.0 32.0 31.0 30.0 29.0 28.0 27.0 26.0 25.0 24.0 23.0 22.0 21.0 20.0 19.0 18.0 17.0 16.0 15.0 14.0 13.0 12.0 11.0 10.0 9.0 8.0 7.0 6.0 5.0 4.0 3.0 2.0 
2.0 1.0 0.0 1.0 2.0 3.0 4.0 5.0 6.0 7.0 8.0 9.0 10.0 11.0 12.0 13.0 14.0 15.0 16.0 17.0 18.0 19.0 20.0 21.0 22.0 23.0 24.0 25.0 26.0 27.0 28.0 29.0 30.0 31.0 32.0 31.0 30.0 29.0 28.0 27.0 26.0 25.0 24.0 23.0 22.0 21.0 20.0 19.0 18.0 17.0 16.0 15.0 14.0 13.0 12.0 11.0 10.0 9.0 8.0 7.0 6.0 5.0 4.0 3.0 
3.0 2.0 1.0 0.0 1.0 2.0 3.0 4.0 5.0 6.0 7.0 8.0 9.0 10.0 11.0 12.0 13.0 14.0 15.0 16.0 17.0 18.0 19.0 20.0 21.0 22.0 23.0 24.0 25.0 26.0 27.0 28.0 29.0 30.0 31.0 32.0 31.0 30.0 29.0 28.0 27.0 26.0 25.0 24.0 23.0 22.0 21.0 20.0 19.0 18.0 17.0 16.0 15.0 14.0 13.0 12.0 11.0 10.0 9.0 8.0 7.0 6.0 5.0 4.0 
4.0 3.0 2.0 1.0 0.0 1.0 2.0 3.0 4.0 5.0 6.0 7.0 8.0 9.0 10.0 11.0 12.0 13.0 14.0 15.0 16.0 17.0 18.0 19.0 20.0 21.0 22.0 23.0 24.0 25.0 26.0 27.0 28.0 29.0 30.0 31.0 32.0 31.0 30.0 29.0 28.0 27.0 26.0 25.0 24.0 23.0 22.0 21.0 20.0 19.0 18.0 17.0 16.0 15.0 14.0 13.0 12.0 11.0 10.0 9.0 8.0 7.0 6.0 5.0 
5.0 4.0 3.0 2.0 1.0 0.0 1.0 2.0 3.0 4.0 5.0 6.0 7.0 8.0 9.0 10.0 11.0 12.0 13.0 14.0 15.0 16.0 17.0 18.0 19.0 20.0 21.0 22.0 23.0 24.0 25.0 26.0 27.0 28.0 29.0 30.0 31.0 32.0 31.0 30.0 29.0 28.0 27.0 26.0 25.0 24.0 23.0 22.0 21.0 20.0 19.0 18.0 17.0 16.0 15.0 14.0 13.0 12.0 11.0 10.0 9.0 8.0 7.0 6.0 
6.0 5.0 4.0 3.0 2.0 1.0 0.0 1.0 2.0 3.0 4.0 5.0 6.0 7.0 8.0 9.0 10.0 11.0 12.0 13.0 14.0 15.0 16.0 17.0 18.0 19.0 20.0 21.0 22.0 23.0 24.0 25.0 26.0 27.0 28.0 29.0 30.0 31.0 32.0 31.0 30.0 29.0 28.0 27.0 26.0 25.0 24.0 23.0 22.0 21.0 20.0 19.0 18.0 17.0 16.0 15.0 14.0 13.0 12.0 11.0 10.0 9.0 8.0 7.0 
7.0 6.0 5.0 4.0 3.0 2.0 1.0 0.0 1.0 2.0 3.0 4.0 5.0 6.0 7.0 8.0 9.0 10.0 11.0 12.0 13.0 14.0 15.0 16.0 17.0 18.0 19.0 20.0 21.0 22.0 23.0 24.0 25.0 26.0 27.0 28.0 29.0 30.0 31.0 32.0 31.0 30.0 29.0 28.0 27.0 26.0 25.0 24.0 23.0 22.0 21.0 20.0 19.0 18.0 17.0 16.0 15.0 14.0 13.0 12.0 11.0 10.0 9.0 8.0 
8.0 7.0 6.0 5.0 4.0 3.0 2.0 1.0 0.0 1.0 2.0 3.0 4.0 5.0 6.0 7.0 8.0 9.0 10.0 11.0 12.0 13.0 14.0 15.0 16.0 17.0 18.0 19.0 20.0 21.0 22.0 23.0 24.0 25.0 26.0 27.0 28.0 29.0 30.0 31.0 32.0 31.0 30.0 29.0 28.0 27.0 26.0 25.0 24.0 23.0 22.0 21.0 20.0 19.0 18.0 17.0 16.0 15.0 14.0 13.0 12.0 11.0 10.0 9.0 
9.0 8.0 7.0 6.0 5.0 4.0 3.0 2.0 1.0 0.0 1.0 2.0 3.0 4.0 5.0 6.0 7.0 8.0 9.0 10.0 11.0 12.0 13.0 14.0 15.0 16.0 17.0 18.0 19.0 20.0 21.0 22.0 23.0 24.0 25.0 26.0 27.0 28.0 29.0 30.0 31.0 32.0 31.0 30.0 29.0 28.0 27.0 26.0 25.0 24.0 23.0 22.0 21.0 20.0 19.0 18.0 17.0 16.0 15.0 14.0 13.0 12.0 11.0 10.0 
10.0 9.0 8.0 7.0 6.0 5.0 4.0 3.0 2.0 1.0 0.0 1.0 2.0 3.0 4.0 5.0 6.0 7.0 8.0 9.0 10.0 11.0 12.0 13.0 14.0 15.0 16.0 17.0 18.0 19.0 20.0 21.0 22.0 23.0 24.0 25.0 26.0 27.0 28.0 29.0 30.0 31.0 32.0 31.0 30.0 29.0 28.0 27.0 26.0 25.0 24.0 23.0 22.0 21.0 20.0 19.0 18.0 17.0 16.0 15.0 14.0 13.0 12.0 11.0 
11.0 10.0 9.0 8.0 7.0 6.0 5.0 4.0 3.0 2.0 1.0 0.0 1.0 2.0 3.0 4.0 5.0 6.0 7.0 8.0 9.0 10.0 11.0 12.0 13.0 14.0 15.0 16.0 17.0 18.0 19.0 20.0 21.0 22.0 23.0 24.0 25.0 26.0 27.0 28.0 29.0 30.0 31.0 32.0 31.0 30.0 29.0 28.0 27.0 26.0 25.0 24.0 23.0 22.0 21.0 20.0 19.0 18.0 17.0 16.0 15.0 14.0 13.0 12.0 
12.0 11.0 10.0 9.0 8.0 7.0 6.0 5.0 4.0 3.0 2.0 1.0 0.0 1.0 2.0 3.0 4.0 5.0 6.0 7.0 8.0 9.0 10.0 11.0 12.0 13.0 14.0 15.0 16.0 17.0 18.0 19.0 20.0 21.0 22.0 23.0 24.0 25.0 26.0 27.0 28.0 29.0 30.0 31.0 32.0 31.0 30.0 29.0 28.0 27.0 26.0 25.0 24.0 23.0 22.0 21.0 20.0 19.0 18.0 17.0 16.0 15.0 14.0 13.0 
13.0 12.0 11.0 10.0 9.0 8.0 7.0 6.0 5.0 4.0 3.0 2.0 1.0 0.0 1.0 2.0 3.0 4.0 5.0 6.0 7.0 8.0 9.0 10.0 11.0 12.0 13.0 14.0 15.0 16.0 17.0 18.0 19.0 20.0 21.0 22.0 23.0 24.0 25.0 26.0 27.0 28.0 29.0 30.0 31.0 32.0 31.0 30.0 29.0 28.0 27.0 26.0 25.0 24.0 23.0 22.0 21.0 20.0 19.0 18.0 17.0 16.0 15.0 14.0 
14.0 13.0 12.0 11.0 10.0 9.0 8.0 7.0 6.0 5.0 4.0 3.0 2.0 1.0 0.0 1.0 2.0 3.0 4.0 5.0 6.0 7.0 8.0 9.0 10.0 11.0 12.0 13.0 14.0 15.0 16.0 17.0 18.0 19.0 20.0 21.0 22.0 23.0 24.0 25.0 26.0 27.0 28.0 29.0 30.0 31.0 32.0 31.0 30.0 29.0 28.0 27.0 26.0 25.0 24.0 23.0 22.0 21.0 20.0 19.0 18.0 17.0 16.0 15.0 
15.0 14.0 13.0 12.0 11.0 10.0 9.0 8.0 7.0 6.0 5.0 4.0 3.0 2.0 1.0 0.0 1.0 2.0 3.0 4.0 5.0 6.0 7.0 8.0 9.0 10.0 11.0 12.0 13.0 14.0 15.0 16.0 17.0 18.0 19.0 20.0 21.0 22.0 23.0 24.0 25.0 26.0 27.0 28.0 29.0 30.0 31.0 32.0 31.0 30.0 29.0 28.0 27.0 26.0 25.0 24.0 23.0 22.0 21.0 20.0 19.0 18.0 17.0 16.0 
16.0 15.0 14.0 13.0 12.0 11.0 10.0 9.0 8.0 7.0 6.0 5.0 4.0 3.0 2.0 1.0 0.0 1.0 2.0 3.0 4.0 5.0 6.0 7.0 8.0 9.0 10.0 11.0 12.0 13.0 14.0 15.0 16.0 17.0 18.0 19.0 20.0 21.0 22.0 23.0 24.0 25.0 26.0 27.0 28.0 29.0 30.0 31.0 32.0 31.0 30.0 29.0 28.0 27.0 26.0 25.0 24.0 23.0 22.0 21.0 20.0 19.0 18.0 17.0 
17.0 16.0 15.0 14.0 13.0 12.0 11.0 10.0 9.0 8.0 7.0 6.0 5.0 4.0 3.0 2.0 1.0 0.0 1.0 2.0 3.0 4.0 5.0 6.0 7.0 8.0 9.0 10.0 11.0 12.0 13.0 14.0 15.0 16.0 17.0 18.0 19.0 20.0 21.0 22.0 23.0 24.0 25.0 26.0 27.0 28.0 29.0 30.0 31.0 32.0 31.0 30.0 29.0 28.0 27.0 26.0 25.0 24.0 23.0 22.0 21.0 20.0 19.0 18.0 
18.0 17.0 16.0 15.0 14.0 13.0 12.0 11.0 10.0 9.0 8.0 7.0 6.0 5.0 4.0 3.0 2.0 1.0 0.0 1.0 2.0 3.0 4.0 5.0 6.0 7.0 8.0 9.0 10.0 11.0 12.0 13.0 14.0 15.0 16.0 17.0 18.0 19.0 20.0 21.0 22.0 23.0 24.0 25.0 26.0 27.0 28.0 29.0 30.0 31.0 32.0 31.0 30.0 29.0 28.0 27.0 26.0 25.0 24.0 23.0 22.0 21.0 20.0 19.0 
19.0 18.0 17.0 16.0 15.0 14.0 13.0 12.0 11.0 10.0 9.0 8.0 7.0 6.0 5.0 4.0 3.0 2.0 1.0 0.0 1.0 2.0 3.0 4.0 5.0 6.0 7.0 8.0 9.0 10.0 11.0 12.0 13.0 14.0 15.0 16.0 17.0 18.0 19.0 20.0 21.0 22.0 23.0 24.0 25.0 26.0 27.0 28.0 29.0 30.0 31.0 32.0 31.0 30.0 29.0 28.0 27.0 26.0 25.0 24.0 23.0 22.0 21.0 20.0 
20.0 19.0 18.0 17.0 16.0 15.0 14.0 13.0 12.0 11.0 10.0 9.0 8.0 7.0 6.0 5.0 4.0 3.0 2.0 1.0 0.0 1.0 2.0 3.0 4.0 5.0 6.0 7.0 8.0 9.0 10.0 11.0 12.0 13.0 14.0 15.0 16.0 17.0 18.0 19.0 20.0 21.0 22.0 23.0 24.0 25.0 26.0 27.0 28.0 29.0 30.0 31.0 32.0 31.0 30.0 29.0 28.0 27.0 26.0 25.0 24.0 23.0 22.0 21.0 
21.0 20.0 19.0 18.0 17.0 16.0 15.0 14.0 13.0 12.0 11.0 10.0 9.0 8.0 7.0 6.0 5.0 4.0 3.0 2.0 1.0 0.0 1.0 2.0 3.0 4.0 5.0 6.0 7.0 8.0 9.0 10.0 11.0 12.0 13.0 14.0 15.0 16.0 17.0 18.0 19.0 20.0 21.0 22.0 23.0 24.0 25.0 26.0 27.0 28.0 29.0 30.0 31.0 32.0 31.0 30.0 29.0 28.0 27.0 26.0 25.0 24.0 23.0 22.0 
22.0 21.0 20.0 19.0 18.0 17.0 16.0 15.0 14.0 13.0 12.0 11.0 10.0 9.0 8.0 7.0 6.0 5.0 4.0 3.0 2.0 1.0 0.0 1.0 2.0 3.0 4.0 5.0 6.0 7.0 8.0 9.0 10.0 11.0 12.0 13.0 14.0 15.0 16.0 17.0 18.0 19.0 20.0 21.0 22.0 23.0 24.0 25.0 26.0 27.0 28.0 29.0 30.0 31.0 32.0 31.0 30.0 29.0 28.0 27.0 26.0 25.0 24.0 23.0 
23.0 22.0 21.0 20.0 19.0 18.0 17.0 16.0 15.0 14.0 13.0 12.0 11.0 10.0 9.0 8.0 7.0 6.0 5.0 4.0 3.0 2.0 1.0 0.0 1.0 2.0 3.0 4.0 5.0 6.0 7.0 8.0 9.0 10.0 11.0 12.0 13.0 14.0 15.0 16.0 17.0 18.0 19.0 20.0 21.0 22.0 23.0 24.0 25.0 26.0 27.0 28.0 29.0 30.0 31.0 32.0 31.0 30.0 29.0 28.0 27.0 26.0 25.0 24.0 
24.0 23.0 22.0 21.0 20.0 19.0 18.0 17.0 16.0 15.0 14.0 13.0 12.0 11.0 10.0 9.0 8.0 7.0 6.0 5.0 4.0 3.0 2.0 1.0 0.0 1.0 2.0 3.0 4.0 5.0 6.0 7.0 8.0 9.0 10.0 11.0 12.0 13.0 14.0 15.0 16.0 17.0 18.0 19.0 20.0 21.0 22.0 23.0 24.0 25.0 26.0 27.0 28.0 29.0 30.0 31.0 32.0 31.0 30.0 29.0 28.0 27.0 26.0 25.0 
25.0 24.0 23.0 22.0 21.0 20.0 19.0 18.0 17.0 16.0 15.0 14.0 13.0 12.0 11.0 10.0 9.0 8.0 7.0 6.0 5.0 4.0 3.0 2.0 1.0 0.0 1.0 2.0 3.0 4.0 5.0 6.0 7.0 8.0 9.0 10.0 11.0 12.0 13.0 14.0 15.0 16.0 17.0 18.0 19.0 20.0 21.0 22.0 23.0 24.0 25.0 26.0 27.0 28.0 29.0 30.0 31.0 32.0 31.0 30.0 29.0 28.0 27.0 26.0 
26.0 25.0 24.0 23.0 22.0 21.0 20.0 19.0 18.0 17.0 16.0 15.0 14.0 13.0 12.0 11.0 10.0 9.0 8.0 7.0 6.0 5.0 4.0 3.0 2.0 1.0 0.0 1.0 2.0 3.0 4.0 5.0 6.0 7.0 8.0 9.0 10.0 11.0 12.0 13.0 14.0 15.0 16.0 17.0 18.0 19.0 20.0 21.0 22.0 23.0 24.0 25.0 26.0 27.0 28.0 29.0 30.0 31.0 32.0 31.0 30.0 29.0 28.0 27.0 
27.0 26.0 25.0 24.0 23.0 22.0 21.0 20.0 19.0 18.0 17.0 16.0 15.0 14.0 13.0 12.0 11.0 10.0 9.0 8.0 7.0 6.0 5.0 4.0 3.0 2.0 1.0 0.0 1.0 2.0 3.0 4.0 5.0 6.0 7.0 8.0 9.0 10.0 11.0 12.0 13.0 14.0 15.0 16.0 17.0 18.0 19.0 20.0 21.0 22.0 23.0 24.0 25.0 26.0 27.0 28.0 29.0 30.0 31.0 32.0 31.0 30.0 29.0 28.0 
28.0 27.0 26.0 25.0 24.0 23.0 22.0 21.0 20.0 19.0 18.0 17.0 16.0 15.0 14.0 13.0 12.0 11.0 10.0 9.0 8.0 7.0 6.0 5.0 4.0 3.0 2.0 1.0 0.0 1.0 2.0 3.0 4.0 5.0 6.0 7.0 8.0 9.0 10.0 11.0 12.0 13.0 14.0 15.0 16.0 17.0 18.0 19.0 20.0 21.0 22.0 23.0 24.0 25.0 26.0 27.0 28.0 29.0 30.0 31.0 32.0 31.0 30.0 29.0 
29.0 28.0 27.0 26.0 25.0 24.0 23.0 22.0 21.0 20.0 19.0 18.0 17.0 16.0 15.0 14.0 13.0 12.0 11.0 10.0 9.0 8.0 7.0 6.0 5.0 4.0 3.0 2.0 1.0 0.0 1.0 2.0 3.0 4.0 5.0 6.0 7.0 8.0 9.0 10.0 11.0 12.0 13.0 14.0 15.0 16.0 17.0 18.0 19.0 20.0 21.0 22.0 23.0 24.0 25.0 26.0 27.0 28.0 29.0 30.0 31.0 32.0 31.0 30.0 
30.0 29.0 28.0 27.0 26.0 25.0 24.0 23.0 22.0 21.0 20.0 19.0 18.0 17.0 16.0 15.0 14.0 13.0 12.0 11.0 10.0 9.0 8.0 7.0 6.0 5.0 4.0 3.0 2.0 1.0 0.0 1.0 2.0 3.0 4.0 5.0 6.0 7.0 8.0 9.0 10.0 11.0 12.0 13.0 14.0 15.0 16.0 17.0 18.0 19.0 20.0 21.0 22.0 23.0 24.0 25.0 26.0 27.0 28.0 29.0 30.0 31.0 32.0 31.0 
31.0 30.0 29.0 28.0 27.0 26.0 25.0 24.0 23.0 22.0 21.0 20.0 19.0 18.0 17.0 16.0 15.0 14.0 13.0 12.0 11.0 10.0 9.0 8.0 7.0 6.0 5.0 4.0 3.0 2.0 1.0 0.0 1.0 2.0 3.0 4.0 5.0 6.0 7.0 8.0 9.0 10.0 11.0 12.0 13.0 14.0 15.0 16.0 17.0 18.0 19.0 20.0 21.0 22.0 23.0 24.0 25.0 26.0 27.0 28.0 29.0 30.0 31.0 32.0 
32.0 31.0 30.0 29.0 28.0 27.0 26.0 25.0 24.0 23.0 22.0 21.0 20.0 19.0 18.0 17.0 16.0 15.0 14.0 13.0 12.0 11.0 10.0 9.0 8.0 7.0 6.0 5.0 4.0 3.0 2.0 1.0 0.0 1.0 2.0 3.0 4.0 5.0 6.0 7.0 8.0 9.0 10.0 11.0 12.0 13.0 14.0 15.0 16.0 17.0 18.0 19.0 20.0 21.0 22.0 23.0 24.0 25.0 26.0 27.0 28.0 29.0 30.0 31.0 
31.0 32.0 31.0 30.0 29.0 28.0 27.0 26.0 25.0 24.0 23.0 22.0 21.0 20.0 19.0 18.0 17.0 16.0 15.0 14.0 13.0 12.0 11.0 10.0 9.0 8.0 7.0 6.0 5.0 4.0 3.0 2.0 1.0 0.0 1.0 2.0 3.0 4.0 5.0 6.0 7.0 8.0 9.0 10.0 11.0 12.0 13.0 14.0 15.0 16.0 17.0 18.0 19.0 20.0 21.0 22.0 23.0 24.0 25.0 26.0 27.0 28.0 29.0 30.0 
30.0 31.0 32.0 31.0 30.0 29.0 28.0 27.0 26.0 25.0 24.0 23.0 22.0 21.0 20.0 19.0 18.0 17.0 16.0 15.0 14.0 13.0 12.0 11.0 10.0 9.0 8.0 7.0 6.0 5.0 4.0 3.0 2.0 1.0 0.0 1.0 2.0 3.0 4.0 5.0 6.0 7.0 8.0 9.0 10.0 11.0 12.0 13.0 14.0 15.0 16.0 17.0 18.0 19.0 20.0 21.0 22.0 23.0 24.0 25.0 26.0 27.0 28.0 29.0 
29.0 30.0 31.0 32.0 31.0 30.0 29.0 28.0 27.0 26.0 25.0 24.0 23.0 22.0 21.0 20.0 19.0 18.0 17.0 16.0 15.0 14.0 13.0 12.0 11.0 10.0 9.0 8.0 7.0 6.0 5.0 4.0 3.0 2.0 1.0 0.0 1.0 2.0 3.0 4.0 5.0 6.0 7.0 8.0 9.0 10.0 11.0 12.0 13.0 14.0 15.0 16.0 17.0 18.0 19.0 20.0 21.0 22.0 23.0 24.0 25.0 26.0 27.0 28.0 
28.0 29.0 30.0 31.0 32.0 31.0 30.0 29.0 28.0 27.0 26.0 25.0 24.0 23.0 22.0 21.0 20.0 19.0 18.0 17.0 16.0 15.0 14.0 13.0 12.0 11.0 10.0 9.0 8.0 7.0 6.0 5.0 4.0 3.0 2.0 1.0 0.0 1.0 2.0 3.0 4.0 5.0 6.0 7.0 8.0 9.0 10.0 11.0 12.0 13.0 14.0 15.0 16.0 17.0 18.0 19.0 20.0 21.0 22.0 23.0 24.0 25.0 26.0 27.0 
27.0 28.0 29.0 30.0 31.0 32.0 31.0 30.0 29.0 28.0 27.0 26.0 25.0 24.0 23.0 22.0 21.0 20.0 19.0 18.0 17.0 16.0 15.0 14.0 13.0 12.0 11.0 10.0 9.0 8.0 7.0 6.0 5.0 4.0 3.0 2.0 1.0 0.0 1.0 2.0 3.0 4.0 5.0 6.0 7.0 8.0 9.0 10.0 11.0 12.0 13.0 14.0 15.0 16.0 17.0 18.0 19.0 20.0 21.0 22.0 23.0 24.0 25.0 26.0 
26.0 27.0 28.0 29.0 30.0 31.0 32.0 31.0 30.0 29.0 28.0 27.0 26.0 25.0 24.0 23.0 22.0 21.0 20.0 19.0 18.0 17.0 16.0 15.0 14.0 13.0 12.0 11.0 10.0 9.0 8.0 7.0 6.0 5.0 4.0 3.0 2.0 1.0 0.0 1.0 2.0 3.0 4.0 5.0 6.0 7.0 8.0 9.0 10.0 11.0 12.0 13.0 14.0 15.0 16.0 17.0 18.0 19.0 20.0 21.0 22.0 23.0 24.0 25.0 
25.0 26.0 27.0 28.0 29.0 30.0 31.0 32.0 31.0 30.0 29.0 28.0 27.0 26.0 25.0 24.0 23.0 22.0 21.0 20.0 19.0 18.0 17.0 16.0 15.0 14.0 13.0 12.0 11.0 10.0 9.0 8.0 7.0 6.0 5.0 4.0 3.0 2.0 1.0 0.0 1.0 2.0 3.0 4.0 5.0 6.0 7.0 8.0 9.0 10.0 11.0 12.0 13.0 14.0 15.0 16.0 17.0 18.0 19.0 20.0 21.0 22.0 23.0 24.0 
24.0 25.0 26.0 27.0 28.0 29.0 30.0 31.0 32.0 31.0 30.0 29.0 28.0 27.0 26.0 25.0 24.0 23.0 22.0 21.0 20.0 19.0 18.0 17.0 16.0 15.0 14.0 13.0 12.0 11.0 10.0 9.0 8.0 7.0 6.0 5.0 4.0 3.0 2.0 1.0 0.0 1.0 2.0 3.0 4.0 5.0 6.0 7.0 8.0 9.0 10.0 11.0 12.0 13.0 14.0 15.0 16.0 17.0 18.0 19.0 20.0 21.0 22.0 23.0 
23.0 24.0 25.0 26.0 27.0 28.0 29.0 30.0 31.0 32.0 31.0 30.0 29.0 28.0 27.0 26.0 25.0 24.0 23.0 22.0 21.0 20.0 19.0 18.0 17.0 16.0 15.0 14.0 13.0 12.0 11.0 10.0 9.0 8.0 7.0 6.0 5.0 4.0 3.0 2.0 1.0 0.0 1.0 2.0 3.0 4.0 5.0 6.0 7.0 8.0 9.0 10.0 11.0 12.0 13.0 14.0 15.0 16.0 17.0 18.0 19.0 20.0 21.0 22.0 
22.0 23.0 24.0 25.0 26.0 27.0 28.0 29.0 30.0 31.0 32.0 31.0 30.0 29.0 28.0 27.0 26.0 25.0 24.0 23.0 22.0 21.0 20.0 19.0 18.0 17.0 16.0 15.0 14.0 13.0 12.0 11.0 10.0 9.0 8.0 7.0 6.0 5.0 4.0 3.0 2.0 1.0 0.0 1.0 2.0 3.0 4.0 5.0 6.0 7.0 8.0 9.0 10.0 11.0 12.0 13.0 14.0 15.0 16.0 17.0 18.0 19.0 20.0 21.0 
21.0 22.0 23.0 24.0 25.0 26.0 27.0 28.0 29.0 30.0 31.0 32.0 31.0 30.0 29.0 28.0 27.0 26.0 25.0 24.0 23.0 22.0 21.0 20.0 19.0 18.0 17.0 16.0 15.0 14.0 13.0 12.0 11.0 10.0 9.0 8.0 7.0 6.0 5.0 4.0 3.0 2.0 1.0 0.0 1.0 2.0 3.0 4.0 5.0 6.0 7.0 8.0 9.0 10.0 11.0 12.0 13.0 14.0 15.0 16.0 17.0 18.0 19.0 20.0 
20.0 21.0 22.0 23.0 24.0 25.0 26.0 27.0 28.0 29.0 30.0 31.0 32.0 31.0 30.0 29.0 28.0 27.0 26.0 25.0 24.0 23.0 22.0 21.0 20.0 19.0 18.0 17.0 16.0 15.0 14.0 13.0 12.0 11.0 10.0 9.0 8.0 7.0 6.0 5.0 4.0 3.0 2.0 1.0 0.0 1.0 2.0 3.0 4.0 5.0 6.0 7.0 8.0 9.0 10.0 11.0 12.0 13.0 14.0 15.0 16.0 17.0 18.0 19.0 
19.0 20.0 21.0 22.0 23.0 24.0 25.0 26.0 27.0 28.0 29.0 30.0 31.0 32.0 31.0 30.0 29.0 28.0 27.0 26.0 25.0 24.0 23.0 22.0 21.0 20.0 19.0 18.0 17.0 16.0 15.0 14.0 13.0 12.0 11.0 10.0 9.0 8.0 7.0 6.0 5.0 4.0 3.0 2.0 1.0 0.0 1.0 2.0 3.0 4.0 5.0 6.0 7.0 8.0 9.0 10.0 11.0 12.0 13.0 14.0 15.0 16.0 17.0 18.0 
18.0 19.0 20.0 21.0 22.0 23.0 24.0 25.0 26.0 27.0 28.0 29.0 30.0 31.0 32.0 31.0 30.0 29.0 28.0 27.0 26.0 25.0 24.0 23.0 22.0 21.0 20.0 19.0 18.0 17.0 16.0 15.0 14.0 13.0 12.0 11.0 10.0 9.0 8.0 7.0 6.0 5.0 4.0 3.0 2.0 1.0 0.0 1.0 2.0 3.0 4.0 5.0 6.0 7.0 8.0 9.0 10.0 11.0 12.0 13.0 14.0 15.0 16.0 17.0 
17.0 18.0 19.0 20.0 21.0 22.0 23.0 24.0 25.0 26.0 27.0 28.0 29.0 30.0 31.0 32.0 31.0 30.0 29.0 28.0 27.0 26.0 25.0 24.0 23.0 22.0 21.0 20.0 19.0 18.0 17.0 16.0 15.0 14.0 13.0 12.0 11.0 10.0 9.0 8.0 7.0 6.0 5.0 4.0 3.0 2.0 1.0 0.0 1.0 2.0 3.0 4.0 5.0 6.0 7.0 8.0 9.0 10.0 11.0 12.0 13.0 14.0 15.0 16.0 
16.0 17.0 18.0 19.0 20.0 21.0 22.0 23.0 24.0 25.0 26.0 27.0 28.0 29.0 30.0 31.0 32.0 31.0 30.0 29.0 28.0 27.0 26.0 25.0 24.0 23.0 22.0 21.0 20.0 19.0 18.0 17.0 16.0 15.0 14.0 13.0 12.0 11.0 10.0 9.0 8.0 7.0 6.0 5.0 4.0 3.0 2.0 1.0 0.0 1.0 2.0 3.0 4.0 5.0 6.0 7.0 8.0 9.0 10.0 11.0 12.0 13.0 14.0 15.0 
15.0 16.0 17.0 18.0 19.0 20.0 21.0 22.0 23.0 24.0 25.0 26.0 27.0 28.0 29.0 30.0 31.0 32.0 31.0 30.0 29.0 28.0 27.0 26.0 25.0 24.0 23.0 22.0 21.0 20.0 19.0 18.0 17.0 16.0 15.0 14.0 13.0 12.0 11.0 10.0 9.0 8.0 7.0 6.0 5.0 4.0 3.0 2.0 1.0 0.0 1.0 2.0 3.0 4.0 5.0 6.0 7.0 8.0 9.0 10.0 11.0 12.0 13.0 14.0 
14.0 15.0 16.0 17.0 18.0 19.0 20.0 21.0 22.0 23.0 24.0 25.0 26.0 27.0 28.0 29.0 30.0 31.0 32.0 31.0 30.0 29.0 28.0 27.0 26.0 25.0 24.0 23.0 22.0 21.0 20.0 19.0 18.0 17.0 16.0 15.0 14.0 13.0 12.0 11.0 10.0 9.0 8.0 7.0 6.0 5.0 4.0 3.0 2.0 1.0 0.0 1.0 2.0 3.0 4.0 5.0 6.0 7.0 8.0 9.0 10.0 11.0 12.0 13.0 
13.0 14.0 15.0 16.0 17.0 18.0 19.0 20.0 21.0 22.0 23.0 24.0 25.0 26.0 27.0 28.0 29.0 30.0 31.0 32.0 31.0 30.0 29.0 28.0 27.0 26.0 25.0 24.0 23.0 22.0 21.0 20.0 19.0 18.0 17.0 16.0 15.0 14.0 13.0 12.0 11.0 10.0 9.0 8.0 7.0 6.0 5.0 4.0 3.0 2.0 1.0 0.0 1.0 2.0 3.0 4.0 5.0 6.0 7.0 8.0 9.0 10.0 11.0 12.0 
12.0 13.0 14.0 15.0 16.0 17.0 18.0 19.0 20.0 21.0 22.0 23.0 24.0 25.0 26.0 27.0 28.0 29.0 30.0 31.0 32.0 31.0 30.0 29.0 28.0 27.0 26.0 25.0 24.0 23.0 22.0 21.0 20.0 19.0 18.0 17.0 16.0 15.0 14.0 13.0 12.0 11.0 10.0 9.0 8.0 7.0 6.0 5.0 4.0 3.0 2.0 1.0 0.0 1.0 2.0 3.0 4.0 5.0 6.0 7.0 8.0 9.0 10.0 11.0 
11.0 12.0 13.0 14.0 15.0 16.0 17.0 18.0 19.0 20.0 21.0 22.0 23.0 24.0 25.0 26.0 27.0 28.0 29.0 30.0 31.0 32.0 31.0 30.0 29.0 28.0 27.0 26.0 25.0 24.0 23.0 22.0 21.0 20.0 19.0 18.0 17.0 16.0 15.0 14.0 13.0 12.0 11.0 10.0 9.0 8.0 7.0 6.0 5.0 4.0 3.0 2.0 1.0 0.0 1.0 2.0 3.0 4.0 5.0 6.0 7.0 8.0 9.0 10.0 
10.0 11.0 12.0 13.0 14.0 15.0 16.0 17.0 18.0 19.0 20.0 21.0 22.0 23.0 24.0 25.0 26.0 27.0 28.0 29.0 30.0 31.0 32.0 31.0 30.0 29.0 28.0 27.0 26.0 25.0 24.0 23.0 22.0 21.0 20.0 19.0 18.0 17.0 16.0 15.0 14.0 13.0 12.0 11.0 10.0 9.0 8.0 7.0 6.0 5.0 4.0 3.0 2.0 1.0 0.0 1.0 2.0 3.0 4.0 5.0 6.0 7.0 8.0 9.0 
9.0 10.0 11.0 12.0 13.0 14.0 15.0 16.0 17.0 18.0 19.0 20.0 21.0 22.0 23.0 24.0 25.0 26.0 27.0 28.0 29.0 30.0 31.0 32.0 31.0 30.0 29.0 28.0 27.0 26.0 25.0 24.0 23.0 22.0 21.0 20.0 19.0 18.0 17.0 16.0 15.0 14.0 13.0 12.0 11.0 10.0 9.0 8.0 7.0 6.0 5.0 4.0 3.0 2.0 1.0 0.0 1.0 2.0 3.0 4.0 5.0 6.0 7.0 8.0 
8.0 9.0 10.0 11.0 12.0 13.0 14.0 15.0 16.0 17.0 18.0 19.0 20.0 21.0 22.0 23.0 24.0 25.0 26.0 27.0 28.0 29.0 30.0 31.0 32.0 31.0 30.0 29.0 28.0 27.0 26.0 25.0 24.0 23.0 22.0 21.0 20.0 19.0 18.0 17.0 16.0 15.0 14.0 13.0 12.0 11.0 10.0 9.0 8.0 7.0 6.0 5.0 4.0 3.0 2.0 1.0 0.0 1.0 2.0 3.0 4.0 5.0 6.0 7.0 
7.0 8.0 9.0 10.0 11.0 12.0 13.0 14.0 15.0 16.0 17.0 18.0 19.0 20.0 21.0 22.0 23.0 24.0 25.0 26.0 27.0 28.0 29.0 30.0 31.0 32.0 31.0 30.0 29.0 28.0 27.0 26.0 25.0 24.0 23.0 22.0 21.0 20.0 19.0 18.0 17.0 16.0 15.0 14.0 13.0 12.0 11.0 10.0 9.0 8.0 7.0 6.0 5.0 4.0 3.0 2.0 1.0 0.0 1.0 2.0 3.0 4.0 5.0 6.0 
6.0 7.0 8.0 9.0 10.0 11.0 12.0 13.0 14.0 15.0 16.0 17.0 18.0 19.0 20.0 21.0 22.0 23.0 24.0 25.0 26.0 27.0 28.0 29.0 30.0 31.0 32.0 31.0 30.0 29.0 28.0 27.0 26.0 25.0 24.0 23.0 22.0 21.0 20.0 19.0 18.0 17.0 16.0 15.0 14.0 13.0 12.0 11.0 10.0 9.0 8.0 7.0 6.0 5.0 4.0 3.0 2.0 1.0 0.0 1.0 2.0 3.0 4.0 5.0 
5.0 6.0 7.0 8.0 9.0 10.0 11.0 12.0 13.0 14.0 15.0 16.0 17.0 18.0 19.0 20.0 21.0 22.0 23.0 24.0 25.0 26.0 27.0 28.0 29.0 30.0 31.0 32.0 31.0 30.0 29.0 28.0 27.0 26.0 25.0 24.0 23.0 22.0 21.0 20.0 19.0 18.0 17.0 16.0 15.0 14.0 13.0 12.0 11.0 10.0 9.0 8.0 7.0 6.0 5.0 4.0 3.0 2.0 1.0 0.0 1.0 2.0 3.0 4.0 
4.0 5.0 6.0 7.0 8.0 9.0 10.0 11.0 12.0 13.0 14.0 15.0 16.0 17.0 18.0 19.0 20.0 21.0 22.0 23.0 24.0 25.0 26.0 27.0 28.0 29.0 30.0 31.0 32.0 31.0 30.0 29.0 28.0 27.0 26.0 25.0 24.0 23.0 22.0 21.0 20.0 19.0 18.0 17.0 16.0 15.0 14.0 13.0 12.0 11.0 10.0 9.0 8.0 7.0 6.0 5.0 4.0 3.0 2.0 1.0 0.0 1.0 2.0 3.0 
3.0 4.0 5.0 6.0 7.0 8.0 9.0 10.0 11.0 12.0 13.0 14.0 15.0 16.0 17.0 18.0 19.0 20.0 21.0 22.0 23.0 24.0 25.0 26.0 27.0 28.0 29.0 30.0 31.0 32.0 31.0 30.0 29.0 28.0 27.0 26.0 25.0 24.0 23.0 22.0 21.0 20.0 19.0 18.0 17.0 16.0 15.0 14.0 13.0 12.0 11.0 10.0 9.0 8.0 7.0 6.0 5.0 4.0 3.0 2.0 1.0 0.0 1.0 2.0 
2.0 3.0 4.0 5.0 6.0 7.0 8.0 9.0 10.0 11.0 12.0 13.0 14.0 15.0 16.0 17.0 18.0 19.0 20.0 21.0 22.0 23.0 24.0 25.0 26.0 27.0 28.0 29.0 30.0 31.0 32.0 31.0 30.0 29.0 28.0 27.0 26.0 25.0 24.0 23.0 22.0 21.0 20.0 19.0 18.0 17.0 16.0 15.0 14.0 13.0 12.0 11.0 10.0 9.0 8.0 7.0 6.0 5.0 4.0 3.0 2.0 1.0 0.0 1.0 
1.0 2.0 3.0 4.0 5.0 6.0 7.0 8.0 9.0 10.0 11.0 12.0 13.0 14.0 15.0 16.0 17.0 18.0 19.0 20.0 21.0 22.0 23.0 24.0 25.0 26.0 27.0 28.0 29.0 30.0 31.0 32.0 31.0 30.0 29.0 28.0 27.0 26.0 25.0 24.0 23.0 22.0 21.0 20.0 19.0 18.0 17.0 16.0 15.0 14.0 13.0 12.0 11.0 10.0 9.0 8.0 7.0 6.0 5.0 4.0 3.0 2.0 1.0 0.0 