64
14 97 19 52 6 18 29 91 93 93 31 4 86 81 8 23 19 62 9 83 4 36 87 44 100 56 46 37 65 69 52 70 47 17 99 4 83 8 80 57 42 22 18 28 55 98 76 4 38 47 2 55 6 75 66 9 99 26 65 53 71 55 30 42 
18 27 23 86 32 100 48 72 100 52 22 35 100 52 39 16 63 79 82 66 86 46 35 68 60 56 61 4 36 89 67 81 95 13 78 15 5 2 77 82 43 9 31 25 89 76 78 79 10 95 94 7 52 60 7 56 56 67 7 85 34 28 38 30 
17 22 85 82 47 15 29 97 12 31 39 38 45 64 55 78 66 69 23 20 14 46 35 26 98 74 52 65 21 88 59 30 80 3 23 89 12 67 14 87 87 91 31 21 79 15 7 78 97 50 52 86 52 8 63 100 52 57 25 91 48 31 87 35 
30 75 75 25 96 71 41 98 70 21 92 45 64 24 36 11 66 63 49 62 85 38 10 27 72 57 57 46 47 45 94 18 52 25 58 58 34 6 90 97 49 39 5 56 4 44 84 47 98 87 59 52 45 91 81 95 48 18 98 86 86 54 85 65 
30 5 80 47 75 11 73 37 4 50 3 41 30 3 97 28 71 23 16 23 18 38 32 31 40 100 53 47 36 49 94 72 90 26 75 87 39 13 73 8 71 12 59 85 6 8 58 12 45 21 76 69 71 59 85 79 51 9 18 74 35 25 88 4 
87 56 72 28 26 97 13 71 20 17 84 3 26 69 84 6 83 51 64 79 86 54 76 67 40 9 7 82 6 15 51 86 40 77 6 13 33 1 90 18 28 67 71 32 70 13 24 50 15 5 87 13 31 46 15 43 77 35 76 23 61 95 70 40 
5 23 49 19 43 51 86 51 90 96 17 97 41 49 3 1 38 65 99 5 68 55 79 63 60 8 62 52 55 4 45 87 88 83 43 58 77 34 93 37 35 87 32 34 78 14 84 5 53 5 45 17 44 45 21 61 52 24 87 39 38 58 60 62 
40 51 20 11 47 7 44 30 62 40 98 93 63 29 80 30 1 66 85 17 92 13 1 60 95 71 76 19 99 87 90 47 89 39 17 20 95 47 98 53 37 69 61 10 82 21 57 33 64 92 30 25 35 99 74 2 29 29 32 98 21 7 87 4 
27 28 47 46 10 6 2 99 27 52 98 26 16 22 97 85 80 75 63 55 87 39 33 1 90 35 14 82 4 89 18 5 6 61 98 12 54 52 85 12 75 64 84 27 37 31 90 15 62 16 55 34 32 86 2 58 83 84 21 37 52 70 94 61 
70 25 93 20 99 26 18 54 30 58 21 5 9 80 89 93 10 15 38 8 37 21 18 29 17 48 77 90 27 77 57 55 78 45 39 55 22 61 33 20 13 20 52 64 53 74 76 73 53 64 56 77 73 19 91 46 77 69 20 96 95 84 99 85 
34 85 47 51 7 11 30 7 62 32 41 10 43 85 14 79 93 31 70 69 95 62 47 98 32 65 46 56 65 82 99 88 2 52 61 91 84 42 77 18 43 73 34 74 43 92 27 26 85 65 27 57 8 18 27 2 73 99 62 84 93 94 4 74 
47 56 2 1 47 2 31 84 76 92 36 79 58 5 91 19 13 17 92 86 27 16 30 97 97 90 41 32 97 47 95 2 43 85 93 37 1 68 41 69 6 20 76 60 9 34 10 95 66 16 84 54 22 2 92 5 69 35 37 39 25 4 70 91 
56 59 52 13 23 92 7 19 71 83 14 40 51 74 44 44 48 24 100 30 98 24 74 88 77 24 95 35 90 59 42 80 33 26 24 96 1 72 96 74 21 14 70 19 94 33 63 31 31 68 76 31 39 91 42 32 91 22 39 87 33 96 95 61 
91 16 7 18 4 51 45 38 64 91 17 49 42 2 40 75 69 3 53 15 2 7 49 1 5 27 64 18 81 51 60 21 68 89 37 75 61 13 72 32 64 83 25 64 12 16 70 51 25 1 82 52 49 87 69 90 84 83 96 86 11 3 13 2 
3 69 19 3 11 44 58 73 32 25 28 43 21 90 100 46 63 66 36 3 55 75 54 19 9 85 85 25 85 79 68 34 99 71 57 39 58 94 27 68 30 33 37 2 78 27 23 26 75 49 65 30 71 39 81 48 96 13 91 24 54 37 53 38 
82 19 68 71 94 94 11 41 95 57 10 82 2 48 41 21 56 26 25 28 95 61 3 69 38 72 28 97 9 29 58 82 40 81 13 4 60 84 88 87 48 81 16 37 12 67 3 13 42 86 58 58 15 79 94 31 25 21 72 51 46 55 50 23 
80 1 79 8 31 90 74 2 29 78 25 69 5 52 77 28 69 48 48 82 100 26 81 33 34 11 4 2 49 83 64 49 67 86 41 13 39 49 29 21 88 97 82 90 68 36 87 75 63 69 23 53 73 9 73 38 47 79 25 10 7 74 13 22 
41 99 98 59 25 23 45 41 50 69 44 95 61 97 92 49 58 17 86 91 3 83 19 58 84 94 21 12 35 36 89 99 33 56 30 46 73 24 57 49 20 10 81 36 29 65 71 91 87 98 10 82 76 85 14 36 77 24 70 85 79 54 49 89 
8 38 54 96 89 12 93 31 17 99 52 39 90 30 66 27 60 38 66 62 89 41 47 86 64 72 85 50 3 20 63 63 32 15 24 59 12 4 39 31 83 8 68 5 30 25 77 80 23 52 100 12 17 8 4 25 41 7 42 12 27 39 24 3 
19 42 85 90 13 71 17 25 22 15 59 36 35 16 36 27 11 29 38 8 44 16 16 71 10 24 37 76 53 73 61 76 84 64 8 57 89 74 66 70 76 7 52 45 43 100 37 10 88 31 69 10 34 12 77 83 99 41 51 86 38 88 90 45 
95 92 6 46 33 23 90 29 7 27 71 54 90 50 21 42 53 71 97 20 79 24 43 22 21 28 64 57 7 33 29 64 8 79 34 43 39 74 13 18 31 65 38 91 72 62 86 20 73 62 100 10 48 33 13 8 94 46 48 62 51 61 9 40 
72 18 83 60 64 67 73 60 23 9 62 34 33 72 13 29 18 26 40 40 37 4 79 47 5 43 80 40 30 1 95 18 98 48 23 28 97 36 61 79 52 21 25 40 43 54 47 14 52 25 5 4 35 48 9 64 73 14 86 85 3 16 24 25 
26 95 46 84 58 11 71 96 66 40 92 36 33 67 36 76 43 78 80 82 30 53 71 11 86 97 69 40 51 1 89 25 59 52 76 55 1 43 68 6 23 81 91 38 56 22 1 22 15 50 20 55 14 67 44 3 98 45 72 37 36 27 1 21 
37 85 82 45 51 73 69 85 13 70 88 95 35 73 60 89 95 12 53 98 64 39 17 76 94 64 65 97 11 77 69 30 14 33 55 73 13 32 15 21 97 22 15 24 54 50 70 55 8 67 70 22 74 34 75 38 91 6 24 20 29 22 82 84 
41 93 53 73 5 88 78 4 89 86 19 44 49 72 58 22 66 24 20 8 79 43 45 78 83 89 15 86 62 31 25 46 89 29 19 49 100 84 72 83 29 92 29 69 88 62 41 39 35 9 89 66 43 97 38 30 100 3 29 52 80 24 41 2 
31 15 37 89 31 54 50 77 12 73 68 30 72 43 21 34 58 11 37 79 4 27 81 80 76 13 69 16 7 7 57 17 61 76 30 37 68 72 15 41 17 66 59 86 47 64 44 71 91 64 3 25 61 97 59 93 30 93 74 10 10 92 20 93 
32 69 45 8 59 68 48 30 91 86 78 34 14 74 28 62 66 80 78 85 88 28 31 57 31 17 55 23 94 96 34 60 21 38 57 4 21 89 71 17 60 31 99 30 47 92 58 22 87 31 64 67 54 3 67 13 33 60 61 73 56 10 6 59 
56 8 75 96 14 39 71 8 73 61 54 2 15 88 48 90 94 51 14 2 3 60 37 45 9 83 10 27 100 49 59 100 39 31 19 10 95 15 45 51 6 90 7 61 100 33 23 49 4 52 18 66 41 87 78 21 83 3 20 13 97 31 58 60 
51 88 18 83 50 34 59 18 42 3 13 88 29 95 5 17 77 39 18 37 99 28 29 76 83 70 24 9 99 30 69 32 41 86 26 30 25 52 87 28 62 94 99 11 62 29 78 38 81 46 22 86 37 33 70 37 61 76 52 84 49 3 41 60 
13 84 79 24 55 4 34 61 85 88 74 99 44 92 54 7 42 90 4 29 45 72 43 16 72 60 43 14 24 62 49 84 28 61 44 98 86 91 7 56 62 25 42 84 10 36 17 2 94 24 52 64 96 48 21 10 31 98 99 69 39 75 68 88 
29 24 36 44 8 74 58 47 54 11 32 85 26 94 23 82 47 39 26 78 17 79 15 29 16 80 76 98 36 60 57 71 2 15 32 85 6 52 92 62 71 28 2 22 4 61 1 39 24 26 65 8 53 35 26 34 6 89 17 93 82 40 39 50 
21 43 75 24 29 78 96 47 17 14 40 84 38 28 17 20 96 74 79 70 45 27 6 34 19 51 99 79 28 98 15 67 34 83 17 49 70 28 37 79 6 99 92 86 64 14 15 92 20 18 83 92 43 35 48 16 86 30 84 61 73 65 57 69 
1 87 36 29 84 56 46 92 74 52 95 18 94 70 18 85 92 41 72 38 73 82 59 41 78 76 72 65 68 87 18 74 1 23 16 64 30 93 17 34 32 26 15 10 80 74 59 94 64 89 23 45 41 75 13 37 29 58 23 90 95 41 64 5 
25 50 19 30 96 86 4 70 76 76 12 87 98 20 64 51 66 70 66 84 27 70 53 75 58 33 15 94 35 80 71 63 65 54 16 90 4 10 56 55 46 15 100 24 59 51 63 3 83 28 38 47 49 22 96 17 34 52 26 17 45 19 57 30 
73 44 93 51 52 8 1 78 61 41 1 77 95 55 13 70 28 83 24 14 23 5 20 64 40 19 17 4 33 17 14 85 8 50 3 44 78 13 15 29 49 65 52 38 46 100 36 5 73 51 91 77 94 52 93 32 10 72 88 25 25 33 40 49 
69 73 99 24 25 60 16 42 69 68 48 22 5 3 8 8 79 50 16 81 17 46 81 40 45 83 42 77 21 25 54 47 66 22 12 89 5 82 65 65 6 7 97 85 42 3 17 72 53 43 93 14 34 34 65 53 39 12 93 9 24 40 86 84 
14 53 5 57 90 47 19 100 44 3 11 88 46 85 70 54 96 73 78 33 39 53 74 45 50 3 38 89 26 84 77 99 34 13 80 39 54 87 7 72 40 36 82 82 44 10 48 16 46 93 53 52 27 67 13 44 2 48 96 59 23 48 4 56 
75 77 36 66 16 39 40 45 79 14 28 40 76 1 42 61 55 49 44 53 49 85 58 63 2 91 32 86 71 98 87 70 34 33 21 31 21 50 27 91 20 7 77 42 87 73 38 15 69 85 51 88 16 79 97 46 97 68 8 49 67 23 32 45 
50 48 61 73 64 96 7 38 72 93 46 48 77 53 99 44 41 11 49 85 52 5 95 66 12 27 3 8 16 57 91 66 59 98 36 40 39 52 97 83 62 52 20 85 13 36 74 40 69 25 63 80 37 30 31 8 36 74 60 19 99 87 21 92 
76 87 99 79 18 73 60 96 37 75 98 95 42 64 20 7 41 47 64 25 43 2 30 83 48 68 82 16 31 10 98 27 71 38 66 94 42 70 62 83 93 58 66 89 98 26 62 48 20 84 100 41 74 24 38 23 19 75 60 52 88 59 12 32 
66 6 29 64 23 34 15 56 94 86 47 34 46 61 98 71 75 22 81 20 48 69 51 75 96 58 76 86 69 27 80 8 15 92 71 67 9 84 6 80 22 79 87 53 75 26 20 35 11 68 19 94 39 55 41 100 39 97 8 36 85 70 23 51 
13 7 29 15 56 42 5 23 93 35 49 87 82 69 10 91 39 67 37 87 76 6 49 70 79 87 13 6 100 95 13 36 21 39 56 21 51 67 71 61 74 81 63 81 50 60 100 38 22 74 51 77 65 7 59 7 67 82 25 53 74 100 35 32 
40 28 95 29 64 54 59 31 16 8 73 67 25 58 6 28 86 85 29 19 41 74 57 87 8 59 54 77 14 5 82 52 75 76 6 72 27 50 32 33 2 79 96 13 66 51 37 97 51 82 95 47 96 88 88 20 41 37 91 53 12 23 61 31 
33 92 19 97 29 18 46 19 48 38 86 15 27 28 15 92 17 71 74 17 18 85 20 11 1 38 29 59 7 92 51 6 58 35 60 28 3 31 74 66 2 17 85 91 89 74 46 47 42 69 53 92 47 63 17 50 35 5 23 78 2 80 86 7 
63 95 42 58 47 28 1 64 96 53 70 66 20 77 74 100 6 60 98 19 76 66 95 91 41 3 60 16 36 4 68 26 7 21 8 67 53 75 99 46 50 80 14 52 27 9 66 95 65 47 49 68 76 9 52 2 5 58 14 55 99 44 74 59 
58 9 71 11 77 69 37 38 3 48 48 71 33 72 49 56 6 2 23 17 50 16 9 1 26 72 9 27 64 93 29 72 86 17 98 69 1 41 78 85 74 11 81 8 56 25 61 15 17 37 82 63 76 19 36 40 67 66 95 32 11 66 90 8 
89 44 21 62 15 15 22 6 81 77 81 42 72 14 72 25 22 63 63 54 85 52 14 10 71 96 87 94 51 54 85 62 31 19 76 56 6 90 70 74 45 62 11 10 91 88 6 32 60 28 74 100 7 81 81 52 64 45 56 59 24 81 7 40 
30 62 84 40 26 29 97 64 58 24 93 86 2 44 77 39 43 48 83 35 34 85 17 10 85 39 34 95 1 97 13 40 31 95 19 21 75 57 37 90 22 21 64 5 2 82 89 44 88 56 99 100 24 6 21 59 30 93 7 33 28 12 87 97 
33 41 46 84 31 74 63 77 89 24 80 66 8 43 92 72 27 61 29 16 59 83 28 66 81 78 92 93 56 55 33 15 46 89 41 89 49 90 59 34 62 62 57 5 29 63 9 36 64 90 1 94 51 10 15 26 24 99 46 38 30 35 14 69 
49 2 94 88 86 67 80 42 5 67 18 33 4 36 94 14 19 31 56 95 22 16 45 25 88 95 72 20 84 92 54 23 56 73 43 99 94 26 9 59 41 32 14 16 79 63 68 98 92 75 12 56 99 49 18 88 86 97 52 6 14 8 69 79 
51 28 43 9 82 39 49 78 7 1 28 14 99 56 66 80 67 24 35 6 12 30 15 44 28 3 50 81 26 10 43 7 70 9 27 90 48 34 47 83 98 41 28 96 82 1 58 8 87 19 39 26 48 53 14 22 91 29 94 7 61 45 63 22 
80 13 56 90 16 3 16 62 74 87 97 92 70 95 33 59 56 21 67 50 36 9 83 50 99 60 85 15 72 28 11 74 15 39 16 81 92 58 97 71 90 8 74 36 20 76 72 83 6 65 75 2 4 94 61 56 6 65 26 5 60 53 33 23 
1 24 32 93 62 85 59 46 56 49 6 26 72 86 57 47 73 76 42 77 92 79 39 68 41 54 51 18 24 12 100 54 49 84 74 54 95 9 70 12 95 26 59 39 96 8 72 34 81 60 26 86 40 3 53 32 2 61 35 28 30 72 61 90 
17 11 42 6 96 26 4 94 29 46 75 100 29 43 7 81 81 46 54 24 84 30 81 46 80 99 53 65 29 99 78 85 57 28 8 45 66 53 58 73 1 88 38 24 79 96 59 52 26 95 5 67 13 41 37 30 17 23 31 62 62 39 34 79 
5 37 8 23 23 27 65 63 13 49 12 4 47 15 50 91 92 6 63 71 49 86 57 74 91 23 39 65 76 21 50 5 67 94 65 48 5 18 16 39 61 74 14 63 13 72 69 24 33 18 33 59 85 39 2 78 30 23 63 98 87 48 62 56 
25 48 54 54 98 37 22 21 13 42 50 46 45 9 74 91 21 38 2 55 100 85 12 96 1 60 56 12 59 41 27 58 63 86 83 52 19 44 71 29 69 1 68 27 58 90 9 12 34 24 76 30 51 53 41 65 63 9 89 46 14 1 73 50 
60 82 34 83 75 62 37 82 29 73 60 100 6 81 8 42 75 40 24 37 28 40 30 78 13 99 85 56 95 20 19 66 59 67 5 45 100 20 57 23 23 30 50 38 44 47 61 27 79 36 18 76 95 39 9 71 57 28 42 52 21 56 99 46 
9 83 76 95 90 7 59 2 88 98 36 95 41 53 73 93 93 1 81 10 71 37 9 7 60 76 82 18 51 70 85 17 55 25 29 53 8 14 1 4 82 59 75 100 31 23 34 55 32 54 89 11 92 80 67 3 47 22 8 45 4 85 53 44 
97 19 88 65 74 96 76 34 19 25 4 53 73 61 61 30 97 9 2 30 29 98 60 23 7 88 95 44 35 75 49 16 19 50 3 53 86 24 37 46 78 31 7 7 37 55 62 48 60 67 80 89 70 90 26 1 7 76 80 33 51 54 10 36 
35 26 1 11 95 79 7 51 62 61 43 86 68 17 87 48 26 76 73 88 10 51 81 91 56 40 81 79 31 41 81 1 47 40 52 50 33 49 94 88 51 25 35 23 54 82 17 87 97 35 85 43 73 91 89 72 96 80 91 62 50 14 87 52 
90 96 59 78 78 15 4 39 9 76 65 31 55 64 84 16 41 9 98 73 76 43 32 40 43 98 40 20 1 31 9 99 82 24 7 42 81 49 63 39 10 39 80 4 51 50 23 89 7 90 10 70 37 78 74 13 82 51 81 73 29 94 38 20 
92 11 39 20 67 78 95 37 10 98 86 27 28 32 47 45 83 86 15 4 73 98 59 20 6 55 95 80 60 1 89 52 77 77 14 18 92 46 98 8 96 79 59 64 85 93 35 75 20 5 61 90 18 3 29 98 6 95 54 77 69 75 83 46 
8 79 50 66 65 51 91 78 18 40 50 33 3 91 43 60 5 86 76 45 86 83 58 62 21 86 3 35 11 22 26 35 26 67 34 17 48 89 37 47 29 40 1 32 54 28 37 7 41 29 1 28 36 62 95 5 58 61 36 86 15 72 1 28 
91 48 28 39 6 26 14 60 33 70 18 5 89 61 61 19 37 17 93 95 51 7 77 3 89 18 8 100 12 11 23 43 21 3 72 13 27 74 43 47 3 68 32 23 20 45 56 83 68 63 18 52 26 54 94 73 94 4 45 29 4 52 59 27 
0.0 1.0 2.0 3.0 4.0 5.0 6.0 7.0 8.0 9.0 10.0 11.0 12.0 13.0 14.0 15.0 16.0 17.0 18.0 19.0 20.0 21.0 22.0 23.0 24.0 25.0 26.0 27.0 28.0 29.0 30.0 31.0 32.0 31.0 30.0 29.0 28.0 27.0 26.0 25.0 24.0 23.0 22.0 21.0 20.0 19.0 18.0 17.0 16.0 15.0 14.0 13.0 12.0 11.0 10.0 9.0 8.0 7.0 6.0 5.0 4.0 3.0 2.0 1.0 
1.0 0.0 1.0 2.0 3.0 4.0 5.0 6.0 7.0 8.0 9.0 10.0 11.0 12.0 13.0 14.0 15.0 16.0 17.0 18.0 19.0 20.0 21.0 22.0 23.0 24.0 25.0 26.0 27.0 28.0 29.0 30.0 31.0 32.0 31.0 30.0 29.0 28.0 27.0 26.0 25.0 24.0 23.0 22.0 21.0 20.0 19.0 18.0 17.0 16.0 15.0 14.0 13.0 12.0 11.0 10.0 9.0 8.0 7.0 6.0 5.0 4.0 3.0 2.0 
2.0 1.0 0.0 1.0 2.0 3.0 4.0 5.0 6.0 7.0 8.0 9.0 10.0 11.0 12.0 13.0 14.0 15.0 16.0 17.0 18.0 19.0 20.0 21.0 22.0 23.0 24.0 25.0 26.0 27.0 28.0 29.0 30.0 31.0 32.0 31.0 30.0 29.0 28.0 27.0 26.0 25.0 24.0 23.0 22.0 21.0 20.0 19.0 18.0 17.0 16.0 15.0 14.0 13.0 12.0 11.0 10.0 9.0 8.0 7.0 6.0 5.0 4.0 3.0 
3.0 2.0 1.0 0.0 1.0 2.0 3.0 4.0 5.0 6.0 7.0 8.0 9.0 10.0 11.0 12.0 13.0 14.0 15.0 16.0 17.0 18.0 19.0 20.0 21.0 22.0 23.0 24.0 25.0 26.0 27.0 28.0 29.0 30.0 31.0 32.0 31.0 30.0 29.0 28.0 27.0 26.0 25.0 24.0 23.0 22.0 21.0 20.0 19.0 18.0 17.0 16.0 15.0 14.0 13.0 12.0 11.0 10.0 9.0 8.0 7.0 6.0 5.0 4.0 
4.0 3.0 2.0 1.0 0.0 1.0 2.0 3.0 4.0 5.0 6.0 7.0 8.0 9.0 10.0 11.0 12.0 13.0 14.0 15.0 16.0 17.0 18.0 19.0 20.0 21.0 22.0 23.0 24.0 25.0 26.0 27.0 28.0 29.0 30.0 31.0 32.0 31.0 30.0 29.0 28.0 27.0 26.0 25.0 24.0 23.0 22.0 21.0 20.0 19.0 18.0 17.0 16.0 15.0 14.0 13.0 12.0 11.0 10.0 9.0 8.0 7.0 6.0 5.0 
5.0 4.0 3.0 2.0 1.0 0.0 1.0 2.0 3.0 4.0 5.0 6.0 7.0 8.0 9.0 10.0 11.0 12.0 13.0 14.0 15.0 16.0 17.0 18.0 19.0 20.0 21.0 22.0 23.0 24.0 25.0 26.0 27.0 28.0 29.0 30.0 31.0 32.0 31.0 30.0 29.0 28.0 27.0 26.0 25.0 24.0 23.0 22.0 21.0 20.0 19.0 18.0 17.0 16.0 15.0 14.0 13.0 12.0 11.0 10.0 9.0 8.0 7.0 6.0 
6.0 5.0 4.0 3.0 2.0 1.0 0.0 1.0 2.0 3.0 4.0 5.0 6.0 7.0 8.0 9.0 10.0 11.0 12.0 13.0 14.0 15.0 16.0 17.0 18.0 19.0 20.0 21.0 22.0 23.0 24.0 25.0 26.0 27.0 28.0 29.0 30.0 31.0 32.0 31.0 30.0 29.0 28.0 27.0 26.0 25.0 24.0 23.0 22.0 21.0 20.0 19.0 18.0 17.0 16.0 15.0 14.0 13.0 12.0 11.0 10.0 9.0 8.0 7.0 
7.0 6.0 5.0 4.0 3.0 2.0 1.0 0.0 1.0 2.0 3.0 4.0 5.0 6.0 7.0 8.0 9.0 10.0 11.0 12.0 13.0 14.0 15.0 16.0 17.0 18.0 19.0 20.0 21.0 22.0 23.0 24.0 25.0 26.0 27.0 28.0 29.0 30.0 31.0 32.0 31.0 30.0 29.0 28.0 27.0 26.0 25.0 24.0 23.0 22.0 21.0 20.0 19.0 18.0 17.0 16.0 15.0 14.0 13.0 12.0 11.0 10.0 9.0 8.0 
8.0 7.0 6.0 5.0 4.0 3.0 2.0 1.0 0.0 1.0 2.0 3.0 4.0 5.0 6.0 7.0 8.0 9.0 10.0 11.0 12.0 13.0 14.0 15.0 16.0 17.0 18.0 19.0 20.0 21.0 22.0 23.0 24.0 25.0 26.0 27.0 28.0 29.0 30.0 31.0 32.0 31.0 30.0 29.0 28.0 27.0 26.0 25.0 24.0 23.0 22.0 21.0 20.0 19.0 18.0 17.0 16.0 15.0 14.0 13.0 12.0 11.0 10.0 9.0 
9.0 8.0 7.0 6.0 5.0 4.0 3.0 2.0 1.0 0.0 1.0 2.0 3.0 4.0 5.0 6.0 7.0 8.0 9.0 10.0 11.0 12.0 13.0 14.0 15.0 16.0 17.0 18.0 19.0 20.0 21.0 22.0 23.0 24.0 25.0 26.0 27.0 28.0 29.0 30.0 31.0 32.0 31.0 30.0 29.0 28.0 27.0 26.0 25.0 24.0 23.0 22.0 21.0 20.0 19.0 18.0 17.0 16.0 15.0 14.0 13.0 12.0 11.0 10.0 
10.0 9.0 8.0 7.0 6.0 5.0 4.0 3.0 2.0 1.0 0.0 1.0 2.0 3.0 4.0 5.0 6.0 7.0 8.0 9.0 10.0 11.0 12.0 13.0 14.0 15.0 16.0 17.0 18.0 19.0 20.0 21.0 22.0 23.0 24.0 25.0 26.0 27.0 28.0 29.0 30.0 31.0 32.0 31.0 30.0 29.0 28.0 27.0 26.0 25.0 24.0 23.0 22.0 21.0 20.0 19.0 18.0 17.0 16.0 15.0 14.0 13.0 12.0 11.0 
11.0 10.0 9.0 8.0 7.0 6.0 5.0 4.0 3.0 2.0 1.0 0.0 1.0 2.0 3.0 4.0 5.0 6.0 7.0 8.0 9.0 10.0 11.0 12.0 13.0 14.0 15.0 16.0 17.0 18.0 19.0 20.0 21.0 22.0 23.0 24.0 25.0 26.0 27.0 28.0 29.0 30.0 31.0 32.0 31.0 30.0 29.0 28.0 27.0 26.0 25.0 24.0 23.0 22.0 21.0 20.0 19.0 18.0 17.0 16.0 15.0 14.0 13.0 12.0 
12.0 11.0 10.0 9.0 8.0 7.0 6.0 5.0 4.0 3.0 2.0 1.0 0.0 1.0 2.0 3.0 4.0 5.0 6.0 7.0 8.0 9.0 10.0 11.0 12.0 13.0 14.0 15.0 16.0 17.0 18.0 19.0 20.0 21.0 22.0 23.0 24.0 25.0 26.0 27.0 28.0 29.0 30.0 31.0 32.0 31.0 30.0 29.0 28.0 27.0 26.0 25.0 24.0 23.0 22.0 21.0 20.0 19.0 18.0 17.0 16.0 15.0 14.0 13.0 
13.0 12.0 11.0 10.0 9.0 8.0 7.0 6.0 5.0 4.0 3.0 2.0 1.0 0.0 1.0 2.0 3.0 4.0 5.0 6.0 7.0 8.0 9.0 10.0 11.0 12.0 13.0 14.0 15.0 16.0 17.0 18.0 19.0 20.0 21.0 22.0 23.0 24.0 25.0 26.0 27.0 28.0 29.0 30.0 31.0 32.0 31.0 30.0 29.0 28.0 27.0 26.0 25.0 24.0 23.0 22.0 21.0 20.0 19.0 18.0 17.0 16.0 15.0 14.0 
14.0 13.0 12.0 11.0 10.0 9.0 8.0 7.0 6.0 5.0 4.0 3.0 2.0 1.0 0.0 1.0 2.0 3.0 4.0 5.0 6.0 7.0 8.0 9.0 10.0 11.0 12.0 13.0 14.0 15.0 16.0 17.0 18.0 19.0 20.0 21.0 22.0 23.0 24.0 25.0 26.0 27.0 28.0 29.0 30.0 31.0 32.0 31.0 30.0 29.0 28.0 27.0 26.0 25.0 24.0 23.0 22.0 21.0 20.0 19.0 18.0 17.0 16.0 15.0 
15.0 14.0 13.0 12.0 11.0 10.0 9.0 8.0 7.0 6.0 5.0 4.0 3.0 2.0 1.0 0.0 1.0 2.0 3.0 4.0 5.0 6.0 7.0 8.0 9.0 10.0 11.0 12.0 13.0 14.0 15.0 16.0 17.0 18.0 19.0 20.0 21.0 22.0 23.0 24.0 25.0 26.0 27.0 28.0 29.0 30.0 31.0 32.0 31.0 30.0 29.0 28.0 27.0 26.0 25.0 24.0 23.0 22.0 21.0 20.0 19.0 18.0 17.0 16.0 
16.0 15.0 14.0 13.0 12.0 11.0 10.0 9.0 8.0 7.0 6.0 5.0 4.0 3.0 2.0 1.0 0.0 1.0 2.0 3.0 4.0 5.0 6.0 7.0 8.0 9.0 10.0 11.0 12.0 13.0 14.0 15.0 16.0 17.0 18.0 19.0 20.0 21.0 22.0 23.0 24.0 25.0 26.0 27.0 28.0 29.0 30.0 31.0 32.0 31.0 30.0 29.0 28.0 27.0 26.0 25.0 24.0 23.0 22.0 21.0 20.0 19.0 18.0 17.0 
17.0 16.0 15.0 14.0 13.0 12.0 11.0 10.0 9.0 8.0 7.0 6.0 5.0 4.0 3.0 2.0 1.0 0.0 1.0 2.0 3.0 4.0 5.0 6.0 7.0 8.0 9.0 10.0 11.0 12.0 13.0 14.0 15.0 16.0 17.0 18.0 19.0 20.0 21.0 22.0 23.0 24.0 25.0 26.0 27.0 28.0 29.0 30.0 31.0 32.0 31.0 30.0 29.0 28.0 27.0 26.0 25.0 24.0 23.0 22.0 21.0 20.0 19.0 18.0 
18.0 17.0 16.0 15.0 14.0 13.0 12.0 11.0 10.0 9.0 8.0 7.0 6.0 5.0 4.0 3.0 2.0 1.0 0.0 1.0 2.0 3.0 4.0 5.0 6.0 7.0 8.0 9.0 10.0 11.0 12.0 13.0 14.0 15.0 16.0 17.0 18.0 19.0 20.0 21.0 22.0 23.0 24.0 25.0 26.0 27.0 28.0 29.0 30.0 31.0 32.0 31.0 30.0 29.0 28.0 27.0 26.0 25.0 24.0 23.0 22.0 21.0 20.0 19.0 
19.0 18.0 17.0 16.0 15.0 14.0 13.0 12.0 11.0 10.0 9.0 8.0 7.0 6.0 5.0 4.0 3.0 2.0 1.0 0.0 1.0 2.0 3.0 4.0 5.0 6.0 7.0 8.0 9.0 10.0 11.0 12.0 13.0 14.0 15.0 16.0 17.0 18.0 19.0 20.0 21.0 22.0 23.0 24.0 25.0 26.0 27.0 28.0 29.0 30.0 31.0 32.0 31.0 30.0 29.0 28.0 27.0 26.0 25.0 24.0 23.0 22.0 21.0 20.0 
20.0 19.0 18.0 17.0 16.0 15.0 14.0 13.0 12.0 11.0 10.0 9.0 8.0 7.0 6.0 5.0 4.0 3.0 2.0 1.0 0.0 1.0 2.0 3.0 4.0 5.0 6.0 7.0 8.0 9.0 10.0 11.0 12.0 13.0 14.0 15.0 16.0 17.0 18.0 19.0 20.0 21.0 22.0 23.0 24.0 25.0 26.0 27.0 28.0 29.0 30.0 31.0 32.0 31.0 30.0 29.0 28.0 27.0 26.0 25.0 24.0 23.0 22.0 21.0 
21.0 20.0 19.0 18.0 17.0 16.0 15.0 14.0 13.0 12.0 11.0 10.0 9.0 8.0 7.0 6.0 5.0 4.0 3.0 2.0 1.0 0.0 1.0 2.0 3.0 4.0 5.0 6.0 7.0 8.0 9.0 10.0 11.0 12.0 13.0 14.0 15.0 16.0 17.0 18.0 19.0 20.0 21.0 22.0 23.0 24.0 25.0 26.0 27.0 28.0 29.0 30.0 31.0 32.0 31.0 30.0 29.0 28.0 27.0 26.0 25.0 24.0 23.0 22.0 
22.0 21.0 20.0 19.0 18.0 17.0 16.0 15.0 14.0 13.0 12.0 11.0 10.0 9.0 8.0 7.0 6.0 5.0 4.0 3.0 2.0 1.0 0.0 1.0 2.0 3.0 4.0 5.0 6.0 7.0 8.0 9.0 10.0 11.0 12.0 13.0 14.0 15.0 16.0 17.0 18.0 19.0 20.0 21.0 22.0 23.0 24.0 25.0 26.0 27.0 28.0 29.0 30.0 31.0 32.0 31.0 30.0 29.0 28.0 27.0 26.0 25.0 24.0 23.0 
23.0 22.0 21.0 20.0 19.0 18.0 17.0 16.0 15.0 14.0 13.0 12.0 11.0 10.0 9.0 8.0 7.0 6.0 5.0 4.0 3.0 2.0 1.0 0.0 1.0 2.0 3.0 4.0 5.0 6.0 7.0 8.0 9.0 10.0 11.0 12.0 13.0 14.0 15.0 16.0 17.0 18.0 19.0 20.0 21.0 22.0 23.0 24.0 25.0 26.0 27.0 28.0 29.0 30.0 31.0 32.0 31.0 30.0 29.0 28.0 27.0 26.0 25.0 24.0 
24.0 23.0 22.0 21.0 20.0 19.0 18.0 17.0 16.0 15.0 14.0 13.0 12.0 11.0 10.0 9.0 8.0 7.0 6.0 5.0 4.0 3.0 2.0 1.0 0.0 1.0 2.0 3.0 4.0 5.0 6.0 7.0 8.0 9.0 10.0 11.0 12.0 13.0 14.0 15.0 16.0 17.0 18.0 19.0 20.0 21.0 22.0 23.0 24.0 25.0 26.0 27.0 28.0 29.0 30.0 31.0 32.0 31.0 30.0 29.0 28.0 27.0 26.0 25.0 
25.0 24.0 23.0 22.0 21.0 20.0 19.0 18.0 17.0 16.0 15.0 14.0 13.0 12.0 11.0 10.0 9.0 8.0 7.0 6.0 5.0 4.0 3.0 2.0 1.0 0.0 1.0 2.0 3.0 4.0 5.0 6.0 7.0 8.0 9.0 10.0 11.0 12.0 13.0 14.0 15.0 16.0 17.0 18.0 19.0 20.0 21.0 22.0 23.0 24.0 25.0 26.0 27.0 28.0 29.0 30.0 31.0 32.0 31.0 30.0 29.0 28.0 27.0 26.0 
26.0 25.0 24.0 23.0 22.0 21.0 20.0 19.0 18.0 17.0 16.0 15.0 14.0 13.0 12.0 11.0 10.0 9.0 8.0 7.0 6.0 5.0 4.0 3.0 2.0 1.0 0.0 1.0 2.0 3.0 4.0 5.0 6.0 7.0 8.0 9.0 10.0 11.0 12.0 13.0 14.0 15.0 16.0 17.0 18.0 19.0 20.0 21.0 22.0 23.0 24.0 25.0 26.0 27.0 28.0 29.0 30.0 31.0 32.0 31.0 30.0 29.0 28.0 27.0 
27.0 26.0 25.0 24.0 23.0 22.0 21.0 20.0 19.0 18.0 17.0 16.0 15.0 14.0 13.0 12.0 11.0 10.0 9.0 8.0 7.0 6.0 5.0 4.0 3.0 2.0 1.0 0.0 1.0 2.0 3.0 4.0 5.0 6.0 7.0 8.0 9.0 10.0 11.0 12.0 13.0 14.0 15.0 16.0 17.0 18.0 19.0 20.0 21.0 22.0 23.0 24.0 25.0 26.0 27.0 28.0 29.0 30.0 31.0 32.0 31.0 30.0 29.0 28.0 
28.0 27.0 26.0 25.0 24.0 23.0 22.0 21.0 20.0 19.0 18.0 17.0 16.0 15.0 14.0 13.0 12.0 11.0 10.0 9.0 8.0 7.0 6.0 5.0 4.0 3.0 2.0 1.0 0.0 1.0 2.0 3.0 4.0 5.0 6.0 7.0 8.0 9.0 10.0 11.0 12.0 13.0 14.0 15.0 16.0 17.0 18.0 19.0 20.0 21.0 22.0 23.0 24.0 25.0 26.0 27.0 28.0 29.0 30.0 31.0 32.0 31.0 30.0 29.0 
29.0 28.0 27.0 26.0 25.0 24.0 23.0 22.0 21.0 20.0 19.0 18.0 17.0 16.0 15.0 14.0 13.0 12.0 11.0 10.0 9.0 8.0 7.0 6.0 5.0 4.0 3.0 2.0 1.0 0.0 1.0 2.0 3.0 4.0 5.0 6.0 7.0 8.0 9.0 10.0 11.0 12.0 13.0 14.0 15.0 16.0 17.0 18.0 19.0 20.0 21.0 22.0 23.0 24.0 25.0 26.0 27.0 28.0 29.0 30.0 31.0 32.0 31.0 30.0 
30.0 29.0 28.0 27.0 26.0 25.0 24.0 23.0 22.0 21.0 20.0 19.0 18.0 17.0 16.0 15.0 14.0 13.0 12.0 11.0 10.0 9.0 8.0 7.0 6.0 5.0 4.0 3.0 2.0 1.0 0.0 1.0 2.0 3.0 4.0 5.0 6.0 7.0 8.0 9.0 10.0 11.0 12.0 13.0 14.0 15.0 16.0 17.0 18.0 19.0 20.0 21.0 22.0 23.0 24.0 25.0 26.0 27.0 28.0 29.0 30.0 31.0 32.0 31.0 
31.0 30.0 29.0 28.0 27.0 26.0 25.0 24.0 23.0 22.0 21.0 20.0 19.0 18.0 17.0 16.0 15.0 14.0 13.0 12.0 11.0 10.0 9.0 8.0 7.0 6.0 5.0 4.0 3.0 2.0 1.0 0.0 1.0 2.0 3.0 4.0 5.0 6.0 7.0 8.0 9.0 10.0 11.0 12.0 13.0 14.0 15.0 16.0 17.0 18.0 19.0 20.0 21.0 22.0 23.0 24.0 25.0 26.0 27.0 28.0 29.0 30.0 31.0 32.0 
32.0 31.0 30.0 29.0 28.0 27.0 26.0 25.0 24.0 23.0 22.0 21.0 20.0 19.0 18.0 17.0 16.0 15.0 14.0 13.0 12.0 11.0 10.0 9.0 8.0 7.0 6.0 5.0 4.0 3.0 2.0 1.0 0.0 1.0 2.0 3.0 4.0 5.0 6.0 7.0 8.0 9.0 10.0 11.0 12.0 13.0 14.0 15.0 16.0 17.0 18.0 19.0 20.0 21.0 22.0 23.0 24.0 25.0 26.0 27.0 28.0 29.0 30.0 31.0 
31.0 32.0 31.0 30.0 29.0 28.0 27.0 26.0 25.0 24.0 23.0 22.0 21.0 20.0 19.0 18.0 17.0 16.0 15.0 14.0 13.0 12.0 11.0 10.0 9.0 8.0 7.0 6.0 5.0 4.0 3.0 2.0 1.0 0.0 1.0 2.0 3.0 4.0 5.0 6.0 7.0 8.0 9.0 10.0 11.0 12.0 13.0 14.0 15.0 16.0 17.0 18.0 19.0 20.0 21.0 22.0 23.0 24.0 25.0 26.0 27.0 28.0 29.0 30.0 
30.0 31.0 32.0 31.0 30.0 29.0 28.0 27.0 26.0 25.0 24.0 23.0 22.0 21.0 20.0 19.0 18.0 17.0 16.0 15.0 14.0 13.0 12.0 11.0 10.0 9.0 8.0 7.0 6.0 5.0 4.0 3.0 2.0 1.0 0.0 1.0 2.0 3.0 4.0 5.0 6.0 7.0 8.0 9.0 10.0 11.0 12.0 13.0 14.0 15.0 16.0 17.0 18.0 19.0 20.0 21.0 22.0 23.0 24.0 25.0 26.0 27.0 28.0 29.0 
29.0 30.0 31.0 32.0 31.0 30.0 29.0 28.0 27.0 26.0 25.0 24.0 23.0 22.0 21.0 20.0 19.0 18.0 17.0 16.0 15.0 14.0 13.0 12.0 11.0 10.0 9.0 8.0 7.0 6.0 5.0 4.0 3.0 2.0 1.0 0.0 1.0 2.0 3.0 4.0 5.0 6.0 7.0 8.0 9.0 10.0 11.0 12.0 13.0 14.0 15.0 16.0 17.0 18.0 19.0 20.0 21.0 22.0 23.0 24.0 25.0 26.0 27.0 28.0 
28.0 29.0 30.0 31.0 32.0 31.0 30.0 29.0 28.0 27.0 26.0 25.0 24.0 23.0 22.0 21.0 20.0 19.0 18.0 17.0 16.0 15.0 14.0 13.0 12.0 11.0 10.0 9.0 8.0 7.0 6.0 5.0 4.0 3.0 2.0 1.0 0.0 1.0 2.0 3.0 4.0 5.0 6.0 7.0 8.0 9.0 10.0 11.0 12.0 13.0 14.0 15.0 16.0 17.0 18.0 19.0 20.0 21.0 22.0 23.0 24.0 25.0 26.0 27.0 
27.0 28.0 29.0 30.0 31.0 32.0 31.0 30.0 29.0 28.0 27.0 26.0 25.0 24.0 23.0 22.0 21.0 20.0 19.0 18.0 17.0 16.0 15.0 14.0 13.0 12.0 11.0 10.0 9.0 8.0 7.0 6.0 5.0 4.0 3.0 2.0 1.0 0.0 1.0 2.0 3.0 4.0 5.0 6.0 7.0 8.0 9.0 10.0 11.0 12.0 13.0 14.0 15.0 16.0 17.0 18.0 19.0 20.0 21.0 22.0 23.0 24.0 25.0 26.0 
26.0 27.0 28.0 29.0 30.0 31.0 32.0 31.0 30.0 29.0 28.0 27.0 26.0 25.0 24.0 23.0 22.0 21.0 20.0 19.0 18.0 17.0 16.0 15.0 14.0 13.0 12.0 11.0 10.0 9.0 8.0 7.0 6.0 5.0 4.0 3.0 2.0 1.0 0.0 1.0 2.0 3.0 4.0 5.0 6.0 7.0 8.0 9.0 10.0 11.0 12.0 13.0 14.0 15.0 16.0 17.0 18.0 19.0 20.0 21.0 22.0 23.0 24.0 25.0 
25.0 26.0 27.0 28.0 29.0 30.0 31.0 32.0 31.0 30.0 29.0 28.0 27.0 26.0 25.0 24.0 23.0 22.0 21.0 20.0 19.0 18.0 17.0 16.0 15.0 14.0 13.0 12.0 11.0 10.0 9.0 8.0 7.0 6.0 5.0 4.0 3.0 2.0 1.0 0.0 1.0 2.0 3.0 4.0 5.0 6.0 7.0 8.0 9.0 10.0 11.0 12.0 13.0 14.0 15.0 16.0 17.0 18.0 19.0 20.0 21.0 22.0 23.0 24.0 
24.0 25.0 26.0 27.0 28.0 29.0 30.0 31.0 32.0 31.0 30.0 29.0 28.0 27.0 26.0 25.0 24.0 23.0 22.0 21.0 20.0 19.0 18.0 17.0 16.0 15.0 14.0 13.0 12.0 11.0 10.0 9.0 8.0 7.0 6.0 5.0 4.0 3.0 2.0 1.0 0.0 1.0 2.0 3.0 4.0 5.0 6.0 7.0 8.0 9.0 10.0 11.0 12.0 13.0 14.0 15.0 16.0 17.0 18.0 19.0 20.0 21.0 22.0 23.0 
23.0 24.0 25.0 26.0 27.0 28.0 29.0 30.0 31.0 32.0 31.0 30.0 29.0 28.0 27.0 26.0 25.0 24.0 23.0 22.0 21.0 20.0 19.0 18.0 17.0 16.0 15.0 14.0 13.0 12.0 11.0 10.0 9.0 8.0 7.0 6.0 5.0 4.0 3.0 2.0 1.0 0.0 1.0 2.0 3.0 4.0 5.0 6.0 7.0 8.0 9.0 10.0 11.0 12.0 13.0 14.0 15.0 16.0 17.0 18.0 19.0 20.0 21.0 22.0 
22.0 23.0 24.0 25.0 26.0 27.0 28.0 29.0 30.0 31.0 32.0 31.0 30.0 29.0 28.0 27.0 26.0 25.0 24.0 23.0 22.0 21.0 20.0 19.0 18.0 17.0 16.0 15.0 14.0 13.0 12.0 11.0 10.0 9.0 8.0 7.0 6.0 5.0 4.0 3.0 2.0 1.0 0.0 1.0 2.0 3.0 4.0 5.0 6.0 7.0 8.0 9.0 10.0 11.0 12.0 13.0 14.0 15.0 16.0 17.0 18.0 19.0 20.0 21.0 
21.0 22.0 23.0 24.0 25.0 26.0 27.0 28.0 29.0 30.0 31.0 32.0 31.0 30.0 29.0 28.0 27.0 26.0 25.0 24.0 23.0 22.0 21.0 20.0 19.0 18.0 17.0 16.0 15.0 14.0 13.0 12.0 11.0 10.0 9.0 8.0 7.0 6.0 5.0 4.0 3.0 2.0 1.0 0.0 1.0 2.0 3.0 4.0 5.0 6.0 7.0 8.0 9.0 10.0 11.0 12.0 13.0 14.0 15.0 16.0 17.0 18.0 19.0 20.0 
20.0 21.0 22.0 23.0 24.0 25.0 26.0 27.0 28.0 29.0 30.0 31.0 32.0 31.0 30.0 29.0 28.0 27.0 26.0 25.0 24.0 23.0 22.0 21.0 20.0 19.0 18.0 17.0 16.0 15.0 14.0 13.0 12.0 11.0 10.0 9.0 8.0 7.0 6.0 5.0 4.0 3.0 2.0 1.0 0.0 1.0 2.0 3.0 4.0 5.0 6.0 7.0 8.0 9.0 10.0 11.0 12.0 13.0 14.0 15.0 16.0 17.0 18.0 19.0 
19.0 20.0 21.0 22.0 23.0 24.0 25.0 26.0 27.0 28.0 29.0 30.0 31.0 32.0 31.0 30.0 29.0 28.0 27.0 26.0 25.0 24.0 23.0 22.0 21.0 20.0 19.0 18.0 17.0 16.0 15.0 14.0 13.0 12.0 11.0 10.0 9.0 8.0 7.0 6.0 5.0 4.0 3.0 2.0 1.0 0.0 1.0 2.0 3.0 4.0 5.0 6.0 7.0 8.0 9.0 10.0 11.0 12.0 13.0 14.0 15.0 16.0 17.0 18.0 
18.0 19.0 20.0 21.0 22.0 23.0 24.0 25.0 26.0 27.0 28.0 29.0 30.0 31.0 32.0 31.0 30.0 29.0 28.0 27.0 26.0 25.0 24.0 23.0 22.0 21.0 20.0 19.0 18.0 17.0 16.0 15.0 14.0 13.0 12.0 11.0 10.0 9.0 8.0 7.0 6.0 5.0 4.0 3.0 2.0 1.0 0.0 1.0 2.0 3.0 4.0 5.0 6.0 7.0 8.0 9.0 10.0 11.0 12.0 13.0 14.0 15.0 16.0 17.0 
17.0 18.0 19.0 20.0 21.0 22.0 23.0 24.0 25.0 26.0 27.0 28.0 29.0 30.0 31.0 32.0 31.0 30.0 29.0 28.0 27.0 26.0 25.0 24.0 23.0 22.0 21.0 20.0 19.0 18.0 17.0 16.0 15.0 14.0 13.0 12.0 11.0 10.0 9.0 8.0 7.0 6.0 5.0 4.0 3.0 2.0 1.0 0.0 1.0 2.0 3.0 4.0 5.0 6.0 7.0 8.0 9.0 10.0 11.0 12.0 13.0 14.0 15.0 16.0 
16.0 17.0 18.0 19.0 20.0 21.0 22.0 23.0 24.0 25.0 26.0 27.0 28.0 29.0 30.0 31.0 32.0 31.0 30.0 29.0 28.0 27.0 26.0 25.0 24.0 23.0 22.0 21.0 20.0 19.0 18.0 17.0 16.0 15.0 14.0 13.0 12.0 11.0 10.0 9.0 8.0 7.0 6.0 5.0 4.0 3.0 2.0 1.0 0.0 1.0 2.0 3.0 4.0 5.0 6.0 7.0 8.0 9.0 10.0 11.0 12.0 13.0 14.0 15.0 
15.0 16.0 17.0 18.0 19.0 20.0 21.0 22.0 23.0 24.0 25.0 26.0 27.0 28.0 29.0 30.0 31.0 32.0 31.0 30.0 29.0 28.0 27.0 26.0 25.0 24.0 23.0 22.0 21.0 20.0 19.0 18.0 17.0 16.0 15.0 14.0 13.0 12.0 11.0 10.0 9.0 8.0 7.0 6.0 5.0 4.0 3.0 2.0 1.0 0.0 1.0 2.0 3.0 4.0 5.0 6.0 7.0 8.0 9.0 10.0 11.0 12.0 13.0 14.0 
14.0 15.0 16.0 17.0 18.0 19.0 20.0 21.0 22.0 23.0 24.0 25.0 26.0 27.0 28.0 29.0 30.0 31.0 32.0 31.0 30.0 29.0 28.0 27.0 26.0 25.0 24.0 23.0 22.0 21.0 20.0 19.0 18.0 17.0 16.0 15.0 14.0 13.0 12.0 11.0 10.0 9.0 8.0 7.0 6.0 5.0 4.0 3.0 2.0 1.0 0.0 1.0 2.0 3.0 4.0 5.0 6.0 7.0 8.0 9.0 10.0 11.0 12.0 13.0 
13.0 14.0 15.0 16.0 17.0 18.0 19.0 20.0 21.0 22.0 23.0 24.0 25.0 26.0 27.0 28.0 29.0 30.0 31.0 32.0 31.0 30.0 29.0 28.0 27.0 26.0 25.0 24.0 23.0 22.0 21.0 20.0 19.0 18.0 17.0 16.0 15.0 14.0 13.0 12.0 11.0 10.0 9.0 8.0 7.0 6.0 5.0 4.0 3.0 2.0 1.0 0.0 1.0 2.0 3.0 4.0 5.0 6.0 7.0 8.0 9.0 10.0 11.0 12.0 
12.0 13.0 14.0 15.0 16.0 17.0 18.0 19.0 20.0 21.0 22.0 23.0 24.0 25.0 26.0 27.0 28.0 29.0 30.0 31.0 32.0 31.0 30.0 29.0 28.0 27.0 26.0 25.0 24.0 23.0 22.0 21.0 20.0 19.0 18.0 17.0 16.0 15.0 14.0 13.0 12.0 11.0 10.0 9.0 8.0 7.0 6.0 5.0 4.0 3.0 2.0 1.0 0.0 1.0 2.0 3.0 4.0 5.0 6.0 7.0 8.0 9.0 10.0 11.0 
11.0 12.0 13.0 14.0 15.0 16.0 17.0 18.0 19.0 20.0 21.0 22.0 23.0 24.0 25.0 26.0 27.0 28.0 29.0 30.0 31.0 32.0 31.0 30.0 29.0 28.0 27.0 26.0 25.0 24.0 23.0 22.0 21.0 20.0 19.0 18.0 17.0 16.0 15.0 14.0 13.0 12.0 11.0 10.0 9.0 8.0 7.0 6.0 5.0 4.0 3.0 2.0 1.0 0.0 1.0 2.0 3.0 4.0 5.0 6.0 7.0 8.0 9.0 10.0 
10.0 11.0 12.0 13.0 14.0 15.0 16.0 17.0 18.0 19.0 20.0 21.0 22.0 23.0 24.0 25.0 26.0 27.0 28.0 29.0 30.0 31.0 32.0 31.0 30.0 29.0 28.0 27.0 26.0 25.0 24.0 23.0 22.0 21.0 20.0 19.0 18.0 17.0 16.0 15.0 14.0 13.0 12.0 11.0 10.0 9.0 8.0 7.0 6.0 5.0 4.0 3.0 2.0 1.0 0.0 1.0 2.0 3.0 4.0 5.0 6.0 7.0 8.0 9.0 
9.0 10.0 11.0 12.0 13.0 14.0 15.0 16.0 17.0 18.0 19.0 20.0 21.0 22.0 23.0 24.0 25.0 26.0 27.0 28.0 29.0 30.0 31.0 32.0 31.0 30.0 29.0 28.0 27.0 26.0 25.0 24.0 23.0 22.0 21.0 20.0 19.0 18.0 17.0 16.0 15.0 14.0 13.0 12.0 11.0 10.0 9.0 8.0 7.0 6.0 5.0 4.0 3.0 2.0 1.0 0.0 1.0 2.0 3.0 4.0 5.0 6.0 7.0 8.0 
8.0 9.0 10.0 11.0 12.0 13.0 14.0 15.0 16.0 17.0 18.0 19.0 20.0 21.0 22.0 23.0 24.0 25.0 26.0 27.0 28.0 29.0 30.0 31.0 32.0 31.0 30.0 29.0 28.0 27.0 26.0 25.0 24.0 23.0 22.0 21.0 20.0 19.0 18.0 17.0 16.0 15.0 14.0 13.0 12.0 11.0 10.0 9.0 8.0 7.0 6.0 5.0 4.0 3.0 2.0 1.0 0.0 1.0 2.0 3.0 4.0 5.0 6.0 7.0 
7.0 8.0 9.0 10.0 11.0 12.0 13.0 14.0 15.0 16.0 17.0 18.0 19.0 20.0 21.0 22.0 23.0 24.0 25.0 26.0 27.0 28.0 29.0 30.0 31.0 32.0 31.0 30.0 29.0 28.0 27.0 26.0 25.0 24.0 23.0 22.0 21.0 20.0 19.0 18.0 17.0 16.0 15.0 14.0 13.0 12.0 11.0 10.0 9.0 8.0 7.0 6.0 5.0 4.0 3.0 2.0 1.0 0.0 1.0 2.0 3.0 4.0 5.0 6.0 
6.0 7.0 8.0 9.0 10.0 11.0 12.0 13.0 14.0 15.0 16.0 17.0 18.0 19.0 20.0 21.0 22.0 23.0 24.0 25.0 26.0 27.0 28.0 29.0 30.0 31.0 32.0 31.0 30.0 29.0 28.0 27.0 26.0 25.0 24.0 23.0 22.0 21.0 20.0 19.0 18.0 17.0 16.0 15.0 14.0 13.0 12.0 11.0 10.0 9.0 8.0 7.0 6.0 5.0 4.0 3.0 2.0 1.0 0.0 1.0 2.0 3.0 4.0 5.0 
5.0 6.0 7.0 8.0 9.0 10.0 11.0 12.0 13.0 14.0 15.0 16.0 17.0 18.0 19.0 20.0 21.0 22.0 23.0 24.0 25.0 26.0 27.0 28.0 29.0 30.0 31.0 32.0 31.0 30.0 29.0 28.0 27.0 26.0 25.0 24.0 23.0 22.0 21.0 20.0 19.0 18.0 17.0 16.0 15.0 14.0 13.0 12.0 11.0 10.0 9.0 8.0 7.0 6.0 5.0 4.0 3.0 2.0 1.0 0.0 1.0 2.0 3.0 4.0 
4.0 5.0 6.0 7.0 8.0 9.0 10.0 11.0 12.0 13.0 14.0 15.0 16.0 17.0 18.0 19.0 20.0 21.0 22.0 23.0 24.0 25.0 26.0 27.0 28.0 29.0 30.0 31.0 32.0 31.0 30.0 29.0 28.0 27.0 26.0 25.0 24.0 23.0 22.0 21.0 20.0 19.0 18.0 17.0 16.0 15.0 14.0 13.0 12.0 11.0 10.0 9.0 8.0 7.0 6.0 5.0 4.0 3.0 2.0 1.0 0.0 1.0 2.0 3.0 
3.0 4.0 5.0 6.0 7.0 8.0 9.0 10.0 11.0 12.0 13.0 14.0 15.0 16.0 17.0 18.0 19.0 20.0 21.0 22.0 23.0 24.0 25.0 26.0 27.0 28.0 29.0 30.0 31.0 32.0 31.0 30.0 29.0 28.0 27.0 26.0 25.0 24.0 23.0 22.0 21.0 20.0 19.0 18.0 17.0 16.0 15.0 14.0 13.0 12.0 11.0 10.0 9.0 8.0 7.0 6.0 5.0 4.0 3.0 2.0 1.0 0.0 1.0 2.0 
2.0 3.0 4.0 5.0 6.0 7.0 8.0 9.0 10.0 11.0 12.0 13.0 14.0 15.0 16.0 17.0 18.0 19.0 20.0 21.0 22.0 23.0 24.0 25.0 26.0 27.0 28.0 29.0 30.0 31.0 32.0 31.0 30.0 29.0 28.0 27.0 26.0 25.0 24.0 23.0 22.0 21.0 20.0 19.0 18.0 17.0 16.0 15.0 14.0 13.0 12.0 11.0 10.0 9.0 8.0 7.0 6.0 5.0 4.0 3.0 2.0 1.0 0.0 1.0 
1.0 2.0 3.0 4.0 5.0 6.0 7.0 8.0 9.0 10.0 11.0 12.0 13.0 14.0 15.0 16.0 17.0 18.0 19.0 20.0 21.0 22.0 23.0 24.0 25.0 26.0 27.0 28.0 29.0 30.0 31.0 32.0 31.0 30.0 29.0 28.0 27.0 26.0 25.0 24.0 23.0 22.0 21.0 20.0 19.0 18.0 17.0 16.0 15.0 14.0 13.0 12.0 11.0 10.0 9.0 8.0 7.0 6.0 5.0 4.0 3.0 2.0 1.0 0.0 