16
49 13 35 28 38 87 89 15 43 81 57 100 1 28 45 24 
77 82 10 47 18 63 23 6 97 50 81 65 73 18 20 9 
16 73 31 32 53 23 49 33 41 8 95 96 100 40 48 89 
95 41 38 43 10 40 51 10 100 56 60 26 27 71 55 26 
48 33 36 92 3 15 61 51 26 33 19 76 18 63 40 62 
76 40 93 5 67 25 40 98 55 63 17 15 55 22 66 56 
96 31 43 22 89 19 92 1 72 49 43 72 64 100 16 36 
36 88 88 3 30 96 11 76 99 42 90 89 42 97 52 64 
40 25 93 7 46 80 14 100 41 38 60 11 74 51 4 78 
7 53 46 89 5 100 77 1 88 64 28 69 16 26 35 29 
64 63 35 33 95 34 38 75 92 66 42 20 24 58 90 73 
68 93 41 88 8 83 79 43 59 42 85 85 98 89 9 67 
11 49 79 60 89 78 59 52 70 84 52 90 12 86 94 89 
4 61 43 58 63 37 51 9 92 94 71 66 58 58 12 5 
83 32 16 72 98 78 81 38 23 38 88 76 12 100 37 29 
62 74 54 40 89 27 33 46 91 26 39 34 94 75 87 4 
0.0 1.0 2.0 3.0 4.0 5.0 6.0 7.0 8.0 7.0 6.0 5.0 4.0 3.0 2.0 1.0 
1.0 0.0 1.0 2.0 3.0 4.0 5.0 6.0 7.0 8.0 7.0 6.0 5.0 4.0 3.0 2.0 
2.0 1.0 0.0 1.0 2.0 3.0 4.0 5.0 6.0 7.0 8.0 7.0 6.0 5.0 4.0 3.0 
3.0 2.0 1.0 0.0 1.0 2.0 3.0 4.0 5.0 6.0 7.0 8.0 7.0 6.0 5.0 4.0 
4.0 3.0 2.0 1.0 0.0 1.0 2.0 3.0 4.0 5.0 6.0 7.0 8.0 7.0 6.0 5.0 
5.0 4.0 3.0 2.0 1.0 0.0 1.0 2.0 3.0 4.0 5.0 6.0 7.0 8.0 7.0 6.0 
6.0 5.0 4.0 3.0 2.0 1.0 0.0 1.0 2.0 3.0 4.0 5.0 6.0 7.0 8.0 7.0 
7.0 6.0 5.0 4.0 3.0 2.0 1.0 0.0 1.0 2.0 3.0 4.0 5.0 6.0 7.0 8.0 
8.0 7.0 6.0 5.0 4.0 3.0 2.0 1.0 0.0 1.0 2.0 3.0 4.0 5.0 6.0 7.0 
7.0 8.0 7.0 6.0 5.0 4.0 3.0 2.0 1.0 0.0 1.0 2.0 3.0 4.0 5.0 6.0 
6.0 7.0 8.0 7.0 6.0 5.0 4.0 3.0 2.0 1.0 0.0 1.0 2.0 3.0 4.0 5.0 
5.0 6.0 7.0 8.0 7.0 6.0 5.0 4.0 3.0 2.0 1.0 0.0 1.0 2.0 3.0 4.0 
4.0 5.0 6.0 7.0 8.0 7.0 6.0 5.0 4.0 3.0 2.0 1.0 0.0 1.0 2.0 3.0 
3.0 4.0 5.0 6.0 7.0 8.0 7.0 6.0 5.0 4.0 3.0 2.0 1.0 0.0 1.0 2.0 
2.0 3.0 4.0 5.0 6.0 7.0 8.0 7.0 6.0 5.0 4.0 3.0 2.0 1.0 0.0 1.0 
1.0 2.0 3.0 4.0 5.0 6.0 7.0 8.0 7.0 6.0 5.0 4.0 3.0 2.0 1.0 0.0 