64 0.0 2048.0 410 12518
26 7 83 34 55 83 96 11 38 65 85 82 88 68 1 34 39 13 44 70 20 68 90 73 54 77 10 56 66 13 84 85 64 77 89 81 4 94 43 52 49 66 37 14 71 45 97 36 12 64 8 18 32 82 97 48 32 82 39 35 28 85 61 25 
37 44 1 6 45 30 47 97 82 75 23 41 82 36 47 78 29 23 64 46 3 62 17 71 17 20 49 36 49 91 37 6 51 79 90 84 78 30 49 96 88 44 80 23 97 67 2 73 50 62 98 15 90 57 4 56 13 44 33 39 41 50 51 26 
57 95 53 66 10 81 70 40 85 54 87 69 10 24 35 35 67 89 48 31 10 28 8 34 33 35 80 71 41 3 95 28 21 67 51 69 43 12 65 15 9 62 25 12 39 51 56 20 23 95 35 75 43 40 85 79 64 56 5 57 57 78 80 74 
17 22 2 59 56 16 34 12 95 29 46 1 28 78 47 29 70 52 9 51 3 34 9 85 74 52 8 1 50 29 100 7 48 20 68 16 27 78 57 1 34 97 21 29 21 46 19 51 99 28 99 10 38 31 41 45 35 87 88 92 37 30 34 8 
87 25 23 30 79 61 31 57 67 2 64 76 24 90 29 58 72 14 13 8 48 61 28 78 100 52 43 65 81 92 27 3 72 18 82 64 60 36 63 63 67 16 18 77 95 17 92 72 41 23 56 80 31 16 75 24 22 32 67 36 25 24 67 67 
14 77 82 33 61 68 93 6 20 86 31 66 17 93 69 88 14 27 46 43 42 19 28 77 76 98 40 38 85 71 92 66 50 29 7 74 55 100 25 71 78 51 31 26 84 37 65 90 100 99 20 48 36 67 65 58 59 56 59 56 30 94 79 72 
13 72 8 86 12 55 56 87 83 10 70 47 68 31 29 77 100 12 9 18 96 32 52 30 12 85 97 9 35 70 79 98 11 70 76 9 8 87 44 98 39 34 74 59 80 72 57 59 97 23 78 26 25 52 9 67 28 25 17 89 85 2 45 20 
14 99 24 65 47 58 81 11 40 14 48 69 72 11 84 52 89 12 92 40 3 67 69 77 53 16 6 78 34 33 67 50 41 45 89 70 34 86 27 36 7 76 13 62 29 50 10 82 14 100 81 6 41 51 67 71 85 66 16 64 90 17 10 88 
9 97 56 59 17 43 80 17 17 88 92 53 24 20 95 16 6 50 30 71 91 91 74 40 23 19 60 74 54 82 88 26 14 48 43 59 43 17 9 30 2 10 9 85 75 7 32 82 54 8 25 46 34 46 70 34 62 98 49 51 59 53 44 35 
27 87 8 56 12 37 85 20 37 57 21 6 27 77 3 97 77 35 19 96 92 55 56 83 30 72 48 31 4 78 21 26 18 20 41 37 61 93 78 41 75 99 61 16 50 21 100 11 31 96 99 84 4 71 63 21 21 27 88 47 54 57 55 19 
54 38 41 75 4 56 5 40 90 14 74 17 26 17 1 68 39 80 82 94 47 9 15 95 57 70 19 78 11 51 63 72 69 88 8 86 14 16 3 32 13 83 15 81 1 99 33 56 23 19 30 66 89 37 75 22 86 76 83 70 24 31 53 14 
94 81 55 33 32 92 46 16 72 16 3 52 28 73 55 16 36 15 62 45 36 71 82 58 11 98 75 20 25 21 3 84 100 10 67 88 83 90 43 3 48 54 30 81 57 56 47 82 67 35 95 21 77 35 40 96 56 96 57 3 39 51 50 83 
35 6 51 67 8 56 47 48 20 85 14 36 25 24 8 54 57 58 64 37 94 37 13 26 45 14 49 54 20 75 96 35 22 93 86 52 59 12 2 42 78 92 78 7 30 87 29 60 94 12 92 19 98 88 78 28 76 36 22 9 72 90 63 61 
12 50 51 35 8 97 60 68 36 86 68 100 66 61 21 37 64 18 3 81 65 85 25 32 87 28 99 33 67 90 93 99 36 39 87 73 17 5 80 57 33 81 38 36 72 31 76 74 11 90 32 99 13 96 99 63 44 95 94 46 18 45 68 95 
62 31 89 24 25 47 86 92 70 52 56 88 8 56 27 71 92 58 23 39 92 40 30 30 68 86 68 47 96 23 64 30 62 35 92 26 21 82 48 72 93 91 86 8 36 73 38 16 97 55 7 3 68 42 9 91 59 21 17 96 24 15 65 21 
55 20 14 95 34 99 73 48 12 91 22 24 16 42 95 39 27 47 2 97 31 80 49 90 65 28 21 35 27 86 24 59 39 86 68 73 47 55 29 23 32 63 84 1 98 36 86 48 43 20 29 2 70 50 65 14 45 3 78 9 84 5 23 73 
2 21 79 85 16 32 51 88 4 84 29 28 34 3 24 40 92 27 84 8 22 35 43 77 75 16 32 84 48 60 76 96 18 14 53 50 76 72 9 92 73 77 77 45 18 54 82 36 24 65 43 73 56 96 11 74 12 60 1 29 27 53 65 30 
18 70 12 38 25 77 44 27 92 55 13 57 44 7 14 34 51 40 72 8 81 87 64 10 31 90 78 97 23 70 26 66 9 61 15 60 11 76 31 17 80 37 22 100 17 93 79 63 26 2 31 65 94 44 90 75 23 82 32 95 33 54 38 98 
11 100 54 33 63 11 38 76 40 4 28 94 100 19 69 10 50 53 66 29 81 87 15 11 32 40 51 34 45 73 91 31 89 53 31 26 43 47 45 89 85 7 18 29 3 59 50 52 7 48 78 99 12 26 95 100 59 8 82 36 6 24 50 99 
98 31 86 35 70 19 34 69 40 87 97 75 99 41 25 66 88 33 57 52 8 20 29 34 72 1 88 78 44 94 85 29 24 47 35 87 1 72 35 77 7 49 56 75 46 99 4 19 9 77 47 23 40 87 23 93 60 42 37 8 45 49 54 74 
76 98 28 67 33 5 42 91 83 86 1 65 24 55 39 100 82 5 75 86 61 37 68 83 73 91 36 83 26 32 27 50 12 83 16 27 29 72 69 84 92 94 100 51 3 17 12 42 22 91 2 50 37 25 90 91 52 35 91 49 12 8 1 29 
49 4 23 24 88 17 13 73 3 85 49 18 15 15 59 77 8 67 45 76 84 56 11 23 34 31 8 42 83 83 73 42 87 75 52 23 77 6 88 97 70 38 36 23 76 70 61 51 5 89 27 87 31 64 85 61 62 32 52 78 21 89 41 43 
80 1 51 95 90 88 98 76 39 75 36 7 43 12 77 25 45 29 100 96 90 9 71 77 35 21 6 58 28 38 42 45 18 40 81 90 27 42 54 25 51 70 17 16 21 53 93 90 33 94 41 50 7 69 80 42 83 41 77 73 41 84 43 51 
38 23 15 6 92 18 70 81 90 9 19 65 75 90 8 22 92 45 88 28 67 31 89 97 17 94 56 1 29 93 98 69 74 84 100 64 27 45 77 45 88 68 35 3 28 84 53 100 35 88 94 21 93 95 9 67 91 60 81 74 48 93 41 39 
64 84 39 81 12 78 99 34 12 67 80 27 27 13 4 20 12 98 55 1 52 18 52 48 38 84 68 88 5 79 98 6 73 45 3 20 92 84 15 7 68 26 89 87 45 90 7 84 44 5 69 26 18 53 96 25 77 13 55 28 96 26 72 35 
44 90 28 92 83 52 77 88 6 36 20 55 90 43 27 84 28 54 86 17 42 77 27 95 38 27 80 41 81 46 74 42 9 48 19 52 83 55 7 8 7 55 36 22 43 53 94 41 64 89 92 70 92 33 29 94 39 66 15 27 90 15 26 18 
94 26 19 77 19 83 26 80 65 24 17 98 50 44 49 52 74 27 78 1 49 91 14 35 60 10 31 72 63 28 74 73 24 63 16 51 68 57 79 73 35 69 19 89 32 74 76 8 34 77 83 84 31 52 29 22 44 85 54 81 29 58 42 97 
49 12 30 60 72 30 99 44 34 19 28 63 55 88 81 57 40 3 60 6 97 29 64 53 48 75 37 25 30 85 82 88 1 24 34 21 50 5 86 98 66 48 14 77 26 60 20 9 61 76 9 40 62 53 88 2 8 43 11 66 25 62 3 76 
17 23 4 68 16 17 87 87 35 96 54 75 67 14 8 49 58 48 94 37 35 91 98 34 29 72 6 69 27 81 34 24 75 89 39 17 59 100 52 76 73 84 77 27 92 80 2 89 28 47 12 65 54 58 49 58 13 54 96 11 95 68 54 68 
10 14 29 88 60 25 53 13 66 75 29 87 22 75 39 13 75 13 43 60 46 51 77 53 21 10 67 75 27 96 81 44 11 34 19 75 69 64 84 21 3 81 87 40 3 12 2 3 19 57 8 78 2 19 90 41 89 99 15 75 12 2 19 68 
60 70 17 97 23 47 91 53 93 70 29 91 97 2 98 82 9 97 70 47 64 85 82 61 33 2 41 29 61 85 19 21 66 35 7 50 52 64 56 64 40 44 17 75 49 10 19 83 25 22 3 37 63 91 9 71 90 43 81 90 50 32 74 67 
78 39 83 35 7 36 11 36 21 92 25 24 99 87 91 36 29 69 10 33 98 38 90 75 87 62 49 68 55 70 48 11 97 39 47 54 74 65 90 20 88 18 8 71 64 51 94 50 70 36 90 67 63 89 45 6 8 49 13 40 34 69 30 28 
38 95 33 16 37 44 32 33 39 59 41 93 70 54 69 69 80 68 14 93 21 5 64 79 82 99 37 79 48 56 70 8 88 51 56 25 72 88 99 70 26 65 84 46 14 63 32 30 3 62 86 46 15 82 85 27 71 96 94 19 90 93 51 51 
57 47 83 2 77 37 97 82 55 58 19 52 53 28 38 25 30 92 54 8 5 79 8 51 87 62 87 27 88 55 90 96 72 89 21 67 36 1 83 54 97 35 41 68 33 52 71 45 97 80 55 55 21 14 37 56 86 8 46 25 39 97 50 33 
97 4 40 93 6 76 15 66 71 98 79 17 98 16 89 38 88 73 99 69 76 36 40 58 48 81 46 32 64 99 2 4 2 25 76 24 42 83 69 56 45 8 44 99 87 22 98 38 35 19 34 90 66 82 46 43 99 29 84 43 40 22 58 48 
63 4 77 26 39 86 82 40 42 47 35 30 94 37 23 37 32 9 23 34 13 66 72 43 97 12 79 66 18 67 73 95 89 4 65 26 29 55 99 19 28 68 87 35 1 53 80 33 67 50 50 55 2 11 14 6 40 77 35 40 29 80 50 79 
85 24 33 4 19 21 69 18 90 91 57 50 87 57 98 94 63 84 93 85 32 96 34 77 23 63 38 22 74 93 92 60 80 35 72 33 3 91 91 44 4 79 31 24 3 94 2 50 87 60 88 68 41 51 7 100 49 96 75 78 36 95 81 46 
78 58 71 88 91 69 28 25 47 29 3 34 95 1 35 85 41 80 66 14 62 4 39 43 50 43 18 52 30 96 65 20 24 59 11 54 26 77 29 37 70 3 66 58 28 63 54 15 12 43 64 41 30 3 27 96 2 94 82 24 96 19 67 70 
23 7 57 92 28 88 95 55 40 5 81 70 26 81 16 80 57 53 69 86 32 29 87 16 17 58 51 37 7 51 72 15 61 5 35 56 72 62 37 11 16 91 5 62 1 1 32 77 75 87 74 56 26 18 18 80 88 95 10 25 30 34 12 38 
10 2 23 38 84 96 24 80 89 76 93 42 66 76 20 24 98 18 24 74 97 80 44 58 88 24 63 82 70 63 25 64 42 5 74 51 92 91 94 88 57 5 30 60 52 58 57 21 33 87 94 26 75 38 54 57 13 21 46 78 23 92 74 26 
9 13 6 74 96 10 47 32 30 19 60 97 51 3 97 61 94 19 58 7 78 88 3 9 70 3 45 64 6 40 42 94 48 64 65 28 19 41 96 23 2 34 29 14 21 94 52 17 67 99 29 7 55 21 95 83 49 58 9 81 50 94 28 22 
47 29 21 55 67 77 56 1 85 58 28 26 48 26 4 23 18 60 59 20 10 69 28 13 100 20 47 5 11 31 68 44 16 74 69 19 37 17 56 90 78 44 42 21 83 64 22 40 99 51 65 62 42 26 36 97 8 41 90 18 62 32 11 56 
62 30 43 21 5 98 75 93 20 79 85 87 35 44 6 33 98 88 51 71 21 47 85 17 98 60 61 4 79 21 40 43 75 29 15 87 16 14 5 74 78 11 25 64 51 12 24 65 95 84 22 60 12 7 17 46 84 61 25 94 57 9 38 63 
72 55 55 100 93 26 73 23 60 65 71 43 42 81 92 56 31 14 93 71 74 37 58 47 9 89 64 46 57 42 91 14 31 57 45 20 95 33 61 13 17 28 68 46 30 72 49 37 25 91 21 11 19 37 30 1 91 91 23 32 49 30 15 20 
83 20 34 54 64 30 91 22 89 89 17 36 19 72 29 22 21 56 75 4 46 84 32 32 3 58 87 80 13 54 19 23 53 75 13 64 32 53 69 82 64 32 57 85 14 2 91 20 93 45 99 50 6 33 58 39 1 61 91 100 7 30 69 34 
70 62 13 56 42 60 67 58 3 4 8 25 52 40 50 57 66 72 34 32 78 58 33 14 59 94 54 39 13 71 8 84 77 57 100 45 21 46 41 48 86 28 11 51 68 88 41 15 34 35 99 24 42 36 88 16 12 26 32 100 15 2 52 39 
63 99 74 14 6 58 98 47 57 54 87 99 44 58 23 14 68 77 21 82 47 84 28 19 4 49 20 84 19 14 25 30 78 64 33 19 58 75 47 63 46 70 83 52 17 9 31 46 19 95 57 22 13 75 80 2 58 61 33 92 51 69 10 10 
64 88 49 91 11 25 26 3 93 36 81 29 61 82 80 33 18 72 86 28 3 19 100 49 80 83 62 73 45 40 21 58 24 74 2 30 21 78 73 100 98 25 39 58 26 74 31 28 49 49 58 35 3 95 17 39 84 39 46 40 55 24 23 4 
44 69 29 19 27 97 31 30 75 85 31 100 21 2 43 87 10 43 99 20 21 56 72 46 32 100 29 36 68 83 45 73 60 71 85 27 73 65 34 18 8 68 41 92 93 9 37 49 70 46 48 89 38 29 85 61 58 15 34 49 71 91 53 54 
78 73 25 98 37 23 63 64 45 44 19 99 57 54 29 49 38 59 81 70 1 87 2 18 49 9 83 74 9 29 78 21 85 77 32 72 97 81 29 79 82 55 96 66 26 9 45 96 59 80 2 31 18 23 84 64 75 69 40 18 99 30 76 97 
8 23 85 68 74 83 92 95 81 52 90 27 22 65 28 39 12 10 1 64 28 32 100 74 95 15 54 62 90 2 91 68 96 71 81 86 79 8 36 49 63 30 17 86 35 92 87 40 87 32 69 16 44 64 17 75 8 64 52 62 19 89 81 7 
43 33 87 27 64 2 53 40 16 81 31 1 48 100 39 14 60 16 61 88 32 74 27 96 92 74 31 70 89 68 72 22 41 65 52 2 73 51 7 42 11 93 67 1 99 33 79 99 15 96 53 23 64 26 88 19 41 10 66 59 55 66 27 26 
3 81 6 16 25 24 10 30 76 81 61 41 29 13 94 48 60 78 59 70 74 42 83 92 26 63 30 40 86 71 4 31 97 41 83 76 76 99 14 78 9 34 54 68 31 94 30 89 3 87 61 40 66 19 18 44 69 93 32 54 13 45 87 7 
20 4 29 76 39 96 46 63 66 30 88 29 89 24 10 82 47 65 94 98 58 62 6 53 67 86 38 73 91 90 7 10 57 90 95 74 44 90 89 72 16 39 75 90 24 28 46 9 99 15 90 69 48 19 23 1 89 44 8 99 39 1 41 58 
28 30 61 84 12 25 14 80 4 77 75 11 4 90 11 9 39 22 4 48 97 87 69 87 9 27 82 29 97 31 21 45 11 93 86 32 74 93 20 38 90 22 75 30 43 44 2 71 38 17 99 3 24 25 82 6 34 2 22 39 34 65 58 27 
53 78 85 100 6 54 4 5 97 92 98 70 100 84 7 1 98 26 87 54 58 69 92 90 84 97 48 62 82 35 10 28 28 77 49 53 78 28 97 4 92 3 19 41 34 30 32 100 89 90 70 68 52 80 97 100 93 11 54 1 66 100 26 16 
22 74 36 68 60 50 98 24 43 32 51 65 79 61 97 36 34 28 60 59 61 77 79 38 71 32 20 48 63 20 32 39 84 29 51 5 67 92 5 71 25 24 56 76 54 16 51 60 57 86 40 77 66 45 78 59 50 11 4 12 71 13 51 42 
33 29 31 14 38 90 90 17 86 53 33 18 59 92 66 71 25 78 50 69 87 92 29 38 49 36 15 19 12 9 41 27 17 7 1 25 6 50 48 65 24 67 84 45 33 5 53 90 48 91 32 92 3 76 62 91 72 81 18 81 63 41 99 26 
3 32 25 81 12 23 94 25 63 8 88 73 5 42 7 42 6 48 47 34 93 43 79 34 57 34 24 53 74 76 99 45 45 31 54 62 92 25 34 31 66 73 31 20 77 15 93 57 100 13 60 5 93 59 98 1 22 23 86 64 29 18 91 26 
46 9 81 54 97 44 37 97 37 56 88 56 78 99 59 38 85 65 73 97 3 35 17 10 29 66 19 87 28 90 86 79 6 54 69 33 42 100 23 48 63 57 5 54 57 27 5 99 6 98 96 78 79 89 13 33 64 94 1 49 97 87 38 68 
29 99 44 39 61 100 14 9 83 4 68 13 69 56 25 10 94 9 59 64 97 60 66 54 60 3 59 99 94 29 35 97 35 32 55 74 92 59 95 13 13 78 51 65 76 41 19 47 10 17 50 68 93 100 64 39 69 46 66 78 62 40 45 84 
51 9 20 65 50 64 17 19 100 22 10 61 57 20 80 73 21 22 87 96 73 35 56 59 3 32 91 73 48 1 77 76 98 27 79 49 40 29 42 95 71 41 15 2 98 52 43 59 99 42 13 49 59 43 84 62 49 16 79 85 21 9 32 62 
19 6 43 25 33 82 88 88 43 36 93 82 28 28 26 5 65 32 88 87 82 67 69 22 59 32 27 37 23 43 8 1 58 28 37 94 14 76 19 97 81 84 73 54 27 96 22 15 83 16 91 50 32 65 65 66 15 49 10 23 5 62 74 74 
8 40 62 83 42 93 86 87 31 100 63 44 67 80 1 5 82 4 55 29 39 51 57 16 55 77 49 86 67 34 91 24 67 66 90 3 33 39 33 63 29 15 61 51 8 90 97 92 13 24 2 2 41 95 40 31 22 64 36 39 5 69 36 89 
0.0 1.0 2.0 3.0 4.0 5.0 6.0 7.0 8.0 9.0 10.0 11.0 12.0 13.0 14.0 15.0 16.0 17.0 18.0 19.0 20.0 21.0 22.0 23.0 24.0 25.0 26.0 27.0 28.0 29.0 30.0 31.0 32.0 31.0 30.0 29.0 28.0 27.0 26.0 25.0 24.0 23.0 22.0 21.0 20.0 19.0 18.0 17.0 16.0 15.0 14.0 13.0 12.0 11.0 10.0 9.0 8.0 7.0 6.0 5.0 4.0 3.0 2.0 1.0 
1.0 0.0 1.0 2.0 3.0 4.0 5.0 6.0 7.0 8.0 9.0 10.0 11.0 12.0 13.0 14.0 15.0 16.0 17.0 18.0 19.0 20.0 21.0 22.0 23.0 24.0 25.0 26.0 27.0 28.0 29.0 30.0 31.0 32.0 31.0 30.0 29.0 28.0 27.0 26.0 25.0 24.0 23.0 22.0 21.0 20.0 19.0 18.0 17.0 16.0 15.0 14.0 13.0 12.0 11.0 10.0 9.0 8.0 7.0 6.0 5.0 4.0 3.0 2.0 
2.0 1.0 0.0 1.0 2.0 3.0 4.0 5.0 6.0 7.0 8.0 9.0 10.0 11.0 12.0 13.0 14.0 15.0 16.0 17.0 18.0 19.0 20.0 21.0 22.0 23.0 24.0 25.0 26.0 27.0 28.0 29.0 30.0 31.0 32.0 31.0 30.0 29.0 28.0 27.0 26.0 25.0 24.0 23.0 22.0 21.0 20.0 19.0 18.0 17.0 16.0 15.0 14.0 13.0 12.0 11.0 10.0 9.0 8.0 7.0 6.0 5.0 4.0 3.0 
3.0 2.0 1.0 0.0 1.0 2.0 3.0 4.0 5.0 6.0 7.0 8.0 9.0 10.0 11.0 12.0 13.0 14.0 15.0 16.0 17.0 18.0 19.0 20.0 21.0 22.0 23.0 24.0 25.0 26.0 27.0 28.0 29.0 30.0 31.0 32.0 31.0 30.0 29.0 28.0 27.0 26.0 25.0 24.0 23.0 22.0 21.0 20.0 19.0 18.0 17.0 16.0 15.0 14.0 13.0 12.0 11.0 10.0 9.0 8.0 7.0 6.0 5.0 4.0 
4.0 3.0 2.0 1.0 0.0 1.0 2.0 3.0 4.0 5.0 6.0 7.0 8.0 9.0 10.0 11.0 12.0 13.0 14.0 15.0 16.0 17.0 18.0 19.0 20.0 21.0 22.0 23.0 24.0 25.0 26.0 27.0 28.0 29.0 30.0 31.0 32.0 31.0 30.0 29.0 28.0 27.0 26.0 25.0 24.0 23.0 22.0 21.0 20.0 19.0 18.0 17.0 16.0 15.0 14.0 13.0 12.0 11.0 10.0 9.0 8.0 7.0 6.0 5.0 
5.0 4.0 3.0 2.0 1.0 0.0 1.0 2.0 3.0 4.0 5.0 6.0 7.0 8.0 9.0 10.0 11.0 12.0 13.0 14.0 15.0 16.0 17.0 18.0 19.0 20.0 21.0 22.0 23.0 24.0 25.0 26.0 27.0 28.0 29.0 30.0 31.0 32.0 31.0 30.0 29.0 28.0 27.0 26.0 25.0 24.0 23.0 22.0 21.0 20.0 19.0 18.0 17.0 16.0 15.0 14.0 13.0 12.0 11.0 10.0 9.0 8.0 7.0 6.0 
6.0 5.0 4.0 3.0 2.0 1.0 0.0 1.0 2.0 3.0 4.0 5.0 6.0 7.0 8.0 9.0 10.0 11.0 12.0 13.0 14.0 15.0 16.0 17.0 18.0 19.0 20.0 21.0 22.0 23.0 24.0 25.0 26.0 27.0 28.0 29.0 30.0 31.0 32.0 31.0 30.0 29.0 28.0 27.0 26.0 25.0 24.0 23.0 22.0 21.0 20.0 19.0 18.0 17.0 16.0 15.0 14.0 13.0 12.0 11.0 10.0 9.0 8.0 7.0 
7.0 6.0 5.0 4.0 3.0 2.0 1.0 0.0 1.0 2.0 3.0 4.0 5.0 6.0 7.0 8.0 9.0 10.0 11.0 12.0 13.0 14.0 15.0 16.0 17.0 18.0 19.0 20.0 21.0 22.0 23.0 24.0 25.0 26.0 27.0 28.0 29.0 30.0 31.0 32.0 31.0 30.0 29.0 28.0 27.0 26.0 25.0 24.0 23.0 22.0 21.0 20.0 19.0 18.0 17.0 16.0 15.0 14.0 13.0 12.0 11.0 10.0 9.0 8.0 
8.0 7.0 6.0 5.0 4.0 3.0 2.0 1.0 0.0 1.0 2.0 3.0 4.0 5.0 6.0 7.0 8.0 9.0 10.0 11.0 12.0 13.0 14.0 15.0 16.0 17.0 18.0 19.0 20.0 21.0 22.0 23.0 24.0 25.0 26.0 27.0 28.0 29.0 30.0 31.0 32.0 31.0 30.0 29.0 28.0 27.0 26.0 25.0 24.0 23.0 22.0 21.0 20.0 19.0 18.0 17.0 16.0 15.0 14.0 13.0 12.0 11.0 10.0 9.0 
9.0 8.0 7.0 6.0 5.0 4.0 3.0 2.0 1.0 0.0 1.0 2.0 3.0 4.0 5.0 6.0 7.0 8.0 9.0 10.0 11.0 12.0 13.0 14.0 15.0 16.0 17.0 18.0 19.0 20.0 21.0 22.0 23.0 24.0 25.0 26.0 27.0 28.0 29.0 30.0 31.0 32.0 31.0 30.0 29.0 28.0 27.0 26.0 25.0 24.0 23.0 22.0 21.0 20.0 19.0 18.0 17.0 16.0 15.0 14.0 13.0 12.0 11.0 10.0 
10.0 9.0 8.0 7.0 6.0 5.0 4.0 3.0 2.0 1.0 0.0 1.0 2.0 3.0 4.0 5.0 6.0 7.0 8.0 9.0 10.0 11.0 12.0 13.0 14.0 15.0 16.0 17.0 18.0 19.0 20.0 21.0 22.0 23.0 24.0 25.0 26.0 27.0 28.0 29.0 30.0 31.0 32.0 31.0 30.0 29.0 28.0 27.0 26.0 25.0 24.0 23.0 22.0 21.0 20.0 19.0 18.0 17.0 16.0 15.0 14.0 13.0 12.0 11.0 
11.0 10.0 9.0 8.0 7.0 6.0 5.0 4.0 3.0 2.0 1.0 0.0 1.0 2.0 3.0 4.0 5.0 6.0 7.0 8.0 9.0 10.0 11.0 12.0 13.0 14.0 15.0 16.0 17.0 18.0 19.0 20.0 21.0 22.0 23.0 24.0 25.0 26.0 27.0 28.0 29.0 30.0 31.0 32.0 31.0 30.0 29.0 28.0 27.0 26.0 25.0 24.0 23.0 22.0 21.0 20.0 19.0 18.0 17.0 16.0 15.0 14.0 13.0 12.0 
12.0 11.0 10.0 9.0 8.0 7.0 6.0 5.0 4.0 3.0 2.0 1.0 0.0 1.0 2.0 3.0 4.0 5.0 6.0 7.0 8.0 9.0 10.0 11.0 12.0 13.0 14.0 15.0 16.0 17.0 18.0 19.0 20.0 21.0 22.0 23.0 24.0 25.0 26.0 27.0 28.0 29.0 30.0 31.0 32.0 31.0 30.0 29.0 28.0 27.0 26.0 25.0 24.0 23.0 22.0 21.0 20.0 19.0 18.0 17.0 16.0 15.0 14.0 13.0 
13.0 12.0 11.0 10.0 9.0 8.0 7.0 6.0 5.0 4.0 3.0 2.0 1.0 0.0 1.0 2.0 3.0 4.0 5.0 6.0 7.0 8.0 9.0 10.0 11.0 12.0 13.0 14.0 15.0 16.0 17.0 18.0 19.0 20.0 21.0 22.0 23.0 24.0 25.0 26.0 27.0 28.0 29.0 30.0 31.0 32.0 31.0 30.0 29.0 28.0 27.0 26.0 25.0 24.0 23.0 22.0 21.0 20.0 19.0 18.0 17.0 16.0 15.0 14.0 
14.0 13.0 12.0 11.0 10.0 9.0 8.0 7.0 6.0 5.0 4.0 3.0 2.0 1.0 0.0 1.0 2.0 3.0 4.0 5.0 6.0 7.0 8.0 9.0 10.0 11.0 12.0 13.0 14.0 15.0 16.0 17.0 18.0 19.0 20.0 21.0 22.0 23.0 24.0 25.0 26.0 27.0 28.0 29.0 30.0 31.0 32.0 31.0 30.0 29.0 28.0 27.0 26.0 25.0 24.0 23.0 22.0 21.0 20.0 19.0 18.0 17.0 16.0 15.0 
15.0 14.0 13.0 12.0 11.0 10.0 9.0 8.0 7.0 6.0 5.0 4.0 3.0 2.0 1.0 0.0 1.0 2.0 3.0 4.0 5.0 6.0 7.0 8.0 9.0 10.0 11.0 12.0 13.0 14.0 15.0 16.0 17.0 18.0 19.0 20.0 21.0 22.0 23.0 24.0 25.0 26.0 27.0 28.0 29.0 30.0 31.0 32.0 31.0 30.0 29.0 28.0 27.0 26.0 25.0 24.0 23.0 22.0 21.0 20.0 19.0 18.0 17.0 16.0 
16.0 15.0 14.0 13.0 12.0 11.0 10.0 9.0 8.0 7.0 6.0 5.0 4.0 3.0 2.0 1.0 0.0 1.0 2.0 3.0 4.0 5.0 6.0 7.0 8.0 9.0 10.0 11.0 12.0 13.0 14.0 15.0 16.0 17.0 18.0 19.0 20.0 21.0 22.0 23.0 24.0 25.0 26.0 27.0 28.0 29.0 30.0 31.0 32.0 31.0 30.0 29.0 28.0 27.0 26.0 25.0 24.0 23.0 22.0 21.0 20.0 19.0 18.0 17.0 
17.0 16.0 15.0 14.0 13.0 12.0 11.0 10.0 9.0 8.0 7.0 6.0 5.0 4.0 3.0 2.0 1.0 0.0 1.0 2.0 3.0 4.0 5.0 6.0 7.0 8.0 9.0 10.0 11.0 12.0 13.0 14.0 15.0 16.0 17.0 18.0 19.0 20.0 21.0 22.0 23.0 24.0 25.0 26.0 27.0 28.0 29.0 30.0 31.0 32.0 31.0 30.0 29.0 28.0 27.0 26.0 25.0 24.0 23.0 22.0 21.0 20.0 19.0 18.0 
18.0 17.0 16.0 15.0 14.0 13.0 12.0 11.0 10.0 9.0 8.0 7.0 6.0 5.0 4.0 3.0 2.0 1.0 0.0 1.0 2.0 3.0 4.0 5.0 6.0 7.0 8.0 9.0 10.0 11.0 12.0 13.0 14.0 15.0 16.0 17.0 18.0 19.0 20.0 21.0 22.0 23.0 24.0 25.0 26.0 27.0 28.0 29.0 30.0 31.0 32.0 31.0 30.0 29.0 28.0 27.0 26.0 25.0 24.0 23.0 22.0 21.0 20.0 19.0 
19.0 18.0 17.0 16.0 15.0 14.0 13.0 12.0 11.0 10.0 9.0 8.0 7.0 6.0 5.0 4.0 3.0 2.0 1.0 0.0 1.0 2.0 3.0 4.0 5.0 6.0 7.0 8.0 9.0 10.0 11.0 12.0 13.0 14.0 15.0 16.0 17.0 18.0 19.0 20.0 21.0 22.0 23.0 24.0 25.0 26.0 27.0 28.0 29.0 30.0 31.0 32.0 31.0 30.0 29.0 28.0 27.0 26.0 25.0 24.0 23.0 22.0 21.0 20.0 
20.0 19.0 18.0 17.0 16.0 15.0 14.0 13.0 12.0 11.0 10.0 9.0 8.0 7.0 6.0 5.0 4.0 3.0 2.0 1.0 0.0 1.0 2.0 3.0 4.0 5.0 6.0 7.0 8.0 9.0 10.0 11.0 12.0 13.0 14.0 15.0 16.0 17.0 18.0 19.0 20.0 21.0 22.0 23.0 24.0 25.0 26.0 27.0 28.0 29.0 30.0 31.0 32.0 31.0 30.0 29.0 28.0 27.0 26.0 25.0 24.0 23.0 22.0 21.0 
21.0 20.0 19.0 18.0 17.0 16.0 15.0 14.0 13.0 12.0 11.0 10.0 9.0 8.0 7.0 6.0 5.0 4.0 3.0 2.0 1.0 0.0 1.0 2.0 3.0 4.0 5.0 6.0 7.0 8.0 9.0 10.0 11.0 12.0 13.0 14.0 15.0 16.0 17.0 18.0 19.0 20.0 21.0 22.0 23.0 24.0 25.0 26.0 27.0 28.0 29.0 30.0 31.0 32.0 31.0 30.0 29.0 28.0 27.0 26.0 25.0 24.0 23.0 22.0 
22.0 21.0 20.0 19.0 18.0 17.0 16.0 15.0 14.0 13.0 12.0 11.0 10.0 9.0 8.0 7.0 6.0 5.0 4.0 3.0 2.0 1.0 0.0 1.0 2.0 3.0 4.0 5.0 6.0 7.0 8.0 9.0 10.0 11.0 12.0 13.0 14.0 15.0 16.0 17.0 18.0 19.0 20.0 21.0 22.0 23.0 24.0 25.0 26.0 27.0 28.0 29.0 30.0 31.0 32.0 31.0 30.0 29.0 28.0 27.0 26.0 25.0 24.0 23.0 
23.0 22.0 21.0 20.0 19.0 18.0 17.0 16.0 15.0 14.0 13.0 12.0 11.0 10.0 9.0 8.0 7.0 6.0 5.0 4.0 3.0 2.0 1.0 0.0 1.0 2.0 3.0 4.0 5.0 6.0 7.0 8.0 9.0 10.0 11.0 12.0 13.0 14.0 15.0 16.0 17.0 18.0 19.0 20.0 21.0 22.0 23.0 24.0 25.0 26.0 27.0 28.0 29.0 30.0 31.0 32.0 31.0 30.0 29.0 28.0 27.0 26.0 25.0 24.0 
24.0 23.0 22.0 21.0 20.0 19.0 18.0 17.0 16.0 15.0 14.0 13.0 12.0 11.0 10.0 9.0 8.0 7.0 6.0 5.0 4.0 3.0 2.0 1.0 0.0 1.0 2.0 3.0 4.0 5.0 6.0 7.0 8.0 9.0 10.0 11.0 12.0 13.0 14.0 15.0 16.0 17.0 18.0 19.0 20.0 21.0 22.0 23.0 24.0 25.0 26.0 27.0 28.0 29.0 30.0 31.0 32.0 31.0 30.0 29.0 28.0 27.0 26.0 25.0 
25.0 24.0 23.0 22.0 21.0 20.0 19.0 18.0 17.0 16.0 15.0 14.0 13.0 12.0 11.0 10.0 9.0 8.0 7.0 6.0 5.0 4.0 3.0 2.0 1.0 0.0 1.0 2.0 3.0 4.0 5.0 6.0 7.0 8.0 9.0 10.0 11.0 12.0 13.0 14.0 15.0 16.0 17.0 18.0 19.0 20.0 21.0 22.0 23.0 24.0 25.0 26.0 27.0 28.0 29.0 30.0 31.0 32.0 31.0 30.0 29.0 28.0 27.0 26.0 
26.0 25.0 24.0 23.0 22.0 21.0 20.0 19.0 18.0 17.0 16.0 15.0 14.0 13.0 12.0 11.0 10.0 9.0 8.0 7.0 6.0 5.0 4.0 3.0 2.0 1.0 0.0 1.0 2.0 3.0 4.0 5.0 6.0 7.0 8.0 9.0 10.0 11.0 12.0 13.0 14.0 15.0 16.0 17.0 18.0 19.0 20.0 21.0 22.0 23.0 24.0 25.0 26.0 27.0 28.0 29.0 30.0 31.0 32.0 31.0 30.0 29.0 28.0 27.0 
27.0 26.0 25.0 24.0 23.0 22.0 21.0 20.0 19.0 18.0 17.0 16.0 15.0 14.0 13.0 12.0 11.0 10.0 9.0 8.0 7.0 6.0 5.0 4.0 3.0 2.0 1.0 0.0 1.0 2.0 3.0 4.0 5.0 6.0 7.0 8.0 9.0 10.0 11.0 12.0 13.0 14.0 15.0 16.0 17.0 18.0 19.0 20.0 21.0 22.0 23.0 24.0 25.0 26.0 27.0 28.0 29.0 30.0 31.0 32.0 31.0 30.0 29.0 28.0 
28.0 27.0 26.0 25.0 24.0 23.0 22.0 21.0 20.0 19.0 18.0 17.0 16.0 15.0 14.0 13.0 12.0 11.0 10.0 9.0 8.0 7.0 6.0 5.0 4.0 3.0 2.0 1.0 0.0 1.0 2.0 3.0 4.0 5.0 6.0 7.0 8.0 9.0 10.0 11.0 12.0 13.0 14.0 15.0 16.0 17.0 18.0 19.0 20.0 21.0 22.0 23.0 24.0 25.0 26.0 27.0 28.0 29.0 30.0 31.0 32.0 31.0 30.0 29.0 
29.0 28.0 27.0 26.0 25.0 24.0 23.0 22.0 21.0 20.0 19.0 18.0 17.0 16.0 15.0 14.0 13.0 12.0 11.0 10.0 9.0 8.0 7.0 6.0 5.0 4.0 3.0 2.0 1.0 0.0 1.0 2.0 3.0 4.0 5.0 6.0 7.0 8.0 9.0 10.0 11.0 12.0 13.0 14.0 15.0 16.0 17.0 18.0 19.0 20.0 21.0 22.0 23.0 24.0 25.0 26.0 27.0 28.0 29.0 30.0 31.0 32.0 31.0 30.0 
30.0 29.0 28.0 27.0 26.0 25.0 24.0 23.0 22.0 21.0 20.0 19.0 18.0 17.0 16.0 15.0 14.0 13.0 12.0 11.0 10.0 9.0 8.0 7.0 6.0 5.0 4.0 3.0 2.0 1.0 0.0 1.0 2.0 3.0 4.0 5.0 6.0 7.0 8.0 9.0 10.0 11.0 12.0 13.0 14.0 15.0 16.0 17.0 18.0 19.0 20.0 21.0 22.0 23.0 24.0 25.0 26.0 27.0 28.0 29.0 30.0 31.0 32.0 31.0 
31.0 30.0 29.0 28.0 27.0 26.0 25.0 24.0 23.0 22.0 21.0 20.0 19.0 18.0 17.0 16.0 15.0 14.0 13.0 12.0 11.0 10.0 9.0 8.0 7.0 6.0 5.0 4.0 3.0 2.0 1.0 0.0 1.0 2.0 3.0 4.0 5.0 6.0 7.0 8.0 9.0 10.0 11.0 12.0 13.0 14.0 15.0 16.0 17.0 18.0 19.0 20.0 21.0 22.0 23.0 24.0 25.0 26.0 27.0 28.0 29.0 30.0 31.0 32.0 
32.0 31.0 30.0 29.0 28.0 27.0 26.0 25.0 24.0 23.0 22.0 21.0 20.0 19.0 18.0 17.0 16.0 15.0 14.0 13.0 12.0 11.0 10.0 9.0 8.0 7.0 6.0 5.0 4.0 3.0 2.0 1.0 0.0 1.0 2.0 3.0 4.0 5.0 6.0 7.0 8.0 9.0 10.0 11.0 12.0 13.0 14.0 15.0 16.0 17.0 18.0 19.0 20.0 21.0 22.0 23.0 24.0 25.0 26.0 27.0 28.0 29.0 30.0 31.0 
31.0 32.0 31.0 30.0 29.0 28.0 27.0 26.0 25.0 24.0 23.0 22.0 21.0 20.0 19.0 18.0 17.0 16.0 15.0 14.0 13.0 12.0 11.0 10.0 9.0 8.0 7.0 6.0 5.0 4.0 3.0 2.0 1.0 0.0 1.0 2.0 3.0 4.0 5.0 6.0 7.0 8.0 9.0 10.0 11.0 12.0 13.0 14.0 15.0 16.0 17.0 18.0 19.0 20.0 21.0 22.0 23.0 24.0 25.0 26.0 27.0 28.0 29.0 30.0 
30.0 31.0 32.0 31.0 30.0 29.0 28.0 27.0 26.0 25.0 24.0 23.0 22.0 21.0 20.0 19.0 18.0 17.0 16.0 15.0 14.0 13.0 12.0 11.0 10.0 9.0 8.0 7.0 6.0 5.0 4.0 3.0 2.0 1.0 0.0 1.0 2.0 3.0 4.0 5.0 6.0 7.0 8.0 9.0 10.0 11.0 12.0 13.0 14.0 15.0 16.0 17.0 18.0 19.0 20.0 21.0 22.0 23.0 24.0 25.0 26.0 27.0 28.0 29.0 
29.0 30.0 31.0 32.0 31.0 30.0 29.0 28.0 27.0 26.0 25.0 24.0 23.0 22.0 21.0 20.0 19.0 18.0 17.0 16.0 15.0 14.0 13.0 12.0 11.0 10.0 9.0 8.0 7.0 6.0 5.0 4.0 3.0 2.0 1.0 0.0 1.0 2.0 3.0 4.0 5.0 6.0 7.0 8.0 9.0 10.0 11.0 12.0 13.0 14.0 15.0 16.0 17.0 18.0 19.0 20.0 21.0 22.0 23.0 24.0 25.0 26.0 27.0 28.0 
28.0 29.0 30.0 31.0 32.0 31.0 30.0 29.0 28.0 27.0 26.0 25.0 24.0 23.0 22.0 21.0 20.0 19.0 18.0 17.0 16.0 15.0 14.0 13.0 12.0 11.0 10.0 9.0 8.0 7.0 6.0 5.0 4.0 3.0 2.0 1.0 0.0 1.0 2.0 3.0 4.0 5.0 6.0 7.0 8.0 9.0 10.0 11.0 12.0 13.0 14.0 15.0 16.0 17.0 18.0 19.0 20.0 21.0 22.0 23.0 24.0 25.0 26.0 27.0 
27.0 28.0 29.0 30.0 31.0 32.0 31.0 30.0 29.0 28.0 27.0 26.0 25.0 24.0 23.0 22.0 21.0 20.0 19.0 18.0 17.0 16.0 15.0 14.0 13.0 12.0 11.0 10.0 9.0 8.0 7.0 6.0 5.0 4.0 3.0 2.0 1.0 0.0 1.0 2.0 3.0 4.0 5.0 6.0 7.0 8.0 9.0 10.0 11.0 12.0 13.0 14.0 15.0 16.0 17.0 18.0 19.0 20.0 21.0 22.0 23.0 24.0 25.0 26.0 
26.0 27.0 28.0 29.0 30.0 31.0 32.0 31.0 30.0 29.0 28.0 27.0 26.0 25.0 24.0 23.0 22.0 21.0 20.0 19.0 18.0 17.0 16.0 15.0 14.0 13.0 12.0 11.0 10.0 9.0 8.0 7.0 6.0 5.0 4.0 3.0 2.0 1.0 0.0 1.0 2.0 3.0 4.0 5.0 6.0 7.0 8.0 9.0 10.0 11.0 12.0 13.0 14.0 15.0 16.0 17.0 18.0 19.0 20.0 21.0 22.0 23.0 24.0 25.0 
25.0 26.0 27.0 28.0 29.0 30.0 31.0 32.0 31.0 30.0 29.0 28.0 27.0 26.0 25.0 24.0 23.0 22.0 21.0 20.0 19.0 18.0 17.0 16.0 15.0 14.0 13.0 12.0 11.0 10.0 9.0 8.0 7.0 6.0 5.0 4.0 3.0 2.0 1.0 0.0 1.0 2.0 3.0 4.0 5.0 6.0 7.0 8.0 9.0 10.0 11.0 12.0 13.0 14.0 15.0 16.0 17.0 18.0 19.0 20.0 21.0 22.0 23.0 24.0 
24.0 25.0 26.0 27.0 28.0 29.0 30.0 31.0 32.0 31.0 30.0 29.0 28.0 27.0 26.0 25.0 24.0 23.0 22.0 21.0 20.0 19.0 18.0 17.0 16.0 15.0 14.0 13.0 12.0 11.0 10.0 9.0 8.0 7.0 6.0 5.0 4.0 3.0 2.0 1.0 0.0 1.0 2.0 3.0 4.0 5.0 6.0 7.0 8.0 9.0 10.0 11.0 12.0 13.0 14.0 15.0 16.0 17.0 18.0 19.0 20.0 21.0 22.0 23.0 
23.0 24.0 25.0 26.0 27.0 28.0 29.0 30.0 31.0 32.0 31.0 30.0 29.0 28.0 27.0 26.0 25.0 24.0 23.0 22.0 21.0 20.0 19.0 18.0 17.0 16.0 15.0 14.0 13.0 12.0 11.0 10.0 9.0 8.0 7.0 6.0 5.0 4.0 3.0 2.0 1.0 0.0 1.0 2.0 3.0 4.0 5.0 6.0 7.0 8.0 9.0 10.0 11.0 12.0 13.0 14.0 15.0 16.0 17.0 18.0 19.0 20.0 21.0 22.0 
22.0 23.0 24.0 25.0 26.0 27.0 28.0 29.0 30.0 31.0 32.0 31.0 30.0 29.0 28.0 27.0 26.0 25.0 24.0 23.0 22.0 21.0 20.0 19.0 18.0 17.0 16.0 15.0 14.0 13.0 12.0 11.0 10.0 9.0 8.0 7.0 6.0 5.0 4.0 3.0 2.0 1.0 0.0 1.0 2.0 3.0 4.0 5.0 6.0 7.0 8.0 9.0 10.0 11.0 12.0 13.0 14.0 15.0 16.0 17.0 18.0 19.0 20.0 21.0 
21.0 22.0 23.0 24.0 25.0 26.0 27.0 28.0 29.0 30.0 31.0 32.0 31.0 30.0 29.0 28.0 27.0 26.0 25.0 24.0 23.0 22.0 21.0 20.0 19.0 18.0 17.0 16.0 15.0 14.0 13.0 12.0 11.0 10.0 9.0 8.0 7.0 6.0 5.0 4.0 3.0 2.0 1.0 0.0 1.0 2.0 3.0 4.0 5.0 6.0 7.0 8.0 9.0 10.0 11.0 12.0 13.0 14.0 15.0 16.0 17.0 18.0 19.0 20.0 
20.0 21.0 22.0 23.0 24.0 25.0 26.0 27.0 28.0 29.0 30.0 31.0 32.0 31.0 30.0 29.0 28.0 27.0 26.0 25.0 24.0 23.0 22.0 21.0 20.0 19.0 18.0 17.0 16.0 15.0 14.0 13.0 12.0 11.0 10.0 9.0 8.0 7.0 6.0 5.0 4.0 3.0 2.0 1.0 0.0 1.0 2.0 3.0 4.0 5.0 6.0 7.0 8.0 9.0 10.0 11.0 12.0 13.0 14.0 15.0 16.0 17.0 18.0 19.0 
19.0 20.0 21.0 22.0 23.0 24.0 25.0 26.0 27.0 28.0 29.0 30.0 31.0 32.0 31.0 30.0 29.0 28.0 27.0 26.0 25.0 24.0 23.0 22.0 21.0 20.0 19.0 18.0 17.0 16.0 15.0 14.0 13.0 12.0 11.0 10.0 9.0 8.0 7.0 6.0 5.0 4.0 3.0 2.0 1.0 0.0 1.0 2.0 3.0 4.0 5.0 6.0 7.0 8.0 9.0 10.0 11.0 12.0 13.0 14.0 15.0 16.0 17.0 18.0 
18.0 19.0 20.0 21.0 22.0 23.0 24.0 25.0 26.0 27.0 28.0 29.0 30.0 31.0 32.0 31.0 30.0 29.0 28.0 27.0 26.0 25.0 24.0 23.0 22.0 21.0 20.0 19.0 18.0 17.0 16.0 15.0 14.0 13.0 12.0 11.0 10.0 9.0 8.0 7.0 6.0 5.0 4.0 3.0 2.0 1.0 0.0 1.0 2.0 3.0 4.0 5.0 6.0 7.0 8.0 9.0 10.0 11.0 12.0 13.0 14.0 15.0 16.0 17.0 
17.0 18.0 19.0 20.0 21.0 22.0 23.0 24.0 25.0 26.0 27.0 28.0 29.0 30.0 31.0 32.0 31.0 30.0 29.0 28.0 27.0 26.0 25.0 24.0 23.0 22.0 21.0 20.0 19.0 18.0 17.0 16.0 15.0 14.0 13.0 12.0 11.0 10.0 9.0 8.0 7.0 6.0 5.0 4.0 3.0 2.0 1.0 0.0 1.0 2.0 3.0 4.0 5.0 6.0 7.0 8.0 9.0 10.0 11.0 12.0 13.0 14.0 15.0 16.0 
16.0 17.0 18.0 19.0 20.0 21.0 22.0 23.0 24.0 25.0 26.0 27.0 28.0 29.0 30.0 31.0 32.0 31.0 30.0 29.0 28.0 27.0 26.0 25.0 24.0 23.0 22.0 21.0 20.0 19.0 18.0 17.0 16.0 15.0 14.0 13.0 12.0 11.0 10.0 9.0 8.0 7.0 6.0 5.0 4.0 3.0 2.0 1.0 0.0 1.0 2.0 3.0 4.0 5.0 6.0 7.0 8.0 9.0 10.0 11.0 12.0 13.0 14.0 15.0 
15.0 16.0 17.0 18.0 19.0 20.0 21.0 22.0 23.0 24.0 25.0 26.0 27.0 28.0 29.0 30.0 31.0 32.0 31.0 30.0 29.0 28.0 27.0 26.0 25.0 24.0 23.0 22.0 21.0 20.0 19.0 18.0 17.0 16.0 15.0 14.0 13.0 12.0 11.0 10.0 9.0 8.0 7.0 6.0 5.0 4.0 3.0 2.0 1.0 0.0 1.0 2.0 3.0 4.0 5.0 6.0 7.0 8.0 9.0 10.0 11.0 12.0 13.0 14.0 
14.0 15.0 16.0 17.0 18.0 19.0 20.0 21.0 22.0 23.0 24.0 25.0 26.0 27.0 28.0 29.0 30.0 31.0 32.0 31.0 30.0 29.0 28.0 27.0 26.0 25.0 24.0 23.0 22.0 21.0 20.0 19.0 18.0 17.0 16.0 15.0 14.0 13.0 12.0 11.0 10.0 9.0 8.0 7.0 6.0 5.0 4.0 3.0 2.0 1.0 0.0 1.0 2.0 3.0 4.0 5.0 6.0 7.0 8.0 9.0 10.0 11.0 12.0 13.0 
13.0 14.0 15.0 16.0 17.0 18.0 19.0 20.0 21.0 22.0 23.0 24.0 25.0 26.0 27.0 28.0 29.0 30.0 31.0 32.0 31.0 30.0 29.0 28.0 27.0 26.0 25.0 24.0 23.0 22.0 21.0 20.0 19.0 18.0 17.0 16.0 15.0 14.0 13.0 12.0 11.0 10.0 9.0 8.0 7.0 6.0 5.0 4.0 3.0 2.0 1.0 0.0 1.0 2.0 3.0 4.0 5.0 6.0 7.0 8.0 9.0 10.0 11.0 12.0 
12.0 13.0 14.0 15.0 16.0 17.0 18.0 19.0 20.0 21.0 22.0 23.0 24.0 25.0 26.0 27.0 28.0 29.0 30.0 31.0 32.0 31.0 30.0 29.0 28.0 27.0 26.0 25.0 24.0 23.0 22.0 21.0 20.0 19.0 18.0 17.0 16.0 15.0 14.0 13.0 12.0 11.0 10.0 9.0 8.0 7.0 6.0 5.0 4.0 3.0 2.0 1.0 0.0 1.0 2.0 3.0 4.0 5.0 6.0 7.0 8.0 9.0 10.0 11.0 
11.0 12.0 13.0 14.0 15.0 16.0 17.0 18.0 19.0 20.0 21.0 22.0 23.0 24.0 25.0 26.0 27.0 28.0 29.0 30.0 31.0 32.0 31.0 30.0 29.0 28.0 27.0 26.0 25.0 24.0 23.0 22.0 21.0 20.0 19.0 18.0 17.0 16.0 15.0 14.0 13.0 12.0 11.0 10.0 9.0 8.0 7.0 6.0 5.0 4.0 3.0 2.0 1.0 0.0 1.0 2.0 3.0 4.0 5.0 6.0 7.0 8.0 9.0 10.0 
10.0 11.0 12.0 13.0 14.0 15.0 16.0 17.0 18.0 19.0 20.0 21.0 22.0 23.0 24.0 25.0 26.0 27.0 28.0 29.0 30.0 31.0 32.0 31.0 30.0 29.0 28.0 27.0 26.0 25.0 24.0 23.0 22.0 21.0 20.0 19.0 18.0 17.0 16.0 15.0 14.0 13.0 12.0 11.0 10.0 9.0 8.0 7.0 6.0 5.0 4.0 3.0 2.0 1.0 0.0 1.0 2.0 3.0 4.0 5.0 6.0 7.0 8.0 9.0 
9.0 10.0 11.0 12.0 13.0 14.0 15.0 16.0 17.0 18.0 19.0 20.0 21.0 22.0 23.0 24.0 25.0 26.0 27.0 28.0 29.0 30.0 31.0 32.0 31.0 30.0 29.0 28.0 27.0 26.0 25.0 24.0 23.0 22.0 21.0 20.0 19.0 18.0 17.0 16.0 15.0 14.0 13.0 12.0 11.0 10.0 9.0 8.0 7.0 6.0 5.0 4.0 3.0 2.0 1.0 0.0 1.0 2.0 3.0 4.0 5.0 6.0 7.0 8.0 
8.0 9.0 10.0 11.0 12.0 13.0 14.0 15.0 16.0 17.0 18.0 19.0 20.0 21.0 22.0 23.0 24.0 25.0 26.0 27.0 28.0 29.0 30.0 31.0 32.0 31.0 30.0 29.0 28.0 27.0 26.0 25.0 24.0 23.0 22.0 21.0 20.0 19.0 18.0 17.0 16.0 15.0 14.0 13.0 12.0 11.0 10.0 9.0 8.0 7.0 6.0 5.0 4.0 3.0 2.0 1.0 0.0 1.0 2.0 3.0 4.0 5.0 6.0 7.0 
7.0 8.0 9.0 10.0 11.0 12.0 13.0 14.0 15.0 16.0 17.0 18.0 19.0 20.0 21.0 22.0 23.0 24.0 25.0 26.0 27.0 28.0 29.0 30.0 31.0 32.0 31.0 30.0 29.0 28.0 27.0 26.0 25.0 24.0 23.0 22.0 21.0 20.0 19.0 18.0 17.0 16.0 15.0 14.0 13.0 12.0 11.0 10.0 9.0 8.0 7.0 6.0 5.0 4.0 3.0 2.0 1.0 0.0 1.0 2.0 3.0 4.0 5.0 6.0 
6.0 7.0 8.0 9.0 10.0 11.0 12.0 13.0 14.0 15.0 16.0 17.0 18.0 19.0 20.0 21.0 22.0 23.0 24.0 25.0 26.0 27.0 28.0 29.0 30.0 31.0 32.0 31.0 30.0 29.0 28.0 27.0 26.0 25.0 24.0 23.0 22.0 21.0 20.0 19.0 18.0 17.0 16.0 15.0 14.0 13.0 12.0 11.0 10.0 9.0 8.0 7.0 6.0 5.0 4.0 3.0 2.0 1.0 0.0 1.0 2.0 3.0 4.0 5.0 
5.0 6.0 7.0 8.0 9.0 10.0 11.0 12.0 13.0 14.0 15.0 16.0 17.0 18.0 19.0 20.0 21.0 22.0 23.0 24.0 25.0 26.0 27.0 28.0 29.0 30.0 31.0 32.0 31.0 30.0 29.0 28.0 27.0 26.0 25.0 24.0 23.0 22.0 21.0 20.0 19.0 18.0 17.0 16.0 15.0 14.0 13.0 12.0 11.0 10.0 9.0 8.0 7.0 6.0 5.0 4.0 3.0 2.0 1.0 0.0 1.0 2.0 3.0 4.0 
4.0 5.0 6.0 7.0 8.0 9.0 10.0 11.0 12.0 13.0 14.0 15.0 16.0 17.0 18.0 19.0 20.0 21.0 22.0 23.0 24.0 25.0 26.0 27.0 28.0 29.0 30.0 31.0 32.0 31.0 30.0 29.0 28.0 27.0 26.0 25.0 24.0 23.0 22.0 21.0 20.0 19.0 18.0 17.0 16.0 15.0 14.0 13.0 12.0 11.0 10.0 9.0 8.0 7.0 6.0 5.0 4.0 3.0 2.0 1.0 0.0 1.0 2.0 3.0 
3.0 4.0 5.0 6.0 7.0 8.0 9.0 10.0 11.0 12.0 13.0 14.0 15.0 16.0 17.0 18.0 19.0 20.0 21.0 22.0 23.0 24.0 25.0 26.0 27.0 28.0 29.0 30.0 31.0 32.0 31.0 30.0 29.0 28.0 27.0 26.0 25.0 24.0 23.0 22.0 21.0 20.0 19.0 18.0 17.0 16.0 15.0 14.0 13.0 12.0 11.0 10.0 9.0 8.0 7.0 6.0 5.0 4.0 3.0 2.0 1.0 0.0 1.0 2.0 
2.0 3.0 4.0 5.0 6.0 7.0 8.0 9.0 10.0 11.0 12.0 13.0 14.0 15.0 16.0 17.0 18.0 19.0 20.0 21.0 22.0 23.0 24.0 25.0 26.0 27.0 28.0 29.0 30.0 31.0 32.0 31.0 30.0 29.0 28.0 27.0 26.0 25.0 24.0 23.0 22.0 21.0 20.0 19.0 18.0 17.0 16.0 15.0 14.0 13.0 12.0 11.0 10.0 9.0 8.0 7.0 6.0 5.0 4.0 3.0 2.0 1.0 0.0 1.0 
1.0 2.0 3.0 4.0 5.0 6.0 7.0 8.0 9.0 10.0 11.0 12.0 13.0 14.0 15.0 16.0 17.0 18.0 19.0 20.0 21.0 22.0 23.0 24.0 25.0 26.0 27.0 28.0 29.0 30.0 31.0 32.0 31.0 30.0 29.0 28.0 27.0 26.0 25.0 24.0 23.0 22.0 21.0 20.0 19.0 18.0 17.0 16.0 15.0 14.0 13.0 12.0 11.0 10.0 9.0 8.0 7.0 6.0 5.0 4.0 3.0 2.0 1.0 0.0 