64
80 59 69 70 34 47 68 100 12 38 1 18 80 70 33 63 34 72 67 90 55 87 83 46 87 57 46 100 7 15 76 41 60 60 11 44 97 49 46 59 74 98 26 96 90 41 8 5 70 50 1 41 8 2 64 38 60 84 40 37 71 27 20 77 
27 5 27 4 39 45 76 74 73 18 87 29 57 54 30 71 82 100 81 62 75 8 87 21 9 72 96 96 70 5 87 24 97 2 44 73 43 93 25 85 86 68 81 70 5 63 50 84 39 88 89 90 20 64 27 18 92 83 62 64 14 33 22 67 
80 7 92 41 10 19 2 51 79 9 63 43 50 30 57 50 89 86 50 24 72 47 95 10 78 76 76 6 25 15 83 62 40 19 52 75 1 90 33 67 10 57 69 8 23 61 10 86 71 81 13 25 45 68 46 88 37 35 34 54 55 97 70 44 
21 60 92 61 40 83 28 59 75 28 82 17 23 89 65 73 78 12 47 23 61 46 29 38 21 22 70 38 65 61 64 97 22 67 100 22 94 68 17 35 10 55 84 98 58 97 99 4 45 41 90 94 74 51 2 71 31 28 64 1 84 27 4 74 
49 96 39 2 67 34 23 33 3 48 45 36 34 43 92 58 70 48 27 3 61 97 43 84 9 53 27 83 21 8 57 97 21 22 35 28 89 40 88 47 86 98 79 92 92 33 74 48 34 41 46 98 11 64 41 52 58 3 66 44 79 58 82 13 
60 69 5 25 7 30 25 12 22 35 88 13 36 3 23 70 15 82 9 91 51 29 99 94 83 99 64 43 51 32 70 99 23 63 43 37 31 59 23 87 39 18 40 86 85 36 97 50 45 32 29 30 12 30 19 55 98 49 44 61 48 87 63 95 
58 45 44 60 49 62 21 93 67 10 15 54 46 67 54 44 40 66 13 84 97 70 13 66 85 82 20 74 57 25 56 69 47 39 56 44 10 35 24 86 15 34 100 74 17 33 52 32 56 96 16 58 1 87 85 30 22 22 11 40 18 87 95 92 
68 50 50 48 29 60 62 4 87 44 62 26 49 70 29 39 52 39 98 10 31 91 74 45 3 83 8 29 17 5 36 49 48 82 78 91 22 73 3 46 28 97 11 22 10 11 22 47 11 39 30 29 78 63 1 66 84 3 3 81 57 1 92 11 
99 73 6 7 57 2 10 16 14 75 35 68 18 90 88 61 44 30 15 21 93 60 23 81 29 31 5 93 39 35 20 87 93 11 31 71 99 97 5 45 46 17 37 28 51 42 43 45 15 38 97 78 80 14 50 9 41 17 39 31 34 22 10 97 
20 66 50 81 36 8 47 52 98 48 41 12 73 53 91 85 95 93 16 29 72 79 70 81 85 16 72 80 48 70 95 70 17 23 72 20 39 68 63 86 5 66 42 34 16 35 19 97 58 39 8 34 74 67 36 89 69 10 73 20 27 23 88 50 
18 68 46 75 26 17 9 47 83 7 21 8 96 68 84 43 76 67 30 5 66 26 3 84 34 54 8 90 20 83 16 1 14 90 21 96 34 8 33 78 98 93 94 35 72 95 36 72 24 13 7 31 63 16 99 66 78 74 30 65 10 2 48 36 
8 63 81 54 43 10 30 44 12 1 52 22 15 22 15 48 11 66 45 98 51 16 39 92 70 62 22 12 3 48 61 71 28 60 43 51 24 47 41 82 23 17 89 17 7 80 47 4 28 28 12 28 49 24 22 11 22 20 28 78 63 75 35 75 
40 31 38 79 74 78 47 2 90 53 87 51 39 23 4 22 60 1 24 35 15 94 98 45 61 84 13 49 58 84 28 71 3 23 25 43 7 8 81 25 47 14 17 1 7 42 75 16 14 69 71 61 30 83 92 78 78 2 42 34 79 40 90 26 
52 47 63 69 56 80 1 33 11 11 90 91 53 90 68 50 4 80 19 10 42 3 72 10 100 13 30 36 89 43 15 27 84 22 75 38 36 19 93 17 100 34 72 91 38 48 91 46 96 27 80 45 57 1 47 29 14 86 78 71 32 22 93 76 
16 53 86 39 90 92 26 85 57 65 8 94 95 9 77 63 13 86 98 87 2 77 7 57 100 85 72 30 12 9 88 100 38 25 35 28 94 67 51 44 23 42 79 3 26 23 64 72 41 79 23 19 59 86 61 3 16 51 38 13 71 43 95 8 
62 62 36 9 44 84 65 70 37 93 12 8 16 22 86 47 43 42 23 45 95 72 76 56 97 49 12 61 68 46 55 46 93 79 83 12 9 54 89 77 44 32 38 56 43 44 43 36 74 61 31 30 77 24 89 18 47 15 36 95 84 84 57 42 
58 23 72 63 23 72 39 74 11 8 57 76 42 86 89 3 10 68 13 77 67 48 19 79 40 90 15 6 75 78 60 11 53 32 72 63 2 90 30 15 70 78 63 34 95 42 89 11 50 37 33 85 65 34 91 43 16 74 89 90 29 42 2 3 
43 19 28 51 80 49 96 34 71 88 8 23 75 43 42 81 100 99 64 65 33 83 57 5 64 22 23 15 20 93 9 11 78 66 56 71 9 1 5 4 100 86 47 98 22 54 32 77 68 26 93 37 30 88 36 15 68 21 5 71 12 62 25 54 
98 74 7 79 70 78 38 42 23 30 79 12 70 63 86 22 27 53 52 53 90 65 73 1 7 38 73 49 14 80 29 43 34 81 28 63 68 51 81 25 69 30 68 3 10 45 10 99 50 82 17 33 37 41 99 46 83 63 28 56 10 100 72 73 
77 73 5 92 78 40 44 50 31 64 86 44 28 82 55 63 36 78 48 91 32 42 38 64 76 65 25 23 99 88 50 38 57 30 54 21 45 68 17 39 15 49 7 84 70 5 55 52 56 72 49 10 90 42 62 37 47 54 86 19 34 39 95 19 
86 41 21 85 9 29 51 75 11 67 64 30 69 4 82 48 23 2 79 56 94 25 48 57 9 95 91 2 68 61 55 91 42 38 13 26 71 85 17 12 80 46 67 79 92 30 94 75 31 69 100 66 69 36 13 16 83 69 94 29 14 85 14 95 
43 27 4 6 9 7 32 12 89 64 46 5 98 78 90 88 54 25 92 31 61 28 87 72 95 36 87 85 25 30 80 53 54 21 46 23 57 56 28 90 60 68 45 19 32 10 53 90 2 36 20 82 26 17 28 84 33 14 84 60 47 16 64 1 
11 37 97 41 3 95 45 39 41 90 40 19 30 10 83 20 53 86 80 65 8 72 67 26 95 34 37 96 3 65 47 13 21 81 98 17 19 66 35 72 55 78 60 89 43 69 24 82 1 7 25 98 82 16 64 37 19 32 44 44 30 28 52 83 
52 34 74 79 34 7 44 52 68 37 86 9 50 62 6 73 75 63 73 8 26 90 4 28 11 39 16 37 57 53 59 14 3 9 94 80 45 77 85 76 43 48 63 87 12 55 1 59 87 31 10 26 79 69 38 95 54 52 5 45 97 53 54 36 
55 36 81 10 50 58 70 83 72 51 29 49 1 10 57 18 63 43 85 45 85 24 54 91 46 12 53 77 26 5 82 23 48 98 65 14 45 94 39 5 61 97 57 79 85 86 29 87 8 54 93 95 45 55 78 10 71 59 11 22 69 95 8 81 
48 3 2 26 56 75 75 37 25 87 67 62 34 12 97 46 22 3 62 19 51 13 63 1 77 91 54 48 78 22 11 95 56 28 34 61 22 78 26 81 94 1 49 13 37 81 43 69 94 38 26 91 70 5 45 48 18 92 93 8 83 71 32 32 
80 47 48 20 44 6 7 54 1 77 57 8 27 53 51 56 61 70 44 67 69 4 78 100 39 26 74 63 60 9 100 49 23 95 99 12 36 29 92 99 77 73 4 42 92 37 17 66 36 73 70 89 25 30 93 82 26 95 98 25 41 84 25 95 
97 76 8 12 37 21 29 100 46 49 61 75 47 65 57 37 84 28 31 99 6 67 11 87 7 6 58 2 73 66 55 91 73 46 52 74 22 25 1 5 37 27 26 47 1 15 5 24 29 83 2 42 69 2 61 81 56 23 72 71 86 80 11 41 
29 65 59 62 59 41 3 29 73 87 18 91 84 44 49 68 83 14 91 81 48 14 28 100 58 70 57 80 23 94 82 79 57 73 69 3 87 68 60 28 68 43 28 29 62 14 24 2 100 45 24 55 62 98 43 98 87 92 64 24 48 55 32 37 
76 39 31 31 22 46 24 97 72 69 19 41 40 44 11 53 98 71 49 51 99 26 91 48 71 21 80 56 59 84 52 55 26 95 17 10 18 95 8 50 67 20 30 40 52 34 16 2 46 86 95 71 66 89 67 57 19 46 10 49 76 27 16 21 
10 23 78 46 71 66 34 13 88 31 14 92 78 89 84 3 42 38 77 15 25 84 20 83 55 23 6 20 44 16 89 31 17 63 49 79 54 27 28 41 36 14 32 98 24 55 8 67 5 16 33 21 52 54 35 75 44 73 42 10 69 23 18 92 
40 72 62 35 64 44 50 7 73 77 23 22 74 95 100 2 31 12 57 100 48 47 68 92 88 55 18 59 14 97 9 19 64 27 87 82 24 1 57 55 72 35 3 33 79 37 38 89 62 50 84 37 76 44 60 37 33 97 70 93 63 54 40 24 
32 8 1 64 73 11 26 78 67 35 16 96 78 31 18 88 77 4 24 64 9 67 88 10 17 86 30 53 90 27 89 47 97 74 96 31 43 87 1 6 10 58 99 57 36 66 65 12 4 32 69 2 13 92 67 36 6 11 71 70 9 14 95 77 
8 68 63 57 17 63 58 66 22 41 89 73 82 18 20 8 64 73 74 32 7 79 96 41 53 71 4 61 93 92 22 91 25 75 92 97 65 42 28 84 61 24 29 67 23 27 16 39 39 71 84 90 16 22 59 2 38 80 63 22 98 90 41 21 
3 16 58 50 39 74 9 29 59 56 56 8 41 22 53 82 40 77 90 39 18 94 25 13 23 2 72 22 5 18 6 95 51 54 5 57 23 4 54 57 27 27 24 17 57 70 22 90 67 20 50 39 85 70 79 76 62 63 50 26 95 80 10 5 
13 80 97 74 31 84 5 68 46 18 82 26 29 42 81 6 50 19 99 10 77 94 23 53 33 76 69 90 46 35 86 37 42 37 96 12 52 35 95 56 37 65 8 23 57 13 30 78 78 91 45 21 43 63 64 93 80 11 17 85 38 17 64 37 
31 87 12 39 20 89 90 66 6 68 55 6 35 94 24 76 17 77 51 44 71 22 67 63 22 27 22 95 63 72 37 32 91 91 50 76 92 97 20 5 87 80 50 77 29 55 50 69 43 61 91 69 60 32 75 43 3 68 92 22 11 49 41 65 
68 12 2 41 89 48 63 6 43 53 36 71 82 62 8 38 53 77 73 69 11 68 99 26 94 12 95 84 47 51 62 31 23 72 14 59 55 81 55 12 41 81 16 16 96 29 27 30 82 70 23 16 51 46 95 75 16 7 82 21 78 72 68 69 
78 83 81 27 93 43 94 54 95 94 74 14 90 53 90 29 21 84 95 12 73 30 62 41 46 69 58 38 17 83 75 84 70 12 18 70 86 66 73 73 92 57 43 40 28 94 22 50 99 6 68 54 77 62 92 18 72 8 91 94 52 38 13 2 
73 93 23 16 93 16 51 67 19 94 59 90 17 26 56 100 50 53 2 27 80 9 47 51 12 77 76 83 61 76 49 6 65 20 78 2 100 1 29 47 74 98 98 15 41 91 28 96 27 21 44 51 28 5 42 62 39 85 52 100 44 69 50 73 
17 84 73 20 95 34 71 90 100 42 23 27 60 57 92 40 21 87 86 76 24 91 65 30 35 10 60 76 38 27 90 82 46 5 24 97 73 61 87 53 40 21 78 34 24 34 6 91 44 51 35 58 63 90 17 33 96 82 34 91 9 23 80 47 
32 29 62 73 72 66 82 22 96 9 9 35 12 74 86 41 78 100 41 64 88 28 54 59 81 77 97 74 91 83 81 88 33 7 88 31 54 49 77 34 54 93 87 18 82 59 74 92 13 63 80 91 4 99 70 55 38 93 83 98 79 65 31 46 
63 38 57 96 100 37 49 1 87 70 19 96 71 29 76 70 44 44 70 99 81 54 59 82 30 65 51 57 8 66 87 43 84 33 98 11 97 19 81 21 86 54 2 9 45 41 21 24 13 27 75 71 16 25 54 87 96 42 13 2 55 3 91 46 
5 22 9 6 85 47 48 59 37 58 10 96 7 54 46 39 93 8 53 44 69 18 88 40 7 34 79 16 50 46 26 75 25 96 30 3 65 23 13 33 80 60 17 32 49 71 96 28 40 27 15 7 94 35 56 15 9 98 59 70 97 92 22 72 
2 8 49 29 17 55 63 86 55 46 51 16 88 97 3 90 98 100 38 18 52 15 55 6 56 83 80 8 40 19 76 2 78 70 74 20 63 41 28 42 98 8 67 76 22 82 14 5 46 45 16 77 95 52 61 83 88 45 37 21 44 61 15 4 
79 85 18 26 86 14 31 71 33 90 22 33 96 35 50 1 26 53 2 9 62 13 21 39 10 74 85 7 16 63 72 54 23 1 16 97 29 33 10 32 77 3 13 72 52 18 83 47 89 53 13 55 93 38 78 97 28 21 90 17 50 28 45 79 
8 11 74 59 52 43 7 34 3 54 25 9 66 49 19 65 66 31 3 41 83 97 7 95 47 23 86 9 30 37 95 44 79 37 92 91 40 50 30 71 18 46 28 9 83 66 16 62 54 41 86 35 51 100 87 93 73 97 53 57 95 70 28 27 
78 31 75 10 43 84 34 74 83 77 59 13 54 58 84 53 5 38 57 41 15 74 74 85 70 22 51 36 73 10 31 30 48 99 38 86 9 41 69 21 72 71 25 89 28 16 34 27 1 31 61 17 75 52 6 22 33 12 8 51 6 80 2 45 
54 91 77 27 96 53 53 33 46 96 91 60 50 86 73 68 25 5 46 34 45 68 18 16 41 96 96 12 18 61 7 24 63 74 64 17 64 30 22 97 26 51 22 81 79 26 94 85 5 33 66 5 95 52 71 82 55 15 21 35 85 60 54 62 
94 88 38 25 70 55 16 34 83 86 33 64 5 80 61 82 98 11 6 79 56 62 27 88 59 13 27 12 25 63 46 28 79 28 59 3 95 41 18 28 55 51 2 53 71 58 41 68 65 28 30 14 12 65 88 32 41 60 71 12 89 69 69 36 
84 18 5 55 77 61 8 86 2 13 89 24 77 75 50 6 83 47 56 34 38 84 60 80 86 52 3 43 67 14 89 29 31 26 8 81 23 58 23 31 19 52 93 33 39 75 14 66 65 88 36 81 44 100 68 41 73 61 30 35 74 42 29 25 
90 34 62 51 27 39 95 60 53 88 54 64 39 30 40 34 44 58 23 85 95 22 8 56 76 20 79 71 34 60 33 45 14 24 75 27 48 46 14 65 14 94 92 42 30 37 53 50 7 92 39 51 47 100 45 91 1 4 39 15 17 87 34 14 
89 60 6 74 86 92 79 73 26 38 48 68 74 35 58 78 49 40 15 57 90 3 1 30 87 81 68 75 22 12 62 55 92 35 9 77 59 76 78 42 47 61 91 61 59 85 7 53 46 23 5 55 94 28 36 22 23 95 68 26 69 50 15 95 
88 40 57 50 36 96 78 56 33 55 56 88 73 39 93 46 29 95 89 85 82 97 87 11 26 97 97 49 84 73 10 27 24 75 50 34 18 94 10 52 85 36 53 52 69 79 40 62 90 55 89 72 80 21 41 81 69 90 92 56 4 90 20 54 
51 30 68 85 63 16 42 38 75 70 44 69 18 23 17 26 48 27 12 30 18 53 80 38 12 89 95 52 6 70 38 30 38 56 61 21 80 59 74 51 86 26 84 11 66 93 29 38 90 22 78 49 62 80 68 3 21 69 65 80 18 78 48 69 
65 41 11 2 98 95 41 70 47 2 80 20 57 70 76 43 97 98 98 17 36 35 60 64 73 7 45 42 66 6 94 63 90 16 88 81 56 43 52 16 1 25 81 50 89 26 58 98 53 38 44 33 93 52 61 32 98 39 53 55 18 100 88 12 
36 93 19 58 81 58 33 70 80 96 93 65 27 22 22 87 11 48 8 91 53 34 79 42 70 52 56 91 55 23 31 38 79 56 91 79 53 6 47 10 28 88 94 15 26 97 36 71 76 80 87 43 60 30 89 73 23 47 72 29 99 99 3 56 
14 99 64 7 6 27 14 93 96 55 70 2 26 31 70 73 47 3 52 64 88 4 25 64 12 19 18 13 9 19 42 36 70 64 21 70 51 32 97 37 8 55 76 95 85 34 64 68 94 58 49 88 67 44 3 47 30 23 31 99 87 33 87 92 
11 47 48 33 36 73 99 22 31 42 20 81 28 96 3 22 37 26 18 55 71 37 23 2 62 68 29 32 94 46 2 61 21 77 74 4 13 41 92 50 45 54 86 54 27 73 47 28 39 71 46 85 9 93 11 98 47 13 31 66 38 67 1 91 
52 25 15 76 66 49 100 41 11 92 90 49 52 52 29 30 18 65 35 50 7 19 10 92 57 70 38 46 3 43 57 89 3 82 13 99 66 51 9 33 88 73 8 84 90 92 28 93 11 21 83 5 47 68 42 25 90 34 15 9 74 21 70 27 
2 36 70 42 6 2 77 98 72 70 39 52 1 2 41 62 92 96 32 76 94 17 20 24 50 36 30 6 75 69 91 12 19 23 46 58 16 100 96 85 43 77 42 40 10 70 37 84 26 86 68 54 89 46 21 33 23 52 20 25 34 9 67 46 
94 42 52 5 100 86 40 31 49 97 57 80 17 72 97 21 43 48 21 5 32 78 73 56 6 8 10 53 6 48 26 13 22 78 71 87 94 73 87 12 58 13 17 74 1 69 65 94 45 67 51 19 21 64 18 8 36 55 74 63 46 39 22 74 
96 76 98 49 36 37 87 99 65 95 11 95 96 72 29 52 39 11 45 67 56 90 63 75 37 21 86 9 32 16 44 3 76 26 76 13 42 46 84 65 46 36 24 11 55 53 14 4 93 1 90 95 2 88 61 56 55 84 29 94 37 80 31 15 
76 11 94 15 38 100 59 36 53 96 96 18 20 42 61 8 16 35 68 35 81 3 22 25 38 96 95 55 28 57 94 36 56 9 59 90 35 5 51 4 16 68 39 83 70 36 68 71 39 25 35 4 32 24 59 87 8 88 22 97 10 44 8 62 
0.0 1.0 2.0 3.0 4.0 5.0 6.0 7.0 8.0 9.0 10.0 11.0 12.0 13.0 14.0 15.0 16.0 17.0 18.0 19.0 20.0 21.0 22.0 23.0 24.0 25.0 26.0 27.0 28.0 29.0 30.0 31.0 32.0 31.0 30.0 29.0 28.0 27.0 26.0 25.0 24.0 23.0 22.0 21.0 20.0 19.0 18.0 17.0 16.0 15.0 14.0 13.0 12.0 11.0 10.0 9.0 8.0 7.0 6.0 5.0 4.0 3.0 2.0 1.0 
1.0 0.0 1.0 2.0 3.0 4.0 5.0 6.0 7.0 8.0 9.0 10.0 11.0 12.0 13.0 14.0 15.0 16.0 17.0 18.0 19.0 20.0 21.0 22.0 23.0 24.0 25.0 26.0 27.0 28.0 29.0 30.0 31.0 32.0 31.0 30.0 29.0 28.0 27.0 26.0 25.0 24.0 23.0 22.0 21.0 20.0 19.0 18.0 17.0 16.0 15.0 14.0 13.0 12.0 11.0 10.0 9.0 8.0 7.0 6.0 5.0 4.0 3.0 2.0 
2.0 1.0 0.0 1.0 2.0 3.0 4.0 5.0 6.0 7.0 8.0 9.0 10.0 11.0 12.0 13.0 14.0 15.0 16.0 17.0 18.0 19.0 20.0 21.0 22.0 23.0 24.0 25.0 26.0 27.0 28.0 29.0 30.0 31.0 32.0 31.0 30.0 29.0 28.0 27.0 26.0 25.0 24.0 23.0 22.0 21.0 20.0 19.0 18.0 17.0 16.0 15.0 14.0 13.0 12.0 11.0 10.0 9.0 8.0 7.0 6.0 5.0 4.0 3.0 
3.0 2.0 1.0 0.0 1.0 2.0 3.0 4.0 5.0 6.0 7.0 8.0 9.0 10.0 11.0 12.0 13.0 14.0 15.0 16.0 17.0 18.0 19.0 20.0 21.0 22.0 23.0 24.0 25.0 26.0 27.0 28.0 29.0 30.0 31.0 32.0 31.0 30.0 29.0 28.0 27.0 26.0 25.0 24.0 23.0 22.0 21.0 20.0 19.0 18.0 17.0 16.0 15.0 14.0 13.0 12.0 11.0 10.0 9.0 8.0 7.0 6.0 5.0 4.0 
4.0 3.0 2.0 1.0 0.0 1.0 2.0 3.0 4.0 5.0 6.0 7.0 8.0 9.0 10.0 11.0 12.0 13.0 14.0 15.0 16.0 17.0 18.0 19.0 20.0 21.0 22.0 23.0 24.0 25.0 26.0 27.0 28.0 29.0 30.0 31.0 32.0 31.0 30.0 29.0 28.0 27.0 26.0 25.0 24.0 23.0 22.0 21.0 20.0 19.0 18.0 17.0 16.0 15.0 14.0 13.0 12.0 11.0 10.0 9.0 8.0 7.0 6.0 5.0 
5.0 4.0 3.0 2.0 1.0 0.0 1.0 2.0 3.0 4.0 5.0 6.0 7.0 8.0 9.0 10.0 11.0 12.0 13.0 14.0 15.0 16.0 17.0 18.0 19.0 20.0 21.0 22.0 23.0 24.0 25.0 26.0 27.0 28.0 29.0 30.0 31.0 32.0 31.0 30.0 29.0 28.0 27.0 26.0 25.0 24.0 23.0 22.0 21.0 20.0 19.0 18.0 17.0 16.0 15.0 14.0 13.0 12.0 11.0 10.0 9.0 8.0 7.0 6.0 
6.0 5.0 4.0 3.0 2.0 1.0 0.0 1.0 2.0 3.0 4.0 5.0 6.0 7.0 8.0 9.0 10.0 11.0 12.0 13.0 14.0 15.0 16.0 17.0 18.0 19.0 20.0 21.0 22.0 23.0 24.0 25.0 26.0 27.0 28.0 29.0 30.0 31.0 32.0 31.0 30.0 29.0 28.0 27.0 26.0 25.0 24.0 23.0 22.0 21.0 20.0 19.0 18.0 17.0 16.0 15.0 14.0 13.0 12.0 11.0 10.0 9.0 8.0 7.0 
7.0 6.0 5.0 4.0 3.0 2.0 1.0 0.0 1.0 2.0 3.0 4.0 5.0 6.0 7.0 8.0 9.0 10.0 11.0 12.0 13.0 14.0 15.0 16.0 17.0 18.0 19.0 20.0 21.0 22.0 23.0 24.0 25.0 26.0 27.0 28.0 29.0 30.0 31.0 32.0 31.0 30.0 29.0 28.0 27.0 26.0 25.0 24.0 23.0 22.0 21.0 20.0 19.0 18.0 17.0 16.0 15.0 14.0 13.0 12.0 11.0 10.0 9.0 8.0 
8.0 7.0 6.0 5.0 4.0 3.0 2.0 1.0 0.0 1.0 2.0 3.0 4.0 5.0 6.0 7.0 8.0 9.0 10.0 11.0 12.0 13.0 14.0 15.0 16.0 17.0 18.0 19.0 20.0 21.0 22.0 23.0 24.0 25.0 26.0 27.0 28.0 29.0 30.0 31.0 32.0 31.0 30.0 29.0 28.0 27.0 26.0 25.0 24.0 23.0 22.0 21.0 20.0 19.0 18.0 17.0 16.0 15.0 14.0 13.0 12.0 11.0 10.0 9.0 
9.0 8.0 7.0 6.0 5.0 4.0 3.0 2.0 1.0 0.0 1.0 2.0 3.0 4.0 5.0 6.0 7.0 8.0 9.0 10.0 11.0 12.0 13.0 14.0 15.0 16.0 17.0 18.0 19.0 20.0 21.0 22.0 23.0 24.0 25.0 26.0 27.0 28.0 29.0 30.0 31.0 32.0 31.0 30.0 29.0 28.0 27.0 26.0 25.0 24.0 23.0 22.0 21.0 20.0 19.0 18.0 17.0 16.0 15.0 14.0 13.0 12.0 11.0 10.0 
10.0 9.0 8.0 7.0 6.0 5.0 4.0 3.0 2.0 1.0 0.0 1.0 2.0 3.0 4.0 5.0 6.0 7.0 8.0 9.0 10.0 11.0 12.0 13.0 14.0 15.0 16.0 17.0 18.0 19.0 20.0 21.0 22.0 23.0 24.0 25.0 26.0 27.0 28.0 29.0 30.0 31.0 32.0 31.0 30.0 29.0 28.0 27.0 26.0 25.0 24.0 23.0 22.0 21.0 20.0 19.0 18.0 17.0 16.0 15.0 14.0 13.0 12.0 11.0 
11.0 10.0 9.0 8.0 7.0 6.0 5.0 4.0 3.0 2.0 1.0 0.0 1.0 2.0 3.0 4.0 5.0 6.0 7.0 8.0 9.0 10.0 11.0 12.0 13.0 14.0 15.0 16.0 17.0 18.0 19.0 20.0 21.0 22.0 23.0 24.0 25.0 26.0 27.0 28.0 29.0 30.0 31.0 32.0 31.0 30.0 29.0 28.0 27.0 26.0 25.0 24.0 23.0 22.0 21.0 20.0 19.0 18.0 17.0 16.0 15.0 14.0 13.0 12.0 
12.0 11.0 10.0 9.0 8.0 7.0 6.0 5.0 4.0 3.0 2.0 1.0 0.0 1.0 2.0 3.0 4.0 5.0 6.0 7.0 8.0 9.0 10.0 11.0 12.0 13.0 14.0 15.0 16.0 17.0 18.0 19.0 20.0 21.0 22.0 23.0 24.0 25.0 26.0 27.0 28.0 29.0 30.0 31.0 32.0 31.0 30.0 29.0 28.0 27.0 26.0 25.0 24.0 23.0 22.0 21.0 20.0 19.0 18.0 17.0 16.0 15.0 14.0 13.0 
13.0 12.0 11.0 10.0 9.0 8.0 7.0 6.0 5.0 4.0 3.0 2.0 1.0 0.0 1.0 2.0 3.0 4.0 5.0 6.0 7.0 8.0 9.0 10.0 11.0 12.0 13.0 14.0 15.0 16.0 17.0 18.0 19.0 20.0 21.0 22.0 23.0 24.0 25.0 26.0 27.0 28.0 29.0 30.0 31.0 32.0 31.0 30.0 29.0 28.0 27.0 26.0 25.0 24.0 23.0 22.0 21.0 20.0 19.0 18.0 17.0 16.0 15.0 14.0 
14.0 13.0 12.0 11.0 10.0 9.0 8.0 7.0 6.0 5.0 4.0 3.0 2.0 1.0 0.0 1.0 2.0 3.0 4.0 5.0 6.0 7.0 8.0 9.0 10.0 11.0 12.0 13.0 14.0 15.0 16.0 17.0 18.0 19.0 20.0 21.0 22.0 23.0 24.0 25.0 26.0 27.0 28.0 29.0 30.0 31.0 32.0 31.0 30.0 29.0 28.0 27.0 26.0 25.0 24.0 23.0 22.0 21.0 20.0 19.0 18.0 17.0 16.0 15.0 
15.0 14.0 13.0 12.0 11.0 10.0 9.0 8.0 7.0 6.0 5.0 4.0 3.0 2.0 1.0 0.0 1.0 2.0 3.0 4.0 5.0 6.0 7.0 8.0 9.0 10.0 11.0 12.0 13.0 14.0 15.0 16.0 17.0 18.0 19.0 20.0 21.0 22.0 23.0 24.0 25.0 26.0 27.0 28.0 29.0 30.0 31.0 32.0 31.0 30.0 29.0 28.0 27.0 26.0 25.0 24.0 23.0 22.0 21.0 20.0 19.0 18.0 17.0 16.0 
16.0 15.0 14.0 13.0 12.0 11.0 10.0 9.0 8.0 7.0 6.0 5.0 4.0 3.0 2.0 1.0 0.0 1.0 2.0 3.0 4.0 5.0 6.0 7.0 8.0 9.0 10.0 11.0 12.0 13.0 14.0 15.0 16.0 17.0 18.0 19.0 20.0 21.0 22.0 23.0 24.0 25.0 26.0 27.0 28.0 29.0 30.0 31.0 32.0 31.0 30.0 29.0 28.0 27.0 26.0 25.0 24.0 23.0 22.0 21.0 20.0 19.0 18.0 17.0 
17.0 16.0 15.0 14.0 13.0 12.0 11.0 10.0 9.0 8.0 7.0 6.0 5.0 4.0 3.0 2.0 1.0 0.0 1.0 2.0 3.0 4.0 5.0 6.0 7.0 8.0 9.0 10.0 11.0 12.0 13.0 14.0 15.0 16.0 17.0 18.0 19.0 20.0 21.0 22.0 23.0 24.0 25.0 26.0 27.0 28.0 29.0 30.0 31.0 32.0 31.0 30.0 29.0 28.0 27.0 26.0 25.0 24.0 23.0 22.0 21.0 20.0 19.0 18.0 
18.0 17.0 16.0 15.0 14.0 13.0 12.0 11.0 10.0 9.0 8.0 7.0 6.0 5.0 4.0 3.0 2.0 1.0 0.0 1.0 2.0 3.0 4.0 5.0 6.0 7.0 8.0 9.0 10.0 11.0 12.0 13.0 14.0 15.0 16.0 17.0 18.0 19.0 20.0 21.0 22.0 23.0 24.0 25.0 26.0 27.0 28.0 29.0 30.0 31.0 32.0 31.0 30.0 29.0 28.0 27.0 26.0 25.0 24.0 23.0 22.0 21.0 20.0 19.0 
19.0 18.0 17.0 16.0 15.0 14.0 13.0 12.0 11.0 10.0 9.0 8.0 7.0 6.0 5.0 4.0 3.0 2.0 1.0 0.0 1.0 2.0 3.0 4.0 5.0 6.0 7.0 8.0 9.0 10.0 11.0 12.0 13.0 14.0 15.0 16.0 17.0 18.0 19.0 20.0 21.0 22.0 23.0 24.0 25.0 26.0 27.0 28.0 29.0 30.0 31.0 32.0 31.0 30.0 29.0 28.0 27.0 26.0 25.0 24.0 23.0 22.0 21.0 20.0 
20.0 19.0 18.0 17.0 16.0 15.0 14.0 13.0 12.0 11.0 10.0 9.0 8.0 7.0 6.0 5.0 4.0 3.0 2.0 1.0 0.0 1.0 2.0 3.0 4.0 5.0 6.0 7.0 8.0 9.0 10.0 11.0 12.0 13.0 14.0 15.0 16.0 17.0 18.0 19.0 20.0 21.0 22.0 23.0 24.0 25.0 26.0 27.0 28.0 29.0 30.0 31.0 32.0 31.0 30.0 29.0 28.0 27.0 26.0 25.0 24.0 23.0 22.0 21.0 
21.0 20.0 19.0 18.0 17.0 16.0 15.0 14.0 13.0 12.0 11.0 10.0 9.0 8.0 7.0 6.0 5.0 4.0 3.0 2.0 1.0 0.0 1.0 2.0 3.0 4.0 5.0 6.0 7.0 8.0 9.0 10.0 11.0 12.0 13.0 14.0 15.0 16.0 17.0 18.0 19.0 20.0 21.0 22.0 23.0 24.0 25.0 26.0 27.0 28.0 29.0 30.0 31.0 32.0 31.0 30.0 29.0 28.0 27.0 26.0 25.0 24.0 23.0 22.0 
22.0 21.0 20.0 19.0 18.0 17.0 16.0 15.0 14.0 13.0 12.0 11.0 10.0 9.0 8.0 7.0 6.0 5.0 4.0 3.0 2.0 1.0 0.0 1.0 2.0 3.0 4.0 5.0 6.0 7.0 8.0 9.0 10.0 11.0 12.0 13.0 14.0 15.0 16.0 17.0 18.0 19.0 20.0 21.0 22.0 23.0 24.0 25.0 26.0 27.0 28.0 29.0 30.0 31.0 32.0 31.0 30.0 29.0 28.0 27.0 26.0 25.0 24.0 23.0 
23.0 22.0 21.0 20.0 19.0 18.0 17.0 16.0 15.0 14.0 13.0 12.0 11.0 10.0 9.0 8.0 7.0 6.0 5.0 4.0 3.0 2.0 1.0 0.0 1.0 2.0 3.0 4.0 5.0 6.0 7.0 8.0 9.0 10.0 11.0 12.0 13.0 14.0 15.0 16.0 17.0 18.0 19.0 20.0 21.0 22.0 23.0 24.0 25.0 26.0 27.0 28.0 29.0 30.0 31.0 32.0 31.0 30.0 29.0 28.0 27.0 26.0 25.0 24.0 
24.0 23.0 22.0 21.0 20.0 19.0 18.0 17.0 16.0 15.0 14.0 13.0 12.0 11.0 10.0 9.0 8.0 7.0 6.0 5.0 4.0 3.0 2.0 1.0 0.0 1.0 2.0 3.0 4.0 5.0 6.0 7.0 8.0 9.0 10.0 11.0 12.0 13.0 14.0 15.0 16.0 17.0 18.0 19.0 20.0 21.0 22.0 23.0 24.0 25.0 26.0 27.0 28.0 29.0 30.0 31.0 32.0 31.0 30.0 29.0 28.0 27.0 26.0 25.0 
25.0 24.0 23.0 22.0 21.0 20.0 19.0 18.0 17.0 16.0 15.0 14.0 13.0 12.0 11.0 10.0 9.0 8.0 7.0 6.0 5.0 4.0 3.0 2.0 1.0 0.0 1.0 2.0 3.0 4.0 5.0 6.0 7.0 8.0 9.0 10.0 11.0 12.0 13.0 14.0 15.0 16.0 17.0 18.0 19.0 20.0 21.0 22.0 23.0 24.0 25.0 26.0 27.0 28.0 29.0 30.0 31.0 32.0 31.0 30.0 29.0 28.0 27.0 26.0 
26.0 25.0 24.0 23.0 22.0 21.0 20.0 19.0 18.0 17.0 16.0 15.0 14.0 13.0 12.0 11.0 10.0 9.0 8.0 7.0 6.0 5.0 4.0 3.0 2.0 1.0 0.0 1.0 2.0 3.0 4.0 5.0 6.0 7.0 8.0 9.0 10.0 11.0 12.0 13.0 14.0 15.0 16.0 17.0 18.0 19.0 20.0 21.0 22.0 23.0 24.0 25.0 26.0 27.0 28.0 29.0 30.0 31.0 32.0 31.0 30.0 29.0 28.0 27.0 
27.0 26.0 25.0 24.0 23.0 22.0 21.0 20.0 19.0 18.0 17.0 16.0 15.0 14.0 13.0 12.0 11.0 10.0 9.0 8.0 7.0 6.0 5.0 4.0 3.0 2.0 1.0 0.0 1.0 2.0 3.0 4.0 5.0 6.0 7.0 8.0 9.0 10.0 11.0 12.0 13.0 14.0 15.0 16.0 17.0 18.0 19.0 20.0 21.0 22.0 23.0 24.0 25.0 26.0 27.0 28.0 29.0 30.0 31.0 32.0 31.0 30.0 29.0 28.0 
28.0 27.0 26.0 25.0 24.0 23.0 22.0 21.0 20.0 19.0 18.0 17.0 16.0 15.0 14.0 13.0 12.0 11.0 10.0 9.0 8.0 7.0 6.0 5.0 4.0 3.0 2.0 1.0 0.0 1.0 2.0 3.0 4.0 5.0 6.0 7.0 8.0 9.0 10.0 11.0 12.0 13.0 14.0 15.0 16.0 17.0 18.0 19.0 20.0 21.0 22.0 23.0 24.0 25.0 26.0 27.0 28.0 29.0 30.0 31.0 32.0 31.0 30.0 29.0 
29.0 28.0 27.0 26.0 25.0 24.0 23.0 22.0 21.0 20.0 19.0 18.0 17.0 16.0 15.0 14.0 13.0 12.0 11.0 10.0 9.0 8.0 7.0 6.0 5.0 4.0 3.0 2.0 1.0 0.0 1.0 2.0 3.0 4.0 5.0 6.0 7.0 8.0 9.0 10.0 11.0 12.0 13.0 14.0 15.0 16.0 17.0 18.0 19.0 20.0 21.0 22.0 23.0 24.0 25.0 26.0 27.0 28.0 29.0 30.0 31.0 32.0 31.0 30.0 
30.0 29.0 28.0 27.0 26.0 25.0 24.0 23.0 22.0 21.0 20.0 19.0 18.0 17.0 16.0 15.0 14.0 13.0 12.0 11.0 10.0 9.0 8.0 7.0 6.0 5.0 4.0 3.0 2.0 1.0 0.0 1.0 2.0 3.0 4.0 5.0 6.0 7.0 8.0 9.0 10.0 11.0 12.0 13.0 14.0 15.0 16.0 17.0 18.0 19.0 20.0 21.0 22.0 23.0 24.0 25.0 26.0 27.0 28.0 29.0 30.0 31.0 32.0 31.0 
31.0 30.0 29.0 28.0 27.0 26.0 25.0 24.0 23.0 22.0 21.0 20.0 19.0 18.0 17.0 16.0 15.0 14.0 13.0 12.0 11.0 10.0 9.0 8.0 7.0 6.0 5.0 4.0 3.0 2.0 1.0 0.0 1.0 2.0 3.0 4.0 5.0 6.0 7.0 8.0 9.0 10.0 11.0 12.0 13.0 14.0 15.0 16.0 17.0 18.0 19.0 20.0 21.0 22.0 23.0 24.0 25.0 26.0 27.0 28.0 29.0 30.0 31.0 32.0 
32.0 31.0 30.0 29.0 28.0 27.0 26.0 25.0 24.0 23.0 22.0 21.0 20.0 19.0 18.0 17.0 16.0 15.0 14.0 13.0 12.0 11.0 10.0 9.0 8.0 7.0 6.0 5.0 4.0 3.0 2.0 1.0 0.0 1.0 2.0 3.0 4.0 5.0 6.0 7.0 8.0 9.0 10.0 11.0 12.0 13.0 14.0 15.0 16.0 17.0 18.0 19.0 20.0 21.0 22.0 23.0 24.0 25.0 26.0 27.0 28.0 29.0 30.0 31.0 
31.0 32.0 31.0 30.0 29.0 28.0 27.0 26.0 25.0 24.0 23.0 22.0 21.0 20.0 19.0 18.0 17.0 16.0 15.0 14.0 13.0 12.0 11.0 10.0 9.0 8.0 7.0 6.0 5.0 4.0 3.0 2.0 1.0 0.0 1.0 2.0 3.0 4.0 5.0 6.0 7.0 8.0 9.0 10.0 11.0 12.0 13.0 14.0 15.0 16.0 17.0 18.0 19.0 20.0 21.0 22.0 23.0 24.0 25.0 26.0 27.0 28.0 29.0 30.0 
30.0 31.0 32.0 31.0 30.0 29.0 28.0 27.0 26.0 25.0 24.0 23.0 22.0 21.0 20.0 19.0 18.0 17.0 16.0 15.0 14.0 13.0 12.0 11.0 10.0 9.0 8.0 7.0 6.0 5.0 4.0 3.0 2.0 1.0 0.0 1.0 2.0 3.0 4.0 5.0 6.0 7.0 8.0 9.0 10.0 11.0 12.0 13.0 14.0 15.0 16.0 17.0 18.0 19.0 20.0 21.0 22.0 23.0 24.0 25.0 26.0 27.0 28.0 29.0 
29.0 30.0 31.0 32.0 31.0 30.0 29.0 28.0 27.0 26.0 25.0 24.0 23.0 22.0 21.0 20.0 19.0 18.0 17.0 16.0 15.0 14.0 13.0 12.0 11.0 10.0 9.0 8.0 7.0 6.0 5.0 4.0 3.0 2.0 1.0 0.0 1.0 2.0 3.0 4.0 5.0 6.0 7.0 8.0 9.0 10.0 11.0 12.0 13.0 14.0 15.0 16.0 17.0 18.0 19.0 20.0 21.0 22.0 23.0 24.0 25.0 26.0 27.0 28.0 
28.0 29.0 30.0 31.0 32.0 31.0 30.0 29.0 28.0 27.0 26.0 25.0 24.0 23.0 22.0 21.0 20.0 19.0 18.0 17.0 16.0 15.0 14.0 13.0 12.0 11.0 10.0 9.0 8.0 7.0 6.0 5.0 4.0 3.0 2.0 1.0 0.0 1.0 2.0 3.0 4.0 5.0 6.0 7.0 8.0 9.0 10.0 11.0 12.0 13.0 14.0 15.0 16.0 17.0 18.0 19.0 20.0 21.0 22.0 23.0 24.0 25.0 26.0 27.0 
27.0 28.0 29.0 30.0 31.0 32.0 31.0 30.0 29.0 28.0 27.0 26.0 25.0 24.0 23.0 22.0 21.0 20.0 19.0 18.0 17.0 16.0 15.0 14.0 13.0 12.0 11.0 10.0 9.0 8.0 7.0 6.0 5.0 4.0 3.0 2.0 1.0 0.0 1.0 2.0 3.0 4.0 5.0 6.0 7.0 8.0 9.0 10.0 11.0 12.0 13.0 14.0 15.0 16.0 17.0 18.0 19.0 20.0 21.0 22.0 23.0 24.0 25.0 26.0 
26.0 27.0 28.0 29.0 30.0 31.0 32.0 31.0 30.0 29.0 28.0 27.0 26.0 25.0 24.0 23.0 22.0 21.0 20.0 19.0 18.0 17.0 16.0 15.0 14.0 13.0 12.0 11.0 10.0 9.0 8.0 7.0 6.0 5.0 4.0 3.0 2.0 1.0 0.0 1.0 2.0 3.0 4.0 5.0 6.0 7.0 8.0 9.0 10.0 11.0 12.0 13.0 14.0 15.0 16.0 17.0 18.0 19.0 20.0 21.0 22.0 23.0 24.0 25.0 
25.0 26.0 27.0 28.0 29.0 30.0 31.0 32.0 31.0 30.0 29.0 28.0 27.0 26.0 25.0 24.0 23.0 22.0 21.0 20.0 19.0 18.0 17.0 16.0 15.0 14.0 13.0 12.0 11.0 10.0 9.0 8.0 7.0 6.0 5.0 4.0 3.0 2.0 1.0 0.0 1.0 2.0 3.0 4.0 5.0 6.0 7.0 8.0 9.0 10.0 11.0 12.0 13.0 14.0 15.0 16.0 17.0 18.0 19.0 20.0 21.0 22.0 23.0 24.0 
24.0 25.0 26.0 27.0 28.0 29.0 30.0 31.0 32.0 31.0 30.0 29.0 28.0 27.0 26.0 25.0 24.0 23.0 22.0 21.0 20.0 19.0 18.0 17.0 16.0 15.0 14.0 13.0 12.0 11.0 10.0 9.0 8.0 7.0 6.0 5.0 4.0 3.0 2.0 1.0 0.0 1.0 2.0 3.0 4.0 5.0 6.0 7.0 8.0 9.0 10.0 11.0 12.0 13.0 14.0 15.0 16.0 17.0 18.0 19.0 20.0 21.0 22.0 23.0 
23.0 24.0 25.0 26.0 27.0 28.0 29.0 30.0 31.0 32.0 31.0 30.0 29.0 28.0 27.0 26.0 25.0 24.0 23.0 22.0 21.0 20.0 19.0 18.0 17.0 16.0 15.0 14.0 13.0 12.0 11.0 10.0 9.0 8.0 7.0 6.0 5.0 4.0 3.0 2.0 1.0 0.0 1.0 2.0 3.0 4.0 5.0 6.0 7.0 8.0 9.0 10.0 11.0 12.0 13.0 14.0 15.0 16.0 17.0 18.0 19.0 20.0 21.0 22.0 
22.0 23.0 24.0 25.0 26.0 27.0 28.0 29.0 30.0 31.0 32.0 31.0 30.0 29.0 28.0 27.0 26.0 25.0 24.0 23.0 22.0 21.0 20.0 19.0 18.0 17.0 16.0 15.0 14.0 13.0 12.0 11.0 10.0 9.0 8.0 7.0 6.0 5.0 4.0 3.0 2.0 1.0 0.0 1.0 2.0 3.0 4.0 5.0 6.0 7.0 8.0 9.0 10.0 11.0 12.0 13.0 14.0 15.0 16.0 17.0 18.0 19.0 20.0 21.0 
21.0 22.0 23.0 24.0 25.0 26.0 27.0 28.0 29.0 30.0 31.0 32.0 31.0 30.0 29.0 28.0 27.0 26.0 25.0 24.0 23.0 22.0 21.0 20.0 19.0 18.0 17.0 16.0 15.0 14.0 13.0 12.0 11.0 10.0 9.0 8.0 7.0 6.0 5.0 4.0 3.0 2.0 1.0 0.0 1.0 2.0 3.0 4.0 5.0 6.0 7.0 8.0 9.0 10.0 11.0 12.0 13.0 14.0 15.0 16.0 17.0 18.0 19.0 20.0 
20.0 21.0 22.0 23.0 24.0 25.0 26.0 27.0 28.0 29.0 30.0 31.0 32.0 31.0 30.0 29.0 28.0 27.0 26.0 25.0 24.0 23.0 22.0 21.0 20.0 19.0 18.0 17.0 16.0 15.0 14.0 13.0 12.0 11.0 10.0 9.0 8.0 7.0 6.0 5.0 4.0 3.0 2.0 1.0 0.0 1.0 2.0 3.0 4.0 5.0 6.0 7.0 8.0 9.0 10.0 11.0 12.0 13.0 14.0 15.0 16.0 17.0 18.0 19.0 
19.0 20.0 21.0 22.0 23.0 24.0 25.0 26.0 27.0 28.0 29.0 30.0 31.0 32.0 31.0 30.0 29.0 28.0 27.0 26.0 25.0 24.0 23.0 22.0 21.0 20.0 19.0 18.0 17.0 16.0 15.0 14.0 13.0 12.0 11.0 10.0 9.0 8.0 7.0 6.0 5.0 4.0 3.0 2.0 1.0 0.0 1.0 2.0 3.0 4.0 5.0 6.0 7.0 8.0 9.0 10.0 11.0 12.0 13.0 14.0 15.0 16.0 17.0 18.0 
18.0 19.0 20.0 21.0 22.0 23.0 24.0 25.0 26.0 27.0 28.0 29.0 30.0 31.0 32.0 31.0 30.0 29.0 28.0 27.0 26.0 25.0 24.0 23.0 22.0 21.0 20.0 19.0 18.0 17.0 16.0 15.0 14.0 13.0 12.0 11.0 10.0 9.0 8.0 7.0 6.0 5.0 4.0 3.0 2.0 1.0 0.0 1.0 2.0 3.0 4.0 5.0 6.0 7.0 8.0 9.0 10.0 11.0 12.0 13.0 14.0 15.0 16.0 17.0 
17.0 18.0 19.0 20.0 21.0 22.0 23.0 24.0 25.0 26.0 27.0 28.0 29.0 30.0 31.0 32.0 31.0 30.0 29.0 28.0 27.0 26.0 25.0 24.0 23.0 22.0 21.0 20.0 19.0 18.0 17.0 16.0 15.0 14.0 13.0 12.0 11.0 10.0 9.0 8.0 7.0 6.0 5.0 4.0 3.0 2.0 1.0 0.0 1.0 2.0 3.0 4.0 5.0 6.0 7.0 8.0 9.0 10.0 11.0 12.0 13.0 14.0 15.0 16.0 
16.0 17.0 18.0 19.0 20.0 21.0 22.0 23.0 24.0 25.0 26.0 27.0 28.0 29.0 30.0 31.0 32.0 31.0 30.0 29.0 28.0 27.0 26.0 25.0 24.0 23.0 22.0 21.0 20.0 19.0 18.0 17.0 16.0 15.0 14.0 13.0 12.0 11.0 10.0 9.0 8.0 7.0 6.0 5.0 4.0 3.0 2.0 1.0 0.0 1.0 2.0 3.0 4.0 5.0 6.0 7.0 8.0 9.0 10.0 11.0 12.0 13.0 14.0 15.0 
15.0 16.0 17.0 18.0 19.0 20.0 21.0 22.0 23.0 24.0 25.0 26.0 27.0 28.0 29.0 30.0 31.0 32.0 31.0 30.0 29.0 28.0 27.0 26.0 25.0 24.0 23.0 22.0 21.0 20.0 19.0 18.0 17.0 16.0 15.0 14.0 13.0 12.0 11.0 10.0 9.0 8.0 7.0 6.0 5.0 4.0 3.0 2.0 1.0 0.0 1.0 2.0 3.0 4.0 5.0 6.0 7.0 8.0 9.0 10.0 11.0 12.0 13.0 14.0 
14.0 15.0 16.0 17.0 18.0 19.0 20.0 21.0 22.0 23.0 24.0 25.0 26.0 27.0 28.0 29.0 30.0 31.0 32.0 31.0 30.0 29.0 28.0 27.0 26.0 25.0 24.0 23.0 22.0 21.0 20.0 19.0 18.0 17.0 16.0 15.0 14.0 13.0 12.0 11.0 10.0 9.0 8.0 7.0 6.0 5.0 4.0 3.0 2.0 1.0 0.0 1.0 2.0 3.0 4.0 5.0 6.0 7.0 8.0 9.0 10.0 11.0 12.0 13.0 
13.0 14.0 15.0 16.0 17.0 18.0 19.0 20.0 21.0 22.0 23.0 24.0 25.0 26.0 27.0 28.0 29.0 30.0 31.0 32.0 31.0 30.0 29.0 28.0 27.0 26.0 25.0 24.0 23.0 22.0 21.0 20.0 19.0 18.0 17.0 16.0 15.0 14.0 13.0 12.0 11.0 10.0 9.0 8.0 7.0 6.0 5.0 4.0 3.0 2.0 1.0 0.0 1.0 2.0 3.0 4.0 5.0 6.0 7.0 8.0 9.0 10.0 11.0 12.0 
12.0 13.0 14.0 15.0 16.0 17.0 18.0 19.0 20.0 21.0 22.0 23.0 24.0 25.0 26.0 27.0 28.0 29.0 30.0 31.0 32.0 31.0 30.0 29.0 28.0 27.0 26.0 25.0 24.0 23.0 22.0 21.0 20.0 19.0 18.0 17.0 16.0 15.0 14.0 13.0 12.0 11.0 10.0 9.0 8.0 7.0 6.0 5.0 4.0 3.0 2.0 1.0 0.0 1.0 2.0 3.0 4.0 5.0 6.0 7.0 8.0 9.0 10.0 11.0 
11.0 12.0 13.0 14.0 15.0 16.0 17.0 18.0 19.0 20.0 21.0 22.0 23.0 24.0 25.0 26.0 27.0 28.0 29.0 30.0 31.0 32.0 31.0 30.0 29.0 28.0 27.0 26.0 25.0 24.0 23.0 22.0 21.0 20.0 19.0 18.0 17.0 16.0 15.0 14.0 13.0 12.0 11.0 10.0 9.0 8.0 7.0 6.0 5.0 4.0 3.0 2.0 1.0 0.0 1.0 2.0 3.0 4.0 5.0 6.0 7.0 8.0 9.0 10.0 
10.0 11.0 12.0 13.0 14.0 15.0 16.0 17.0 18.0 19.0 20.0 21.0 22.0 23.0 24.0 25.0 26.0 27.0 28.0 29.0 30.0 31.0 32.0 31.0 30.0 29.0 28.0 27.0 26.0 25.0 24.0 23.0 22.0 21.0 20.0 19.0 18.0 17.0 16.0 15.0 14.0 13.0 12.0 11.0 10.0 9.0 8.0 7.0 6.0 5.0 4.0 3.0 2.0 1.0 0.0 1.0 2.0 3.0 4.0 5.0 6.0 7.0 8.0 9.0 
9.0 10.0 11.0 12.0 13.0 14.0 15.0 16.0 17.0 18.0 19.0 20.0 21.0 22.0 23.0 24.0 25.0 26.0 27.0 28.0 29.0 30.0 31.0 32.0 31.0 30.0 29.0 28.0 27.0 26.0 25.0 24.0 23.0 22.0 21.0 20.0 19.0 18.0 17.0 16.0 15.0 14.0 13.0 12.0 11.0 10.0 9.0 8.0 7.0 6.0 5.0 4.0 3.0 2.0 1.0 0.0 1.0 2.0 3.0 4.0 5.0 6.0 7.0 8.0 
8.0 9.0 10.0 11.0 12.0 13.0 14.0 15.0 16.0 17.0 18.0 19.0 20.0 21.0 22.0 23.0 24.0 25.0 26.0 27.0 28.0 29.0 30.0 31.0 32.0 31.0 30.0 29.0 28.0 27.0 26.0 25.0 24.0 23.0 22.0 21.0 20.0 19.0 18.0 17.0 16.0 15.0 14.0 13.0 12.0 11.0 10.0 9.0 8.0 7.0 6.0 5.0 4.0 3.0 2.0 1.0 0.0 1.0 2.0 3.0 4.0 5.0 6.0 7.0 
7.0 8.0 9.0 10.0 11.0 12.0 13.0 14.0 15.0 16.0 17.0 18.0 19.0 20.0 21.0 22.0 23.0 24.0 25.0 26.0 27.0 28.0 29.0 30.0 31.0 32.0 31.0 30.0 29.0 28.0 27.0 26.0 25.0 24.0 23.0 22.0 21.0 20.0 19.0 18.0 17.0 16.0 15.0 14.0 13.0 12.0 11.0 10.0 9.0 8.0 7.0 6.0 5.0 4.0 3.0 2.0 1.0 0.0 1.0 2.0 3.0 4.0 5.0 6.0 
6.0 7.0 8.0 9.0 10.0 11.0 12.0 13.0 14.0 15.0 16.0 17.0 18.0 19.0 20.0 21.0 22.0 23.0 24.0 25.0 26.0 27.0 28.0 29.0 30.0 31.0 32.0 31.0 30.0 29.0 28.0 27.0 26.0 25.0 24.0 23.0 22.0 21.0 20.0 19.0 18.0 17.0 16.0 15.0 14.0 13.0 12.0 11.0 10.0 9.0 8.0 7.0 6.0 5.0 4.0 3.0 2.0 1.0 0.0 1.0 2.0 3.0 4.0 5.0 
5.0 6.0 7.0 8.0 9.0 10.0 11.0 12.0 13.0 14.0 15.0 16.0 17.0 18.0 19.0 20.0 21.0 22.0 23.0 24.0 25.0 26.0 27.0 28.0 29.0 30.0 31.0 32.0 31.0 30.0 29.0 28.0 27.0 26.0 25.0 24.0 23.0 22.0 21.0 20.0 19.0 18.0 17.0 16.0 15.0 14.0 13.0 12.0 11.0 10.0 9.0 8.0 7.0 6.0 5.0 4.0 3.0 2.0 1.0 0.0 1.0 2.0 3.0 4.0 
4.0 5.0 6.0 7.0 8.0 9.0 10.0 11.0 12.0 13.0 14.0 15.0 16.0 17.0 18.0 19.0 20.0 21.0 22.0 23.0 24.0 25.0 26.0 27.0 28.0 29.0 30.0 31.0 32.0 31.0 30.0 29.0 28.0 27.0 26.0 25.0 24.0 23.0 22.0 21.0 20.0 19.0 18.0 17.0 16.0 15.0 14.0 13.0 12.0 11.0 10.0 9.0 8.0 7.0 6.0 5.0 4.0 3.0 2.0 1.0 0.0 1.0 2.0 3.0 
3.0 4.0 5.0 6.0 7.0 8.0 9.0 10.0 11.0 12.0 13.0 14.0 15.0 16.0 17.0 18.0 19.0 20.0 21.0 22.0 23.0 24.0 25.0 26.0 27.0 28.0 29.0 30.0 31.0 32.0 31.0 30.0 29.0 28.0 27.0 26.0 25.0 24.0 23.0 22.0 21.0 20.0 19.0 18.0 17.0 16.0 15.0 14.0 13.0 12.0 11.0 10.0 9.0 8.0 7.0 6.0 5.0 4.0 3.0 2.0 1.0 0.0 1.0 2.0 
2.0 3.0 4.0 5.0 6.0 7.0 8.0 9.0 10.0 11.0 12.0 13.0 14.0 15.0 16.0 17.0 18.0 19.0 20.0 21.0 22.0 23.0 24.0 25.0 26.0 27.0 28.0 29.0 30.0 31.0 32.0 31.0 30.0 29.0 28.0 27.0 26.0 25.0 24.0 23.0 22.0 21.0 20.0 19.0 18.0 17.0 16.0 15.0 14.0 13.0 12.0 11.0 10.0 9.0 8.0 7.0 6.0 5.0 4.0 3.0 2.0 1.0 0.0 1.0 
1.0 2.0 3.0 4.0 5.0 6.0 7.0 8.0 9.0 10.0 11.0 12.0 13.0 14.0 15.0 16.0 17.0 18.0 19.0 20.0 21.0 22.0 23.0 24.0 25.0 26.0 27.0 28.0 29.0 30.0 31.0 32.0 31.0 30.0 29.0 28.0 27.0 26.0 25.0 24.0 23.0 22.0 21.0 20.0 19.0 18.0 17.0 16.0 15.0 14.0 13.0 12.0 11.0 10.0 9.0 8.0 7.0 6.0 5.0 4.0 3.0 2.0 1.0 0.0 