16 0.0 128.0 310 2964
3 17 33 51 76 81 44 93 14 98 3 22 58 26 14 4 
80 20 69 42 48 83 53 96 58 46 100 85 45 89 96 52 
98 41 44 29 77 25 3 22 49 5 57 71 59 36 3 94 
48 4 77 70 61 98 66 4 93 67 78 51 24 45 29 40 
57 86 82 38 70 56 40 65 10 30 53 44 82 5 22 7 
18 43 63 2 22 78 90 94 16 28 14 52 35 3 25 52 
83 64 25 97 74 58 52 58 91 37 73 77 24 86 44 75 
69 77 21 55 16 29 91 47 40 28 62 43 97 50 76 60 
61 8 39 74 98 82 22 28 78 15 99 78 14 63 3 72 
81 50 82 69 16 13 56 66 4 68 11 64 56 80 14 92 
86 79 45 81 25 29 22 91 71 52 29 64 10 57 61 52 
89 33 99 98 11 99 5 9 2 30 86 15 90 20 48 79 
53 56 48 98 83 4 42 35 57 44 31 49 53 33 61 31 
60 11 72 68 2 54 68 11 81 20 65 23 38 99 98 97 
23 14 75 62 44 32 45 13 63 24 11 16 6 60 87 82 
32 70 66 14 48 79 82 64 56 45 45 15 1 26 2 30 
0.0 1.0 2.0 3.0 4.0 5.0 6.0 7.0 8.0 7.0 6.0 5.0 4.0 3.0 2.0 1.0 
1.0 0.0 1.0 2.0 3.0 4.0 5.0 6.0 7.0 8.0 7.0 6.0 5.0 4.0 3.0 2.0 
2.0 1.0 0.0 1.0 2.0 3.0 4.0 5.0 6.0 7.0 8.0 7.0 6.0 5.0 4.0 3.0 
3.0 2.0 1.0 0.0 1.0 2.0 3.0 4.0 5.0 6.0 7.0 8.0 7.0 6.0 5.0 4.0 
4.0 3.0 2.0 1.0 0.0 1.0 2.0 3.0 4.0 5.0 6.0 7.0 8.0 7.0 6.0 5.0 
5.0 4.0 3.0 2.0 1.0 0.0 1.0 2.0 3.0 4.0 5.0 6.0 7.0 8.0 7.0 6.0 
6.0 5.0 4.0 3.0 2.0 1.0 0.0 1.0 2.0 3.0 4.0 5.0 6.0 7.0 8.0 7.0 
7.0 6.0 5.0 4.0 3.0 2.0 1.0 0.0 1.0 2.0 3.0 4.0 5.0 6.0 7.0 8.0 
8.0 7.0 6.0 5.0 4.0 3.0 2.0 1.0 0.0 1.0 2.0 3.0 4.0 5.0 6.0 7.0 
7.0 8.0 7.0 6.0 5.0 4.0 3.0 2.0 1.0 0.0 1.0 2.0 3.0 4.0 5.0 6.0 
6.0 7.0 8.0 7.0 6.0 5.0 4.0 3.0 2.0 1.0 0.0 1.0 2.0 3.0 4.0 5.0 
5.0 6.0 7.0 8.0 7.0 6.0 5.0 4.0 3.0 2.0 1.0 0.0 1.0 2.0 3.0 4.0 
4.0 5.0 6.0 7.0 8.0 7.0 6.0 5.0 4.0 3.0 2.0 1.0 0.0 1.0 2.0 3.0 
3.0 4.0 5.0 6.0 7.0 8.0 7.0 6.0 5.0 4.0 3.0 2.0 1.0 0.0 1.0 2.0 
2.0 3.0 4.0 5.0 6.0 7.0 8.0 7.0 6.0 5.0 4.0 3.0 2.0 1.0 0.0 1.0 
1.0 2.0 3.0 4.0 5.0 6.0 7.0 8.0 7.0 6.0 5.0 4.0 3.0 2.0 1.0 0.0 