16
37 93 32 6 78 87 87 66 62 61 96 77 88 10 28 39 
43 81 2 92 73 17 6 55 81 85 52 74 69 57 2 26 
44 80 7 46 90 89 46 10 61 58 71 64 43 89 55 20 
48 47 81 41 80 53 31 58 42 100 78 63 2 93 47 38 
39 9 60 67 68 64 45 14 26 22 90 56 46 88 46 73 
3 75 84 21 19 81 62 34 76 42 25 64 57 33 95 90 
85 19 50 90 95 85 24 37 39 51 66 46 92 84 82 49 
41 16 65 69 85 56 8 21 79 47 66 97 98 49 14 47 
52 42 81 15 56 86 83 50 7 46 63 81 96 67 81 88 
94 83 83 19 26 70 66 52 40 59 17 8 32 93 26 46 
41 72 94 93 63 52 9 29 80 22 26 42 16 66 55 90 
73 10 69 54 40 82 56 3 7 29 60 76 51 68 45 52 
84 28 4 7 57 84 7 14 6 40 76 56 82 4 73 12 
7 9 72 84 5 25 12 53 13 17 86 4 12 35 95 84 
98 61 23 57 3 75 20 32 12 50 51 94 49 99 38 81 
65 1 58 11 92 1 25 43 16 9 67 35 6 85 4 58 
0.0 1.0 2.0 3.0 4.0 5.0 6.0 7.0 8.0 7.0 6.0 5.0 4.0 3.0 2.0 1.0 
1.0 0.0 1.0 2.0 3.0 4.0 5.0 6.0 7.0 8.0 7.0 6.0 5.0 4.0 3.0 2.0 
2.0 1.0 0.0 1.0 2.0 3.0 4.0 5.0 6.0 7.0 8.0 7.0 6.0 5.0 4.0 3.0 
3.0 2.0 1.0 0.0 1.0 2.0 3.0 4.0 5.0 6.0 7.0 8.0 7.0 6.0 5.0 4.0 
4.0 3.0 2.0 1.0 0.0 1.0 2.0 3.0 4.0 5.0 6.0 7.0 8.0 7.0 6.0 5.0 
5.0 4.0 3.0 2.0 1.0 0.0 1.0 2.0 3.0 4.0 5.0 6.0 7.0 8.0 7.0 6.0 
6.0 5.0 4.0 3.0 2.0 1.0 0.0 1.0 2.0 3.0 4.0 5.0 6.0 7.0 8.0 7.0 
7.0 6.0 5.0 4.0 3.0 2.0 1.0 0.0 1.0 2.0 3.0 4.0 5.0 6.0 7.0 8.0 
8.0 7.0 6.0 5.0 4.0 3.0 2.0 1.0 0.0 1.0 2.0 3.0 4.0 5.0 6.0 7.0 
7.0 8.0 7.0 6.0 5.0 4.0 3.0 2.0 1.0 0.0 1.0 2.0 3.0 4.0 5.0 6.0 
6.0 7.0 8.0 7.0 6.0 5.0 4.0 3.0 2.0 1.0 0.0 1.0 2.0 3.0 4.0 5.0 
5.0 6.0 7.0 8.0 7.0 6.0 5.0 4.0 3.0 2.0 1.0 0.0 1.0 2.0 3.0 4.0 
4.0 5.0 6.0 7.0 8.0 7.0 6.0 5.0 4.0 3.0 2.0 1.0 0.0 1.0 2.0 3.0 
3.0 4.0 5.0 6.0 7.0 8.0 7.0 6.0 5.0 4.0 3.0 2.0 1.0 0.0 1.0 2.0 
2.0 3.0 4.0 5.0 6.0 7.0 8.0 7.0 6.0 5.0 4.0 3.0 2.0 1.0 0.0 1.0 
1.0 2.0 3.0 4.0 5.0 6.0 7.0 8.0 7.0 6.0 5.0 4.0 3.0 2.0 1.0 0.0 