64
19 89 15 19 45 57 68 90 29 23 37 27 49 11 48 2 46 93 18 76 85 77 54 73 59 23 74 39 28 74 86 70 26 61 33 94 63 15 20 9 72 30 87 100 79 60 24 39 53 72 30 10 66 4 31 31 22 35 57 82 59 88 20 51 
84 15 50 81 29 64 41 16 32 85 25 54 67 38 9 76 51 37 21 37 92 25 22 65 53 85 70 90 88 18 60 32 35 93 15 50 5 9 86 3 69 100 17 94 2 88 22 86 91 8 36 64 56 100 80 7 64 14 47 86 26 42 21 23 
18 85 94 66 51 56 80 97 60 82 11 94 29 79 60 61 82 47 79 33 17 74 52 70 58 54 2 76 100 94 52 42 9 20 56 10 91 30 43 82 78 92 21 4 43 33 15 48 13 77 29 63 74 25 33 65 5 91 92 88 20 69 62 17 
95 37 39 6 76 80 28 4 28 21 4 54 27 19 37 40 20 81 97 9 59 20 91 17 42 73 5 3 47 44 93 62 88 91 50 99 36 49 88 47 58 100 57 56 68 47 31 97 50 19 42 57 93 21 2 7 100 41 36 8 69 11 35 33 
10 43 77 12 99 97 88 5 15 8 82 24 20 95 51 56 95 90 40 89 16 19 46 58 44 70 14 61 32 24 77 18 79 55 50 17 11 31 66 95 78 98 82 29 78 23 68 21 29 14 21 18 34 57 26 97 93 89 66 24 58 80 31 17 
54 60 35 69 32 45 45 36 58 81 62 32 94 95 72 63 12 8 82 80 44 43 35 34 22 41 60 16 57 44 61 70 31 3 73 31 44 73 83 63 57 20 52 70 84 27 26 50 47 78 87 42 30 99 65 15 57 53 5 80 9 67 28 1 
25 58 39 97 59 40 63 43 7 38 7 62 95 68 40 72 62 90 17 90 26 73 85 18 54 51 94 64 88 82 51 51 36 78 21 86 33 71 19 7 13 4 74 95 23 84 29 77 5 44 6 45 82 82 97 24 61 16 1 7 9 89 41 63 
72 58 80 4 13 34 72 7 11 21 47 34 79 28 92 100 81 33 84 75 18 99 63 37 100 10 9 23 95 83 21 63 90 44 67 15 85 29 33 97 67 67 48 11 24 56 47 34 53 47 47 64 59 89 75 100 7 40 53 85 71 8 98 65 
20 22 71 55 95 50 99 87 82 81 85 45 21 38 60 51 18 100 2 4 7 26 30 24 49 71 22 24 87 22 33 22 44 82 31 79 20 21 84 8 97 44 28 100 22 72 58 68 5 59 32 16 67 85 27 59 20 48 89 60 55 96 56 37 
73 55 65 10 96 90 66 21 75 97 34 35 22 85 51 70 8 40 27 54 39 57 68 62 7 81 68 9 6 82 85 72 86 48 39 28 66 53 80 81 80 18 2 79 11 59 93 96 10 19 9 66 3 50 37 26 55 72 92 14 7 88 91 2 
63 84 13 53 45 62 79 92 90 69 19 1 69 54 30 6 21 11 14 22 67 48 42 98 61 100 51 89 61 21 19 16 8 48 48 6 13 51 35 41 73 72 59 46 56 26 16 95 47 53 6 81 98 71 66 11 27 90 86 93 80 12 88 32 
67 55 73 82 3 52 6 10 8 77 84 83 78 13 95 22 25 76 75 59 90 32 45 54 93 97 37 50 34 19 45 40 57 2 80 56 57 69 96 20 3 92 42 38 47 97 49 65 33 32 100 33 41 86 95 10 67 41 88 63 22 42 32 44 
50 57 67 42 15 26 47 77 83 99 26 75 92 57 67 82 6 29 70 83 83 1 6 27 74 25 75 80 55 58 24 54 86 99 51 69 6 33 65 74 71 35 82 59 32 55 42 93 69 4 70 86 8 82 15 59 14 52 27 8 48 11 50 55 
34 9 56 52 67 73 81 65 65 20 65 31 69 7 1 1 86 77 58 4 97 22 39 88 94 19 99 68 68 28 94 100 33 35 57 22 32 22 75 43 49 21 59 18 16 17 93 27 9 29 98 17 34 27 31 62 99 49 80 30 60 34 18 13 
88 23 35 39 16 24 32 21 51 23 48 50 84 79 32 20 46 35 77 70 10 5 99 91 24 27 6 39 82 85 98 51 53 95 42 88 38 14 100 66 20 81 27 18 10 40 98 60 4 1 66 18 44 24 94 39 14 1 33 87 38 20 91 91 
25 35 63 62 94 40 28 44 52 64 14 39 82 51 80 81 15 43 17 89 93 44 7 55 87 4 59 13 30 26 13 76 49 33 16 58 61 97 29 39 29 44 7 45 67 13 28 54 55 57 93 10 98 45 98 38 1 66 44 42 45 10 49 34 
5 48 71 3 76 30 54 36 95 92 19 44 40 36 50 15 28 55 82 98 66 69 89 98 80 56 2 73 39 48 40 76 33 84 58 1 9 80 21 2 10 32 17 58 90 55 12 25 40 90 67 78 26 88 45 90 45 5 76 89 46 24 54 59 
86 91 4 67 7 62 86 64 43 61 95 73 42 74 94 39 34 56 68 58 10 92 9 90 27 100 45 68 83 55 18 99 94 28 34 33 57 24 39 9 35 55 25 30 14 9 97 19 76 100 42 24 97 62 15 3 71 9 87 55 93 46 54 19 
99 76 90 90 77 71 98 85 30 58 65 91 23 6 49 63 69 98 14 46 21 13 74 30 48 56 24 56 50 2 67 5 8 86 55 69 69 93 7 20 53 81 71 37 98 40 10 89 66 79 95 7 75 81 52 30 35 53 85 7 35 44 28 17 
19 1 64 86 97 17 100 15 57 97 8 76 100 26 45 84 31 35 85 28 40 34 53 12 43 17 90 34 92 29 72 92 48 37 87 19 27 58 25 13 3 33 59 38 54 48 19 18 14 2 5 7 100 74 1 30 98 81 67 47 8 99 23 84 
53 50 17 72 63 48 48 49 33 96 62 43 59 20 52 5 22 19 44 99 67 24 7 7 68 38 35 100 67 35 98 41 62 75 98 78 78 48 51 23 53 73 8 70 31 45 45 79 81 40 95 70 2 73 20 47 48 86 74 19 8 37 42 68 
84 75 6 6 83 26 40 60 75 78 41 82 39 96 67 36 95 12 72 45 91 54 95 3 77 46 77 64 98 55 16 42 69 85 78 40 83 30 83 88 78 22 94 5 14 87 39 77 8 88 100 78 27 54 41 47 14 100 100 2 38 18 29 87 
9 3 22 98 36 77 72 6 10 40 75 66 10 17 68 29 76 60 73 83 73 47 34 94 16 99 77 96 38 18 51 52 36 78 18 88 68 3 24 33 90 92 98 82 83 57 84 30 9 72 74 34 44 49 8 72 46 30 45 36 45 39 71 16 
89 68 50 83 85 26 67 68 96 17 87 25 39 91 100 86 98 93 97 21 40 39 29 14 11 81 79 58 93 96 42 49 12 95 78 67 81 95 94 59 77 78 62 1 8 16 34 52 71 13 64 45 52 59 43 31 31 43 26 30 53 30 93 70 
48 87 94 25 3 11 66 32 88 5 72 76 7 20 22 62 98 4 54 64 99 28 96 69 41 16 11 38 57 27 4 96 8 25 98 2 51 1 9 21 1 27 47 14 60 28 95 82 79 1 96 34 69 60 34 16 46 29 24 50 52 26 75 69 
57 49 55 21 80 2 14 56 16 11 61 12 46 27 19 24 92 93 37 87 74 97 76 62 48 85 9 7 44 69 4 42 33 38 69 52 29 55 13 32 99 9 11 27 11 81 9 26 43 17 42 23 84 16 89 78 21 25 81 46 24 84 46 83 
21 32 10 64 28 8 77 72 27 8 74 46 77 12 71 61 14 24 14 17 82 2 7 11 92 16 1 27 34 12 29 50 16 33 61 60 15 73 36 17 3 23 88 39 30 52 46 15 53 53 26 23 71 50 34 100 60 84 18 38 12 53 49 79 
57 53 18 21 22 23 52 92 42 58 68 2 93 4 2 13 92 36 85 19 89 54 86 61 53 6 6 11 13 95 19 10 61 57 64 42 28 97 23 10 80 52 70 54 56 91 62 6 15 39 99 35 43 65 97 39 95 91 74 57 72 4 22 20 
46 51 27 86 23 82 87 19 52 31 63 13 59 39 90 82 57 53 1 11 55 62 74 30 15 57 5 21 31 97 25 75 69 70 37 94 85 33 88 38 87 22 44 3 75 2 49 61 35 32 24 8 75 28 89 41 29 4 27 72 40 66 29 33 
44 44 85 6 15 17 87 29 96 82 67 18 89 67 14 61 25 73 81 4 29 98 4 32 58 16 90 38 21 19 15 47 85 83 89 74 82 56 12 93 20 4 95 29 53 8 77 18 80 98 60 48 55 98 99 88 74 60 82 29 37 51 2 35 
44 61 36 92 100 70 84 77 53 58 46 31 94 67 61 58 62 31 74 38 68 92 64 85 21 8 99 68 85 64 41 58 96 33 99 61 100 22 9 6 62 22 7 91 46 63 8 61 83 33 61 18 34 58 71 43 15 59 56 81 27 52 52 24 
16 95 75 7 30 90 42 98 53 75 82 94 14 72 16 65 16 74 61 44 27 100 77 3 45 66 44 20 50 56 61 88 8 37 46 42 52 83 29 98 94 82 76 9 17 44 89 47 60 58 18 31 31 36 19 55 17 31 84 21 28 2 77 71 
81 79 64 4 97 85 95 16 51 89 15 87 81 21 56 89 12 28 2 49 18 17 21 12 17 97 4 11 27 7 97 57 52 9 84 87 39 76 36 14 67 37 53 31 68 62 5 46 61 87 27 46 55 61 46 26 57 26 60 12 69 52 78 41 
90 76 100 32 56 24 17 89 83 50 24 44 61 36 93 48 65 85 83 65 47 41 4 32 23 98 66 50 69 20 52 28 28 20 40 43 75 34 86 69 53 14 27 49 17 77 10 95 86 28 92 51 83 60 44 24 59 98 62 13 62 70 49 99 
19 98 44 65 39 86 86 45 96 2 22 52 6 38 89 44 49 88 18 30 7 44 1 18 12 46 82 99 94 100 50 48 29 12 70 65 81 36 43 38 89 49 17 85 4 42 9 56 85 79 10 98 15 97 66 7 68 78 29 2 52 73 6 91 
37 75 10 74 61 14 23 98 45 92 42 76 93 39 57 61 2 67 9 25 80 21 83 67 82 38 43 45 51 76 79 49 36 44 73 87 70 39 12 59 66 44 77 85 88 6 27 54 96 50 2 22 5 21 21 92 48 70 1 24 6 47 34 77 
81 36 54 56 9 21 16 79 84 67 67 44 61 22 11 99 89 96 29 98 61 35 2 49 62 94 27 63 83 5 50 91 40 52 56 56 56 63 41 88 10 73 4 59 62 92 66 45 13 55 78 69 76 54 81 97 72 14 81 17 9 3 15 64 
32 76 84 17 99 99 26 42 44 69 86 74 64 41 1 79 60 86 88 94 11 58 57 49 71 9 22 45 43 3 33 54 94 59 3 18 42 72 74 58 45 78 4 25 93 100 99 30 98 59 95 5 27 76 29 79 34 28 13 95 24 29 28 31 
25 25 57 86 7 83 37 19 28 5 50 33 58 1 51 34 62 21 51 59 59 56 54 77 46 75 50 70 82 52 14 54 90 71 54 35 59 2 82 62 64 35 78 82 62 54 85 71 77 85 99 83 52 24 54 91 59 57 37 94 87 56 52 73 
15 83 55 30 69 16 92 84 46 20 47 50 96 87 28 61 30 91 47 43 26 15 94 37 45 20 59 80 9 33 33 69 94 94 20 57 22 27 70 96 28 93 50 94 72 85 32 88 54 35 45 9 26 68 2 82 33 72 60 77 20 35 48 83 
50 54 58 70 32 6 48 50 63 1 64 8 71 13 92 78 91 60 1 82 76 11 48 31 34 6 17 11 73 7 53 66 46 4 22 3 9 35 5 14 88 49 15 67 26 92 38 86 69 95 68 31 46 60 7 4 55 47 71 1 93 95 60 11 
85 39 57 72 51 3 78 16 40 19 37 83 29 22 14 96 96 69 62 95 53 1 74 38 6 50 76 31 5 27 33 15 32 24 86 68 19 97 90 48 23 83 6 75 33 66 21 42 88 23 53 76 96 88 68 40 19 82 10 78 75 90 52 36 
6 83 59 86 43 41 93 43 54 33 62 57 34 100 5 53 7 20 12 17 61 1 83 22 41 23 38 77 91 80 28 83 91 94 87 13 63 3 9 22 53 27 29 26 8 40 34 56 44 73 47 25 49 75 43 9 17 31 55 47 83 53 2 12 
4 58 15 83 81 45 71 67 1 79 59 87 82 97 93 25 63 49 25 28 28 18 73 60 82 52 31 10 25 50 84 67 46 84 80 75 90 5 49 93 12 13 38 13 15 67 65 90 72 92 49 52 74 96 46 31 61 58 68 66 9 4 95 3 
9 1 64 2 79 9 37 62 90 61 88 64 19 99 6 83 68 97 9 62 56 73 90 38 90 87 8 25 47 26 61 30 31 13 50 41 30 35 9 99 75 22 19 49 22 39 83 17 3 15 8 36 39 97 2 7 38 51 52 97 7 79 63 85 
16 69 60 58 85 69 69 69 21 38 4 18 42 1 37 96 23 54 50 50 95 41 12 51 24 86 88 65 67 69 20 41 67 59 20 94 70 33 57 99 26 13 45 60 74 6 8 54 56 72 89 62 68 19 71 9 19 17 40 4 58 87 79 4 
42 59 55 29 2 21 25 46 72 100 19 89 26 88 44 79 36 18 85 7 43 1 51 30 87 84 84 74 44 6 17 14 25 47 2 27 27 68 88 13 8 22 3 91 18 23 80 92 18 37 37 7 66 89 61 15 31 47 34 48 14 11 33 7 
60 81 54 72 6 25 38 37 48 51 46 80 71 12 65 5 22 19 1 87 96 1 96 37 29 7 14 57 32 71 85 27 93 12 51 73 41 41 16 63 10 30 11 95 88 91 99 95 6 94 9 42 33 16 27 15 2 71 92 22 6 17 100 40 
83 79 43 74 92 59 100 72 95 42 42 43 95 31 65 100 15 60 77 56 100 23 60 75 56 71 63 58 68 47 99 18 95 49 79 11 12 58 86 79 15 62 1 99 68 75 81 73 45 60 30 89 7 75 58 24 62 91 19 27 95 55 45 7 
60 26 34 33 19 48 15 93 83 62 91 72 54 74 43 11 81 43 83 70 35 97 88 79 100 10 64 86 74 20 64 18 65 52 34 45 88 9 50 43 51 40 12 42 51 33 22 5 20 93 55 56 63 61 41 79 13 60 55 11 97 49 78 91 
65 71 11 81 34 60 63 73 34 75 74 6 82 71 38 59 32 44 64 29 68 69 69 24 68 56 7 57 78 22 72 76 28 1 85 49 25 58 95 57 29 72 58 86 99 74 47 13 19 4 48 82 84 51 4 48 6 81 4 97 56 21 1 17 
94 84 15 51 30 40 12 97 71 44 48 30 59 7 80 59 11 64 2 96 25 15 43 55 81 48 76 55 3 43 52 96 41 9 52 9 72 64 9 34 69 26 75 87 15 22 32 21 74 35 34 6 99 60 83 38 65 26 27 48 65 48 10 4 
32 17 36 12 75 13 70 93 64 2 54 30 59 52 54 37 19 98 94 39 12 17 37 26 54 92 90 19 43 100 36 65 62 100 62 28 21 42 53 41 37 40 42 23 40 34 49 34 21 38 31 79 53 69 76 70 43 1 57 49 51 14 54 96 
24 74 92 75 22 22 44 95 35 56 63 61 28 35 34 17 15 38 34 14 8 66 21 24 89 35 96 2 35 70 17 44 10 41 2 60 97 26 13 50 72 54 65 56 4 20 94 16 53 10 44 74 91 95 78 57 17 33 26 8 27 63 38 13 
64 83 44 19 54 59 14 62 5 81 10 81 89 82 85 8 64 63 13 8 16 82 76 36 17 56 35 60 17 63 69 61 91 62 60 55 84 100 89 62 17 82 7 94 1 91 11 23 9 30 70 100 49 52 93 25 29 79 55 3 51 71 100 92 
99 65 31 49 42 72 60 4 22 51 71 94 36 59 1 88 94 60 37 58 3 22 82 46 55 22 20 95 29 100 43 25 19 26 42 20 98 30 81 95 21 46 43 55 22 33 19 34 85 53 45 82 5 61 48 97 90 8 4 88 15 91 97 5 
91 74 81 65 20 57 26 38 85 51 33 48 43 86 25 54 85 68 82 12 26 95 39 72 82 20 57 94 76 96 33 41 13 63 81 80 45 89 66 45 13 94 76 36 46 7 38 21 21 51 78 38 90 83 74 6 9 66 40 43 19 71 44 68 
37 87 30 22 47 24 93 76 15 82 36 89 39 34 20 64 20 36 65 30 25 75 87 59 6 16 42 4 9 78 70 32 31 16 28 78 81 48 14 46 4 92 86 77 72 2 97 4 73 76 58 41 64 1 82 56 90 74 8 48 6 43 24 55 
78 25 10 19 34 54 61 13 33 92 18 36 82 97 24 34 49 44 45 32 28 20 73 67 18 32 67 15 64 68 19 86 63 44 78 77 9 8 76 3 3 41 85 36 29 1 55 84 53 54 55 25 33 77 64 84 95 63 26 25 53 7 9 52 
44 15 62 40 6 55 64 67 10 31 49 35 17 72 31 26 84 94 94 68 13 11 55 91 35 78 32 47 7 3 50 26 93 9 27 8 21 88 84 18 82 68 36 66 32 23 34 98 52 82 43 47 49 26 21 20 70 71 76 2 42 89 75 83 
83 55 17 15 53 28 11 6 43 87 80 80 69 60 36 100 30 79 1 35 9 75 58 31 48 65 11 73 37 83 34 76 45 50 11 36 53 14 98 59 42 69 46 57 26 18 96 52 1 80 88 33 56 83 85 43 55 37 1 99 33 42 35 23 
7 58 45 21 94 45 15 82 4 80 83 7 86 26 87 52 94 42 47 77 34 68 55 50 38 17 49 61 2 5 78 98 3 35 84 100 6 46 62 38 22 6 80 54 99 65 34 79 71 95 65 42 89 8 63 64 13 26 44 15 49 9 55 15 
41 33 4 60 7 4 86 80 99 15 31 60 37 38 43 3 58 17 75 4 53 34 52 99 33 47 30 59 55 31 42 77 82 99 30 42 44 61 7 24 22 51 22 76 11 37 16 35 48 63 96 32 82 54 2 86 49 25 99 1 33 20 29 31 
72 94 68 93 12 70 14 79 80 34 92 82 51 1 30 55 85 59 100 2 68 90 59 28 66 19 64 25 17 96 69 3 40 60 91 46 61 93 20 58 18 83 50 59 57 60 35 80 11 57 76 65 16 65 71 88 36 61 87 47 18 99 28 90 
0.0 1.0 2.0 3.0 4.0 5.0 6.0 7.0 8.0 9.0 10.0 11.0 12.0 13.0 14.0 15.0 16.0 17.0 18.0 19.0 20.0 21.0 22.0 23.0 24.0 25.0 26.0 27.0 28.0 29.0 30.0 31.0 32.0 31.0 30.0 29.0 28.0 27.0 26.0 25.0 24.0 23.0 22.0 21.0 20.0 19.0 18.0 17.0 16.0 15.0 14.0 13.0 12.0 11.0 10.0 9.0 8.0 7.0 6.0 5.0 4.0 3.0 2.0 1.0 
1.0 0.0 1.0 2.0 3.0 4.0 5.0 6.0 7.0 8.0 9.0 10.0 11.0 12.0 13.0 14.0 15.0 16.0 17.0 18.0 19.0 20.0 21.0 22.0 23.0 24.0 25.0 26.0 27.0 28.0 29.0 30.0 31.0 32.0 31.0 30.0 29.0 28.0 27.0 26.0 25.0 24.0 23.0 22.0 21.0 20.0 19.0 18.0 17.0 16.0 15.0 14.0 13.0 12.0 11.0 10.0 9.0 8.0 7.0 6.0 5.0 4.0 3.0 2.0 
2.0 1.0 0.0 1.0 2.0 3.0 4.0 5.0 6.0 7.0 8.0 9.0 10.0 11.0 12.0 13.0 14.0 15.0 16.0 17.0 18.0 19.0 20.0 21.0 22.0 23.0 24.0 25.0 26.0 27.0 28.0 29.0 30.0 31.0 32.0 31.0 30.0 29.0 28.0 27.0 26.0 25.0 24.0 23.0 22.0 21.0 20.0 19.0 18.0 17.0 16.0 15.0 14.0 13.0 12.0 11.0 10.0 9.0 8.0 7.0 6.0 5.0 4.0 3.0 
3.0 2.0 1.0 0.0 1.0 2.0 3.0 4.0 5.0 6.0 7.0 8.0 9.0 10.0 11.0 12.0 13.0 14.0 15.0 16.0 17.0 18.0 19.0 20.0 21.0 22.0 23.0 24.0 25.0 26.0 27.0 28.0 29.0 30.0 31.0 32.0 31.0 30.0 29.0 28.0 27.0 26.0 25.0 24.0 23.0 22.0 21.0 20.0 19.0 18.0 17.0 16.0 15.0 14.0 13.0 12.0 11.0 10.0 9.0 8.0 7.0 6.0 5.0 4.0 
4.0 3.0 2.0 1.0 0.0 1.0 2.0 3.0 4.0 5.0 6.0 7.0 8.0 9.0 10.0 11.0 12.0 13.0 14.0 15.0 16.0 17.0 18.0 19.0 20.0 21.0 22.0 23.0 24.0 25.0 26.0 27.0 28.0 29.0 30.0 31.0 32.0 31.0 30.0 29.0 28.0 27.0 26.0 25.0 24.0 23.0 22.0 21.0 20.0 19.0 18.0 17.0 16.0 15.0 14.0 13.0 12.0 11.0 10.0 9.0 8.0 7.0 6.0 5.0 
5.0 4.0 3.0 2.0 1.0 0.0 1.0 2.0 3.0 4.0 5.0 6.0 7.0 8.0 9.0 10.0 11.0 12.0 13.0 14.0 15.0 16.0 17.0 18.0 19.0 20.0 21.0 22.0 23.0 24.0 25.0 26.0 27.0 28.0 29.0 30.0 31.0 32.0 31.0 30.0 29.0 28.0 27.0 26.0 25.0 24.0 23.0 22.0 21.0 20.0 19.0 18.0 17.0 16.0 15.0 14.0 13.0 12.0 11.0 10.0 9.0 8.0 7.0 6.0 
6.0 5.0 4.0 3.0 2.0 1.0 0.0 1.0 2.0 3.0 4.0 5.0 6.0 7.0 8.0 9.0 10.0 11.0 12.0 13.0 14.0 15.0 16.0 17.0 18.0 19.0 20.0 21.0 22.0 23.0 24.0 25.0 26.0 27.0 28.0 29.0 30.0 31.0 32.0 31.0 30.0 29.0 28.0 27.0 26.0 25.0 24.0 23.0 22.0 21.0 20.0 19.0 18.0 17.0 16.0 15.0 14.0 13.0 12.0 11.0 10.0 9.0 8.0 7.0 
7.0 6.0 5.0 4.0 3.0 2.0 1.0 0.0 1.0 2.0 3.0 4.0 5.0 6.0 7.0 8.0 9.0 10.0 11.0 12.0 13.0 14.0 15.0 16.0 17.0 18.0 19.0 20.0 21.0 22.0 23.0 24.0 25.0 26.0 27.0 28.0 29.0 30.0 31.0 32.0 31.0 30.0 29.0 28.0 27.0 26.0 25.0 24.0 23.0 22.0 21.0 20.0 19.0 18.0 17.0 16.0 15.0 14.0 13.0 12.0 11.0 10.0 9.0 8.0 
8.0 7.0 6.0 5.0 4.0 3.0 2.0 1.0 0.0 1.0 2.0 3.0 4.0 5.0 6.0 7.0 8.0 9.0 10.0 11.0 12.0 13.0 14.0 15.0 16.0 17.0 18.0 19.0 20.0 21.0 22.0 23.0 24.0 25.0 26.0 27.0 28.0 29.0 30.0 31.0 32.0 31.0 30.0 29.0 28.0 27.0 26.0 25.0 24.0 23.0 22.0 21.0 20.0 19.0 18.0 17.0 16.0 15.0 14.0 13.0 12.0 11.0 10.0 9.0 
9.0 8.0 7.0 6.0 5.0 4.0 3.0 2.0 1.0 0.0 1.0 2.0 3.0 4.0 5.0 6.0 7.0 8.0 9.0 10.0 11.0 12.0 13.0 14.0 15.0 16.0 17.0 18.0 19.0 20.0 21.0 22.0 23.0 24.0 25.0 26.0 27.0 28.0 29.0 30.0 31.0 32.0 31.0 30.0 29.0 28.0 27.0 26.0 25.0 24.0 23.0 22.0 21.0 20.0 19.0 18.0 17.0 16.0 15.0 14.0 13.0 12.0 11.0 10.0 
10.0 9.0 8.0 7.0 6.0 5.0 4.0 3.0 2.0 1.0 0.0 1.0 2.0 3.0 4.0 5.0 6.0 7.0 8.0 9.0 10.0 11.0 12.0 13.0 14.0 15.0 16.0 17.0 18.0 19.0 20.0 21.0 22.0 23.0 24.0 25.0 26.0 27.0 28.0 29.0 30.0 31.0 32.0 31.0 30.0 29.0 28.0 27.0 26.0 25.0 24.0 23.0 22.0 21.0 20.0 19.0 18.0 17.0 16.0 15.0 14.0 13.0 12.0 11.0 
11.0 10.0 9.0 8.0 7.0 6.0 5.0 4.0 3.0 2.0 1.0 0.0 1.0 2.0 3.0 4.0 5.0 6.0 7.0 8.0 9.0 10.0 11.0 12.0 13.0 14.0 15.0 16.0 17.0 18.0 19.0 20.0 21.0 22.0 23.0 24.0 25.0 26.0 27.0 28.0 29.0 30.0 31.0 32.0 31.0 30.0 29.0 28.0 27.0 26.0 25.0 24.0 23.0 22.0 21.0 20.0 19.0 18.0 17.0 16.0 15.0 14.0 13.0 12.0 
12.0 11.0 10.0 9.0 8.0 7.0 6.0 5.0 4.0 3.0 2.0 1.0 0.0 1.0 2.0 3.0 4.0 5.0 6.0 7.0 8.0 9.0 10.0 11.0 12.0 13.0 14.0 15.0 16.0 17.0 18.0 19.0 20.0 21.0 22.0 23.0 24.0 25.0 26.0 27.0 28.0 29.0 30.0 31.0 32.0 31.0 30.0 29.0 28.0 27.0 26.0 25.0 24.0 23.0 22.0 21.0 20.0 19.0 18.0 17.0 16.0 15.0 14.0 13.0 
13.0 12.0 11.0 10.0 9.0 8.0 7.0 6.0 5.0 4.0 3.0 2.0 1.0 0.0 1.0 2.0 3.0 4.0 5.0 6.0 7.0 8.0 9.0 10.0 11.0 12.0 13.0 14.0 15.0 16.0 17.0 18.0 19.0 20.0 21.0 22.0 23.0 24.0 25.0 26.0 27.0 28.0 29.0 30.0 31.0 32.0 31.0 30.0 29.0 28.0 27.0 26.0 25.0 24.0 23.0 22.0 21.0 20.0 19.0 18.0 17.0 16.0 15.0 14.0 
14.0 13.0 12.0 11.0 10.0 9.0 8.0 7.0 6.0 5.0 4.0 3.0 2.0 1.0 0.0 1.0 2.0 3.0 4.0 5.0 6.0 7.0 8.0 9.0 10.0 11.0 12.0 13.0 14.0 15.0 16.0 17.0 18.0 19.0 20.0 21.0 22.0 23.0 24.0 25.0 26.0 27.0 28.0 29.0 30.0 31.0 32.0 31.0 30.0 29.0 28.0 27.0 26.0 25.0 24.0 23.0 22.0 21.0 20.0 19.0 18.0 17.0 16.0 15.0 
15.0 14.0 13.0 12.0 11.0 10.0 9.0 8.0 7.0 6.0 5.0 4.0 3.0 2.0 1.0 0.0 1.0 2.0 3.0 4.0 5.0 6.0 7.0 8.0 9.0 10.0 11.0 12.0 13.0 14.0 15.0 16.0 17.0 18.0 19.0 20.0 21.0 22.0 23.0 24.0 25.0 26.0 27.0 28.0 29.0 30.0 31.0 32.0 31.0 30.0 29.0 28.0 27.0 26.0 25.0 24.0 23.0 22.0 21.0 20.0 19.0 18.0 17.0 16.0 
16.0 15.0 14.0 13.0 12.0 11.0 10.0 9.0 8.0 7.0 6.0 5.0 4.0 3.0 2.0 1.0 0.0 1.0 2.0 3.0 4.0 5.0 6.0 7.0 8.0 9.0 10.0 11.0 12.0 13.0 14.0 15.0 16.0 17.0 18.0 19.0 20.0 21.0 22.0 23.0 24.0 25.0 26.0 27.0 28.0 29.0 30.0 31.0 32.0 31.0 30.0 29.0 28.0 27.0 26.0 25.0 24.0 23.0 22.0 21.0 20.0 19.0 18.0 17.0 
17.0 16.0 15.0 14.0 13.0 12.0 11.0 10.0 9.0 8.0 7.0 6.0 5.0 4.0 3.0 2.0 1.0 0.0 1.0 2.0 3.0 4.0 5.0 6.0 7.0 8.0 9.0 10.0 11.0 12.0 13.0 14.0 15.0 16.0 17.0 18.0 19.0 20.0 21.0 22.0 23.0 24.0 25.0 26.0 27.0 28.0 29.0 30.0 31.0 32.0 31.0 30.0 29.0 28.0 27.0 26.0 25.0 24.0 23.0 22.0 21.0 20.0 19.0 18.0 
18.0 17.0 16.0 15.0 14.0 13.0 12.0 11.0 10.0 9.0 8.0 7.0 6.0 5.0 4.0 3.0 2.0 1.0 0.0 1.0 2.0 3.0 4.0 5.0 6.0 7.0 8.0 9.0 10.0 11.0 12.0 13.0 14.0 15.0 16.0 17.0 18.0 19.0 20.0 21.0 22.0 23.0 24.0 25.0 26.0 27.0 28.0 29.0 30.0 31.0 32.0 31.0 30.0 29.0 28.0 27.0 26.0 25.0 24.0 23.0 22.0 21.0 20.0 19.0 
19.0 18.0 17.0 16.0 15.0 14.0 13.0 12.0 11.0 10.0 9.0 8.0 7.0 6.0 5.0 4.0 3.0 2.0 1.0 0.0 1.0 2.0 3.0 4.0 5.0 6.0 7.0 8.0 9.0 10.0 11.0 12.0 13.0 14.0 15.0 16.0 17.0 18.0 19.0 20.0 21.0 22.0 23.0 24.0 25.0 26.0 27.0 28.0 29.0 30.0 31.0 32.0 31.0 30.0 29.0 28.0 27.0 26.0 25.0 24.0 23.0 22.0 21.0 20.0 
20.0 19.0 18.0 17.0 16.0 15.0 14.0 13.0 12.0 11.0 10.0 9.0 8.0 7.0 6.0 5.0 4.0 3.0 2.0 1.0 0.0 1.0 2.0 3.0 4.0 5.0 6.0 7.0 8.0 9.0 10.0 11.0 12.0 13.0 14.0 15.0 16.0 17.0 18.0 19.0 20.0 21.0 22.0 23.0 24.0 25.0 26.0 27.0 28.0 29.0 30.0 31.0 32.0 31.0 30.0 29.0 28.0 27.0 26.0 25.0 24.0 23.0 22.0 21.0 
21.0 20.0 19.0 18.0 17.0 16.0 15.0 14.0 13.0 12.0 11.0 10.0 9.0 8.0 7.0 6.0 5.0 4.0 3.0 2.0 1.0 0.0 1.0 2.0 3.0 4.0 5.0 6.0 7.0 8.0 9.0 10.0 11.0 12.0 13.0 14.0 15.0 16.0 17.0 18.0 19.0 20.0 21.0 22.0 23.0 24.0 25.0 26.0 27.0 28.0 29.0 30.0 31.0 32.0 31.0 30.0 29.0 28.0 27.0 26.0 25.0 24.0 23.0 22.0 
22.0 21.0 20.0 19.0 18.0 17.0 16.0 15.0 14.0 13.0 12.0 11.0 10.0 9.0 8.0 7.0 6.0 5.0 4.0 3.0 2.0 1.0 0.0 1.0 2.0 3.0 4.0 5.0 6.0 7.0 8.0 9.0 10.0 11.0 12.0 13.0 14.0 15.0 16.0 17.0 18.0 19.0 20.0 21.0 22.0 23.0 24.0 25.0 26.0 27.0 28.0 29.0 30.0 31.0 32.0 31.0 30.0 29.0 28.0 27.0 26.0 25.0 24.0 23.0 
23.0 22.0 21.0 20.0 19.0 18.0 17.0 16.0 15.0 14.0 13.0 12.0 11.0 10.0 9.0 8.0 7.0 6.0 5.0 4.0 3.0 2.0 1.0 0.0 1.0 2.0 3.0 4.0 5.0 6.0 7.0 8.0 9.0 10.0 11.0 12.0 13.0 14.0 15.0 16.0 17.0 18.0 19.0 20.0 21.0 22.0 23.0 24.0 25.0 26.0 27.0 28.0 29.0 30.0 31.0 32.0 31.0 30.0 29.0 28.0 27.0 26.0 25.0 24.0 
24.0 23.0 22.0 21.0 20.0 19.0 18.0 17.0 16.0 15.0 14.0 13.0 12.0 11.0 10.0 9.0 8.0 7.0 6.0 5.0 4.0 3.0 2.0 1.0 0.0 1.0 2.0 3.0 4.0 5.0 6.0 7.0 8.0 9.0 10.0 11.0 12.0 13.0 14.0 15.0 16.0 17.0 18.0 19.0 20.0 21.0 22.0 23.0 24.0 25.0 26.0 27.0 28.0 29.0 30.0 31.0 32.0 31.0 30.0 29.0 28.0 27.0 26.0 25.0 
25.0 24.0 23.0 22.0 21.0 20.0 19.0 18.0 17.0 16.0 15.0 14.0 13.0 12.0 11.0 10.0 9.0 8.0 7.0 6.0 5.0 4.0 3.0 2.0 1.0 0.0 1.0 2.0 3.0 4.0 5.0 6.0 7.0 8.0 9.0 10.0 11.0 12.0 13.0 14.0 15.0 16.0 17.0 18.0 19.0 20.0 21.0 22.0 23.0 24.0 25.0 26.0 27.0 28.0 29.0 30.0 31.0 32.0 31.0 30.0 29.0 28.0 27.0 26.0 
26.0 25.0 24.0 23.0 22.0 21.0 20.0 19.0 18.0 17.0 16.0 15.0 14.0 13.0 12.0 11.0 10.0 9.0 8.0 7.0 6.0 5.0 4.0 3.0 2.0 1.0 0.0 1.0 2.0 3.0 4.0 5.0 6.0 7.0 8.0 9.0 10.0 11.0 12.0 13.0 14.0 15.0 16.0 17.0 18.0 19.0 20.0 21.0 22.0 23.0 24.0 25.0 26.0 27.0 28.0 29.0 30.0 31.0 32.0 31.0 30.0 29.0 28.0 27.0 
27.0 26.0 25.0 24.0 23.0 22.0 21.0 20.0 19.0 18.0 17.0 16.0 15.0 14.0 13.0 12.0 11.0 10.0 9.0 8.0 7.0 6.0 5.0 4.0 3.0 2.0 1.0 0.0 1.0 2.0 3.0 4.0 5.0 6.0 7.0 8.0 9.0 10.0 11.0 12.0 13.0 14.0 15.0 16.0 17.0 18.0 19.0 20.0 21.0 22.0 23.0 24.0 25.0 26.0 27.0 28.0 29.0 30.0 31.0 32.0 31.0 30.0 29.0 28.0 
28.0 27.0 26.0 25.0 24.0 23.0 22.0 21.0 20.0 19.0 18.0 17.0 16.0 15.0 14.0 13.0 12.0 11.0 10.0 9.0 8.0 7.0 6.0 5.0 4.0 3.0 2.0 1.0 0.0 1.0 2.0 3.0 4.0 5.0 6.0 7.0 8.0 9.0 10.0 11.0 12.0 13.0 14.0 15.0 16.0 17.0 18.0 19.0 20.0 21.0 22.0 23.0 24.0 25.0 26.0 27.0 28.0 29.0 30.0 31.0 32.0 31.0 30.0 29.0 
29.0 28.0 27.0 26.0 25.0 24.0 23.0 22.0 21.0 20.0 19.0 18.0 17.0 16.0 15.0 14.0 13.0 12.0 11.0 10.0 9.0 8.0 7.0 6.0 5.0 4.0 3.0 2.0 1.0 0.0 1.0 2.0 3.0 4.0 5.0 6.0 7.0 8.0 9.0 10.0 11.0 12.0 13.0 14.0 15.0 16.0 17.0 18.0 19.0 20.0 21.0 22.0 23.0 24.0 25.0 26.0 27.0 28.0 29.0 30.0 31.0 32.0 31.0 30.0 
30.0 29.0 28.0 27.0 26.0 25.0 24.0 23.0 22.0 21.0 20.0 19.0 18.0 17.0 16.0 15.0 14.0 13.0 12.0 11.0 10.0 9.0 8.0 7.0 6.0 5.0 4.0 3.0 2.0 1.0 0.0 1.0 2.0 3.0 4.0 5.0 6.0 7.0 8.0 9.0 10.0 11.0 12.0 13.0 14.0 15.0 16.0 17.0 18.0 19.0 20.0 21.0 22.0 23.0 24.0 25.0 26.0 27.0 28.0 29.0 30.0 31.0 32.0 31.0 
31.0 30.0 29.0 28.0 27.0 26.0 25.0 24.0 23.0 22.0 21.0 20.0 19.0 18.0 17.0 16.0 15.0 14.0 13.0 12.0 11.0 10.0 9.0 8.0 7.0 6.0 5.0 4.0 3.0 2.0 1.0 0.0 1.0 2.0 3.0 4.0 5.0 6.0 7.0 8.0 9.0 10.0 11.0 12.0 13.0 14.0 15.0 16.0 17.0 18.0 19.0 20.0 21.0 22.0 23.0 24.0 25.0 26.0 27.0 28.0 29.0 30.0 31.0 32.0 
32.0 31.0 30.0 29.0 28.0 27.0 26.0 25.0 24.0 23.0 22.0 21.0 20.0 19.0 18.0 17.0 16.0 15.0 14.0 13.0 12.0 11.0 10.0 9.0 8.0 7.0 6.0 5.0 4.0 3.0 2.0 1.0 0.0 1.0 2.0 3.0 4.0 5.0 6.0 7.0 8.0 9.0 10.0 11.0 12.0 13.0 14.0 15.0 16.0 17.0 18.0 19.0 20.0 21.0 22.0 23.0 24.0 25.0 26.0 27.0 28.0 29.0 30.0 31.0 
31.0 32.0 31.0 30.0 29.0 28.0 27.0 26.0 25.0 24.0 23.0 22.0 21.0 20.0 19.0 18.0 17.0 16.0 15.0 14.0 13.0 12.0 11.0 10.0 9.0 8.0 7.0 6.0 5.0 4.0 3.0 2.0 1.0 0.0 1.0 2.0 3.0 4.0 5.0 6.0 7.0 8.0 9.0 10.0 11.0 12.0 13.0 14.0 15.0 16.0 17.0 18.0 19.0 20.0 21.0 22.0 23.0 24.0 25.0 26.0 27.0 28.0 29.0 30.0 
30.0 31.0 32.0 31.0 30.0 29.0 28.0 27.0 26.0 25.0 24.0 23.0 22.0 21.0 20.0 19.0 18.0 17.0 16.0 15.0 14.0 13.0 12.0 11.0 10.0 9.0 8.0 7.0 6.0 5.0 4.0 3.0 2.0 1.0 0.0 1.0 2.0 3.0 4.0 5.0 6.0 7.0 8.0 9.0 10.0 11.0 12.0 13.0 14.0 15.0 16.0 17.0 18.0 19.0 20.0 21.0 22.0 23.0 24.0 25.0 26.0 27.0 28.0 29.0 
29.0 30.0 31.0 32.0 31.0 30.0 29.0 28.0 27.0 26.0 25.0 24.0 23.0 22.0 21.0 20.0 19.0 18.0 17.0 16.0 15.0 14.0 13.0 12.0 11.0 10.0 9.0 8.0 7.0 6.0 5.0 4.0 3.0 2.0 1.0 0.0 1.0 2.0 3.0 4.0 5.0 6.0 7.0 8.0 9.0 10.0 11.0 12.0 13.0 14.0 15.0 16.0 17.0 18.0 19.0 20.0 21.0 22.0 23.0 24.0 25.0 26.0 27.0 28.0 
28.0 29.0 30.0 31.0 32.0 31.0 30.0 29.0 28.0 27.0 26.0 25.0 24.0 23.0 22.0 21.0 20.0 19.0 18.0 17.0 16.0 15.0 14.0 13.0 12.0 11.0 10.0 9.0 8.0 7.0 6.0 5.0 4.0 3.0 2.0 1.0 0.0 1.0 2.0 3.0 4.0 5.0 6.0 7.0 8.0 9.0 10.0 11.0 12.0 13.0 14.0 15.0 16.0 17.0 18.0 19.0 20.0 21.0 22.0 23.0 24.0 25.0 26.0 27.0 
27.0 28.0 29.0 30.0 31.0 32.0 31.0 30.0 29.0 28.0 27.0 26.0 25.0 24.0 23.0 22.0 21.0 20.0 19.0 18.0 17.0 16.0 15.0 14.0 13.0 12.0 11.0 10.0 9.0 8.0 7.0 6.0 5.0 4.0 3.0 2.0 1.0 0.0 1.0 2.0 3.0 4.0 5.0 6.0 7.0 8.0 9.0 10.0 11.0 12.0 13.0 14.0 15.0 16.0 17.0 18.0 19.0 20.0 21.0 22.0 23.0 24.0 25.0 26.0 
26.0 27.0 28.0 29.0 30.0 31.0 32.0 31.0 30.0 29.0 28.0 27.0 26.0 25.0 24.0 23.0 22.0 21.0 20.0 19.0 18.0 17.0 16.0 15.0 14.0 13.0 12.0 11.0 10.0 9.0 8.0 7.0 6.0 5.0 4.0 3.0 2.0 1.0 0.0 1.0 2.0 3.0 4.0 5.0 6.0 7.0 8.0 9.0 10.0 11.0 12.0 13.0 14.0 15.0 16.0 17.0 18.0 19.0 20.0 21.0 22.0 23.0 24.0 25.0 
25.0 26.0 27.0 28.0 29.0 30.0 31.0 32.0 31.0 30.0 29.0 28.0 27.0 26.0 25.0 24.0 23.0 22.0 21.0 20.0 19.0 18.0 17.0 16.0 15.0 14.0 13.0 12.0 11.0 10.0 9.0 8.0 7.0 6.0 5.0 4.0 3.0 2.0 1.0 0.0 1.0 2.0 3.0 4.0 5.0 6.0 7.0 8.0 9.0 10.0 11.0 12.0 13.0 14.0 15.0 16.0 17.0 18.0 19.0 20.0 21.0 22.0 23.0 24.0 
24.0 25.0 26.0 27.0 28.0 29.0 30.0 31.0 32.0 31.0 30.0 29.0 28.0 27.0 26.0 25.0 24.0 23.0 22.0 21.0 20.0 19.0 18.0 17.0 16.0 15.0 14.0 13.0 12.0 11.0 10.0 9.0 8.0 7.0 6.0 5.0 4.0 3.0 2.0 1.0 0.0 1.0 2.0 3.0 4.0 5.0 6.0 7.0 8.0 9.0 10.0 11.0 12.0 13.0 14.0 15.0 16.0 17.0 18.0 19.0 20.0 21.0 22.0 23.0 
23.0 24.0 25.0 26.0 27.0 28.0 29.0 30.0 31.0 32.0 31.0 30.0 29.0 28.0 27.0 26.0 25.0 24.0 23.0 22.0 21.0 20.0 19.0 18.0 17.0 16.0 15.0 14.0 13.0 12.0 11.0 10.0 9.0 8.0 7.0 6.0 5.0 4.0 3.0 2.0 1.0 0.0 1.0 2.0 3.0 4.0 5.0 6.0 7.0 8.0 9.0 10.0 11.0 12.0 13.0 14.0 15.0 16.0 17.0 18.0 19.0 20.0 21.0 22.0 
22.0 23.0 24.0 25.0 26.0 27.0 28.0 29.0 30.0 31.0 32.0 31.0 30.0 29.0 28.0 27.0 26.0 25.0 24.0 23.0 22.0 21.0 20.0 19.0 18.0 17.0 16.0 15.0 14.0 13.0 12.0 11.0 10.0 9.0 8.0 7.0 6.0 5.0 4.0 3.0 2.0 1.0 0.0 1.0 2.0 3.0 4.0 5.0 6.0 7.0 8.0 9.0 10.0 11.0 12.0 13.0 14.0 15.0 16.0 17.0 18.0 19.0 20.0 21.0 
21.0 22.0 23.0 24.0 25.0 26.0 27.0 28.0 29.0 30.0 31.0 32.0 31.0 30.0 29.0 28.0 27.0 26.0 25.0 24.0 23.0 22.0 21.0 20.0 19.0 18.0 17.0 16.0 15.0 14.0 13.0 12.0 11.0 10.0 9.0 8.0 7.0 6.0 5.0 4.0 3.0 2.0 1.0 0.0 1.0 2.0 3.0 4.0 5.0 6.0 7.0 8.0 9.0 10.0 11.0 12.0 13.0 14.0 15.0 16.0 17.0 18.0 19.0 20.0 
20.0 21.0 22.0 23.0 24.0 25.0 26.0 27.0 28.0 29.0 30.0 31.0 32.0 31.0 30.0 29.0 28.0 27.0 26.0 25.0 24.0 23.0 22.0 21.0 20.0 19.0 18.0 17.0 16.0 15.0 14.0 13.0 12.0 11.0 10.0 9.0 8.0 7.0 6.0 5.0 4.0 3.0 2.0 1.0 0.0 1.0 2.0 3.0 4.0 5.0 6.0 7.0 8.0 9.0 10.0 11.0 12.0 13.0 14.0 15.0 16.0 17.0 18.0 19.0 
19.0 20.0 21.0 22.0 23.0 24.0 25.0 26.0 27.0 28.0 29.0 30.0 31.0 32.0 31.0 30.0 29.0 28.0 27.0 26.0 25.0 24.0 23.0 22.0 21.0 20.0 19.0 18.0 17.0 16.0 15.0 14.0 13.0 12.0 11.0 10.0 9.0 8.0 7.0 6.0 5.0 4.0 3.0 2.0 1.0 0.0 1.0 2.0 3.0 4.0 5.0 6.0 7.0 8.0 9.0 10.0 11.0 12.0 13.0 14.0 15.0 16.0 17.0 18.0 
18.0 19.0 20.0 21.0 22.0 23.0 24.0 25.0 26.0 27.0 28.0 29.0 30.0 31.0 32.0 31.0 30.0 29.0 28.0 27.0 26.0 25.0 24.0 23.0 22.0 21.0 20.0 19.0 18.0 17.0 16.0 15.0 14.0 13.0 12.0 11.0 10.0 9.0 8.0 7.0 6.0 5.0 4.0 3.0 2.0 1.0 0.0 1.0 2.0 3.0 4.0 5.0 6.0 7.0 8.0 9.0 10.0 11.0 12.0 13.0 14.0 15.0 16.0 17.0 
17.0 18.0 19.0 20.0 21.0 22.0 23.0 24.0 25.0 26.0 27.0 28.0 29.0 30.0 31.0 32.0 31.0 30.0 29.0 28.0 27.0 26.0 25.0 24.0 23.0 22.0 21.0 20.0 19.0 18.0 17.0 16.0 15.0 14.0 13.0 12.0 11.0 10.0 9.0 8.0 7.0 6.0 5.0 4.0 3.0 2.0 1.0 0.0 1.0 2.0 3.0 4.0 5.0 6.0 7.0 8.0 9.0 10.0 11.0 12.0 13.0 14.0 15.0 16.0 
16.0 17.0 18.0 19.0 20.0 21.0 22.0 23.0 24.0 25.0 26.0 27.0 28.0 29.0 30.0 31.0 32.0 31.0 30.0 29.0 28.0 27.0 26.0 25.0 24.0 23.0 22.0 21.0 20.0 19.0 18.0 17.0 16.0 15.0 14.0 13.0 12.0 11.0 10.0 9.0 8.0 7.0 6.0 5.0 4.0 3.0 2.0 1.0 0.0 1.0 2.0 3.0 4.0 5.0 6.0 7.0 8.0 9.0 10.0 11.0 12.0 13.0 14.0 15.0 
15.0 16.0 17.0 18.0 19.0 20.0 21.0 22.0 23.0 24.0 25.0 26.0 27.0 28.0 29.0 30.0 31.0 32.0 31.0 30.0 29.0 28.0 27.0 26.0 25.0 24.0 23.0 22.0 21.0 20.0 19.0 18.0 17.0 16.0 15.0 14.0 13.0 12.0 11.0 10.0 9.0 8.0 7.0 6.0 5.0 4.0 3.0 2.0 1.0 0.0 1.0 2.0 3.0 4.0 5.0 6.0 7.0 8.0 9.0 10.0 11.0 12.0 13.0 14.0 
14.0 15.0 16.0 17.0 18.0 19.0 20.0 21.0 22.0 23.0 24.0 25.0 26.0 27.0 28.0 29.0 30.0 31.0 32.0 31.0 30.0 29.0 28.0 27.0 26.0 25.0 24.0 23.0 22.0 21.0 20.0 19.0 18.0 17.0 16.0 15.0 14.0 13.0 12.0 11.0 10.0 9.0 8.0 7.0 6.0 5.0 4.0 3.0 2.0 1.0 0.0 1.0 2.0 3.0 4.0 5.0 6.0 7.0 8.0 9.0 10.0 11.0 12.0 13.0 
13.0 14.0 15.0 16.0 17.0 18.0 19.0 20.0 21.0 22.0 23.0 24.0 25.0 26.0 27.0 28.0 29.0 30.0 31.0 32.0 31.0 30.0 29.0 28.0 27.0 26.0 25.0 24.0 23.0 22.0 21.0 20.0 19.0 18.0 17.0 16.0 15.0 14.0 13.0 12.0 11.0 10.0 9.0 8.0 7.0 6.0 5.0 4.0 3.0 2.0 1.0 0.0 1.0 2.0 3.0 4.0 5.0 6.0 7.0 8.0 9.0 10.0 11.0 12.0 
12.0 13.0 14.0 15.0 16.0 17.0 18.0 19.0 20.0 21.0 22.0 23.0 24.0 25.0 26.0 27.0 28.0 29.0 30.0 31.0 32.0 31.0 30.0 29.0 28.0 27.0 26.0 25.0 24.0 23.0 22.0 21.0 20.0 19.0 18.0 17.0 16.0 15.0 14.0 13.0 12.0 11.0 10.0 9.0 8.0 7.0 6.0 5.0 4.0 3.0 2.0 1.0 0.0 1.0 2.0 3.0 4.0 5.0 6.0 7.0 8.0 9.0 10.0 11.0 
11.0 12.0 13.0 14.0 15.0 16.0 17.0 18.0 19.0 20.0 21.0 22.0 23.0 24.0 25.0 26.0 27.0 28.0 29.0 30.0 31.0 32.0 31.0 30.0 29.0 28.0 27.0 26.0 25.0 24.0 23.0 22.0 21.0 20.0 19.0 18.0 17.0 16.0 15.0 14.0 13.0 12.0 11.0 10.0 9.0 8.0 7.0 6.0 5.0 4.0 3.0 2.0 1.0 0.0 1.0 2.0 3.0 4.0 5.0 6.0 7.0 8.0 9.0 10.0 
10.0 11.0 12.0 13.0 14.0 15.0 16.0 17.0 18.0 19.0 20.0 21.0 22.0 23.0 24.0 25.0 26.0 27.0 28.0 29.0 30.0 31.0 32.0 31.0 30.0 29.0 28.0 27.0 26.0 25.0 24.0 23.0 22.0 21.0 20.0 19.0 18.0 17.0 16.0 15.0 14.0 13.0 12.0 11.0 10.0 9.0 8.0 7.0 6.0 5.0 4.0 3.0 2.0 1.0 0.0 1.0 2.0 3.0 4.0 5.0 6.0 7.0 8.0 9.0 
9.0 10.0 11.0 12.0 13.0 14.0 15.0 16.0 17.0 18.0 19.0 20.0 21.0 22.0 23.0 24.0 25.0 26.0 27.0 28.0 29.0 30.0 31.0 32.0 31.0 30.0 29.0 28.0 27.0 26.0 25.0 24.0 23.0 22.0 21.0 20.0 19.0 18.0 17.0 16.0 15.0 14.0 13.0 12.0 11.0 10.0 9.0 8.0 7.0 6.0 5.0 4.0 3.0 2.0 1.0 0.0 1.0 2.0 3.0 4.0 5.0 6.0 7.0 8.0 
8.0 9.0 10.0 11.0 12.0 13.0 14.0 15.0 16.0 17.0 18.0 19.0 20.0 21.0 22.0 23.0 24.0 25.0 26.0 27.0 28.0 29.0 30.0 31.0 32.0 31.0 30.0 29.0 28.0 27.0 26.0 25.0 24.0 23.0 22.0 21.0 20.0 19.0 18.0 17.0 16.0 15.0 14.0 13.0 12.0 11.0 10.0 9.0 8.0 7.0 6.0 5.0 4.0 3.0 2.0 1.0 0.0 1.0 2.0 3.0 4.0 5.0 6.0 7.0 
7.0 8.0 9.0 10.0 11.0 12.0 13.0 14.0 15.0 16.0 17.0 18.0 19.0 20.0 21.0 22.0 23.0 24.0 25.0 26.0 27.0 28.0 29.0 30.0 31.0 32.0 31.0 30.0 29.0 28.0 27.0 26.0 25.0 24.0 23.0 22.0 21.0 20.0 19.0 18.0 17.0 16.0 15.0 14.0 13.0 12.0 11.0 10.0 9.0 8.0 7.0 6.0 5.0 4.0 3.0 2.0 1.0 0.0 1.0 2.0 3.0 4.0 5.0 6.0 
6.0 7.0 8.0 9.0 10.0 11.0 12.0 13.0 14.0 15.0 16.0 17.0 18.0 19.0 20.0 21.0 22.0 23.0 24.0 25.0 26.0 27.0 28.0 29.0 30.0 31.0 32.0 31.0 30.0 29.0 28.0 27.0 26.0 25.0 24.0 23.0 22.0 21.0 20.0 19.0 18.0 17.0 16.0 15.0 14.0 13.0 12.0 11.0 10.0 9.0 8.0 7.0 6.0 5.0 4.0 3.0 2.0 1.0 0.0 1.0 2.0 3.0 4.0 5.0 
5.0 6.0 7.0 8.0 9.0 10.0 11.0 12.0 13.0 14.0 15.0 16.0 17.0 18.0 19.0 20.0 21.0 22.0 23.0 24.0 25.0 26.0 27.0 28.0 29.0 30.0 31.0 32.0 31.0 30.0 29.0 28.0 27.0 26.0 25.0 24.0 23.0 22.0 21.0 20.0 19.0 18.0 17.0 16.0 15.0 14.0 13.0 12.0 11.0 10.0 9.0 8.0 7.0 6.0 5.0 4.0 3.0 2.0 1.0 0.0 1.0 2.0 3.0 4.0 
4.0 5.0 6.0 7.0 8.0 9.0 10.0 11.0 12.0 13.0 14.0 15.0 16.0 17.0 18.0 19.0 20.0 21.0 22.0 23.0 24.0 25.0 26.0 27.0 28.0 29.0 30.0 31.0 32.0 31.0 30.0 29.0 28.0 27.0 26.0 25.0 24.0 23.0 22.0 21.0 20.0 19.0 18.0 17.0 16.0 15.0 14.0 13.0 12.0 11.0 10.0 9.0 8.0 7.0 6.0 5.0 4.0 3.0 2.0 1.0 0.0 1.0 2.0 3.0 
3.0 4.0 5.0 6.0 7.0 8.0 9.0 10.0 11.0 12.0 13.0 14.0 15.0 16.0 17.0 18.0 19.0 20.0 21.0 22.0 23.0 24.0 25.0 26.0 27.0 28.0 29.0 30.0 31.0 32.0 31.0 30.0 29.0 28.0 27.0 26.0 25.0 24.0 23.0 22.0 21.0 20.0 19.0 18.0 17.0 16.0 15.0 14.0 13.0 12.0 11.0 10.0 9.0 8.0 7.0 6.0 5.0 4.0 3.0 2.0 1.0 0.0 1.0 2.0 
2.0 3.0 4.0 5.0 6.0 7.0 8.0 9.0 10.0 11.0 12.0 13.0 14.0 15.0 16.0 17.0 18.0 19.0 20.0 21.0 22.0 23.0 24.0 25.0 26.0 27.0 28.0 29.0 30.0 31.0 32.0 31.0 30.0 29.0 28.0 27.0 26.0 25.0 24.0 23.0 22.0 21.0 20.0 19.0 18.0 17.0 16.0 15.0 14.0 13.0 12.0 11.0 10.0 9.0 8.0 7.0 6.0 5.0 4.0 3.0 2.0 1.0 0.0 1.0 
1.0 2.0 3.0 4.0 5.0 6.0 7.0 8.0 9.0 10.0 11.0 12.0 13.0 14.0 15.0 16.0 17.0 18.0 19.0 20.0 21.0 22.0 23.0 24.0 25.0 26.0 27.0 28.0 29.0 30.0 31.0 32.0 31.0 30.0 29.0 28.0 27.0 26.0 25.0 24.0 23.0 22.0 21.0 20.0 19.0 18.0 17.0 16.0 15.0 14.0 13.0 12.0 11.0 10.0 9.0 8.0 7.0 6.0 5.0 4.0 3.0 2.0 1.0 0.0 