64
83 33 27 93 41 7 29 53 39 15 5 66 86 7 69 85 32 37 16 73 33 7 27 97 98 52 77 5 69 92 36 21 62 89 92 48 82 49 90 99 65 67 27 76 86 37 80 62 70 60 34 2 81 11 18 88 74 92 8 46 98 58 2 51 
17 60 49 9 51 11 54 36 84 42 79 78 56 43 93 55 68 92 49 13 5 42 92 80 7 92 41 79 27 52 8 57 14 53 42 22 24 43 9 97 32 89 19 79 89 51 22 29 53 11 80 34 85 67 95 62 68 76 78 32 85 60 78 37 
72 10 51 57 21 88 79 89 16 97 59 72 32 74 60 55 12 100 75 74 39 90 82 70 30 38 16 10 99 50 83 43 100 96 46 27 72 56 80 83 59 86 90 91 51 77 31 90 87 71 44 88 38 36 25 20 16 16 47 20 65 25 75 51 
69 35 59 56 86 74 69 73 88 2 28 9 69 63 1 68 93 19 9 48 74 3 73 74 78 88 94 78 36 53 97 33 26 98 1 39 95 35 45 77 81 67 41 21 14 31 81 33 85 49 15 34 22 37 35 91 80 93 5 88 98 78 15 42 
27 53 78 4 16 93 19 95 86 29 42 78 51 26 59 26 69 52 2 48 77 29 51 94 80 50 40 31 38 6 78 53 43 96 44 98 16 63 99 64 73 11 43 46 57 74 79 41 44 49 11 45 63 11 23 46 52 70 26 16 45 42 16 55 
70 89 67 26 15 43 88 10 12 48 57 56 75 29 85 34 49 4 15 82 88 48 65 90 93 51 46 31 26 73 22 29 13 25 89 97 14 94 83 24 88 36 82 70 15 64 1 39 76 60 35 66 70 60 77 55 83 47 98 60 9 41 95 99 
62 22 6 10 52 54 46 91 88 80 9 27 52 4 12 11 95 60 11 34 8 90 31 91 39 51 84 18 7 90 48 98 45 17 100 21 78 45 73 23 67 8 80 28 38 85 89 81 47 56 57 20 35 28 99 10 81 20 79 70 7 61 77 5 
32 79 84 34 18 38 13 14 32 75 84 67 34 85 93 69 12 67 54 54 33 33 49 7 37 49 72 26 2 82 57 68 97 63 23 77 50 54 21 93 71 24 61 63 91 87 18 41 39 97 69 50 8 69 69 58 4 28 43 100 24 59 69 85 
72 41 28 97 60 92 38 6 88 62 37 51 36 20 57 39 59 45 72 26 68 85 63 22 18 31 68 41 23 15 68 91 6 42 6 86 37 24 11 99 56 75 98 54 91 41 54 19 28 31 11 11 12 35 26 4 44 17 87 45 82 46 46 6 
38 86 56 7 16 45 90 39 66 57 25 50 22 76 14 68 59 24 25 36 25 53 34 35 74 51 78 2 19 54 37 12 60 64 27 53 3 49 71 87 100 31 75 88 42 80 49 87 19 79 50 42 15 73 70 89 48 61 9 68 15 14 8 69 
30 65 3 15 53 49 18 63 49 66 37 67 31 32 70 21 18 28 10 4 25 68 34 59 65 72 53 67 8 67 54 23 58 55 56 68 77 58 4 88 19 8 34 59 70 24 51 27 52 63 49 10 41 64 22 60 2 11 37 84 54 64 62 12 
90 94 86 88 16 15 66 79 40 16 69 31 48 15 18 44 66 72 88 12 64 23 55 21 55 25 11 76 63 31 55 82 36 49 66 10 63 10 89 19 56 15 47 64 35 63 47 86 62 97 65 81 93 21 75 65 49 100 17 49 26 14 41 61 
13 90 2 9 82 24 79 5 57 3 48 53 61 42 67 99 28 81 67 43 38 41 71 44 99 17 90 56 66 73 28 26 45 78 53 41 9 29 22 78 4 50 50 14 54 55 76 70 17 29 78 15 28 67 85 60 86 39 41 69 49 24 46 29 
14 1 71 88 45 71 21 2 99 81 14 94 36 83 85 51 26 79 10 21 97 23 48 37 27 90 73 72 45 25 27 25 43 34 96 31 71 68 3 73 89 69 67 28 21 39 12 97 12 11 85 47 13 90 95 57 41 13 12 95 52 61 65 9 
80 59 39 47 3 88 31 71 34 40 4 57 81 75 67 49 74 22 66 65 60 23 39 10 69 89 48 65 56 59 54 72 72 34 34 76 7 18 76 33 42 74 39 8 2 99 31 58 23 60 48 89 38 29 35 15 78 92 63 22 42 25 89 95 
89 74 6 58 1 90 66 28 84 42 68 57 13 28 64 25 71 57 52 11 16 63 66 38 21 80 77 17 10 86 53 28 93 11 87 10 97 49 74 32 17 77 90 38 4 4 24 90 78 22 3 81 16 61 89 67 62 88 97 13 94 61 81 76 
41 33 6 22 16 28 38 54 85 67 16 75 64 50 71 48 59 63 75 19 37 49 59 75 84 60 40 15 66 51 28 89 73 41 9 94 50 46 82 19 57 89 12 9 6 94 53 12 54 10 54 50 59 77 72 57 52 75 18 82 32 88 90 7 
44 3 87 14 71 80 96 9 55 48 10 88 37 28 17 64 54 100 26 74 26 60 79 33 29 42 71 53 95 94 78 19 41 25 28 43 98 43 71 71 83 59 46 6 77 16 83 87 1 44 65 86 67 24 3 75 24 47 57 77 2 97 76 97 
34 54 31 36 16 87 86 87 50 80 39 77 41 40 91 33 17 77 26 87 74 85 82 57 43 72 32 12 97 83 69 92 7 87 89 37 30 79 71 12 16 72 24 37 99 59 18 83 75 58 14 91 69 43 56 83 48 39 11 34 61 86 77 98 
64 82 93 10 79 81 96 36 69 11 93 32 84 62 71 97 42 91 3 70 28 100 16 66 14 27 20 60 80 14 67 24 73 24 35 4 72 39 84 5 32 99 57 58 64 92 63 60 56 78 78 29 69 19 90 73 63 70 95 49 63 99 8 26 
67 49 3 36 22 71 50 44 89 9 88 46 37 68 95 94 16 40 52 64 40 47 28 44 58 79 30 59 46 12 11 12 74 88 30 30 12 77 60 21 50 33 52 96 15 26 3 61 45 5 76 46 39 85 43 42 84 94 24 27 65 46 60 87 
45 22 98 35 12 3 82 66 16 49 35 66 43 3 63 97 75 1 37 23 15 46 82 87 27 61 26 61 7 42 64 47 96 81 50 60 30 75 31 33 24 19 49 26 12 82 45 81 32 98 51 33 7 18 57 86 30 88 81 100 41 59 52 85 
75 29 50 72 47 14 61 26 30 90 59 57 92 64 43 69 21 10 35 32 67 77 81 99 16 31 51 19 47 68 58 64 69 74 66 4 75 17 12 14 88 96 92 6 31 54 38 81 78 53 83 16 4 70 20 19 47 86 90 47 26 24 56 63 
24 24 53 27 7 89 88 65 22 82 70 45 91 98 35 63 7 75 43 69 92 5 9 35 67 19 70 67 81 58 57 26 36 73 66 13 11 59 10 65 90 40 78 65 59 63 77 56 4 2 57 98 74 75 23 7 95 83 93 64 100 44 89 31 
14 43 81 28 37 56 20 80 87 18 87 91 54 48 9 50 73 12 20 30 33 94 28 44 12 79 29 63 65 4 93 27 20 72 45 19 86 70 62 51 97 91 62 15 10 22 48 26 26 39 31 13 94 82 78 29 73 38 57 58 16 52 59 49 
36 46 40 10 84 59 24 95 58 92 67 87 12 93 45 4 92 70 18 40 27 69 80 1 52 26 45 92 80 6 60 63 77 57 25 42 33 55 81 60 2 94 47 90 94 23 70 35 7 51 14 32 88 94 2 42 33 47 37 59 94 27 51 22 
85 63 10 9 9 73 66 36 71 9 54 90 92 45 81 46 15 71 89 6 84 63 74 44 30 23 28 100 51 14 2 68 50 32 51 23 20 61 9 26 60 93 52 94 12 60 20 83 11 54 50 39 19 1 50 34 36 63 20 68 43 24 35 42 
36 45 71 3 96 9 35 95 87 81 58 92 79 85 48 78 39 32 15 43 94 83 56 19 12 99 49 10 18 45 86 2 22 86 57 90 53 9 45 12 70 50 55 61 95 25 78 21 62 18 13 70 92 30 80 14 61 55 38 7 44 14 9 83 
51 40 77 14 10 32 98 71 38 15 99 56 14 8 11 50 2 79 52 13 27 76 18 94 51 51 100 22 7 40 98 73 25 26 63 43 99 76 71 15 89 78 72 96 75 64 100 15 18 48 39 24 34 44 51 95 24 20 78 81 75 52 36 1 
5 74 94 39 84 10 93 30 4 4 10 48 23 81 64 76 17 76 40 66 57 69 65 56 62 62 58 95 69 43 60 86 53 98 60 32 71 59 57 67 1 41 37 37 86 81 82 67 35 58 87 31 31 11 17 74 41 72 62 86 16 53 24 50 
21 18 20 25 32 46 11 77 35 100 29 5 16 76 58 4 25 5 27 56 74 31 21 93 28 100 15 4 90 11 57 71 8 48 86 12 22 42 19 86 88 36 91 85 57 99 29 91 61 42 39 40 87 82 29 32 12 15 30 91 82 26 72 31 
55 32 19 99 79 51 26 17 90 34 19 69 84 27 32 77 9 96 43 97 10 56 99 72 50 18 1 82 78 76 72 99 65 59 50 44 39 85 28 39 30 38 11 7 84 93 43 80 99 20 45 51 92 4 69 24 75 10 12 14 55 45 93 1 
29 79 76 31 29 64 8 45 100 82 87 47 94 5 22 53 81 70 4 4 27 5 100 56 36 78 13 56 2 21 70 3 88 68 27 70 83 69 50 13 82 86 1 55 62 53 43 23 14 28 15 30 27 82 4 97 44 100 44 49 88 61 13 4 
49 43 35 63 41 9 40 54 95 2 53 56 30 14 10 43 3 47 60 58 93 57 86 82 48 55 94 44 10 87 17 3 75 87 60 82 32 91 32 65 95 1 17 76 33 83 59 46 31 10 54 2 52 29 83 86 42 86 95 29 93 34 81 91 
27 73 33 60 96 99 11 83 58 43 56 95 49 54 45 91 34 71 84 91 29 18 86 82 22 8 59 74 59 23 73 22 60 79 30 56 85 50 45 3 13 81 49 82 82 41 79 49 86 43 42 50 22 28 54 36 12 22 73 34 36 17 84 4 
93 25 85 95 77 85 84 11 16 99 41 15 55 16 77 50 3 56 5 47 21 57 73 54 18 82 50 53 56 1 5 87 33 21 11 27 3 54 52 22 53 52 81 74 61 10 35 72 80 23 88 4 87 100 36 1 95 65 23 15 18 93 24 82 
72 98 3 59 44 72 66 52 36 84 64 99 53 47 52 65 39 66 98 40 9 20 5 85 25 67 33 62 54 30 7 40 49 76 30 35 23 61 45 21 47 23 30 97 51 52 61 79 61 71 46 87 29 40 13 7 31 59 1 87 14 37 58 12 
26 97 43 7 71 3 19 27 99 92 21 65 66 23 70 25 25 91 87 82 16 70 47 37 40 73 27 77 18 69 17 40 23 81 40 86 83 39 20 75 16 30 15 69 88 63 82 87 89 24 38 72 10 16 45 10 40 48 39 63 59 70 68 77 
25 55 11 7 87 38 94 85 13 6 82 88 100 23 41 13 31 24 21 49 8 23 5 75 65 22 40 7 71 77 56 29 20 89 52 51 66 36 42 16 23 59 43 33 33 30 5 29 27 60 14 33 73 54 4 56 67 50 67 7 29 45 70 99 
90 33 64 44 86 23 78 86 7 27 41 28 29 39 87 1 24 90 50 6 81 17 73 6 94 34 59 75 17 56 78 28 63 86 34 28 17 19 89 34 78 54 48 65 97 25 11 32 56 15 15 65 50 97 90 39 28 43 58 36 4 41 88 71 
26 13 95 65 59 97 1 81 31 69 82 95 43 75 75 14 55 90 50 2 84 17 8 44 26 90 36 27 74 32 27 96 73 58 26 14 99 40 46 40 49 11 60 100 38 13 23 98 82 30 71 47 96 69 33 29 84 30 17 80 34 97 52 8 
45 93 27 74 4 37 72 82 44 76 19 53 47 84 56 23 26 81 79 31 60 18 72 56 14 26 28 53 26 51 58 19 44 34 22 49 49 67 42 72 7 56 38 86 35 2 85 74 94 22 12 17 50 51 85 81 60 96 7 86 24 78 71 83 
13 95 16 50 7 33 9 43 75 38 61 40 74 84 94 80 20 32 85 76 57 32 100 50 92 87 1 24 36 36 8 29 19 6 74 74 77 56 16 69 37 73 81 96 4 70 72 85 48 32 69 42 4 53 84 94 24 35 32 98 5 2 3 94 
2 51 11 20 98 97 45 48 28 81 93 13 13 55 68 88 47 36 78 32 61 61 44 95 66 29 27 51 7 14 4 47 29 64 99 35 12 68 1 95 52 35 50 42 41 78 31 76 74 44 92 3 81 4 62 53 87 13 58 15 10 79 4 94 
33 38 64 56 66 86 44 57 29 11 97 12 4 39 72 10 94 95 71 71 58 14 76 71 14 84 20 28 46 13 76 49 38 2 83 78 68 88 36 56 74 100 92 89 89 77 57 92 26 70 24 7 53 72 63 20 43 18 64 46 10 3 45 94 
43 60 27 95 29 47 24 100 95 41 89 16 40 61 49 82 56 35 44 86 94 40 43 27 33 57 18 55 1 38 45 16 24 37 97 28 91 60 73 30 98 19 37 51 42 7 59 87 95 7 27 22 86 42 45 49 30 12 12 86 100 77 81 50 
65 83 100 71 2 8 22 35 70 59 46 64 68 60 97 12 56 18 29 55 100 92 84 87 2 98 28 6 12 39 93 81 55 73 98 89 4 37 40 53 25 10 73 52 44 32 97 87 18 32 30 78 18 41 58 97 37 20 19 86 67 94 85 85 
5 27 21 65 10 92 49 16 93 38 13 12 91 41 16 84 95 85 43 84 83 76 27 67 71 15 77 87 76 51 2 83 40 85 4 31 55 49 83 63 69 63 78 96 76 80 23 57 56 97 9 25 96 28 29 27 66 67 90 6 77 79 10 30 
85 48 37 30 49 29 97 74 58 98 56 97 87 62 8 35 28 95 86 44 52 85 18 92 36 58 26 88 87 84 96 10 31 43 18 73 100 27 52 54 12 4 22 71 48 18 89 87 39 31 9 69 44 58 53 2 27 71 51 11 72 16 85 41 
34 7 15 79 17 10 26 37 12 54 90 19 71 55 1 41 73 38 83 27 20 97 31 7 99 38 93 97 33 43 34 70 30 69 32 18 69 32 7 17 53 78 59 14 54 86 93 69 20 2 56 14 13 19 93 82 21 30 27 33 90 9 92 90 
72 71 48 59 87 77 71 23 81 1 56 63 12 96 6 17 100 85 90 55 53 29 38 77 54 48 78 51 12 46 99 55 56 70 26 32 98 81 79 40 90 67 3 37 48 21 96 21 71 77 9 83 55 59 12 41 72 52 15 89 63 31 73 5 
54 95 40 91 89 49 14 69 93 44 73 41 76 32 25 52 71 71 7 11 59 2 20 35 47 38 62 20 84 47 13 63 12 56 32 66 1 74 39 66 89 86 52 40 23 4 58 25 94 34 66 3 41 14 81 71 17 39 7 35 78 76 74 95 
54 87 30 49 86 59 59 44 13 67 13 75 19 28 89 90 56 12 94 15 12 29 24 89 13 46 11 52 52 52 75 7 65 21 34 12 46 34 50 65 20 75 87 66 86 70 92 71 15 83 62 63 12 19 5 5 83 95 91 29 83 35 96 51 
6 74 35 63 93 44 90 39 20 18 100 73 73 34 49 73 42 96 38 82 98 32 49 18 23 33 74 52 72 89 74 48 65 35 4 62 31 15 97 15 50 70 93 93 9 15 76 36 38 22 82 97 25 80 36 7 72 39 20 19 94 85 8 94 
10 35 38 41 65 17 42 62 100 84 84 6 71 78 39 20 26 4 85 67 98 25 12 36 52 85 33 14 2 60 20 71 66 8 77 59 89 36 25 84 48 91 4 11 39 19 58 24 51 70 20 34 67 75 10 47 38 95 69 7 95 13 81 74 
8 68 75 77 56 100 16 56 26 48 84 30 15 4 96 14 71 100 52 93 16 21 68 61 4 82 10 78 30 61 88 5 33 29 68 58 33 40 86 34 87 80 53 77 53 97 74 56 51 34 24 77 76 54 26 72 33 22 20 90 69 15 19 1 
87 2 46 55 92 67 65 41 82 96 22 18 77 64 23 22 94 54 56 97 30 68 55 30 53 24 20 34 83 14 49 34 88 29 17 65 90 75 43 42 82 96 66 34 69 37 10 22 46 32 67 23 20 55 46 94 89 1 71 65 23 28 12 82 
67 62 43 14 21 79 72 23 16 86 22 75 55 37 24 56 11 12 85 61 72 39 7 90 34 32 94 8 53 38 7 40 99 29 41 55 82 7 52 15 61 60 76 34 41 85 60 66 12 92 91 47 27 76 48 4 74 44 52 97 32 63 84 14 
7 82 33 45 48 19 30 9 67 63 28 16 68 29 39 30 52 98 32 58 64 38 85 74 21 76 16 44 6 63 84 20 15 88 56 53 96 47 50 85 9 87 12 55 19 44 11 13 8 21 96 11 30 1 52 57 54 11 60 50 10 2 9 33 
26 76 97 67 91 74 51 67 5 38 27 22 69 15 15 6 11 29 91 33 80 8 19 24 25 35 3 68 30 71 32 99 59 71 88 22 76 80 57 2 89 87 79 48 34 12 79 15 76 55 76 73 96 4 90 36 96 52 69 59 58 86 43 35 
10 20 14 50 14 79 64 38 41 81 1 66 34 74 87 67 73 38 28 79 68 92 95 37 76 12 67 83 33 9 61 70 83 87 44 12 26 38 62 49 3 6 78 42 82 71 61 100 28 98 91 59 8 60 70 33 9 90 60 14 13 45 65 87 
30 94 85 66 77 79 75 79 19 100 45 63 98 35 82 36 97 21 71 94 17 57 21 28 45 50 28 99 84 3 66 14 49 16 97 87 22 43 70 84 61 48 74 62 99 22 27 36 59 56 51 2 59 51 78 7 69 40 66 72 23 80 17 36 
30 85 35 57 51 22 41 80 87 2 45 52 64 34 75 24 51 12 55 18 76 83 25 68 11 5 27 28 27 53 73 48 37 42 32 27 9 31 52 19 60 55 29 47 15 27 43 81 38 66 15 62 42 48 83 43 20 94 35 57 3 1 57 30 
8 83 45 18 97 55 93 96 39 65 50 58 53 21 64 79 67 86 61 6 51 41 73 88 58 4 92 65 64 52 25 83 12 21 87 7 11 76 61 33 55 49 39 74 58 91 64 70 30 89 38 6 78 43 50 45 70 74 6 91 33 96 28 8 
0.0 1.0 2.0 3.0 4.0 5.0 6.0 7.0 8.0 9.0 10.0 11.0 12.0 13.0 14.0 15.0 16.0 17.0 18.0 19.0 20.0 21.0 22.0 23.0 24.0 25.0 26.0 27.0 28.0 29.0 30.0 31.0 32.0 31.0 30.0 29.0 28.0 27.0 26.0 25.0 24.0 23.0 22.0 21.0 20.0 19.0 18.0 17.0 16.0 15.0 14.0 13.0 12.0 11.0 10.0 9.0 8.0 7.0 6.0 5.0 4.0 3.0 2.0 1.0 
1.0 0.0 1.0 2.0 3.0 4.0 5.0 6.0 7.0 8.0 9.0 10.0 11.0 12.0 13.0 14.0 15.0 16.0 17.0 18.0 19.0 20.0 21.0 22.0 23.0 24.0 25.0 26.0 27.0 28.0 29.0 30.0 31.0 32.0 31.0 30.0 29.0 28.0 27.0 26.0 25.0 24.0 23.0 22.0 21.0 20.0 19.0 18.0 17.0 16.0 15.0 14.0 13.0 12.0 11.0 10.0 9.0 8.0 7.0 6.0 5.0 4.0 3.0 2.0 
2.0 1.0 0.0 1.0 2.0 3.0 4.0 5.0 6.0 7.0 8.0 9.0 10.0 11.0 12.0 13.0 14.0 15.0 16.0 17.0 18.0 19.0 20.0 21.0 22.0 23.0 24.0 25.0 26.0 27.0 28.0 29.0 30.0 31.0 32.0 31.0 30.0 29.0 28.0 27.0 26.0 25.0 24.0 23.0 22.0 21.0 20.0 19.0 18.0 17.0 16.0 15.0 14.0 13.0 12.0 11.0 10.0 9.0 8.0 7.0 6.0 5.0 4.0 3.0 
3.0 2.0 1.0 0.0 1.0 2.0 3.0 4.0 5.0 6.0 7.0 8.0 9.0 10.0 11.0 12.0 13.0 14.0 15.0 16.0 17.0 18.0 19.0 20.0 21.0 22.0 23.0 24.0 25.0 26.0 27.0 28.0 29.0 30.0 31.0 32.0 31.0 30.0 29.0 28.0 27.0 26.0 25.0 24.0 23.0 22.0 21.0 20.0 19.0 18.0 17.0 16.0 15.0 14.0 13.0 12.0 11.0 10.0 9.0 8.0 7.0 6.0 5.0 4.0 
4.0 3.0 2.0 1.0 0.0 1.0 2.0 3.0 4.0 5.0 6.0 7.0 8.0 9.0 10.0 11.0 12.0 13.0 14.0 15.0 16.0 17.0 18.0 19.0 20.0 21.0 22.0 23.0 24.0 25.0 26.0 27.0 28.0 29.0 30.0 31.0 32.0 31.0 30.0 29.0 28.0 27.0 26.0 25.0 24.0 23.0 22.0 21.0 20.0 19.0 18.0 17.0 16.0 15.0 14.0 13.0 12.0 11.0 10.0 9.0 8.0 7.0 6.0 5.0 
5.0 4.0 3.0 2.0 1.0 0.0 1.0 2.0 3.0 4.0 5.0 6.0 7.0 8.0 9.0 10.0 11.0 12.0 13.0 14.0 15.0 16.0 17.0 18.0 19.0 20.0 21.0 22.0 23.0 24.0 25.0 26.0 27.0 28.0 29.0 30.0 31.0 32.0 31.0 30.0 29.0 28.0 27.0 26.0 25.0 24.0 23.0 22.0 21.0 20.0 19.0 18.0 17.0 16.0 15.0 14.0 13.0 12.0 11.0 10.0 9.0 8.0 7.0 6.0 
6.0 5.0 4.0 3.0 2.0 1.0 0.0 1.0 2.0 3.0 4.0 5.0 6.0 7.0 8.0 9.0 10.0 11.0 12.0 13.0 14.0 15.0 16.0 17.0 18.0 19.0 20.0 21.0 22.0 23.0 24.0 25.0 26.0 27.0 28.0 29.0 30.0 31.0 32.0 31.0 30.0 29.0 28.0 27.0 26.0 25.0 24.0 23.0 22.0 21.0 20.0 19.0 18.0 17.0 16.0 15.0 14.0 13.0 12.0 11.0 10.0 9.0 8.0 7.0 
7.0 6.0 5.0 4.0 3.0 2.0 1.0 0.0 1.0 2.0 3.0 4.0 5.0 6.0 7.0 8.0 9.0 10.0 11.0 12.0 13.0 14.0 15.0 16.0 17.0 18.0 19.0 20.0 21.0 22.0 23.0 24.0 25.0 26.0 27.0 28.0 29.0 30.0 31.0 32.0 31.0 30.0 29.0 28.0 27.0 26.0 25.0 24.0 23.0 22.0 21.0 20.0 19.0 18.0 17.0 16.0 15.0 14.0 13.0 12.0 11.0 10.0 9.0 8.0 
8.0 7.0 6.0 5.0 4.0 3.0 2.0 1.0 0.0 1.0 2.0 3.0 4.0 5.0 6.0 7.0 8.0 9.0 10.0 11.0 12.0 13.0 14.0 15.0 16.0 17.0 18.0 19.0 20.0 21.0 22.0 23.0 24.0 25.0 26.0 27.0 28.0 29.0 30.0 31.0 32.0 31.0 30.0 29.0 28.0 27.0 26.0 25.0 24.0 23.0 22.0 21.0 20.0 19.0 18.0 17.0 16.0 15.0 14.0 13.0 12.0 11.0 10.0 9.0 
9.0 8.0 7.0 6.0 5.0 4.0 3.0 2.0 1.0 0.0 1.0 2.0 3.0 4.0 5.0 6.0 7.0 8.0 9.0 10.0 11.0 12.0 13.0 14.0 15.0 16.0 17.0 18.0 19.0 20.0 21.0 22.0 23.0 24.0 25.0 26.0 27.0 28.0 29.0 30.0 31.0 32.0 31.0 30.0 29.0 28.0 27.0 26.0 25.0 24.0 23.0 22.0 21.0 20.0 19.0 18.0 17.0 16.0 15.0 14.0 13.0 12.0 11.0 10.0 
10.0 9.0 8.0 7.0 6.0 5.0 4.0 3.0 2.0 1.0 0.0 1.0 2.0 3.0 4.0 5.0 6.0 7.0 8.0 9.0 10.0 11.0 12.0 13.0 14.0 15.0 16.0 17.0 18.0 19.0 20.0 21.0 22.0 23.0 24.0 25.0 26.0 27.0 28.0 29.0 30.0 31.0 32.0 31.0 30.0 29.0 28.0 27.0 26.0 25.0 24.0 23.0 22.0 21.0 20.0 19.0 18.0 17.0 16.0 15.0 14.0 13.0 12.0 11.0 
11.0 10.0 9.0 8.0 7.0 6.0 5.0 4.0 3.0 2.0 1.0 0.0 1.0 2.0 3.0 4.0 5.0 6.0 7.0 8.0 9.0 10.0 11.0 12.0 13.0 14.0 15.0 16.0 17.0 18.0 19.0 20.0 21.0 22.0 23.0 24.0 25.0 26.0 27.0 28.0 29.0 30.0 31.0 32.0 31.0 30.0 29.0 28.0 27.0 26.0 25.0 24.0 23.0 22.0 21.0 20.0 19.0 18.0 17.0 16.0 15.0 14.0 13.0 12.0 
12.0 11.0 10.0 9.0 8.0 7.0 6.0 5.0 4.0 3.0 2.0 1.0 0.0 1.0 2.0 3.0 4.0 5.0 6.0 7.0 8.0 9.0 10.0 11.0 12.0 13.0 14.0 15.0 16.0 17.0 18.0 19.0 20.0 21.0 22.0 23.0 24.0 25.0 26.0 27.0 28.0 29.0 30.0 31.0 32.0 31.0 30.0 29.0 28.0 27.0 26.0 25.0 24.0 23.0 22.0 21.0 20.0 19.0 18.0 17.0 16.0 15.0 14.0 13.0 
13.0 12.0 11.0 10.0 9.0 8.0 7.0 6.0 5.0 4.0 3.0 2.0 1.0 0.0 1.0 2.0 3.0 4.0 5.0 6.0 7.0 8.0 9.0 10.0 11.0 12.0 13.0 14.0 15.0 16.0 17.0 18.0 19.0 20.0 21.0 22.0 23.0 24.0 25.0 26.0 27.0 28.0 29.0 30.0 31.0 32.0 31.0 30.0 29.0 28.0 27.0 26.0 25.0 24.0 23.0 22.0 21.0 20.0 19.0 18.0 17.0 16.0 15.0 14.0 
14.0 13.0 12.0 11.0 10.0 9.0 8.0 7.0 6.0 5.0 4.0 3.0 2.0 1.0 0.0 1.0 2.0 3.0 4.0 5.0 6.0 7.0 8.0 9.0 10.0 11.0 12.0 13.0 14.0 15.0 16.0 17.0 18.0 19.0 20.0 21.0 22.0 23.0 24.0 25.0 26.0 27.0 28.0 29.0 30.0 31.0 32.0 31.0 30.0 29.0 28.0 27.0 26.0 25.0 24.0 23.0 22.0 21.0 20.0 19.0 18.0 17.0 16.0 15.0 
15.0 14.0 13.0 12.0 11.0 10.0 9.0 8.0 7.0 6.0 5.0 4.0 3.0 2.0 1.0 0.0 1.0 2.0 3.0 4.0 5.0 6.0 7.0 8.0 9.0 10.0 11.0 12.0 13.0 14.0 15.0 16.0 17.0 18.0 19.0 20.0 21.0 22.0 23.0 24.0 25.0 26.0 27.0 28.0 29.0 30.0 31.0 32.0 31.0 30.0 29.0 28.0 27.0 26.0 25.0 24.0 23.0 22.0 21.0 20.0 19.0 18.0 17.0 16.0 
16.0 15.0 14.0 13.0 12.0 11.0 10.0 9.0 8.0 7.0 6.0 5.0 4.0 3.0 2.0 1.0 0.0 1.0 2.0 3.0 4.0 5.0 6.0 7.0 8.0 9.0 10.0 11.0 12.0 13.0 14.0 15.0 16.0 17.0 18.0 19.0 20.0 21.0 22.0 23.0 24.0 25.0 26.0 27.0 28.0 29.0 30.0 31.0 32.0 31.0 30.0 29.0 28.0 27.0 26.0 25.0 24.0 23.0 22.0 21.0 20.0 19.0 18.0 17.0 
17.0 16.0 15.0 14.0 13.0 12.0 11.0 10.0 9.0 8.0 7.0 6.0 5.0 4.0 3.0 2.0 1.0 0.0 1.0 2.0 3.0 4.0 5.0 6.0 7.0 8.0 9.0 10.0 11.0 12.0 13.0 14.0 15.0 16.0 17.0 18.0 19.0 20.0 21.0 22.0 23.0 24.0 25.0 26.0 27.0 28.0 29.0 30.0 31.0 32.0 31.0 30.0 29.0 28.0 27.0 26.0 25.0 24.0 23.0 22.0 21.0 20.0 19.0 18.0 
18.0 17.0 16.0 15.0 14.0 13.0 12.0 11.0 10.0 9.0 8.0 7.0 6.0 5.0 4.0 3.0 2.0 1.0 0.0 1.0 2.0 3.0 4.0 5.0 6.0 7.0 8.0 9.0 10.0 11.0 12.0 13.0 14.0 15.0 16.0 17.0 18.0 19.0 20.0 21.0 22.0 23.0 24.0 25.0 26.0 27.0 28.0 29.0 30.0 31.0 32.0 31.0 30.0 29.0 28.0 27.0 26.0 25.0 24.0 23.0 22.0 21.0 20.0 19.0 
19.0 18.0 17.0 16.0 15.0 14.0 13.0 12.0 11.0 10.0 9.0 8.0 7.0 6.0 5.0 4.0 3.0 2.0 1.0 0.0 1.0 2.0 3.0 4.0 5.0 6.0 7.0 8.0 9.0 10.0 11.0 12.0 13.0 14.0 15.0 16.0 17.0 18.0 19.0 20.0 21.0 22.0 23.0 24.0 25.0 26.0 27.0 28.0 29.0 30.0 31.0 32.0 31.0 30.0 29.0 28.0 27.0 26.0 25.0 24.0 23.0 22.0 21.0 20.0 
20.0 19.0 18.0 17.0 16.0 15.0 14.0 13.0 12.0 11.0 10.0 9.0 8.0 7.0 6.0 5.0 4.0 3.0 2.0 1.0 0.0 1.0 2.0 3.0 4.0 5.0 6.0 7.0 8.0 9.0 10.0 11.0 12.0 13.0 14.0 15.0 16.0 17.0 18.0 19.0 20.0 21.0 22.0 23.0 24.0 25.0 26.0 27.0 28.0 29.0 30.0 31.0 32.0 31.0 30.0 29.0 28.0 27.0 26.0 25.0 24.0 23.0 22.0 21.0 
21.0 20.0 19.0 18.0 17.0 16.0 15.0 14.0 13.0 12.0 11.0 10.0 9.0 8.0 7.0 6.0 5.0 4.0 3.0 2.0 1.0 0.0 1.0 2.0 3.0 4.0 5.0 6.0 7.0 8.0 9.0 10.0 11.0 12.0 13.0 14.0 15.0 16.0 17.0 18.0 19.0 20.0 21.0 22.0 23.0 24.0 25.0 26.0 27.0 28.0 29.0 30.0 31.0 32.0 31.0 30.0 29.0 28.0 27.0 26.0 25.0 24.0 23.0 22.0 
22.0 21.0 20.0 19.0 18.0 17.0 16.0 15.0 14.0 13.0 12.0 11.0 10.0 9.0 8.0 7.0 6.0 5.0 4.0 3.0 2.0 1.0 0.0 1.0 2.0 3.0 4.0 5.0 6.0 7.0 8.0 9.0 10.0 11.0 12.0 13.0 14.0 15.0 16.0 17.0 18.0 19.0 20.0 21.0 22.0 23.0 24.0 25.0 26.0 27.0 28.0 29.0 30.0 31.0 32.0 31.0 30.0 29.0 28.0 27.0 26.0 25.0 24.0 23.0 
23.0 22.0 21.0 20.0 19.0 18.0 17.0 16.0 15.0 14.0 13.0 12.0 11.0 10.0 9.0 8.0 7.0 6.0 5.0 4.0 3.0 2.0 1.0 0.0 1.0 2.0 3.0 4.0 5.0 6.0 7.0 8.0 9.0 10.0 11.0 12.0 13.0 14.0 15.0 16.0 17.0 18.0 19.0 20.0 21.0 22.0 23.0 24.0 25.0 26.0 27.0 28.0 29.0 30.0 31.0 32.0 31.0 30.0 29.0 28.0 27.0 26.0 25.0 24.0 
24.0 23.0 22.0 21.0 20.0 19.0 18.0 17.0 16.0 15.0 14.0 13.0 12.0 11.0 10.0 9.0 8.0 7.0 6.0 5.0 4.0 3.0 2.0 1.0 0.0 1.0 2.0 3.0 4.0 5.0 6.0 7.0 8.0 9.0 10.0 11.0 12.0 13.0 14.0 15.0 16.0 17.0 18.0 19.0 20.0 21.0 22.0 23.0 24.0 25.0 26.0 27.0 28.0 29.0 30.0 31.0 32.0 31.0 30.0 29.0 28.0 27.0 26.0 25.0 
25.0 24.0 23.0 22.0 21.0 20.0 19.0 18.0 17.0 16.0 15.0 14.0 13.0 12.0 11.0 10.0 9.0 8.0 7.0 6.0 5.0 4.0 3.0 2.0 1.0 0.0 1.0 2.0 3.0 4.0 5.0 6.0 7.0 8.0 9.0 10.0 11.0 12.0 13.0 14.0 15.0 16.0 17.0 18.0 19.0 20.0 21.0 22.0 23.0 24.0 25.0 26.0 27.0 28.0 29.0 30.0 31.0 32.0 31.0 30.0 29.0 28.0 27.0 26.0 
26.0 25.0 24.0 23.0 22.0 21.0 20.0 19.0 18.0 17.0 16.0 15.0 14.0 13.0 12.0 11.0 10.0 9.0 8.0 7.0 6.0 5.0 4.0 3.0 2.0 1.0 0.0 1.0 2.0 3.0 4.0 5.0 6.0 7.0 8.0 9.0 10.0 11.0 12.0 13.0 14.0 15.0 16.0 17.0 18.0 19.0 20.0 21.0 22.0 23.0 24.0 25.0 26.0 27.0 28.0 29.0 30.0 31.0 32.0 31.0 30.0 29.0 28.0 27.0 
27.0 26.0 25.0 24.0 23.0 22.0 21.0 20.0 19.0 18.0 17.0 16.0 15.0 14.0 13.0 12.0 11.0 10.0 9.0 8.0 7.0 6.0 5.0 4.0 3.0 2.0 1.0 0.0 1.0 2.0 3.0 4.0 5.0 6.0 7.0 8.0 9.0 10.0 11.0 12.0 13.0 14.0 15.0 16.0 17.0 18.0 19.0 20.0 21.0 22.0 23.0 24.0 25.0 26.0 27.0 28.0 29.0 30.0 31.0 32.0 31.0 30.0 29.0 28.0 
28.0 27.0 26.0 25.0 24.0 23.0 22.0 21.0 20.0 19.0 18.0 17.0 16.0 15.0 14.0 13.0 12.0 11.0 10.0 9.0 8.0 7.0 6.0 5.0 4.0 3.0 2.0 1.0 0.0 1.0 2.0 3.0 4.0 5.0 6.0 7.0 8.0 9.0 10.0 11.0 12.0 13.0 14.0 15.0 16.0 17.0 18.0 19.0 20.0 21.0 22.0 23.0 24.0 25.0 26.0 27.0 28.0 29.0 30.0 31.0 32.0 31.0 30.0 29.0 
29.0 28.0 27.0 26.0 25.0 24.0 23.0 22.0 21.0 20.0 19.0 18.0 17.0 16.0 15.0 14.0 13.0 12.0 11.0 10.0 9.0 8.0 7.0 6.0 5.0 4.0 3.0 2.0 1.0 0.0 1.0 2.0 3.0 4.0 5.0 6.0 7.0 8.0 9.0 10.0 11.0 12.0 13.0 14.0 15.0 16.0 17.0 18.0 19.0 20.0 21.0 22.0 23.0 24.0 25.0 26.0 27.0 28.0 29.0 30.0 31.0 32.0 31.0 30.0 
30.0 29.0 28.0 27.0 26.0 25.0 24.0 23.0 22.0 21.0 20.0 19.0 18.0 17.0 16.0 15.0 14.0 13.0 12.0 11.0 10.0 9.0 8.0 7.0 6.0 5.0 4.0 3.0 2.0 1.0 0.0 1.0 2.0 3.0 4.0 5.0 6.0 7.0 8.0 9.0 10.0 11.0 12.0 13.0 14.0 15.0 16.0 17.0 18.0 19.0 20.0 21.0 22.0 23.0 24.0 25.0 26.0 27.0 28.0 29.0 30.0 31.0 32.0 31.0 
31.0 30.0 29.0 28.0 27.0 26.0 25.0 24.0 23.0 22.0 21.0 20.0 19.0 18.0 17.0 16.0 15.0 14.0 13.0 12.0 11.0 10.0 9.0 8.0 7.0 6.0 5.0 4.0 3.0 2.0 1.0 0.0 1.0 2.0 3.0 4.0 5.0 6.0 7.0 8.0 9.0 10.0 11.0 12.0 13.0 14.0 15.0 16.0 17.0 18.0 19.0 20.0 21.0 22.0 23.0 24.0 25.0 26.0 27.0 28.0 29.0 30.0 31.0 32.0 
32.0 31.0 30.0 29.0 28.0 27.0 26.0 25.0 24.0 23.0 22.0 21.0 20.0 19.0 18.0 17.0 16.0 15.0 14.0 13.0 12.0 11.0 10.0 9.0 8.0 7.0 6.0 5.0 4.0 3.0 2.0 1.0 0.0 1.0 2.0 3.0 4.0 5.0 6.0 7.0 8.0 9.0 10.0 11.0 12.0 13.0 14.0 15.0 16.0 17.0 18.0 19.0 20.0 21.0 22.0 23.0 24.0 25.0 26.0 27.0 28.0 29.0 30.0 31.0 
31.0 32.0 31.0 30.0 29.0 28.0 27.0 26.0 25.0 24.0 23.0 22.0 21.0 20.0 19.0 18.0 17.0 16.0 15.0 14.0 13.0 12.0 11.0 10.0 9.0 8.0 7.0 6.0 5.0 4.0 3.0 2.0 1.0 0.0 1.0 2.0 3.0 4.0 5.0 6.0 7.0 8.0 9.0 10.0 11.0 12.0 13.0 14.0 15.0 16.0 17.0 18.0 19.0 20.0 21.0 22.0 23.0 24.0 25.0 26.0 27.0 28.0 29.0 30.0 
30.0 31.0 32.0 31.0 30.0 29.0 28.0 27.0 26.0 25.0 24.0 23.0 22.0 21.0 20.0 19.0 18.0 17.0 16.0 15.0 14.0 13.0 12.0 11.0 10.0 9.0 8.0 7.0 6.0 5.0 4.0 3.0 2.0 1.0 0.0 1.0 2.0 3.0 4.0 5.0 6.0 7.0 8.0 9.0 10.0 11.0 12.0 13.0 14.0 15.0 16.0 17.0 18.0 19.0 20.0 21.0 22.0 23.0 24.0 25.0 26.0 27.0 28.0 29.0 
29.0 30.0 31.0 32.0 31.0 30.0 29.0 28.0 27.0 26.0 25.0 24.0 23.0 22.0 21.0 20.0 19.0 18.0 17.0 16.0 15.0 14.0 13.0 12.0 11.0 10.0 9.0 8.0 7.0 6.0 5.0 4.0 3.0 2.0 1.0 0.0 1.0 2.0 3.0 4.0 5.0 6.0 7.0 8.0 9.0 10.0 11.0 12.0 13.0 14.0 15.0 16.0 17.0 18.0 19.0 20.0 21.0 22.0 23.0 24.0 25.0 26.0 27.0 28.0 
28.0 29.0 30.0 31.0 32.0 31.0 30.0 29.0 28.0 27.0 26.0 25.0 24.0 23.0 22.0 21.0 20.0 19.0 18.0 17.0 16.0 15.0 14.0 13.0 12.0 11.0 10.0 9.0 8.0 7.0 6.0 5.0 4.0 3.0 2.0 1.0 0.0 1.0 2.0 3.0 4.0 5.0 6.0 7.0 8.0 9.0 10.0 11.0 12.0 13.0 14.0 15.0 16.0 17.0 18.0 19.0 20.0 21.0 22.0 23.0 24.0 25.0 26.0 27.0 
27.0 28.0 29.0 30.0 31.0 32.0 31.0 30.0 29.0 28.0 27.0 26.0 25.0 24.0 23.0 22.0 21.0 20.0 19.0 18.0 17.0 16.0 15.0 14.0 13.0 12.0 11.0 10.0 9.0 8.0 7.0 6.0 5.0 4.0 3.0 2.0 1.0 0.0 1.0 2.0 3.0 4.0 5.0 6.0 7.0 8.0 9.0 10.0 11.0 12.0 13.0 14.0 15.0 16.0 17.0 18.0 19.0 20.0 21.0 22.0 23.0 24.0 25.0 26.0 
26.0 27.0 28.0 29.0 30.0 31.0 32.0 31.0 30.0 29.0 28.0 27.0 26.0 25.0 24.0 23.0 22.0 21.0 20.0 19.0 18.0 17.0 16.0 15.0 14.0 13.0 12.0 11.0 10.0 9.0 8.0 7.0 6.0 5.0 4.0 3.0 2.0 1.0 0.0 1.0 2.0 3.0 4.0 5.0 6.0 7.0 8.0 9.0 10.0 11.0 12.0 13.0 14.0 15.0 16.0 17.0 18.0 19.0 20.0 21.0 22.0 23.0 24.0 25.0 
25.0 26.0 27.0 28.0 29.0 30.0 31.0 32.0 31.0 30.0 29.0 28.0 27.0 26.0 25.0 24.0 23.0 22.0 21.0 20.0 19.0 18.0 17.0 16.0 15.0 14.0 13.0 12.0 11.0 10.0 9.0 8.0 7.0 6.0 5.0 4.0 3.0 2.0 1.0 0.0 1.0 2.0 3.0 4.0 5.0 6.0 7.0 8.0 9.0 10.0 11.0 12.0 13.0 14.0 15.0 16.0 17.0 18.0 19.0 20.0 21.0 22.0 23.0 24.0 
24.0 25.0 26.0 27.0 28.0 29.0 30.0 31.0 32.0 31.0 30.0 29.0 28.0 27.0 26.0 25.0 24.0 23.0 22.0 21.0 20.0 19.0 18.0 17.0 16.0 15.0 14.0 13.0 12.0 11.0 10.0 9.0 8.0 7.0 6.0 5.0 4.0 3.0 2.0 1.0 0.0 1.0 2.0 3.0 4.0 5.0 6.0 7.0 8.0 9.0 10.0 11.0 12.0 13.0 14.0 15.0 16.0 17.0 18.0 19.0 20.0 21.0 22.0 23.0 
23.0 24.0 25.0 26.0 27.0 28.0 29.0 30.0 31.0 32.0 31.0 30.0 29.0 28.0 27.0 26.0 25.0 24.0 23.0 22.0 21.0 20.0 19.0 18.0 17.0 16.0 15.0 14.0 13.0 12.0 11.0 10.0 9.0 8.0 7.0 6.0 5.0 4.0 3.0 2.0 1.0 0.0 1.0 2.0 3.0 4.0 5.0 6.0 7.0 8.0 9.0 10.0 11.0 12.0 13.0 14.0 15.0 16.0 17.0 18.0 19.0 20.0 21.0 22.0 
22.0 23.0 24.0 25.0 26.0 27.0 28.0 29.0 30.0 31.0 32.0 31.0 30.0 29.0 28.0 27.0 26.0 25.0 24.0 23.0 22.0 21.0 20.0 19.0 18.0 17.0 16.0 15.0 14.0 13.0 12.0 11.0 10.0 9.0 8.0 7.0 6.0 5.0 4.0 3.0 2.0 1.0 0.0 1.0 2.0 3.0 4.0 5.0 6.0 7.0 8.0 9.0 10.0 11.0 12.0 13.0 14.0 15.0 16.0 17.0 18.0 19.0 20.0 21.0 
21.0 22.0 23.0 24.0 25.0 26.0 27.0 28.0 29.0 30.0 31.0 32.0 31.0 30.0 29.0 28.0 27.0 26.0 25.0 24.0 23.0 22.0 21.0 20.0 19.0 18.0 17.0 16.0 15.0 14.0 13.0 12.0 11.0 10.0 9.0 8.0 7.0 6.0 5.0 4.0 3.0 2.0 1.0 0.0 1.0 2.0 3.0 4.0 5.0 6.0 7.0 8.0 9.0 10.0 11.0 12.0 13.0 14.0 15.0 16.0 17.0 18.0 19.0 20.0 
20.0 21.0 22.0 23.0 24.0 25.0 26.0 27.0 28.0 29.0 30.0 31.0 32.0 31.0 30.0 29.0 28.0 27.0 26.0 25.0 24.0 23.0 22.0 21.0 20.0 19.0 18.0 17.0 16.0 15.0 14.0 13.0 12.0 11.0 10.0 9.0 8.0 7.0 6.0 5.0 4.0 3.0 2.0 1.0 0.0 1.0 2.0 3.0 4.0 5.0 6.0 7.0 8.0 9.0 10.0 11.0 12.0 13.0 14.0 15.0 16.0 17.0 18.0 19.0 
19.0 20.0 21.0 22.0 23.0 24.0 25.0 26.0 27.0 28.0 29.0 30.0 31.0 32.0 31.0 30.0 29.0 28.0 27.0 26.0 25.0 24.0 23.0 22.0 21.0 20.0 19.0 18.0 17.0 16.0 15.0 14.0 13.0 12.0 11.0 10.0 9.0 8.0 7.0 6.0 5.0 4.0 3.0 2.0 1.0 0.0 1.0 2.0 3.0 4.0 5.0 6.0 7.0 8.0 9.0 10.0 11.0 12.0 13.0 14.0 15.0 16.0 17.0 18.0 
18.0 19.0 20.0 21.0 22.0 23.0 24.0 25.0 26.0 27.0 28.0 29.0 30.0 31.0 32.0 31.0 30.0 29.0 28.0 27.0 26.0 25.0 24.0 23.0 22.0 21.0 20.0 19.0 18.0 17.0 16.0 15.0 14.0 13.0 12.0 11.0 10.0 9.0 8.0 7.0 6.0 5.0 4.0 3.0 2.0 1.0 0.0 1.0 2.0 3.0 4.0 5.0 6.0 7.0 8.0 9.0 10.0 11.0 12.0 13.0 14.0 15.0 16.0 17.0 
17.0 18.0 19.0 20.0 21.0 22.0 23.0 24.0 25.0 26.0 27.0 28.0 29.0 30.0 31.0 32.0 31.0 30.0 29.0 28.0 27.0 26.0 25.0 24.0 23.0 22.0 21.0 20.0 19.0 18.0 17.0 16.0 15.0 14.0 13.0 12.0 11.0 10.0 9.0 8.0 7.0 6.0 5.0 4.0 3.0 2.0 1.0 0.0 1.0 2.0 3.0 4.0 5.0 6.0 7.0 8.0 9.0 10.0 11.0 12.0 13.0 14.0 15.0 16.0 
16.0 17.0 18.0 19.0 20.0 21.0 22.0 23.0 24.0 25.0 26.0 27.0 28.0 29.0 30.0 31.0 32.0 31.0 30.0 29.0 28.0 27.0 26.0 25.0 24.0 23.0 22.0 21.0 20.0 19.0 18.0 17.0 16.0 15.0 14.0 13.0 12.0 11.0 10.0 9.0 8.0 7.0 6.0 5.0 4.0 3.0 2.0 1.0 0.0 1.0 2.0 3.0 4.0 5.0 6.0 7.0 8.0 9.0 10.0 11.0 12.0 13.0 14.0 15.0 
15.0 16.0 17.0 18.0 19.0 20.0 21.0 22.0 23.0 24.0 25.0 26.0 27.0 28.0 29.0 30.0 31.0 32.0 31.0 30.0 29.0 28.0 27.0 26.0 25.0 24.0 23.0 22.0 21.0 20.0 19.0 18.0 17.0 16.0 15.0 14.0 13.0 12.0 11.0 10.0 9.0 8.0 7.0 6.0 5.0 4.0 3.0 2.0 1.0 0.0 1.0 2.0 3.0 4.0 5.0 6.0 7.0 8.0 9.0 10.0 11.0 12.0 13.0 14.0 
14.0 15.0 16.0 17.0 18.0 19.0 20.0 21.0 22.0 23.0 24.0 25.0 26.0 27.0 28.0 29.0 30.0 31.0 32.0 31.0 30.0 29.0 28.0 27.0 26.0 25.0 24.0 23.0 22.0 21.0 20.0 19.0 18.0 17.0 16.0 15.0 14.0 13.0 12.0 11.0 10.0 9.0 8.0 7.0 6.0 5.0 4.0 3.0 2.0 1.0 0.0 1.0 2.0 3.0 4.0 5.0 6.0 7.0 8.0 9.0 10.0 11.0 12.0 13.0 
13.0 14.0 15.0 16.0 17.0 18.0 19.0 20.0 21.0 22.0 23.0 24.0 25.0 26.0 27.0 28.0 29.0 30.0 31.0 32.0 31.0 30.0 29.0 28.0 27.0 26.0 25.0 24.0 23.0 22.0 21.0 20.0 19.0 18.0 17.0 16.0 15.0 14.0 13.0 12.0 11.0 10.0 9.0 8.0 7.0 6.0 5.0 4.0 3.0 2.0 1.0 0.0 1.0 2.0 3.0 4.0 5.0 6.0 7.0 8.0 9.0 10.0 11.0 12.0 
12.0 13.0 14.0 15.0 16.0 17.0 18.0 19.0 20.0 21.0 22.0 23.0 24.0 25.0 26.0 27.0 28.0 29.0 30.0 31.0 32.0 31.0 30.0 29.0 28.0 27.0 26.0 25.0 24.0 23.0 22.0 21.0 20.0 19.0 18.0 17.0 16.0 15.0 14.0 13.0 12.0 11.0 10.0 9.0 8.0 7.0 6.0 5.0 4.0 3.0 2.0 1.0 0.0 1.0 2.0 3.0 4.0 5.0 6.0 7.0 8.0 9.0 10.0 11.0 
11.0 12.0 13.0 14.0 15.0 16.0 17.0 18.0 19.0 20.0 21.0 22.0 23.0 24.0 25.0 26.0 27.0 28.0 29.0 30.0 31.0 32.0 31.0 30.0 29.0 28.0 27.0 26.0 25.0 24.0 23.0 22.0 21.0 20.0 19.0 18.0 17.0 16.0 15.0 14.0 13.0 12.0 11.0 10.0 9.0 8.0 7.0 6.0 5.0 4.0 3.0 2.0 1.0 0.0 1.0 2.0 3.0 4.0 5.0 6.0 7.0 8.0 9.0 10.0 
10.0 11.0 12.0 13.0 14.0 15.0 16.0 17.0 18.0 19.0 20.0 21.0 22.0 23.0 24.0 25.0 26.0 27.0 28.0 29.0 30.0 31.0 32.0 31.0 30.0 29.0 28.0 27.0 26.0 25.0 24.0 23.0 22.0 21.0 20.0 19.0 18.0 17.0 16.0 15.0 14.0 13.0 12.0 11.0 10.0 9.0 8.0 7.0 6.0 5.0 4.0 3.0 2.0 1.0 0.0 1.0 2.0 3.0 4.0 5.0 6.0 7.0 8.0 9.0 
9.0 10.0 11.0 12.0 13.0 14.0 15.0 16.0 17.0 18.0 19.0 20.0 21.0 22.0 23.0 24.0 25.0 26.0 27.0 28.0 29.0 30.0 31.0 32.0 31.0 30.0 29.0 28.0 27.0 26.0 25.0 24.0 23.0 22.0 21.0 20.0 19.0 18.0 17.0 16.0 15.0 14.0 13.0 12.0 11.0 10.0 9.0 8.0 7.0 6.0 5.0 4.0 3.0 2.0 1.0 0.0 1.0 2.0 3.0 4.0 5.0 6.0 7.0 8.0 
8.0 9.0 10.0 11.0 12.0 13.0 14.0 15.0 16.0 17.0 18.0 19.0 20.0 21.0 22.0 23.0 24.0 25.0 26.0 27.0 28.0 29.0 30.0 31.0 32.0 31.0 30.0 29.0 28.0 27.0 26.0 25.0 24.0 23.0 22.0 21.0 20.0 19.0 18.0 17.0 16.0 15.0 14.0 13.0 12.0 11.0 10.0 9.0 8.0 7.0 6.0 5.0 4.0 3.0 2.0 1.0 0.0 1.0 2.0 3.0 4.0 5.0 6.0 7.0 
7.0 8.0 9.0 10.0 11.0 12.0 13.0 14.0 15.0 16.0 17.0 18.0 19.0 20.0 21.0 22.0 23.0 24.0 25.0 26.0 27.0 28.0 29.0 30.0 31.0 32.0 31.0 30.0 29.0 28.0 27.0 26.0 25.0 24.0 23.0 22.0 21.0 20.0 19.0 18.0 17.0 16.0 15.0 14.0 13.0 12.0 11.0 10.0 9.0 8.0 7.0 6.0 5.0 4.0 3.0 2.0 1.0 0.0 1.0 2.0 3.0 4.0 5.0 6.0 
6.0 7.0 8.0 9.0 10.0 11.0 12.0 13.0 14.0 15.0 16.0 17.0 18.0 19.0 20.0 21.0 22.0 23.0 24.0 25.0 26.0 27.0 28.0 29.0 30.0 31.0 32.0 31.0 30.0 29.0 28.0 27.0 26.0 25.0 24.0 23.0 22.0 21.0 20.0 19.0 18.0 17.0 16.0 15.0 14.0 13.0 12.0 11.0 10.0 9.0 8.0 7.0 6.0 5.0 4.0 3.0 2.0 1.0 0.0 1.0 2.0 3.0 4.0 5.0 
5.0 6.0 7.0 8.0 9.0 10.0 11.0 12.0 13.0 14.0 15.0 16.0 17.0 18.0 19.0 20.0 21.0 22.0 23.0 24.0 25.0 26.0 27.0 28.0 29.0 30.0 31.0 32.0 31.0 30.0 29.0 28.0 27.0 26.0 25.0 24.0 23.0 22.0 21.0 20.0 19.0 18.0 17.0 16.0 15.0 14.0 13.0 12.0 11.0 10.0 9.0 8.0 7.0 6.0 5.0 4.0 3.0 2.0 1.0 0.0 1.0 2.0 3.0 4.0 
4.0 5.0 6.0 7.0 8.0 9.0 10.0 11.0 12.0 13.0 14.0 15.0 16.0 17.0 18.0 19.0 20.0 21.0 22.0 23.0 24.0 25.0 26.0 27.0 28.0 29.0 30.0 31.0 32.0 31.0 30.0 29.0 28.0 27.0 26.0 25.0 24.0 23.0 22.0 21.0 20.0 19.0 18.0 17.0 16.0 15.0 14.0 13.0 12.0 11.0 10.0 9.0 8.0 7.0 6.0 5.0 4.0 3.0 2.0 1.0 0.0 1.0 2.0 3.0 
3.0 4.0 5.0 6.0 7.0 8.0 9.0 10.0 11.0 12.0 13.0 14.0 15.0 16.0 17.0 18.0 19.0 20.0 21.0 22.0 23.0 24.0 25.0 26.0 27.0 28.0 29.0 30.0 31.0 32.0 31.0 30.0 29.0 28.0 27.0 26.0 25.0 24.0 23.0 22.0 21.0 20.0 19.0 18.0 17.0 16.0 15.0 14.0 13.0 12.0 11.0 10.0 9.0 8.0 7.0 6.0 5.0 4.0 3.0 2.0 1.0 0.0 1.0 2.0 
2.0 3.0 4.0 5.0 6.0 7.0 8.0 9.0 10.0 11.0 12.0 13.0 14.0 15.0 16.0 17.0 18.0 19.0 20.0 21.0 22.0 23.0 24.0 25.0 26.0 27.0 28.0 29.0 30.0 31.0 32.0 31.0 30.0 29.0 28.0 27.0 26.0 25.0 24.0 23.0 22.0 21.0 20.0 19.0 18.0 17.0 16.0 15.0 14.0 13.0 12.0 11.0 10.0 9.0 8.0 7.0 6.0 5.0 4.0 3.0 2.0 1.0 0.0 1.0 
1.0 2.0 3.0 4.0 5.0 6.0 7.0 8.0 9.0 10.0 11.0 12.0 13.0 14.0 15.0 16.0 17.0 18.0 19.0 20.0 21.0 22.0 23.0 24.0 25.0 26.0 27.0 28.0 29.0 30.0 31.0 32.0 31.0 30.0 29.0 28.0 27.0 26.0 25.0 24.0 23.0 22.0 21.0 20.0 19.0 18.0 17.0 16.0 15.0 14.0 13.0 12.0 11.0 10.0 9.0 8.0 7.0 6.0 5.0 4.0 3.0 2.0 1.0 0.0 