32
25 71 79 36 5 85 7 87 17 88 32 83 91 56 71 22 51 90 62 91 30 100 43 25 48 22 86 91 77 44 96 35 
7 53 65 87 49 1 63 26 48 82 6 52 32 80 38 77 72 77 30 51 49 93 93 96 67 47 52 34 10 100 77 89 
10 27 80 88 40 98 16 69 32 83 68 52 84 59 89 22 54 21 10 5 17 90 51 44 18 60 79 86 78 52 7 46 
53 90 46 59 64 38 95 71 93 95 23 66 17 24 24 40 40 7 86 26 80 31 91 11 23 83 11 91 36 4 100 12 
52 60 55 45 91 16 87 85 49 38 65 28 1 49 1 63 73 49 96 55 11 68 10 89 11 46 47 98 25 100 88 7 
64 85 99 91 99 1 20 51 32 25 27 35 73 87 39 82 99 8 76 18 25 28 64 5 40 53 25 2 66 77 63 14 
13 38 6 13 95 36 54 53 47 50 66 81 18 39 53 30 25 21 43 37 16 50 85 55 74 87 99 98 68 82 87 73 
62 14 99 11 36 46 37 19 28 79 45 50 11 26 23 13 26 50 41 78 47 39 33 97 95 72 21 12 26 80 78 3 
60 54 59 2 49 23 43 32 92 89 20 38 82 37 25 38 84 56 63 41 26 66 63 93 18 75 28 18 59 46 5 78 
58 13 13 70 50 73 87 99 79 62 80 61 1 84 33 36 33 22 24 29 72 37 6 45 97 16 70 85 22 61 2 40 
97 31 23 79 15 3 72 7 26 44 96 7 68 8 37 10 60 86 88 83 39 19 23 54 87 87 1 45 55 35 77 69 
79 67 64 92 72 12 53 99 8 49 38 95 81 63 35 75 53 66 26 58 4 42 2 46 18 25 37 41 23 4 8 69 
74 73 97 24 59 70 76 84 46 5 21 35 82 66 93 73 30 64 78 19 3 30 31 1 48 13 66 53 47 46 59 54 
74 63 56 65 46 7 84 11 61 77 90 76 52 61 13 34 66 7 58 85 68 37 41 32 26 66 99 63 91 68 47 63 
27 64 2 7 44 99 91 4 92 1 19 76 68 12 36 25 19 77 1 9 17 62 6 4 75 49 18 48 12 43 6 10 
84 10 8 33 93 18 69 97 53 82 5 54 14 47 11 90 9 70 36 83 99 8 58 66 49 34 17 31 60 41 65 91 
40 56 35 92 16 100 68 97 38 98 1 45 3 24 46 26 22 29 94 45 70 28 19 77 24 98 59 65 43 23 93 17 
14 38 71 90 11 6 11 69 58 46 38 23 49 60 18 10 9 66 93 89 28 23 40 62 4 63 50 51 30 22 43 59 
9 46 95 77 15 8 29 25 88 59 14 30 84 28 25 56 80 28 24 7 3 91 53 96 47 14 10 83 26 9 45 93 
88 2 14 33 5 28 43 34 47 33 59 28 24 4 24 54 51 86 85 15 100 62 10 11 37 52 61 62 88 67 35 39 
9 47 82 3 27 38 16 59 32 62 63 18 5 7 13 81 73 30 41 21 64 10 79 8 64 18 49 4 65 35 18 94 
54 95 75 81 38 33 39 94 28 28 69 94 36 50 90 15 23 1 57 7 27 8 29 28 46 24 13 28 7 30 95 19 
80 78 18 56 6 89 12 34 8 55 47 62 78 13 23 89 89 2 59 59 43 30 32 48 93 15 86 47 14 62 30 92 
39 70 84 63 39 78 84 19 4 49 71 33 84 68 56 82 2 79 26 43 25 62 50 35 90 2 49 33 23 9 11 50 
42 22 26 80 94 39 96 38 89 95 56 83 24 4 24 94 15 7 49 64 58 53 45 1 77 16 99 69 15 62 26 65 
46 14 47 62 71 75 4 18 43 83 57 57 26 9 87 31 91 70 61 20 62 29 65 17 32 15 62 47 19 27 1 89 
37 81 2 52 30 80 11 21 70 5 78 82 86 59 60 11 41 66 58 47 92 27 19 94 2 52 96 97 7 6 7 68 
50 100 47 88 36 72 71 66 51 77 41 25 72 17 38 18 37 59 35 4 51 27 36 95 14 95 23 84 56 7 6 83 
99 76 34 7 96 58 59 93 13 25 91 68 31 32 75 22 91 25 90 89 30 9 95 24 45 23 57 86 31 12 33 98 
52 52 75 35 71 65 45 9 35 52 92 37 43 61 15 63 79 1 82 40 18 63 91 35 64 95 20 32 33 47 78 18 
24 83 46 24 39 19 16 62 84 73 67 19 51 12 81 31 82 67 26 100 69 98 12 30 21 38 9 42 77 8 69 51 
44 66 84 94 97 11 75 8 54 13 4 69 7 40 98 51 71 38 98 72 8 70 40 38 25 58 1 38 87 23 42 90 
0.0 1.0 2.0 3.0 4.0 5.0 6.0 7.0 8.0 9.0 10.0 11.0 12.0 13.0 14.0 15.0 16.0 15.0 14.0 13.0 12.0 11.0 10.0 9.0 8.0 7.0 6.0 5.0 4.0 3.0 2.0 1.0 
1.0 0.0 1.0 2.0 3.0 4.0 5.0 6.0 7.0 8.0 9.0 10.0 11.0 12.0 13.0 14.0 15.0 16.0 15.0 14.0 13.0 12.0 11.0 10.0 9.0 8.0 7.0 6.0 5.0 4.0 3.0 2.0 
2.0 1.0 0.0 1.0 2.0 3.0 4.0 5.0 6.0 7.0 8.0 9.0 10.0 11.0 12.0 13.0 14.0 15.0 16.0 15.0 14.0 13.0 12.0 11.0 10.0 9.0 8.0 7.0 6.0 5.0 4.0 3.0 
3.0 2.0 1.0 0.0 1.0 2.0 3.0 4.0 5.0 6.0 7.0 8.0 9.0 10.0 11.0 12.0 13.0 14.0 15.0 16.0 15.0 14.0 13.0 12.0 11.0 10.0 9.0 8.0 7.0 6.0 5.0 4.0 
4.0 3.0 2.0 1.0 0.0 1.0 2.0 3.0 4.0 5.0 6.0 7.0 8.0 9.0 10.0 11.0 12.0 13.0 14.0 15.0 16.0 15.0 14.0 13.0 12.0 11.0 10.0 9.0 8.0 7.0 6.0 5.0 
5.0 4.0 3.0 2.0 1.0 0.0 1.0 2.0 3.0 4.0 5.0 6.0 7.0 8.0 9.0 10.0 11.0 12.0 13.0 14.0 15.0 16.0 15.0 14.0 13.0 12.0 11.0 10.0 9.0 8.0 7.0 6.0 
6.0 5.0 4.0 3.0 2.0 1.0 0.0 1.0 2.0 3.0 4.0 5.0 6.0 7.0 8.0 9.0 10.0 11.0 12.0 13.0 14.0 15.0 16.0 15.0 14.0 13.0 12.0 11.0 10.0 9.0 8.0 7.0 
7.0 6.0 5.0 4.0 3.0 2.0 1.0 0.0 1.0 2.0 3.0 4.0 5.0 6.0 7.0 8.0 9.0 10.0 11.0 12.0 13.0 14.0 15.0 16.0 15.0 14.0 13.0 12.0 11.0 10.0 9.0 8.0 
8.0 7.0 6.0 5.0 4.0 3.0 2.0 1.0 0.0 1.0 2.0 3.0 4.0 5.0 6.0 7.0 8.0 9.0 10.0 11.0 12.0 13.0 14.0 15.0 16.0 15.0 14.0 13.0 12.0 11.0 10.0 9.0 
9.0 8.0 7.0 6.0 5.0 4.0 3.0 2.0 1.0 0.0 1.0 2.0 3.0 4.0 5.0 6.0 7.0 8.0 9.0 10.0 11.0 12.0 13.0 14.0 15.0 16.0 15.0 14.0 13.0 12.0 11.0 10.0 
10.0 9.0 8.0 7.0 6.0 5.0 4.0 3.0 2.0 1.0 0.0 1.0 2.0 3.0 4.0 5.0 6.0 7.0 8.0 9.0 10.0 11.0 12.0 13.0 14.0 15.0 16.0 15.0 14.0 13.0 12.0 11.0 
11.0 10.0 9.0 8.0 7.0 6.0 5.0 4.0 3.0 2.0 1.0 0.0 1.0 2.0 3.0 4.0 5.0 6.0 7.0 8.0 9.0 10.0 11.0 12.0 13.0 14.0 15.0 16.0 15.0 14.0 13.0 12.0 
12.0 11.0 10.0 9.0 8.0 7.0 6.0 5.0 4.0 3.0 2.0 1.0 0.0 1.0 2.0 3.0 4.0 5.0 6.0 7.0 8.0 9.0 10.0 11.0 12.0 13.0 14.0 15.0 16.0 15.0 14.0 13.0 
13.0 12.0 11.0 10.0 9.0 8.0 7.0 6.0 5.0 4.0 3.0 2.0 1.0 0.0 1.0 2.0 3.0 4.0 5.0 6.0 7.0 8.0 9.0 10.0 11.0 12.0 13.0 14.0 15.0 16.0 15.0 14.0 
14.0 13.0 12.0 11.0 10.0 9.0 8.0 7.0 6.0 5.0 4.0 3.0 2.0 1.0 0.0 1.0 2.0 3.0 4.0 5.0 6.0 7.0 8.0 9.0 10.0 11.0 12.0 13.0 14.0 15.0 16.0 15.0 
15.0 14.0 13.0 12.0 11.0 10.0 9.0 8.0 7.0 6.0 5.0 4.0 3.0 2.0 1.0 0.0 1.0 2.0 3.0 4.0 5.0 6.0 7.0 8.0 9.0 10.0 11.0 12.0 13.0 14.0 15.0 16.0 
16.0 15.0 14.0 13.0 12.0 11.0 10.0 9.0 8.0 7.0 6.0 5.0 4.0 3.0 2.0 1.0 0.0 1.0 2.0 3.0 4.0 5.0 6.0 7.0 8.0 9.0 10.0 11.0 12.0 13.0 14.0 15.0 
15.0 16.0 15.0 14.0 13.0 12.0 11.0 10.0 9.0 8.0 7.0 6.0 5.0 4.0 3.0 2.0 1.0 0.0 1.0 2.0 3.0 4.0 5.0 6.0 7.0 8.0 9.0 10.0 11.0 12.0 13.0 14.0 
14.0 15.0 16.0 15.0 14.0 13.0 12.0 11.0 10.0 9.0 8.0 7.0 6.0 5.0 4.0 3.0 2.0 1.0 0.0 1.0 2.0 3.0 4.0 5.0 6.0 7.0 8.0 9.0 10.0 11.0 12.0 13.0 
13.0 14.0 15.0 16.0 15.0 14.0 13.0 12.0 11.0 10.0 9.0 8.0 7.0 6.0 5.0 4.0 3.0 2.0 1.0 0.0 1.0 2.0 3.0 4.0 5.0 6.0 7.0 8.0 9.0 10.0 11.0 12.0 
12.0 13.0 14.0 15.0 16.0 15.0 14.0 13.0 12.0 11.0 10.0 9.0 8.0 7.0 6.0 5.0 4.0 3.0 2.0 1.0 0.0 1.0 2.0 3.0 4.0 5.0 6.0 7.0 8.0 9.0 10.0 11.0 
11.0 12.0 13.0 14.0 15.0 16.0 15.0 14.0 13.0 12.0 11.0 10.0 9.0 8.0 7.0 6.0 5.0 4.0 3.0 2.0 1.0 0.0 1.0 2.0 3.0 4.0 5.0 6.0 7.0 8.0 9.0 10.0 
10.0 11.0 12.0 13.0 14.0 15.0 16.0 15.0 14.0 13.0 12.0 11.0 10.0 9.0 8.0 7.0 6.0 5.0 4.0 3.0 2.0 1.0 0.0 1.0 2.0 3.0 4.0 5.0 6.0 7.0 8.0 9.0 
9.0 10.0 11.0 12.0 13.0 14.0 15.0 16.0 15.0 14.0 13.0 12.0 11.0 10.0 9.0 8.0 7.0 6.0 5.0 4.0 3.0 2.0 1.0 0.0 1.0 2.0 3.0 4.0 5.0 6.0 7.0 8.0 
8.0 9.0 10.0 11.0 12.0 13.0 14.0 15.0 16.0 15.0 14.0 13.0 12.0 11.0 10.0 9.0 8.0 7.0 6.0 5.0 4.0 3.0 2.0 1.0 0.0 1.0 2.0 3.0 4.0 5.0 6.0 7.0 
7.0 8.0 9.0 10.0 11.0 12.0 13.0 14.0 15.0 16.0 15.0 14.0 13.0 12.0 11.0 10.0 9.0 8.0 7.0 6.0 5.0 4.0 3.0 2.0 1.0 0.0 1.0 2.0 3.0 4.0 5.0 6.0 
6.0 7.0 8.0 9.0 10.0 11.0 12.0 13.0 14.0 15.0 16.0 15.0 14.0 13.0 12.0 11.0 10.0 9.0 8.0 7.0 6.0 5.0 4.0 3.0 2.0 1.0 0.0 1.0 2.0 3.0 4.0 5.0 
5.0 6.0 7.0 8.0 9.0 10.0 11.0 12.0 13.0 14.0 15.0 16.0 15.0 14.0 13.0 12.0 11.0 10.0 9.0 8.0 7.0 6.0 5.0 4.0 3.0 2.0 1.0 0.0 1.0 2.0 3.0 4.0 
4.0 5.0 6.0 7.0 8.0 9.0 10.0 11.0 12.0 13.0 14.0 15.0 16.0 15.0 14.0 13.0 12.0 11.0 10.0 9.0 8.0 7.0 6.0 5.0 4.0 3.0 2.0 1.0 0.0 1.0 2.0 3.0 
3.0 4.0 5.0 6.0 7.0 8.0 9.0 10.0 11.0 12.0 13.0 14.0 15.0 16.0 15.0 14.0 13.0 12.0 11.0 10.0 9.0 8.0 7.0 6.0 5.0 4.0 3.0 2.0 1.0 0.0 1.0 2.0 
2.0 3.0 4.0 5.0 6.0 7.0 8.0 9.0 10.0 11.0 12.0 13.0 14.0 15.0 16.0 15.0 14.0 13.0 12.0 11.0 10.0 9.0 8.0 7.0 6.0 5.0 4.0 3.0 2.0 1.0 0.0 1.0 
1.0 2.0 3.0 4.0 5.0 6.0 7.0 8.0 9.0 10.0 11.0 12.0 13.0 14.0 15.0 16.0 15.0 14.0 13.0 12.0 11.0 10.0 9.0 8.0 7.0 6.0 5.0 4.0 3.0 2.0 1.0 0.0 