16
17 39 99 9 83 80 80 30 30 35 6 10 18 71 48 10 
99 63 43 35 82 30 60 23 26 94 76 2 65 100 57 48 
45 8 19 67 22 19 46 53 3 55 88 61 74 39 1 6 
19 58 73 84 37 92 75 43 98 65 8 1 94 4 55 97 
83 30 60 27 51 69 90 67 69 88 84 64 5 4 23 88 
55 39 23 83 42 22 42 58 94 89 7 20 20 30 90 84 
33 46 30 81 8 42 49 58 59 15 84 3 76 43 71 27 
47 93 18 45 96 26 52 99 6 40 2 78 12 40 14 15 
95 90 7 53 3 6 90 71 27 86 96 11 66 99 21 67 
59 54 87 61 48 86 42 4 90 71 99 79 17 22 19 92 
81 23 84 56 7 50 74 86 84 62 65 44 32 6 76 79 
90 61 66 54 81 98 28 19 30 23 42 47 89 80 52 24 
57 2 62 62 83 52 54 39 55 97 20 62 30 68 40 60 
22 57 58 10 9 53 42 48 66 100 26 77 80 82 78 28 
71 42 20 3 39 57 69 38 5 77 70 19 42 44 18 78 
79 78 68 62 59 61 43 65 64 17 72 97 67 63 40 88 
0.0 1.0 2.0 3.0 4.0 5.0 6.0 7.0 8.0 7.0 6.0 5.0 4.0 3.0 2.0 1.0 
1.0 0.0 1.0 2.0 3.0 4.0 5.0 6.0 7.0 8.0 7.0 6.0 5.0 4.0 3.0 2.0 
2.0 1.0 0.0 1.0 2.0 3.0 4.0 5.0 6.0 7.0 8.0 7.0 6.0 5.0 4.0 3.0 
3.0 2.0 1.0 0.0 1.0 2.0 3.0 4.0 5.0 6.0 7.0 8.0 7.0 6.0 5.0 4.0 
4.0 3.0 2.0 1.0 0.0 1.0 2.0 3.0 4.0 5.0 6.0 7.0 8.0 7.0 6.0 5.0 
5.0 4.0 3.0 2.0 1.0 0.0 1.0 2.0 3.0 4.0 5.0 6.0 7.0 8.0 7.0 6.0 
6.0 5.0 4.0 3.0 2.0 1.0 0.0 1.0 2.0 3.0 4.0 5.0 6.0 7.0 8.0 7.0 
7.0 6.0 5.0 4.0 3.0 2.0 1.0 0.0 1.0 2.0 3.0 4.0 5.0 6.0 7.0 8.0 
8.0 7.0 6.0 5.0 4.0 3.0 2.0 1.0 0.0 1.0 2.0 3.0 4.0 5.0 6.0 7.0 
7.0 8.0 7.0 6.0 5.0 4.0 3.0 2.0 1.0 0.0 1.0 2.0 3.0 4.0 5.0 6.0 
6.0 7.0 8.0 7.0 6.0 5.0 4.0 3.0 2.0 1.0 0.0 1.0 2.0 3.0 4.0 5.0 
5.0 6.0 7.0 8.0 7.0 6.0 5.0 4.0 3.0 2.0 1.0 0.0 1.0 2.0 3.0 4.0 
4.0 5.0 6.0 7.0 8.0 7.0 6.0 5.0 4.0 3.0 2.0 1.0 0.0 1.0 2.0 3.0 
3.0 4.0 5.0 6.0 7.0 8.0 7.0 6.0 5.0 4.0 3.0 2.0 1.0 0.0 1.0 2.0 
2.0 3.0 4.0 5.0 6.0 7.0 8.0 7.0 6.0 5.0 4.0 3.0 2.0 1.0 0.0 1.0 
1.0 2.0 3.0 4.0 5.0 6.0 7.0 8.0 7.0 6.0 5.0 4.0 3.0 2.0 1.0 0.0 