32
22 36 24 82 100 98 22 11 97 46 33 54 80 62 80 65 14 47 36 34 1 55 44 67 71 54 93 94 45 41 99 40 
71 95 58 74 52 3 91 65 56 47 90 81 68 9 37 15 72 48 82 6 64 51 29 30 32 81 72 22 77 27 75 96 
86 85 67 100 64 35 39 35 75 53 76 5 65 82 69 71 2 70 4 60 50 31 67 6 6 96 91 77 8 55 70 31 
30 30 81 8 57 41 13 24 70 51 53 52 62 56 100 12 70 3 92 21 94 71 19 44 33 38 97 41 95 63 47 43 
1 79 55 79 68 98 26 65 71 31 56 38 64 53 82 65 20 53 84 32 55 85 14 14 59 69 75 92 68 96 12 68 
18 19 6 58 57 43 40 31 43 69 84 39 74 4 25 100 62 98 59 26 3 81 44 10 57 68 60 100 2 54 32 9 
42 35 49 66 98 85 69 44 85 98 21 87 1 89 29 82 59 71 59 43 67 74 85 52 82 68 27 9 67 15 13 23 
50 82 21 80 51 65 57 1 5 56 44 3 72 13 5 11 76 16 14 74 35 41 98 1 47 71 100 19 39 7 62 50 
27 18 94 71 84 26 5 21 1 59 1 100 95 68 70 93 61 74 86 64 87 21 71 97 83 37 12 11 70 72 87 30 
1 16 21 18 11 50 58 17 35 93 9 55 45 57 81 27 31 73 50 28 85 55 74 79 41 51 4 71 93 47 82 58 
52 55 55 43 83 99 37 98 30 9 98 64 33 58 70 21 73 42 85 88 35 57 18 73 67 91 20 29 76 100 54 8 
69 20 95 93 57 95 41 99 86 17 53 69 19 10 62 79 18 96 31 89 1 15 20 64 77 40 36 72 92 34 3 53 
9 14 53 85 65 75 83 16 26 46 62 49 66 69 2 79 90 40 42 32 68 42 23 23 25 12 77 20 100 32 9 17 
14 80 79 69 91 11 79 49 30 73 59 4 38 41 88 95 38 39 41 71 56 98 22 46 82 88 38 78 89 54 17 13 
85 89 29 30 58 3 51 44 16 41 79 86 40 53 36 60 91 57 68 55 15 29 77 94 94 84 74 94 43 59 37 74 
34 4 78 81 67 79 17 55 77 78 69 51 11 39 13 10 49 49 82 5 84 85 79 70 89 52 24 40 84 79 85 79 
88 23 83 39 29 10 79 30 86 87 98 86 28 93 35 1 13 66 65 26 12 41 47 75 7 89 88 45 97 6 65 78 
77 15 8 54 62 79 8 47 76 95 80 50 94 9 75 17 100 92 79 91 76 82 96 87 77 31 98 76 47 52 33 10 
83 83 75 39 61 59 80 55 90 62 46 27 51 74 6 68 86 24 31 33 87 53 97 24 95 99 91 92 89 88 76 89 
73 96 68 4 91 69 63 27 51 63 21 90 62 54 21 87 71 11 37 45 62 39 35 3 71 9 67 44 49 25 82 51 
47 54 15 37 12 27 61 60 41 74 14 38 31 32 100 9 81 72 46 63 24 68 94 72 61 51 95 26 65 61 58 45 
90 46 30 70 14 62 5 21 99 28 74 12 30 94 67 44 82 45 6 86 7 16 43 57 20 37 89 25 16 6 47 5 
98 64 27 18 61 54 9 61 54 80 35 30 41 22 16 94 58 35 33 71 24 98 88 41 29 58 29 80 31 91 10 1 
44 85 6 52 83 23 32 51 9 61 47 98 93 100 61 67 95 50 35 51 63 73 88 61 43 22 53 64 72 63 90 56 
46 44 47 59 67 95 81 28 28 84 60 36 91 32 82 39 1 33 64 20 20 45 52 92 79 78 88 93 83 94 33 62 
72 15 12 96 27 98 41 47 69 85 92 48 90 62 11 90 57 95 44 79 65 62 4 5 72 79 36 75 63 8 64 21 
22 34 43 58 30 95 57 94 20 29 44 43 21 4 41 33 94 27 98 61 8 77 24 27 73 5 47 50 34 76 36 93 
82 75 12 89 71 67 45 71 99 48 50 67 10 55 87 70 65 78 9 51 85 11 53 12 24 27 14 98 86 22 16 68 
31 69 75 94 10 15 34 48 47 34 10 3 54 20 70 28 1 98 58 49 53 40 50 21 77 40 15 19 82 40 60 3 
44 60 56 6 69 12 77 29 69 57 58 47 51 30 94 72 52 10 28 67 19 13 47 85 49 16 79 25 72 90 1 17 
10 15 21 57 54 21 12 52 47 75 53 31 89 39 1 32 49 86 15 92 77 17 95 44 33 97 62 91 74 2 35 25 
52 55 72 57 81 26 77 11 59 41 42 47 99 67 94 37 20 33 21 26 41 100 94 48 31 6 78 47 56 20 1 29 
0.0 1.0 2.0 3.0 4.0 5.0 6.0 7.0 8.0 9.0 10.0 11.0 12.0 13.0 14.0 15.0 16.0 15.0 14.0 13.0 12.0 11.0 10.0 9.0 8.0 7.0 6.0 5.0 4.0 3.0 2.0 1.0 
1.0 0.0 1.0 2.0 3.0 4.0 5.0 6.0 7.0 8.0 9.0 10.0 11.0 12.0 13.0 14.0 15.0 16.0 15.0 14.0 13.0 12.0 11.0 10.0 9.0 8.0 7.0 6.0 5.0 4.0 3.0 2.0 
2.0 1.0 0.0 1.0 2.0 3.0 4.0 5.0 6.0 7.0 8.0 9.0 10.0 11.0 12.0 13.0 14.0 15.0 16.0 15.0 14.0 13.0 12.0 11.0 10.0 9.0 8.0 7.0 6.0 5.0 4.0 3.0 
3.0 2.0 1.0 0.0 1.0 2.0 3.0 4.0 5.0 6.0 7.0 8.0 9.0 10.0 11.0 12.0 13.0 14.0 15.0 16.0 15.0 14.0 13.0 12.0 11.0 10.0 9.0 8.0 7.0 6.0 5.0 4.0 
4.0 3.0 2.0 1.0 0.0 1.0 2.0 3.0 4.0 5.0 6.0 7.0 8.0 9.0 10.0 11.0 12.0 13.0 14.0 15.0 16.0 15.0 14.0 13.0 12.0 11.0 10.0 9.0 8.0 7.0 6.0 5.0 
5.0 4.0 3.0 2.0 1.0 0.0 1.0 2.0 3.0 4.0 5.0 6.0 7.0 8.0 9.0 10.0 11.0 12.0 13.0 14.0 15.0 16.0 15.0 14.0 13.0 12.0 11.0 10.0 9.0 8.0 7.0 6.0 
6.0 5.0 4.0 3.0 2.0 1.0 0.0 1.0 2.0 3.0 4.0 5.0 6.0 7.0 8.0 9.0 10.0 11.0 12.0 13.0 14.0 15.0 16.0 15.0 14.0 13.0 12.0 11.0 10.0 9.0 8.0 7.0 
7.0 6.0 5.0 4.0 3.0 2.0 1.0 0.0 1.0 2.0 3.0 4.0 5.0 6.0 7.0 8.0 9.0 10.0 11.0 12.0 13.0 14.0 15.0 16.0 15.0 14.0 13.0 12.0 11.0 10.0 9.0 8.0 
8.0 7.0 6.0 5.0 4.0 3.0 2.0 1.0 0.0 1.0 2.0 3.0 4.0 5.0 6.0 7.0 8.0 9.0 10.0 11.0 12.0 13.0 14.0 15.0 16.0 15.0 14.0 13.0 12.0 11.0 10.0 9.0 
9.0 8.0 7.0 6.0 5.0 4.0 3.0 2.0 1.0 0.0 1.0 2.0 3.0 4.0 5.0 6.0 7.0 8.0 9.0 10.0 11.0 12.0 13.0 14.0 15.0 16.0 15.0 14.0 13.0 12.0 11.0 10.0 
10.0 9.0 8.0 7.0 6.0 5.0 4.0 3.0 2.0 1.0 0.0 1.0 2.0 3.0 4.0 5.0 6.0 7.0 8.0 9.0 10.0 11.0 12.0 13.0 14.0 15.0 16.0 15.0 14.0 13.0 12.0 11.0 
11.0 10.0 9.0 8.0 7.0 6.0 5.0 4.0 3.0 2.0 1.0 0.0 1.0 2.0 3.0 4.0 5.0 6.0 7.0 8.0 9.0 10.0 11.0 12.0 13.0 14.0 15.0 16.0 15.0 14.0 13.0 12.0 
12.0 11.0 10.0 9.0 8.0 7.0 6.0 5.0 4.0 3.0 2.0 1.0 0.0 1.0 2.0 3.0 4.0 5.0 6.0 7.0 8.0 9.0 10.0 11.0 12.0 13.0 14.0 15.0 16.0 15.0 14.0 13.0 
13.0 12.0 11.0 10.0 9.0 8.0 7.0 6.0 5.0 4.0 3.0 2.0 1.0 0.0 1.0 2.0 3.0 4.0 5.0 6.0 7.0 8.0 9.0 10.0 11.0 12.0 13.0 14.0 15.0 16.0 15.0 14.0 
14.0 13.0 12.0 11.0 10.0 9.0 8.0 7.0 6.0 5.0 4.0 3.0 2.0 1.0 0.0 1.0 2.0 3.0 4.0 5.0 6.0 7.0 8.0 9.0 10.0 11.0 12.0 13.0 14.0 15.0 16.0 15.0 
15.0 14.0 13.0 12.0 11.0 10.0 9.0 8.0 7.0 6.0 5.0 4.0 3.0 2.0 1.0 0.0 1.0 2.0 3.0 4.0 5.0 6.0 7.0 8.0 9.0 10.0 11.0 12.0 13.0 14.0 15.0 16.0 
16.0 15.0 14.0 13.0 12.0 11.0 10.0 9.0 8.0 7.0 6.0 5.0 4.0 3.0 2.0 1.0 0.0 1.0 2.0 3.0 4.0 5.0 6.0 7.0 8.0 9.0 10.0 11.0 12.0 13.0 14.0 15.0 
15.0 16.0 15.0 14.0 13.0 12.0 11.0 10.0 9.0 8.0 7.0 6.0 5.0 4.0 3.0 2.0 1.0 0.0 1.0 2.0 3.0 4.0 5.0 6.0 7.0 8.0 9.0 10.0 11.0 12.0 13.0 14.0 
14.0 15.0 16.0 15.0 14.0 13.0 12.0 11.0 10.0 9.0 8.0 7.0 6.0 5.0 4.0 3.0 2.0 1.0 0.0 1.0 2.0 3.0 4.0 5.0 6.0 7.0 8.0 9.0 10.0 11.0 12.0 13.0 
13.0 14.0 15.0 16.0 15.0 14.0 13.0 12.0 11.0 10.0 9.0 8.0 7.0 6.0 5.0 4.0 3.0 2.0 1.0 0.0 1.0 2.0 3.0 4.0 5.0 6.0 7.0 8.0 9.0 10.0 11.0 12.0 
12.0 13.0 14.0 15.0 16.0 15.0 14.0 13.0 12.0 11.0 10.0 9.0 8.0 7.0 6.0 5.0 4.0 3.0 2.0 1.0 0.0 1.0 2.0 3.0 4.0 5.0 6.0 7.0 8.0 9.0 10.0 11.0 
11.0 12.0 13.0 14.0 15.0 16.0 15.0 14.0 13.0 12.0 11.0 10.0 9.0 8.0 7.0 6.0 5.0 4.0 3.0 2.0 1.0 0.0 1.0 2.0 3.0 4.0 5.0 6.0 7.0 8.0 9.0 10.0 
10.0 11.0 12.0 13.0 14.0 15.0 16.0 15.0 14.0 13.0 12.0 11.0 10.0 9.0 8.0 7.0 6.0 5.0 4.0 3.0 2.0 1.0 0.0 1.0 2.0 3.0 4.0 5.0 6.0 7.0 8.0 9.0 
9.0 10.0 11.0 12.0 13.0 14.0 15.0 16.0 15.0 14.0 13.0 12.0 11.0 10.0 9.0 8.0 7.0 6.0 5.0 4.0 3.0 2.0 1.0 0.0 1.0 2.0 3.0 4.0 5.0 6.0 7.0 8.0 
8.0 9.0 10.0 11.0 12.0 13.0 14.0 15.0 16.0 15.0 14.0 13.0 12.0 11.0 10.0 9.0 8.0 7.0 6.0 5.0 4.0 3.0 2.0 1.0 0.0 1.0 2.0 3.0 4.0 5.0 6.0 7.0 
7.0 8.0 9.0 10.0 11.0 12.0 13.0 14.0 15.0 16.0 15.0 14.0 13.0 12.0 11.0 10.0 9.0 8.0 7.0 6.0 5.0 4.0 3.0 2.0 1.0 0.0 1.0 2.0 3.0 4.0 5.0 6.0 
6.0 7.0 8.0 9.0 10.0 11.0 12.0 13.0 14.0 15.0 16.0 15.0 14.0 13.0 12.0 11.0 10.0 9.0 8.0 7.0 6.0 5.0 4.0 3.0 2.0 1.0 0.0 1.0 2.0 3.0 4.0 5.0 
5.0 6.0 7.0 8.0 9.0 10.0 11.0 12.0 13.0 14.0 15.0 16.0 15.0 14.0 13.0 12.0 11.0 10.0 9.0 8.0 7.0 6.0 5.0 4.0 3.0 2.0 1.0 0.0 1.0 2.0 3.0 4.0 
4.0 5.0 6.0 7.0 8.0 9.0 10.0 11.0 12.0 13.0 14.0 15.0 16.0 15.0 14.0 13.0 12.0 11.0 10.0 9.0 8.0 7.0 6.0 5.0 4.0 3.0 2.0 1.0 0.0 1.0 2.0 3.0 
3.0 4.0 5.0 6.0 7.0 8.0 9.0 10.0 11.0 12.0 13.0 14.0 15.0 16.0 15.0 14.0 13.0 12.0 11.0 10.0 9.0 8.0 7.0 6.0 5.0 4.0 3.0 2.0 1.0 0.0 1.0 2.0 
2.0 3.0 4.0 5.0 6.0 7.0 8.0 9.0 10.0 11.0 12.0 13.0 14.0 15.0 16.0 15.0 14.0 13.0 12.0 11.0 10.0 9.0 8.0 7.0 6.0 5.0 4.0 3.0 2.0 1.0 0.0 1.0 
1.0 2.0 3.0 4.0 5.0 6.0 7.0 8.0 9.0 10.0 11.0 12.0 13.0 14.0 15.0 16.0 15.0 14.0 13.0 12.0 11.0 10.0 9.0 8.0 7.0 6.0 5.0 4.0 3.0 2.0 1.0 0.0 