32
42 46 90 36 1 25 6 85 50 86 74 13 50 90 24 6 22 83 45 7 72 13 88 50 67 34 83 18 47 94 68 66 
62 64 49 83 13 80 27 63 27 93 86 87 1 6 8 65 44 83 60 81 28 11 88 52 94 55 21 99 62 34 45 31 
23 14 28 72 24 38 25 15 82 44 46 63 82 10 29 33 33 83 56 8 88 69 86 5 76 64 80 48 1 68 60 73 
49 50 27 92 93 77 37 18 70 5 90 83 77 61 93 89 85 53 2 58 39 17 20 67 36 80 79 64 27 49 59 54 
71 76 35 91 43 32 76 51 21 7 28 89 10 93 19 14 59 28 61 77 56 40 13 73 71 73 25 5 58 47 10 82 
63 97 66 26 92 99 2 62 11 19 100 7 84 23 58 96 99 39 29 58 67 83 15 47 79 18 60 21 23 91 25 64 
50 67 96 2 68 38 68 72 60 97 96 56 36 29 94 95 84 29 50 25 82 17 25 49 82 75 19 41 4 90 78 26 
7 43 25 16 55 99 4 21 4 21 36 13 77 29 61 95 90 55 52 84 44 76 35 18 49 98 84 70 39 38 40 28 
87 71 12 30 51 84 70 78 30 90 13 3 80 86 2 25 3 36 98 5 71 99 23 47 95 95 18 78 72 98 36 15 
31 57 89 37 56 32 62 88 54 14 66 75 81 29 11 52 15 37 27 64 29 20 87 72 3 76 92 62 23 9 57 53 
32 52 98 36 2 44 81 74 71 77 35 95 75 41 19 53 89 83 22 96 89 8 99 8 94 49 47 69 6 32 77 2 
55 45 74 39 52 47 59 97 57 57 54 35 10 54 66 29 57 77 30 8 49 23 73 90 11 15 68 98 9 58 85 72 
98 18 77 87 46 100 73 1 72 62 32 83 45 68 72 42 98 43 71 33 71 51 97 54 84 46 95 78 2 55 17 93 
53 66 89 65 45 21 39 17 55 12 56 59 84 26 88 79 52 53 71 84 30 79 63 69 49 13 96 62 36 23 69 37 
12 14 98 81 11 23 76 28 37 31 60 50 63 53 35 51 36 8 56 25 93 7 82 37 45 57 30 68 5 96 76 58 
56 20 16 53 89 87 72 60 6 55 96 36 58 3 13 12 57 92 46 87 32 53 3 53 6 24 50 91 67 40 18 16 
27 46 66 30 86 58 97 81 89 13 42 49 63 89 80 95 30 58 66 49 31 64 26 45 46 71 32 18 69 91 23 96 
19 52 32 15 43 85 10 91 47 93 67 5 61 67 86 43 27 27 94 8 40 92 3 28 12 12 34 86 44 74 55 53 
47 21 30 9 96 87 53 86 71 12 56 32 8 4 81 78 55 44 95 31 2 85 18 54 68 46 95 30 31 7 53 18 
8 19 16 38 40 48 40 9 92 71 40 96 47 32 59 4 60 79 9 22 5 97 77 98 50 4 42 64 41 39 53 19 
47 2 100 48 91 90 23 58 91 60 5 86 24 25 37 96 22 16 16 36 30 57 66 100 69 50 91 74 19 45 44 54 
78 20 33 96 68 91 30 16 10 80 80 71 54 67 27 24 95 78 67 73 67 61 77 75 94 5 74 84 22 8 22 38 
48 97 73 87 52 19 1 33 37 25 35 47 74 5 77 67 62 98 29 72 28 9 17 37 88 16 53 2 32 62 16 12 
58 18 38 64 88 16 9 9 52 8 95 66 40 69 33 39 33 96 25 47 27 97 72 39 1 35 82 95 99 75 19 48 
30 32 63 13 14 30 13 91 68 73 52 9 15 85 12 95 68 52 57 99 28 94 16 91 30 14 91 22 58 26 92 53 
27 74 50 19 35 83 39 23 27 99 22 39 56 52 30 2 28 14 22 24 35 86 87 63 99 35 67 89 80 16 64 71 
30 65 85 55 82 42 67 90 76 93 9 30 9 71 27 7 50 76 1 64 31 89 95 19 70 26 30 23 7 24 64 55 
87 89 99 36 92 55 99 83 35 85 56 45 81 61 33 17 77 88 63 70 3 97 83 88 6 75 58 4 88 47 22 24 
35 68 62 67 24 59 71 43 7 96 6 82 27 97 91 73 48 64 29 67 67 58 77 53 50 76 76 89 73 23 36 30 
81 67 1 49 37 7 98 75 26 68 95 35 81 55 85 83 20 66 28 51 24 92 42 49 44 44 6 54 16 20 10 19 
54 19 26 93 65 32 88 52 13 14 72 7 22 9 73 32 78 21 64 60 27 90 25 18 73 97 15 75 17 83 94 6 
14 20 100 85 23 94 27 85 2 26 20 31 4 39 29 22 29 83 81 38 45 5 46 22 13 21 67 30 78 84 29 29 
0.0 1.0 2.0 3.0 4.0 5.0 6.0 7.0 8.0 9.0 10.0 11.0 12.0 13.0 14.0 15.0 16.0 15.0 14.0 13.0 12.0 11.0 10.0 9.0 8.0 7.0 6.0 5.0 4.0 3.0 2.0 1.0 
1.0 0.0 1.0 2.0 3.0 4.0 5.0 6.0 7.0 8.0 9.0 10.0 11.0 12.0 13.0 14.0 15.0 16.0 15.0 14.0 13.0 12.0 11.0 10.0 9.0 8.0 7.0 6.0 5.0 4.0 3.0 2.0 
2.0 1.0 0.0 1.0 2.0 3.0 4.0 5.0 6.0 7.0 8.0 9.0 10.0 11.0 12.0 13.0 14.0 15.0 16.0 15.0 14.0 13.0 12.0 11.0 10.0 9.0 8.0 7.0 6.0 5.0 4.0 3.0 
3.0 2.0 1.0 0.0 1.0 2.0 3.0 4.0 5.0 6.0 7.0 8.0 9.0 10.0 11.0 12.0 13.0 14.0 15.0 16.0 15.0 14.0 13.0 12.0 11.0 10.0 9.0 8.0 7.0 6.0 5.0 4.0 
4.0 3.0 2.0 1.0 0.0 1.0 2.0 3.0 4.0 5.0 6.0 7.0 8.0 9.0 10.0 11.0 12.0 13.0 14.0 15.0 16.0 15.0 14.0 13.0 12.0 11.0 10.0 9.0 8.0 7.0 6.0 5.0 
5.0 4.0 3.0 2.0 1.0 0.0 1.0 2.0 3.0 4.0 5.0 6.0 7.0 8.0 9.0 10.0 11.0 12.0 13.0 14.0 15.0 16.0 15.0 14.0 13.0 12.0 11.0 10.0 9.0 8.0 7.0 6.0 
6.0 5.0 4.0 3.0 2.0 1.0 0.0 1.0 2.0 3.0 4.0 5.0 6.0 7.0 8.0 9.0 10.0 11.0 12.0 13.0 14.0 15.0 16.0 15.0 14.0 13.0 12.0 11.0 10.0 9.0 8.0 7.0 
7.0 6.0 5.0 4.0 3.0 2.0 1.0 0.0 1.0 2.0 3.0 4.0 5.0 6.0 7.0 8.0 9.0 10.0 11.0 12.0 13.0 14.0 15.0 16.0 15.0 14.0 13.0 12.0 11.0 10.0 9.0 8.0 
8.0 7.0 6.0 5.0 4.0 3.0 2.0 1.0 0.0 1.0 2.0 3.0 4.0 5.0 6.0 7.0 8.0 9.0 10.0 11.0 12.0 13.0 14.0 15.0 16.0 15.0 14.0 13.0 12.0 11.0 10.0 9.0 
9.0 8.0 7.0 6.0 5.0 4.0 3.0 2.0 1.0 0.0 1.0 2.0 3.0 4.0 5.0 6.0 7.0 8.0 9.0 10.0 11.0 12.0 13.0 14.0 15.0 16.0 15.0 14.0 13.0 12.0 11.0 10.0 
10.0 9.0 8.0 7.0 6.0 5.0 4.0 3.0 2.0 1.0 0.0 1.0 2.0 3.0 4.0 5.0 6.0 7.0 8.0 9.0 10.0 11.0 12.0 13.0 14.0 15.0 16.0 15.0 14.0 13.0 12.0 11.0 
11.0 10.0 9.0 8.0 7.0 6.0 5.0 4.0 3.0 2.0 1.0 0.0 1.0 2.0 3.0 4.0 5.0 6.0 7.0 8.0 9.0 10.0 11.0 12.0 13.0 14.0 15.0 16.0 15.0 14.0 13.0 12.0 
12.0 11.0 10.0 9.0 8.0 7.0 6.0 5.0 4.0 3.0 2.0 1.0 0.0 1.0 2.0 3.0 4.0 5.0 6.0 7.0 8.0 9.0 10.0 11.0 12.0 13.0 14.0 15.0 16.0 15.0 14.0 13.0 
13.0 12.0 11.0 10.0 9.0 8.0 7.0 6.0 5.0 4.0 3.0 2.0 1.0 0.0 1.0 2.0 3.0 4.0 5.0 6.0 7.0 8.0 9.0 10.0 11.0 12.0 13.0 14.0 15.0 16.0 15.0 14.0 
14.0 13.0 12.0 11.0 10.0 9.0 8.0 7.0 6.0 5.0 4.0 3.0 2.0 1.0 0.0 1.0 2.0 3.0 4.0 5.0 6.0 7.0 8.0 9.0 10.0 11.0 12.0 13.0 14.0 15.0 16.0 15.0 
15.0 14.0 13.0 12.0 11.0 10.0 9.0 8.0 7.0 6.0 5.0 4.0 3.0 2.0 1.0 0.0 1.0 2.0 3.0 4.0 5.0 6.0 7.0 8.0 9.0 10.0 11.0 12.0 13.0 14.0 15.0 16.0 
16.0 15.0 14.0 13.0 12.0 11.0 10.0 9.0 8.0 7.0 6.0 5.0 4.0 3.0 2.0 1.0 0.0 1.0 2.0 3.0 4.0 5.0 6.0 7.0 8.0 9.0 10.0 11.0 12.0 13.0 14.0 15.0 
15.0 16.0 15.0 14.0 13.0 12.0 11.0 10.0 9.0 8.0 7.0 6.0 5.0 4.0 3.0 2.0 1.0 0.0 1.0 2.0 3.0 4.0 5.0 6.0 7.0 8.0 9.0 10.0 11.0 12.0 13.0 14.0 
14.0 15.0 16.0 15.0 14.0 13.0 12.0 11.0 10.0 9.0 8.0 7.0 6.0 5.0 4.0 3.0 2.0 1.0 0.0 1.0 2.0 3.0 4.0 5.0 6.0 7.0 8.0 9.0 10.0 11.0 12.0 13.0 
13.0 14.0 15.0 16.0 15.0 14.0 13.0 12.0 11.0 10.0 9.0 8.0 7.0 6.0 5.0 4.0 3.0 2.0 1.0 0.0 1.0 2.0 3.0 4.0 5.0 6.0 7.0 8.0 9.0 10.0 11.0 12.0 
12.0 13.0 14.0 15.0 16.0 15.0 14.0 13.0 12.0 11.0 10.0 9.0 8.0 7.0 6.0 5.0 4.0 3.0 2.0 1.0 0.0 1.0 2.0 3.0 4.0 5.0 6.0 7.0 8.0 9.0 10.0 11.0 
11.0 12.0 13.0 14.0 15.0 16.0 15.0 14.0 13.0 12.0 11.0 10.0 9.0 8.0 7.0 6.0 5.0 4.0 3.0 2.0 1.0 0.0 1.0 2.0 3.0 4.0 5.0 6.0 7.0 8.0 9.0 10.0 
10.0 11.0 12.0 13.0 14.0 15.0 16.0 15.0 14.0 13.0 12.0 11.0 10.0 9.0 8.0 7.0 6.0 5.0 4.0 3.0 2.0 1.0 0.0 1.0 2.0 3.0 4.0 5.0 6.0 7.0 8.0 9.0 
9.0 10.0 11.0 12.0 13.0 14.0 15.0 16.0 15.0 14.0 13.0 12.0 11.0 10.0 9.0 8.0 7.0 6.0 5.0 4.0 3.0 2.0 1.0 0.0 1.0 2.0 3.0 4.0 5.0 6.0 7.0 8.0 
8.0 9.0 10.0 11.0 12.0 13.0 14.0 15.0 16.0 15.0 14.0 13.0 12.0 11.0 10.0 9.0 8.0 7.0 6.0 5.0 4.0 3.0 2.0 1.0 0.0 1.0 2.0 3.0 4.0 5.0 6.0 7.0 
7.0 8.0 9.0 10.0 11.0 12.0 13.0 14.0 15.0 16.0 15.0 14.0 13.0 12.0 11.0 10.0 9.0 8.0 7.0 6.0 5.0 4.0 3.0 2.0 1.0 0.0 1.0 2.0 3.0 4.0 5.0 6.0 
6.0 7.0 8.0 9.0 10.0 11.0 12.0 13.0 14.0 15.0 16.0 15.0 14.0 13.0 12.0 11.0 10.0 9.0 8.0 7.0 6.0 5.0 4.0 3.0 2.0 1.0 0.0 1.0 2.0 3.0 4.0 5.0 
5.0 6.0 7.0 8.0 9.0 10.0 11.0 12.0 13.0 14.0 15.0 16.0 15.0 14.0 13.0 12.0 11.0 10.0 9.0 8.0 7.0 6.0 5.0 4.0 3.0 2.0 1.0 0.0 1.0 2.0 3.0 4.0 
4.0 5.0 6.0 7.0 8.0 9.0 10.0 11.0 12.0 13.0 14.0 15.0 16.0 15.0 14.0 13.0 12.0 11.0 10.0 9.0 8.0 7.0 6.0 5.0 4.0 3.0 2.0 1.0 0.0 1.0 2.0 3.0 
3.0 4.0 5.0 6.0 7.0 8.0 9.0 10.0 11.0 12.0 13.0 14.0 15.0 16.0 15.0 14.0 13.0 12.0 11.0 10.0 9.0 8.0 7.0 6.0 5.0 4.0 3.0 2.0 1.0 0.0 1.0 2.0 
2.0 3.0 4.0 5.0 6.0 7.0 8.0 9.0 10.0 11.0 12.0 13.0 14.0 15.0 16.0 15.0 14.0 13.0 12.0 11.0 10.0 9.0 8.0 7.0 6.0 5.0 4.0 3.0 2.0 1.0 0.0 1.0 
1.0 2.0 3.0 4.0 5.0 6.0 7.0 8.0 9.0 10.0 11.0 12.0 13.0 14.0 15.0 16.0 15.0 14.0 13.0 12.0 11.0 10.0 9.0 8.0 7.0 6.0 5.0 4.0 3.0 2.0 1.0 0.0 