16 0.0 128.0 340 2876
13 24 80 54 64 65 27 34 28 74 3 43 58 9 44 38 
79 14 52 85 58 13 27 70 21 80 42 67 35 56 17 58 
75 78 50 61 17 84 59 36 11 63 100 86 8 17 67 18 
79 87 33 78 65 4 78 72 9 30 82 41 29 84 25 16 
87 49 69 45 52 1 67 50 68 29 85 77 97 4 93 94 
4 74 35 20 64 44 100 55 14 84 43 33 23 59 3 26 
13 44 17 84 98 74 45 76 64 42 49 87 72 66 40 65 
64 35 4 31 98 45 95 60 48 79 40 87 2 47 9 87 
17 34 96 35 73 63 85 4 67 100 86 45 71 9 13 61 
24 14 63 60 30 50 96 58 7 74 5 76 52 20 46 87 
35 95 64 34 97 82 40 51 86 75 35 80 60 77 37 20 
96 1 72 22 34 50 15 35 15 89 47 88 72 71 74 80 
28 56 93 8 48 30 72 45 2 85 67 39 96 41 85 15 
21 35 73 24 34 9 70 61 24 62 92 32 25 18 1 36 
19 63 61 2 75 84 12 47 85 12 98 73 86 12 70 76 
22 64 77 21 34 85 22 21 19 71 74 39 21 44 92 64 
0.0 1.0 2.0 3.0 4.0 5.0 6.0 7.0 8.0 7.0 6.0 5.0 4.0 3.0 2.0 1.0 
1.0 0.0 1.0 2.0 3.0 4.0 5.0 6.0 7.0 8.0 7.0 6.0 5.0 4.0 3.0 2.0 
2.0 1.0 0.0 1.0 2.0 3.0 4.0 5.0 6.0 7.0 8.0 7.0 6.0 5.0 4.0 3.0 
3.0 2.0 1.0 0.0 1.0 2.0 3.0 4.0 5.0 6.0 7.0 8.0 7.0 6.0 5.0 4.0 
4.0 3.0 2.0 1.0 0.0 1.0 2.0 3.0 4.0 5.0 6.0 7.0 8.0 7.0 6.0 5.0 
5.0 4.0 3.0 2.0 1.0 0.0 1.0 2.0 3.0 4.0 5.0 6.0 7.0 8.0 7.0 6.0 
6.0 5.0 4.0 3.0 2.0 1.0 0.0 1.0 2.0 3.0 4.0 5.0 6.0 7.0 8.0 7.0 
7.0 6.0 5.0 4.0 3.0 2.0 1.0 0.0 1.0 2.0 3.0 4.0 5.0 6.0 7.0 8.0 
8.0 7.0 6.0 5.0 4.0 3.0 2.0 1.0 0.0 1.0 2.0 3.0 4.0 5.0 6.0 7.0 
7.0 8.0 7.0 6.0 5.0 4.0 3.0 2.0 1.0 0.0 1.0 2.0 3.0 4.0 5.0 6.0 
6.0 7.0 8.0 7.0 6.0 5.0 4.0 3.0 2.0 1.0 0.0 1.0 2.0 3.0 4.0 5.0 
5.0 6.0 7.0 8.0 7.0 6.0 5.0 4.0 3.0 2.0 1.0 0.0 1.0 2.0 3.0 4.0 
4.0 5.0 6.0 7.0 8.0 7.0 6.0 5.0 4.0 3.0 2.0 1.0 0.0 1.0 2.0 3.0 
3.0 4.0 5.0 6.0 7.0 8.0 7.0 6.0 5.0 4.0 3.0 2.0 1.0 0.0 1.0 2.0 
2.0 3.0 4.0 5.0 6.0 7.0 8.0 7.0 6.0 5.0 4.0 3.0 2.0 1.0 0.0 1.0 
1.0 2.0 3.0 4.0 5.0 6.0 7.0 8.0 7.0 6.0 5.0 4.0 3.0 2.0 1.0 0.0 