32
41 44 77 98 71 100 15 29 4 23 2 85 60 46 95 45 95 40 44 74 53 60 6 22 80 60 40 22 55 73 90 11 
55 93 60 10 31 31 80 15 67 23 4 77 65 35 61 62 76 99 18 72 31 43 30 12 50 29 70 85 65 88 74 59 
4 9 21 56 19 23 25 29 85 7 64 58 100 76 96 65 94 66 66 61 84 43 34 61 48 52 40 12 91 4 72 13 
1 16 8 57 58 2 46 36 5 41 24 54 41 41 73 41 81 67 2 21 51 73 29 99 45 33 89 63 78 80 47 65 
76 40 100 40 79 62 2 13 67 15 7 43 72 73 69 98 96 32 67 43 47 33 4 42 73 98 18 65 33 63 77 94 
2 67 14 90 24 8 98 56 7 83 73 78 59 90 4 65 39 65 52 76 75 75 37 12 55 12 41 10 23 65 89 57 
62 80 21 1 51 93 46 6 91 80 43 43 30 91 27 76 23 67 53 64 32 33 66 32 40 21 64 84 11 22 67 27 
62 65 93 53 75 1 34 35 21 44 22 88 9 40 20 19 20 88 33 80 57 68 44 21 5 34 41 50 72 25 96 52 
20 13 18 93 26 40 74 77 3 99 72 56 23 77 48 57 76 45 4 89 70 69 79 19 86 72 4 43 22 48 97 36 
36 65 65 56 93 52 94 24 37 6 25 67 9 14 17 92 7 22 86 43 66 89 90 95 62 74 41 61 47 41 25 96 
30 16 30 28 79 96 26 29 2 27 8 52 22 10 5 84 73 43 41 94 32 45 70 8 93 12 59 3 95 34 45 40 
8 50 57 46 39 79 46 37 62 42 61 4 53 74 85 100 94 84 25 75 15 68 61 34 17 62 83 81 50 58 33 16 
61 67 27 46 84 88 34 55 58 56 45 87 13 61 33 70 100 37 91 57 64 37 24 48 5 33 37 58 48 30 91 51 
14 47 79 41 13 48 19 33 79 18 98 14 9 60 75 74 4 52 84 77 86 62 87 15 86 33 91 8 28 93 44 36 
100 85 23 79 46 28 38 45 44 6 72 93 75 3 52 61 5 19 79 42 7 90 81 20 20 20 89 69 27 61 66 68 
69 14 56 71 33 91 10 6 75 10 15 3 6 52 53 40 10 28 38 71 28 100 27 4 44 10 13 98 50 8 41 100 
56 75 66 56 38 3 5 14 63 38 5 47 40 22 99 14 24 4 30 23 39 100 79 1 11 2 67 93 7 88 38 63 
14 13 67 24 53 22 91 58 65 25 63 39 27 60 77 24 20 33 63 28 43 97 79 30 76 24 67 32 23 64 57 61 
5 79 10 88 13 19 65 12 41 93 39 57 87 93 42 33 24 81 49 46 98 56 58 13 83 71 16 24 36 69 69 7 
39 91 73 34 4 49 86 86 61 3 72 66 30 17 76 37 5 29 90 17 79 95 31 8 3 92 99 61 50 51 23 58 
27 29 16 42 58 96 100 28 39 67 95 28 1 21 77 53 33 50 38 44 36 96 72 7 36 87 87 65 68 75 98 62 
55 72 39 60 73 37 91 33 74 93 11 22 42 75 37 78 11 66 77 60 99 95 59 90 13 76 23 17 24 50 64 68 
31 88 73 79 69 33 84 16 17 14 45 9 50 59 9 57 94 39 27 23 60 70 43 41 44 72 12 23 30 26 47 4 
77 82 91 43 48 76 69 54 98 31 84 93 3 67 78 37 39 3 24 98 97 70 88 39 34 46 91 48 51 60 46 33 
26 20 24 81 23 42 49 29 31 14 63 64 95 72 26 69 7 69 40 44 100 2 28 66 42 75 57 15 21 10 82 57 
55 63 47 7 94 1 34 26 21 20 96 67 82 65 56 48 93 90 86 55 48 20 65 43 18 8 9 37 73 75 13 7 
77 95 41 61 17 82 15 95 62 17 65 22 40 48 28 80 94 41 47 95 77 81 16 44 46 81 32 14 69 81 60 71 
18 32 63 55 99 41 81 25 65 6 98 25 6 77 7 62 81 5 77 93 16 40 93 47 52 41 56 70 50 47 73 13 
3 9 1 43 28 54 4 55 47 82 67 61 53 53 20 5 80 63 36 19 86 59 8 33 52 45 92 53 2 54 5 93 
34 10 77 18 43 53 91 97 87 2 77 91 28 48 48 60 93 28 44 96 82 66 46 29 98 89 27 94 19 22 85 90 
10 57 72 13 32 47 96 87 100 77 20 84 73 63 82 77 30 61 54 32 17 21 19 55 2 8 96 90 74 54 21 50 
40 65 23 14 66 62 71 37 62 5 67 37 50 39 1 25 51 4 7 25 6 94 30 44 66 73 15 60 33 98 27 89 
0.0 1.0 2.0 3.0 4.0 5.0 6.0 7.0 8.0 9.0 10.0 11.0 12.0 13.0 14.0 15.0 16.0 15.0 14.0 13.0 12.0 11.0 10.0 9.0 8.0 7.0 6.0 5.0 4.0 3.0 2.0 1.0 
1.0 0.0 1.0 2.0 3.0 4.0 5.0 6.0 7.0 8.0 9.0 10.0 11.0 12.0 13.0 14.0 15.0 16.0 15.0 14.0 13.0 12.0 11.0 10.0 9.0 8.0 7.0 6.0 5.0 4.0 3.0 2.0 
2.0 1.0 0.0 1.0 2.0 3.0 4.0 5.0 6.0 7.0 8.0 9.0 10.0 11.0 12.0 13.0 14.0 15.0 16.0 15.0 14.0 13.0 12.0 11.0 10.0 9.0 8.0 7.0 6.0 5.0 4.0 3.0 
3.0 2.0 1.0 0.0 1.0 2.0 3.0 4.0 5.0 6.0 7.0 8.0 9.0 10.0 11.0 12.0 13.0 14.0 15.0 16.0 15.0 14.0 13.0 12.0 11.0 10.0 9.0 8.0 7.0 6.0 5.0 4.0 
4.0 3.0 2.0 1.0 0.0 1.0 2.0 3.0 4.0 5.0 6.0 7.0 8.0 9.0 10.0 11.0 12.0 13.0 14.0 15.0 16.0 15.0 14.0 13.0 12.0 11.0 10.0 9.0 8.0 7.0 6.0 5.0 
5.0 4.0 3.0 2.0 1.0 0.0 1.0 2.0 3.0 4.0 5.0 6.0 7.0 8.0 9.0 10.0 11.0 12.0 13.0 14.0 15.0 16.0 15.0 14.0 13.0 12.0 11.0 10.0 9.0 8.0 7.0 6.0 
6.0 5.0 4.0 3.0 2.0 1.0 0.0 1.0 2.0 3.0 4.0 5.0 6.0 7.0 8.0 9.0 10.0 11.0 12.0 13.0 14.0 15.0 16.0 15.0 14.0 13.0 12.0 11.0 10.0 9.0 8.0 7.0 
7.0 6.0 5.0 4.0 3.0 2.0 1.0 0.0 1.0 2.0 3.0 4.0 5.0 6.0 7.0 8.0 9.0 10.0 11.0 12.0 13.0 14.0 15.0 16.0 15.0 14.0 13.0 12.0 11.0 10.0 9.0 8.0 
8.0 7.0 6.0 5.0 4.0 3.0 2.0 1.0 0.0 1.0 2.0 3.0 4.0 5.0 6.0 7.0 8.0 9.0 10.0 11.0 12.0 13.0 14.0 15.0 16.0 15.0 14.0 13.0 12.0 11.0 10.0 9.0 
9.0 8.0 7.0 6.0 5.0 4.0 3.0 2.0 1.0 0.0 1.0 2.0 3.0 4.0 5.0 6.0 7.0 8.0 9.0 10.0 11.0 12.0 13.0 14.0 15.0 16.0 15.0 14.0 13.0 12.0 11.0 10.0 
10.0 9.0 8.0 7.0 6.0 5.0 4.0 3.0 2.0 1.0 0.0 1.0 2.0 3.0 4.0 5.0 6.0 7.0 8.0 9.0 10.0 11.0 12.0 13.0 14.0 15.0 16.0 15.0 14.0 13.0 12.0 11.0 
11.0 10.0 9.0 8.0 7.0 6.0 5.0 4.0 3.0 2.0 1.0 0.0 1.0 2.0 3.0 4.0 5.0 6.0 7.0 8.0 9.0 10.0 11.0 12.0 13.0 14.0 15.0 16.0 15.0 14.0 13.0 12.0 
12.0 11.0 10.0 9.0 8.0 7.0 6.0 5.0 4.0 3.0 2.0 1.0 0.0 1.0 2.0 3.0 4.0 5.0 6.0 7.0 8.0 9.0 10.0 11.0 12.0 13.0 14.0 15.0 16.0 15.0 14.0 13.0 
13.0 12.0 11.0 10.0 9.0 8.0 7.0 6.0 5.0 4.0 3.0 2.0 1.0 0.0 1.0 2.0 3.0 4.0 5.0 6.0 7.0 8.0 9.0 10.0 11.0 12.0 13.0 14.0 15.0 16.0 15.0 14.0 
14.0 13.0 12.0 11.0 10.0 9.0 8.0 7.0 6.0 5.0 4.0 3.0 2.0 1.0 0.0 1.0 2.0 3.0 4.0 5.0 6.0 7.0 8.0 9.0 10.0 11.0 12.0 13.0 14.0 15.0 16.0 15.0 
15.0 14.0 13.0 12.0 11.0 10.0 9.0 8.0 7.0 6.0 5.0 4.0 3.0 2.0 1.0 0.0 1.0 2.0 3.0 4.0 5.0 6.0 7.0 8.0 9.0 10.0 11.0 12.0 13.0 14.0 15.0 16.0 
16.0 15.0 14.0 13.0 12.0 11.0 10.0 9.0 8.0 7.0 6.0 5.0 4.0 3.0 2.0 1.0 0.0 1.0 2.0 3.0 4.0 5.0 6.0 7.0 8.0 9.0 10.0 11.0 12.0 13.0 14.0 15.0 
15.0 16.0 15.0 14.0 13.0 12.0 11.0 10.0 9.0 8.0 7.0 6.0 5.0 4.0 3.0 2.0 1.0 0.0 1.0 2.0 3.0 4.0 5.0 6.0 7.0 8.0 9.0 10.0 11.0 12.0 13.0 14.0 
14.0 15.0 16.0 15.0 14.0 13.0 12.0 11.0 10.0 9.0 8.0 7.0 6.0 5.0 4.0 3.0 2.0 1.0 0.0 1.0 2.0 3.0 4.0 5.0 6.0 7.0 8.0 9.0 10.0 11.0 12.0 13.0 
13.0 14.0 15.0 16.0 15.0 14.0 13.0 12.0 11.0 10.0 9.0 8.0 7.0 6.0 5.0 4.0 3.0 2.0 1.0 0.0 1.0 2.0 3.0 4.0 5.0 6.0 7.0 8.0 9.0 10.0 11.0 12.0 
12.0 13.0 14.0 15.0 16.0 15.0 14.0 13.0 12.0 11.0 10.0 9.0 8.0 7.0 6.0 5.0 4.0 3.0 2.0 1.0 0.0 1.0 2.0 3.0 4.0 5.0 6.0 7.0 8.0 9.0 10.0 11.0 
11.0 12.0 13.0 14.0 15.0 16.0 15.0 14.0 13.0 12.0 11.0 10.0 9.0 8.0 7.0 6.0 5.0 4.0 3.0 2.0 1.0 0.0 1.0 2.0 3.0 4.0 5.0 6.0 7.0 8.0 9.0 10.0 
10.0 11.0 12.0 13.0 14.0 15.0 16.0 15.0 14.0 13.0 12.0 11.0 10.0 9.0 8.0 7.0 6.0 5.0 4.0 3.0 2.0 1.0 0.0 1.0 2.0 3.0 4.0 5.0 6.0 7.0 8.0 9.0 
9.0 10.0 11.0 12.0 13.0 14.0 15.0 16.0 15.0 14.0 13.0 12.0 11.0 10.0 9.0 8.0 7.0 6.0 5.0 4.0 3.0 2.0 1.0 0.0 1.0 2.0 3.0 4.0 5.0 6.0 7.0 8.0 
8.0 9.0 10.0 11.0 12.0 13.0 14.0 15.0 16.0 15.0 14.0 13.0 12.0 11.0 10.0 9.0 8.0 7.0 6.0 5.0 4.0 3.0 2.0 1.0 0.0 1.0 2.0 3.0 4.0 5.0 6.0 7.0 
7.0 8.0 9.0 10.0 11.0 12.0 13.0 14.0 15.0 16.0 15.0 14.0 13.0 12.0 11.0 10.0 9.0 8.0 7.0 6.0 5.0 4.0 3.0 2.0 1.0 0.0 1.0 2.0 3.0 4.0 5.0 6.0 
6.0 7.0 8.0 9.0 10.0 11.0 12.0 13.0 14.0 15.0 16.0 15.0 14.0 13.0 12.0 11.0 10.0 9.0 8.0 7.0 6.0 5.0 4.0 3.0 2.0 1.0 0.0 1.0 2.0 3.0 4.0 5.0 
5.0 6.0 7.0 8.0 9.0 10.0 11.0 12.0 13.0 14.0 15.0 16.0 15.0 14.0 13.0 12.0 11.0 10.0 9.0 8.0 7.0 6.0 5.0 4.0 3.0 2.0 1.0 0.0 1.0 2.0 3.0 4.0 
4.0 5.0 6.0 7.0 8.0 9.0 10.0 11.0 12.0 13.0 14.0 15.0 16.0 15.0 14.0 13.0 12.0 11.0 10.0 9.0 8.0 7.0 6.0 5.0 4.0 3.0 2.0 1.0 0.0 1.0 2.0 3.0 
3.0 4.0 5.0 6.0 7.0 8.0 9.0 10.0 11.0 12.0 13.0 14.0 15.0 16.0 15.0 14.0 13.0 12.0 11.0 10.0 9.0 8.0 7.0 6.0 5.0 4.0 3.0 2.0 1.0 0.0 1.0 2.0 
2.0 3.0 4.0 5.0 6.0 7.0 8.0 9.0 10.0 11.0 12.0 13.0 14.0 15.0 16.0 15.0 14.0 13.0 12.0 11.0 10.0 9.0 8.0 7.0 6.0 5.0 4.0 3.0 2.0 1.0 0.0 1.0 
1.0 2.0 3.0 4.0 5.0 6.0 7.0 8.0 9.0 10.0 11.0 12.0 13.0 14.0 15.0 16.0 15.0 14.0 13.0 12.0 11.0 10.0 9.0 8.0 7.0 6.0 5.0 4.0 3.0 2.0 1.0 0.0 