32
15 8 27 65 27 94 14 19 29 70 45 69 29 92 12 99 91 52 88 74 69 6 36 1 73 82 9 39 95 70 4 55 
17 49 19 14 31 95 15 23 24 92 38 99 46 15 29 76 71 46 34 95 90 31 67 49 74 4 19 34 24 49 40 14 
25 86 5 33 56 35 41 47 83 4 69 53 48 4 76 15 29 17 98 91 6 72 54 26 57 46 78 55 99 68 86 34 
78 23 57 81 40 42 1 26 41 17 45 99 6 90 96 76 96 67 85 15 78 33 21 28 41 64 39 65 11 4 15 46 
70 77 59 9 63 99 32 48 70 48 38 17 29 74 79 5 72 60 93 100 76 92 70 2 55 17 2 64 77 30 23 57 
31 74 37 70 52 54 49 36 9 36 92 97 20 17 2 68 54 1 56 68 34 33 56 93 97 29 5 36 65 1 62 77 
94 66 20 20 93 51 71 33 39 46 43 66 28 80 65 45 52 49 89 87 20 92 83 25 55 92 88 74 59 63 13 64 
27 17 50 93 94 2 58 68 53 8 34 23 85 51 93 84 94 68 1 22 24 33 37 15 26 58 85 31 61 23 39 75 
40 65 18 22 69 20 12 5 29 60 67 71 24 97 78 24 81 21 41 46 77 51 69 60 32 44 89 51 2 97 85 69 
94 23 62 42 82 61 8 39 49 89 65 29 11 32 90 47 57 83 85 38 36 92 95 91 63 58 97 22 5 22 60 6 
11 89 60 57 31 19 98 72 65 27 62 52 78 75 68 74 59 37 18 9 1 75 64 33 48 77 37 21 16 98 22 73 
12 3 24 76 2 12 43 46 15 39 23 5 66 43 13 77 38 64 36 9 79 89 27 10 36 86 25 56 48 64 14 85 
57 100 28 70 33 76 43 95 12 91 9 26 77 57 83 10 77 15 63 86 93 70 50 13 7 67 25 2 77 96 45 16 
56 18 35 100 54 5 10 49 79 60 66 54 51 29 68 1 65 73 85 14 79 20 76 40 54 100 42 28 70 12 4 14 
81 90 29 49 15 70 97 42 48 87 98 7 27 99 48 71 37 44 15 82 40 89 37 42 92 7 20 36 100 28 95 66 
19 24 81 57 21 43 35 63 42 45 24 22 69 94 58 13 89 7 57 68 29 33 52 31 70 74 43 79 17 33 36 40 
2 94 54 87 81 74 21 64 11 47 5 49 52 17 17 42 10 42 54 87 58 33 71 45 59 4 91 34 72 34 67 78 
47 38 50 90 43 87 62 23 13 44 10 67 83 86 84 72 26 86 47 45 58 67 37 64 78 7 16 24 56 53 19 77 
29 65 92 27 15 66 56 41 1 37 69 30 32 36 34 21 1 10 36 41 3 92 26 47 84 29 8 41 95 82 32 18 
91 23 84 60 75 86 13 55 41 10 82 66 92 55 22 100 92 23 64 26 4 58 70 10 7 8 95 24 83 10 54 16 
81 43 11 62 27 90 87 20 74 85 17 27 79 82 68 34 10 48 11 56 23 29 23 7 8 26 36 58 39 12 62 82 
45 33 63 12 97 18 64 1 78 11 91 45 46 73 83 18 94 15 31 37 52 28 95 24 3 51 38 15 84 29 63 87 
38 9 39 63 98 76 27 7 49 61 74 53 85 35 18 14 41 36 52 15 53 10 59 31 62 67 51 65 38 68 59 73 
22 92 26 50 16 20 54 49 15 52 38 64 15 90 59 85 77 54 73 4 26 71 13 97 89 48 86 84 100 11 62 20 
13 1 57 76 71 40 56 31 42 37 9 80 46 4 37 54 20 2 57 63 91 39 2 10 30 26 41 26 24 27 69 7 
65 60 22 23 11 10 91 21 17 4 45 69 76 76 97 43 71 67 61 78 100 30 1 76 57 23 80 90 95 88 53 57 
25 39 4 9 48 10 14 26 64 35 52 46 38 83 56 75 69 7 23 36 94 89 48 38 58 92 46 42 93 94 18 87 
40 55 76 68 13 5 76 29 68 45 98 62 98 45 75 61 9 38 95 60 14 44 41 99 27 63 85 25 89 57 65 45 
92 56 18 92 84 81 80 38 89 75 71 56 18 8 60 43 21 36 78 11 48 72 38 2 55 85 81 27 15 50 44 15 
3 20 31 49 54 44 68 5 24 37 63 72 58 38 69 86 90 23 53 58 26 63 65 75 11 19 4 13 41 65 74 92 
90 51 84 40 24 28 97 58 77 4 56 45 55 99 62 46 71 100 45 49 29 45 54 10 99 96 94 82 85 74 1 57 
39 68 23 29 39 23 19 80 21 28 69 52 95 70 9 86 32 40 73 28 95 57 71 22 57 15 38 66 40 9 57 82 
0.0 1.0 2.0 3.0 4.0 5.0 6.0 7.0 8.0 9.0 10.0 11.0 12.0 13.0 14.0 15.0 16.0 15.0 14.0 13.0 12.0 11.0 10.0 9.0 8.0 7.0 6.0 5.0 4.0 3.0 2.0 1.0 
1.0 0.0 1.0 2.0 3.0 4.0 5.0 6.0 7.0 8.0 9.0 10.0 11.0 12.0 13.0 14.0 15.0 16.0 15.0 14.0 13.0 12.0 11.0 10.0 9.0 8.0 7.0 6.0 5.0 4.0 3.0 2.0 
2.0 1.0 0.0 1.0 2.0 3.0 4.0 5.0 6.0 7.0 8.0 9.0 10.0 11.0 12.0 13.0 14.0 15.0 16.0 15.0 14.0 13.0 12.0 11.0 10.0 9.0 8.0 7.0 6.0 5.0 4.0 3.0 
3.0 2.0 1.0 0.0 1.0 2.0 3.0 4.0 5.0 6.0 7.0 8.0 9.0 10.0 11.0 12.0 13.0 14.0 15.0 16.0 15.0 14.0 13.0 12.0 11.0 10.0 9.0 8.0 7.0 6.0 5.0 4.0 
4.0 3.0 2.0 1.0 0.0 1.0 2.0 3.0 4.0 5.0 6.0 7.0 8.0 9.0 10.0 11.0 12.0 13.0 14.0 15.0 16.0 15.0 14.0 13.0 12.0 11.0 10.0 9.0 8.0 7.0 6.0 5.0 
5.0 4.0 3.0 2.0 1.0 0.0 1.0 2.0 3.0 4.0 5.0 6.0 7.0 8.0 9.0 10.0 11.0 12.0 13.0 14.0 15.0 16.0 15.0 14.0 13.0 12.0 11.0 10.0 9.0 8.0 7.0 6.0 
6.0 5.0 4.0 3.0 2.0 1.0 0.0 1.0 2.0 3.0 4.0 5.0 6.0 7.0 8.0 9.0 10.0 11.0 12.0 13.0 14.0 15.0 16.0 15.0 14.0 13.0 12.0 11.0 10.0 9.0 8.0 7.0 
7.0 6.0 5.0 4.0 3.0 2.0 1.0 0.0 1.0 2.0 3.0 4.0 5.0 6.0 7.0 8.0 9.0 10.0 11.0 12.0 13.0 14.0 15.0 16.0 15.0 14.0 13.0 12.0 11.0 10.0 9.0 8.0 
8.0 7.0 6.0 5.0 4.0 3.0 2.0 1.0 0.0 1.0 2.0 3.0 4.0 5.0 6.0 7.0 8.0 9.0 10.0 11.0 12.0 13.0 14.0 15.0 16.0 15.0 14.0 13.0 12.0 11.0 10.0 9.0 
9.0 8.0 7.0 6.0 5.0 4.0 3.0 2.0 1.0 0.0 1.0 2.0 3.0 4.0 5.0 6.0 7.0 8.0 9.0 10.0 11.0 12.0 13.0 14.0 15.0 16.0 15.0 14.0 13.0 12.0 11.0 10.0 
10.0 9.0 8.0 7.0 6.0 5.0 4.0 3.0 2.0 1.0 0.0 1.0 2.0 3.0 4.0 5.0 6.0 7.0 8.0 9.0 10.0 11.0 12.0 13.0 14.0 15.0 16.0 15.0 14.0 13.0 12.0 11.0 
11.0 10.0 9.0 8.0 7.0 6.0 5.0 4.0 3.0 2.0 1.0 0.0 1.0 2.0 3.0 4.0 5.0 6.0 7.0 8.0 9.0 10.0 11.0 12.0 13.0 14.0 15.0 16.0 15.0 14.0 13.0 12.0 
12.0 11.0 10.0 9.0 8.0 7.0 6.0 5.0 4.0 3.0 2.0 1.0 0.0 1.0 2.0 3.0 4.0 5.0 6.0 7.0 8.0 9.0 10.0 11.0 12.0 13.0 14.0 15.0 16.0 15.0 14.0 13.0 
13.0 12.0 11.0 10.0 9.0 8.0 7.0 6.0 5.0 4.0 3.0 2.0 1.0 0.0 1.0 2.0 3.0 4.0 5.0 6.0 7.0 8.0 9.0 10.0 11.0 12.0 13.0 14.0 15.0 16.0 15.0 14.0 
14.0 13.0 12.0 11.0 10.0 9.0 8.0 7.0 6.0 5.0 4.0 3.0 2.0 1.0 0.0 1.0 2.0 3.0 4.0 5.0 6.0 7.0 8.0 9.0 10.0 11.0 12.0 13.0 14.0 15.0 16.0 15.0 
15.0 14.0 13.0 12.0 11.0 10.0 9.0 8.0 7.0 6.0 5.0 4.0 3.0 2.0 1.0 0.0 1.0 2.0 3.0 4.0 5.0 6.0 7.0 8.0 9.0 10.0 11.0 12.0 13.0 14.0 15.0 16.0 
16.0 15.0 14.0 13.0 12.0 11.0 10.0 9.0 8.0 7.0 6.0 5.0 4.0 3.0 2.0 1.0 0.0 1.0 2.0 3.0 4.0 5.0 6.0 7.0 8.0 9.0 10.0 11.0 12.0 13.0 14.0 15.0 
15.0 16.0 15.0 14.0 13.0 12.0 11.0 10.0 9.0 8.0 7.0 6.0 5.0 4.0 3.0 2.0 1.0 0.0 1.0 2.0 3.0 4.0 5.0 6.0 7.0 8.0 9.0 10.0 11.0 12.0 13.0 14.0 
14.0 15.0 16.0 15.0 14.0 13.0 12.0 11.0 10.0 9.0 8.0 7.0 6.0 5.0 4.0 3.0 2.0 1.0 0.0 1.0 2.0 3.0 4.0 5.0 6.0 7.0 8.0 9.0 10.0 11.0 12.0 13.0 
13.0 14.0 15.0 16.0 15.0 14.0 13.0 12.0 11.0 10.0 9.0 8.0 7.0 6.0 5.0 4.0 3.0 2.0 1.0 0.0 1.0 2.0 3.0 4.0 5.0 6.0 7.0 8.0 9.0 10.0 11.0 12.0 
12.0 13.0 14.0 15.0 16.0 15.0 14.0 13.0 12.0 11.0 10.0 9.0 8.0 7.0 6.0 5.0 4.0 3.0 2.0 1.0 0.0 1.0 2.0 3.0 4.0 5.0 6.0 7.0 8.0 9.0 10.0 11.0 
11.0 12.0 13.0 14.0 15.0 16.0 15.0 14.0 13.0 12.0 11.0 10.0 9.0 8.0 7.0 6.0 5.0 4.0 3.0 2.0 1.0 0.0 1.0 2.0 3.0 4.0 5.0 6.0 7.0 8.0 9.0 10.0 
10.0 11.0 12.0 13.0 14.0 15.0 16.0 15.0 14.0 13.0 12.0 11.0 10.0 9.0 8.0 7.0 6.0 5.0 4.0 3.0 2.0 1.0 0.0 1.0 2.0 3.0 4.0 5.0 6.0 7.0 8.0 9.0 
9.0 10.0 11.0 12.0 13.0 14.0 15.0 16.0 15.0 14.0 13.0 12.0 11.0 10.0 9.0 8.0 7.0 6.0 5.0 4.0 3.0 2.0 1.0 0.0 1.0 2.0 3.0 4.0 5.0 6.0 7.0 8.0 
8.0 9.0 10.0 11.0 12.0 13.0 14.0 15.0 16.0 15.0 14.0 13.0 12.0 11.0 10.0 9.0 8.0 7.0 6.0 5.0 4.0 3.0 2.0 1.0 0.0 1.0 2.0 3.0 4.0 5.0 6.0 7.0 
7.0 8.0 9.0 10.0 11.0 12.0 13.0 14.0 15.0 16.0 15.0 14.0 13.0 12.0 11.0 10.0 9.0 8.0 7.0 6.0 5.0 4.0 3.0 2.0 1.0 0.0 1.0 2.0 3.0 4.0 5.0 6.0 
6.0 7.0 8.0 9.0 10.0 11.0 12.0 13.0 14.0 15.0 16.0 15.0 14.0 13.0 12.0 11.0 10.0 9.0 8.0 7.0 6.0 5.0 4.0 3.0 2.0 1.0 0.0 1.0 2.0 3.0 4.0 5.0 
5.0 6.0 7.0 8.0 9.0 10.0 11.0 12.0 13.0 14.0 15.0 16.0 15.0 14.0 13.0 12.0 11.0 10.0 9.0 8.0 7.0 6.0 5.0 4.0 3.0 2.0 1.0 0.0 1.0 2.0 3.0 4.0 
4.0 5.0 6.0 7.0 8.0 9.0 10.0 11.0 12.0 13.0 14.0 15.0 16.0 15.0 14.0 13.0 12.0 11.0 10.0 9.0 8.0 7.0 6.0 5.0 4.0 3.0 2.0 1.0 0.0 1.0 2.0 3.0 
3.0 4.0 5.0 6.0 7.0 8.0 9.0 10.0 11.0 12.0 13.0 14.0 15.0 16.0 15.0 14.0 13.0 12.0 11.0 10.0 9.0 8.0 7.0 6.0 5.0 4.0 3.0 2.0 1.0 0.0 1.0 2.0 
2.0 3.0 4.0 5.0 6.0 7.0 8.0 9.0 10.0 11.0 12.0 13.0 14.0 15.0 16.0 15.0 14.0 13.0 12.0 11.0 10.0 9.0 8.0 7.0 6.0 5.0 4.0 3.0 2.0 1.0 0.0 1.0 
1.0 2.0 3.0 4.0 5.0 6.0 7.0 8.0 9.0 10.0 11.0 12.0 13.0 14.0 15.0 16.0 15.0 14.0 13.0 12.0 11.0 10.0 9.0 8.0 7.0 6.0 5.0 4.0 3.0 2.0 1.0 0.0 