64 0.0 2048.0 354 12542
8 21 21 81 56 47 20 45 21 14 80 91 8 16 93 71 57 57 10 24 69 42 65 72 37 98 86 93 47 31 58 84 74 14 51 59 13 33 54 38 40 64 67 92 84 28 75 21 69 74 16 51 54 18 67 11 66 62 89 29 26 90 49 40 
6 38 23 29 20 86 43 61 84 95 58 23 62 39 73 51 8 25 2 58 64 47 88 85 84 1 66 64 94 28 68 85 81 94 4 20 97 58 69 59 96 11 5 15 93 23 61 4 19 4 74 37 18 43 12 33 54 13 52 67 11 60 18 61 
34 2 88 99 5 65 31 29 73 27 21 25 48 84 77 54 67 48 62 4 9 48 65 94 34 52 46 38 10 81 40 29 69 35 1 12 58 14 47 84 42 90 92 73 65 36 59 98 17 19 66 14 70 39 80 72 66 93 84 31 20 36 74 32 
50 96 38 80 89 29 23 42 58 62 76 11 91 47 81 59 38 85 81 34 94 21 95 44 1 20 68 52 50 79 97 80 26 93 100 85 21 91 96 98 66 13 82 8 69 5 30 4 64 98 96 3 9 2 1 17 64 86 47 66 77 44 90 12 
9 63 69 32 22 21 47 47 2 54 5 83 1 85 94 13 72 9 34 46 33 88 21 17 95 32 66 34 92 72 10 37 31 26 79 17 90 44 56 44 59 81 36 68 100 20 41 54 28 42 96 59 11 81 66 52 17 11 85 91 97 16 87 30 
12 82 17 93 7 95 63 94 22 66 45 57 73 49 96 68 18 94 46 28 29 9 47 30 70 35 56 10 85 33 15 91 57 92 41 21 4 46 11 29 12 16 96 11 26 56 6 44 61 73 29 7 78 9 50 74 81 23 55 95 28 17 19 33 
98 30 66 19 86 15 16 59 56 83 70 84 29 74 55 66 18 84 56 11 26 99 37 78 78 38 25 97 4 80 53 86 76 65 42 2 19 14 100 46 52 61 81 15 77 16 89 17 42 40 38 80 78 89 3 71 24 47 71 47 14 89 98 57 
47 77 57 24 40 62 85 55 50 29 85 18 14 14 80 88 90 14 41 96 71 21 9 82 6 26 11 92 64 69 50 98 9 98 73 93 66 22 28 13 2 34 81 27 35 58 83 94 62 5 77 85 72 84 48 74 67 49 24 93 70 95 18 44 
44 37 60 5 57 43 45 59 87 27 64 98 71 7 92 90 2 86 31 86 47 22 95 46 12 50 35 58 4 45 39 49 90 12 21 13 70 93 52 2 41 53 30 28 72 48 47 41 8 10 92 74 9 59 97 49 5 47 91 79 56 89 30 94 
95 51 39 14 80 55 49 40 41 81 36 8 3 65 14 30 94 31 8 47 75 4 60 66 38 58 51 100 6 82 55 6 2 48 59 10 14 51 38 28 68 6 63 46 1 80 25 86 15 84 27 78 63 81 15 92 48 96 80 97 67 45 28 53 
60 28 26 33 50 16 45 81 55 65 65 34 13 71 17 44 94 67 43 32 34 72 85 97 65 52 48 44 16 31 96 99 24 12 89 77 92 29 51 72 68 7 99 94 31 65 59 100 84 82 34 24 55 1 33 94 46 50 7 28 49 31 25 56 
28 81 34 82 68 32 67 11 73 43 47 32 12 39 98 98 65 77 21 99 28 41 39 4 57 100 24 100 52 52 39 4 56 23 13 86 36 59 4 89 47 5 37 31 8 29 90 62 18 17 45 98 78 55 63 46 67 94 82 6 71 33 100 8 
25 62 40 99 81 52 99 19 3 46 38 95 72 41 14 71 96 14 79 59 8 99 63 49 83 55 19 47 58 6 70 90 27 43 65 12 27 43 52 22 34 78 61 58 47 50 58 21 54 80 46 98 19 41 5 89 55 94 70 14 93 3 10 56 
47 74 35 74 7 64 8 27 66 74 70 1 40 90 51 65 63 60 33 65 4 93 76 72 44 17 62 10 10 88 60 20 3 10 10 83 27 38 70 92 3 97 59 87 45 90 65 28 27 37 66 15 45 79 56 5 45 86 66 87 92 10 54 41 
2 46 50 62 90 64 28 8 51 10 38 100 74 55 45 59 80 90 10 49 48 19 76 98 48 31 12 10 72 9 70 69 68 47 59 20 36 7 5 100 22 52 41 14 98 90 80 9 86 24 52 59 12 11 4 12 36 85 47 58 35 9 24 8 
8 40 56 41 60 30 82 81 70 39 92 63 38 83 100 5 9 87 5 11 31 73 60 79 53 56 3 75 27 23 100 3 60 82 81 13 21 56 61 16 11 100 33 41 23 87 25 97 91 26 97 12 35 61 27 71 84 14 99 44 48 56 12 90 
54 53 2 31 5 91 40 83 12 100 46 96 63 30 99 85 99 4 30 92 25 11 44 72 98 70 20 6 53 98 26 57 83 89 23 34 26 24 17 77 53 53 35 46 64 10 3 85 79 91 33 33 64 8 85 97 57 2 81 5 13 48 22 60 
15 87 82 12 36 25 10 69 75 100 49 67 90 44 13 49 3 90 52 65 44 6 71 28 76 99 91 25 34 35 20 48 49 48 32 92 44 9 63 46 79 84 33 2 11 35 48 68 55 39 47 67 66 42 21 68 71 62 100 21 11 33 95 51 
42 70 19 67 67 15 53 100 13 97 61 47 53 91 70 60 16 43 25 87 52 20 61 33 13 2 68 31 31 11 12 12 72 68 77 47 92 56 62 5 13 25 75 27 42 49 9 44 61 97 65 98 24 17 16 34 36 60 95 36 4 59 52 5 
85 88 15 37 33 15 58 79 6 6 35 30 39 79 15 52 90 16 81 2 8 36 47 36 6 33 1 60 45 80 63 2 6 62 82 77 74 84 78 23 5 100 19 29 13 97 27 81 2 91 9 63 91 34 56 86 9 40 79 4 42 30 78 19 
29 87 4 53 30 96 53 45 50 32 6 90 53 61 32 52 59 96 59 48 51 6 29 73 31 73 60 35 69 36 63 11 13 12 89 47 96 40 77 27 48 77 22 64 96 66 8 100 10 2 16 37 95 61 16 52 31 68 52 1 12 50 20 35 
43 66 58 51 27 30 40 87 66 93 45 38 80 76 77 45 23 9 28 15 18 99 40 20 67 27 13 90 20 7 49 46 10 27 52 28 29 69 98 30 24 12 46 55 53 87 61 32 69 63 96 78 28 82 19 6 29 49 94 13 15 83 82 53 
78 48 47 51 23 44 77 4 38 90 15 55 25 95 73 54 7 69 98 20 68 83 24 94 96 35 73 89 58 9 83 21 32 28 6 80 93 93 75 13 4 54 25 64 97 99 48 48 43 38 33 38 19 96 54 29 28 25 63 25 68 8 9 47 
92 7 41 62 94 13 59 17 32 43 67 82 28 13 59 32 70 75 75 86 53 98 20 92 10 30 45 89 18 75 56 46 97 46 91 26 49 41 13 74 45 40 67 42 14 78 52 66 31 42 50 74 62 53 41 7 1 56 78 6 97 13 53 92 
48 24 77 100 23 44 2 12 41 30 99 8 19 80 79 48 13 57 53 92 36 6 60 25 43 20 99 11 98 31 14 94 30 44 34 48 96 55 84 49 35 76 7 37 49 71 97 43 74 4 2 65 92 10 7 78 44 80 97 81 58 61 54 33 
85 8 71 63 31 29 69 16 61 61 16 33 33 90 58 43 85 100 92 45 67 18 75 1 88 17 93 68 20 2 99 87 98 22 44 61 25 17 79 15 89 71 2 72 15 89 79 58 11 52 13 75 72 16 44 57 60 2 35 40 46 87 54 27 
83 32 58 83 15 13 84 26 8 46 8 14 4 93 63 50 7 68 43 38 27 71 21 79 24 39 70 46 36 2 10 63 14 70 20 17 68 24 55 34 81 11 47 83 82 27 70 36 79 65 71 90 75 28 8 68 31 8 99 18 85 30 76 95 
33 72 88 56 23 18 67 95 79 52 22 49 44 24 68 52 40 28 73 19 28 52 33 25 40 65 62 25 72 39 87 68 73 6 40 80 61 49 33 78 58 98 87 65 88 39 63 45 25 95 80 39 84 5 94 51 31 42 42 70 77 65 75 54 
86 7 2 16 79 88 59 12 44 75 31 49 41 43 45 26 80 94 74 55 1 77 38 80 77 81 98 93 60 86 52 29 90 74 75 79 57 38 97 39 23 32 85 68 28 77 71 21 78 64 49 16 91 69 39 79 10 7 34 90 73 63 32 22 
36 38 52 90 85 52 13 95 12 5 53 25 48 85 80 37 34 73 55 51 36 92 30 25 66 42 36 35 25 24 26 81 13 94 36 3 29 86 87 83 48 91 52 39 48 65 12 75 24 56 10 76 37 72 84 78 86 96 89 65 15 71 57 27 
15 20 62 23 92 100 88 27 29 50 90 86 83 45 46 82 60 17 35 76 94 33 70 90 34 24 58 87 51 15 29 30 49 57 63 95 33 4 35 91 85 17 96 53 56 31 91 82 96 66 30 65 92 94 74 88 74 48 88 33 15 87 96 58 
8 81 28 100 10 26 21 78 78 100 69 2 38 59 51 51 18 6 100 22 86 89 98 66 3 89 53 98 34 27 97 84 95 10 13 10 97 21 16 50 27 47 76 70 49 65 6 95 71 7 21 8 79 6 70 18 76 87 69 94 50 39 20 11 
96 56 82 38 56 17 2 76 55 19 42 41 66 38 35 77 22 88 3 54 69 22 78 78 85 73 36 43 98 90 49 49 68 31 50 20 44 86 12 4 68 61 16 27 72 58 50 14 4 7 19 70 54 92 26 19 57 88 65 6 66 98 9 5 
71 70 7 62 83 79 13 34 43 97 46 91 2 20 50 55 25 24 25 94 83 98 74 66 47 66 36 33 76 77 35 1 20 17 33 95 69 59 72 19 83 12 34 32 78 90 48 97 1 25 66 30 41 15 27 3 53 37 9 36 27 19 33 23 
64 98 97 14 18 36 35 30 44 48 30 79 62 94 1 6 52 43 93 15 69 77 95 81 51 33 76 7 69 28 74 23 73 45 22 64 19 31 1 75 93 90 92 27 70 96 79 61 84 60 63 40 44 44 69 31 78 91 24 55 8 91 6 33 
93 85 28 28 61 90 37 66 50 70 47 88 59 12 32 90 70 65 99 64 74 41 2 96 26 59 94 57 35 58 20 8 97 84 74 85 13 94 10 53 98 29 5 79 10 5 30 33 62 3 15 78 38 14 70 75 53 88 90 61 88 47 1 16 
47 22 7 86 75 36 94 57 51 80 87 24 58 98 63 27 85 45 97 61 90 81 17 32 62 19 28 13 98 57 89 41 53 70 72 6 33 7 30 61 67 43 56 90 91 29 70 86 56 79 66 40 97 83 89 32 79 85 43 97 35 54 37 90 
63 8 35 1 20 52 87 99 69 95 57 70 94 96 48 18 49 80 73 100 26 89 76 83 30 18 65 64 72 2 58 87 92 93 1 81 69 81 41 12 64 38 15 12 15 56 15 24 30 53 72 100 34 25 24 98 75 30 8 2 83 82 1 27 
29 17 71 25 54 27 3 39 67 93 3 10 56 40 17 96 87 83 51 18 19 68 77 19 91 73 79 60 17 83 70 31 58 28 4 21 54 9 15 9 52 13 46 16 25 31 62 75 10 60 63 25 60 69 30 64 79 70 60 65 10 79 48 90 
90 48 35 49 89 23 72 100 80 64 50 36 55 29 15 2 5 80 88 79 41 35 74 76 16 32 84 11 39 71 86 58 31 26 60 87 31 5 48 38 91 54 98 47 13 2 41 32 15 69 80 50 78 2 63 65 23 60 32 58 98 16 55 74 
2 57 25 81 54 55 69 51 24 35 67 98 73 63 31 10 67 12 2 69 73 26 69 14 33 11 18 33 80 78 82 51 54 50 77 90 27 40 62 13 6 99 44 80 31 79 53 66 71 47 94 67 7 59 24 100 43 27 40 5 81 85 16 25 
12 26 57 7 21 42 81 43 9 35 52 57 19 37 91 15 45 46 98 100 86 86 99 30 39 60 37 66 15 72 81 2 20 15 22 16 54 38 36 79 83 21 36 81 54 48 9 91 83 60 42 72 54 9 66 57 56 72 27 52 27 40 59 82 
33 100 57 15 45 57 83 41 71 88 51 98 69 16 52 93 39 90 43 88 84 54 42 58 67 49 39 70 55 93 19 66 9 78 49 34 22 69 5 48 93 76 3 42 84 75 15 98 86 2 70 15 77 74 27 65 7 55 79 79 55 60 4 83 
27 40 89 10 40 88 54 67 50 60 56 81 52 8 46 97 67 69 26 20 57 73 40 73 11 81 83 27 20 80 72 33 27 29 90 76 98 53 63 88 65 43 63 79 97 78 2 43 16 77 10 81 89 74 1 9 23 48 45 3 55 86 7 89 
52 50 23 36 88 61 91 22 53 19 23 59 34 58 78 12 49 3 42 64 61 65 28 5 25 35 95 85 83 62 15 7 91 15 21 95 88 20 69 71 68 49 51 21 22 47 97 56 5 88 32 48 13 17 43 26 95 86 51 94 99 40 26 30 
50 61 96 34 50 68 90 61 95 93 70 5 95 45 42 51 67 96 78 83 93 82 70 74 47 26 65 85 24 12 100 31 38 61 1 45 93 19 100 67 73 28 1 88 40 36 97 95 18 79 29 77 66 85 18 14 39 28 26 46 83 54 90 9 
68 47 46 36 67 56 68 99 50 95 31 69 59 55 59 41 23 32 85 26 46 93 31 25 98 15 38 73 3 61 56 8 71 71 20 51 82 92 88 53 36 5 63 31 96 17 59 94 1 18 48 43 16 55 48 79 63 44 63 87 74 37 67 54 
39 40 48 44 8 51 56 45 58 10 58 29 51 57 76 13 39 13 39 78 82 25 8 49 69 13 50 9 100 58 45 5 38 2 79 38 29 26 25 27 26 2 10 12 19 20 54 34 2 26 65 55 79 52 73 57 34 86 25 53 27 86 67 90 
85 47 42 91 92 76 31 87 56 91 3 20 33 35 2 82 35 17 28 26 87 41 91 59 63 83 30 64 8 16 31 45 25 63 57 86 15 49 52 70 55 13 84 54 4 19 81 76 96 60 58 13 74 82 12 25 42 66 62 1 74 85 94 7 
75 59 93 16 42 43 32 17 30 60 21 2 49 2 15 26 4 83 38 39 84 1 61 61 60 67 100 30 63 53 94 67 56 49 4 32 59 58 16 84 58 1 12 36 41 76 35 2 58 60 19 6 31 78 96 75 63 88 78 35 25 61 14 85 
81 9 43 56 36 86 30 93 43 51 79 80 82 10 6 60 75 38 66 71 15 59 3 87 32 54 15 41 29 28 57 50 38 40 62 88 77 37 41 73 96 65 46 64 70 26 28 11 49 58 14 55 73 14 57 31 82 58 71 63 20 55 13 12 
53 85 95 39 50 47 84 59 51 10 63 84 3 3 60 85 86 4 73 22 69 77 12 70 66 89 77 38 25 27 93 98 100 87 75 70 47 43 11 11 32 50 77 63 86 31 8 51 40 90 2 37 67 14 38 71 73 35 75 69 85 19 36 100 
4 63 53 35 76 11 37 82 98 95 5 28 83 21 59 28 28 57 45 25 60 72 39 99 75 41 79 86 90 12 50 33 67 50 35 61 99 31 95 96 100 17 89 18 100 54 58 32 89 19 29 47 41 21 46 85 52 73 37 25 37 24 30 43 
11 91 53 17 23 24 72 79 46 85 46 63 20 22 89 71 7 28 36 19 22 36 78 81 50 69 39 53 63 72 99 14 100 80 42 78 3 43 53 53 15 82 60 81 53 45 3 8 73 24 30 24 18 37 84 4 58 59 2 57 60 31 13 43 
7 22 21 93 49 56 79 24 76 22 25 86 14 32 8 95 53 87 25 67 89 22 52 85 2 43 86 21 82 96 75 53 62 90 82 49 4 23 57 19 29 56 32 47 34 89 84 22 5 98 33 33 55 52 81 27 7 55 63 89 11 83 19 66 
64 57 55 12 94 13 48 74 54 65 8 25 50 54 34 26 15 42 81 14 98 65 81 85 84 54 91 92 76 35 82 73 49 21 41 93 10 98 82 2 95 23 18 45 5 95 40 71 49 29 78 26 1 48 74 70 23 78 79 66 54 35 57 46 
71 21 47 76 33 6 25 6 57 11 19 21 83 37 77 61 99 75 77 92 79 20 52 43 52 24 11 86 82 43 15 48 10 87 75 85 89 43 21 87 89 86 91 53 60 57 96 31 68 88 59 42 64 8 59 43 37 21 90 55 46 51 65 37 
52 36 97 15 90 38 82 47 84 19 2 37 16 2 78 31 55 59 70 23 5 79 23 44 53 48 97 62 49 70 79 60 55 49 32 43 47 73 54 64 7 77 63 9 5 77 11 1 73 46 63 27 48 24 22 98 31 8 86 47 76 48 56 89 
30 57 72 3 48 66 2 85 75 64 100 68 51 17 91 47 48 58 87 66 70 50 57 35 79 98 38 81 87 70 18 99 54 52 35 65 23 99 72 45 100 3 57 84 33 86 61 36 99 86 91 44 38 25 89 61 59 6 51 60 77 54 46 98 
46 36 89 42 1 63 92 52 47 85 85 89 36 78 60 33 69 38 2 9 62 16 91 96 32 97 90 33 25 75 94 44 73 19 50 94 83 97 64 78 7 97 47 54 50 65 14 68 46 98 49 98 42 17 31 83 13 27 26 89 68 67 32 74 
40 90 83 63 25 33 51 57 65 30 13 75 91 44 75 84 33 57 56 31 19 77 49 11 62 74 26 86 46 99 27 23 4 79 61 38 29 70 95 5 22 48 57 49 31 68 65 93 83 42 15 1 93 3 61 17 82 74 87 76 96 17 43 1 
91 59 77 70 27 95 32 22 61 22 46 65 5 79 97 54 18 65 80 63 88 6 97 79 24 65 48 87 88 27 96 69 52 73 29 99 87 97 82 52 3 93 48 3 45 66 24 84 63 28 1 19 38 55 21 56 63 70 83 21 78 19 76 88 
39 4 75 97 50 29 87 22 54 2 59 53 65 92 94 91 97 62 82 100 73 97 78 9 39 78 11 72 44 23 40 24 40 91 36 56 73 61 16 57 19 81 20 17 97 27 61 44 84 54 81 66 22 19 15 46 13 70 9 37 99 51 47 13 
52 63 27 46 18 94 15 6 46 63 58 3 44 19 23 79 77 12 22 77 23 89 94 96 1 83 71 79 3 30 26 35 96 76 27 59 83 16 69 29 74 9 34 62 74 18 64 66 88 40 18 91 28 58 28 96 46 1 46 89 67 66 2 49 
0.0 1.0 2.0 3.0 4.0 5.0 6.0 7.0 8.0 9.0 10.0 11.0 12.0 13.0 14.0 15.0 16.0 17.0 18.0 19.0 20.0 21.0 22.0 23.0 24.0 25.0 26.0 27.0 28.0 29.0 30.0 31.0 32.0 31.0 30.0 29.0 28.0 27.0 26.0 25.0 24.0 23.0 22.0 21.0 20.0 19.0 18.0 17.0 16.0 15.0 14.0 13.0 12.0 11.0 10.0 9.0 8.0 7.0 6.0 5.0 4.0 3.0 2.0 1.0 
1.0 0.0 1.0 2.0 3.0 4.0 5.0 6.0 7.0 8.0 9.0 10.0 11.0 12.0 13.0 14.0 15.0 16.0 17.0 18.0 19.0 20.0 21.0 22.0 23.0 24.0 25.0 26.0 27.0 28.0 29.0 30.0 31.0 32.0 31.0 30.0 29.0 28.0 27.0 26.0 25.0 24.0 23.0 22.0 21.0 20.0 19.0 18.0 17.0 16.0 15.0 14.0 13.0 12.0 11.0 10.0 9.0 8.0 7.0 6.0 5.0 4.0 3.0 2.0 
2.0 1.0 0.0 1.0 2.0 3.0 4.0 5.0 6.0 7.0 8.0 9.0 10.0 11.0 12.0 13.0 14.0 15.0 16.0 17.0 18.0 19.0 20.0 21.0 22.0 23.0 24.0 25.0 26.0 27.0 28.0 29.0 30.0 31.0 32.0 31.0 30.0 29.0 28.0 27.0 26.0 25.0 24.0 23.0 22.0 21.0 20.0 19.0 18.0 17.0 16.0 15.0 14.0 13.0 12.0 11.0 10.0 9.0 8.0 7.0 6.0 5.0 4.0 3.0 
3.0 2.0 1.0 0.0 1.0 2.0 3.0 4.0 5.0 6.0 7.0 8.0 9.0 10.0 11.0 12.0 13.0 14.0 15.0 16.0 17.0 18.0 19.0 20.0 21.0 22.0 23.0 24.0 25.0 26.0 27.0 28.0 29.0 30.0 31.0 32.0 31.0 30.0 29.0 28.0 27.0 26.0 25.0 24.0 23.0 22.0 21.0 20.0 19.0 18.0 17.0 16.0 15.0 14.0 13.0 12.0 11.0 10.0 9.0 8.0 7.0 6.0 5.0 4.0 
4.0 3.0 2.0 1.0 0.0 1.0 2.0 3.0 4.0 5.0 6.0 7.0 8.0 9.0 10.0 11.0 12.0 13.0 14.0 15.0 16.0 17.0 18.0 19.0 20.0 21.0 22.0 23.0 24.0 25.0 26.0 27.0 28.0 29.0 30.0 31.0 32.0 31.0 30.0 29.0 28.0 27.0 26.0 25.0 24.0 23.0 22.0 21.0 20.0 19.0 18.0 17.0 16.0 15.0 14.0 13.0 12.0 11.0 10.0 9.0 8.0 7.0 6.0 5.0 
5.0 4.0 3.0 2.0 1.0 0.0 1.0 2.0 3.0 4.0 5.0 6.0 7.0 8.0 9.0 10.0 11.0 12.0 13.0 14.0 15.0 16.0 17.0 18.0 19.0 20.0 21.0 22.0 23.0 24.0 25.0 26.0 27.0 28.0 29.0 30.0 31.0 32.0 31.0 30.0 29.0 28.0 27.0 26.0 25.0 24.0 23.0 22.0 21.0 20.0 19.0 18.0 17.0 16.0 15.0 14.0 13.0 12.0 11.0 10.0 9.0 8.0 7.0 6.0 
6.0 5.0 4.0 3.0 2.0 1.0 0.0 1.0 2.0 3.0 4.0 5.0 6.0 7.0 8.0 9.0 10.0 11.0 12.0 13.0 14.0 15.0 16.0 17.0 18.0 19.0 20.0 21.0 22.0 23.0 24.0 25.0 26.0 27.0 28.0 29.0 30.0 31.0 32.0 31.0 30.0 29.0 28.0 27.0 26.0 25.0 24.0 23.0 22.0 21.0 20.0 19.0 18.0 17.0 16.0 15.0 14.0 13.0 12.0 11.0 10.0 9.0 8.0 7.0 
7.0 6.0 5.0 4.0 3.0 2.0 1.0 0.0 1.0 2.0 3.0 4.0 5.0 6.0 7.0 8.0 9.0 10.0 11.0 12.0 13.0 14.0 15.0 16.0 17.0 18.0 19.0 20.0 21.0 22.0 23.0 24.0 25.0 26.0 27.0 28.0 29.0 30.0 31.0 32.0 31.0 30.0 29.0 28.0 27.0 26.0 25.0 24.0 23.0 22.0 21.0 20.0 19.0 18.0 17.0 16.0 15.0 14.0 13.0 12.0 11.0 10.0 9.0 8.0 
8.0 7.0 6.0 5.0 4.0 3.0 2.0 1.0 0.0 1.0 2.0 3.0 4.0 5.0 6.0 7.0 8.0 9.0 10.0 11.0 12.0 13.0 14.0 15.0 16.0 17.0 18.0 19.0 20.0 21.0 22.0 23.0 24.0 25.0 26.0 27.0 28.0 29.0 30.0 31.0 32.0 31.0 30.0 29.0 28.0 27.0 26.0 25.0 24.0 23.0 22.0 21.0 20.0 19.0 18.0 17.0 16.0 15.0 14.0 13.0 12.0 11.0 10.0 9.0 
9.0 8.0 7.0 6.0 5.0 4.0 3.0 2.0 1.0 0.0 1.0 2.0 3.0 4.0 5.0 6.0 7.0 8.0 9.0 10.0 11.0 12.0 13.0 14.0 15.0 16.0 17.0 18.0 19.0 20.0 21.0 22.0 23.0 24.0 25.0 26.0 27.0 28.0 29.0 30.0 31.0 32.0 31.0 30.0 29.0 28.0 27.0 26.0 25.0 24.0 23.0 22.0 21.0 20.0 19.0 18.0 17.0 16.0 15.0 14.0 13.0 12.0 11.0 10.0 
10.0 9.0 8.0 7.0 6.0 5.0 4.0 3.0 2.0 1.0 0.0 1.0 2.0 3.0 4.0 5.0 6.0 7.0 8.0 9.0 10.0 11.0 12.0 13.0 14.0 15.0 16.0 17.0 18.0 19.0 20.0 21.0 22.0 23.0 24.0 25.0 26.0 27.0 28.0 29.0 30.0 31.0 32.0 31.0 30.0 29.0 28.0 27.0 26.0 25.0 24.0 23.0 22.0 21.0 20.0 19.0 18.0 17.0 16.0 15.0 14.0 13.0 12.0 11.0 
11.0 10.0 9.0 8.0 7.0 6.0 5.0 4.0 3.0 2.0 1.0 0.0 1.0 2.0 3.0 4.0 5.0 6.0 7.0 8.0 9.0 10.0 11.0 12.0 13.0 14.0 15.0 16.0 17.0 18.0 19.0 20.0 21.0 22.0 23.0 24.0 25.0 26.0 27.0 28.0 29.0 30.0 31.0 32.0 31.0 30.0 29.0 28.0 27.0 26.0 25.0 24.0 23.0 22.0 21.0 20.0 19.0 18.0 17.0 16.0 15.0 14.0 13.0 12.0 
12.0 11.0 10.0 9.0 8.0 7.0 6.0 5.0 4.0 3.0 2.0 1.0 0.0 1.0 2.0 3.0 4.0 5.0 6.0 7.0 8.0 9.0 10.0 11.0 12.0 13.0 14.0 15.0 16.0 17.0 18.0 19.0 20.0 21.0 22.0 23.0 24.0 25.0 26.0 27.0 28.0 29.0 30.0 31.0 32.0 31.0 30.0 29.0 28.0 27.0 26.0 25.0 24.0 23.0 22.0 21.0 20.0 19.0 18.0 17.0 16.0 15.0 14.0 13.0 
13.0 12.0 11.0 10.0 9.0 8.0 7.0 6.0 5.0 4.0 3.0 2.0 1.0 0.0 1.0 2.0 3.0 4.0 5.0 6.0 7.0 8.0 9.0 10.0 11.0 12.0 13.0 14.0 15.0 16.0 17.0 18.0 19.0 20.0 21.0 22.0 23.0 24.0 25.0 26.0 27.0 28.0 29.0 30.0 31.0 32.0 31.0 30.0 29.0 28.0 27.0 26.0 25.0 24.0 23.0 22.0 21.0 20.0 19.0 18.0 17.0 16.0 15.0 14.0 
14.0 13.0 12.0 11.0 10.0 9.0 8.0 7.0 6.0 5.0 4.0 3.0 2.0 1.0 0.0 1.0 2.0 3.0 4.0 5.0 6.0 7.0 8.0 9.0 10.0 11.0 12.0 13.0 14.0 15.0 16.0 17.0 18.0 19.0 20.0 21.0 22.0 23.0 24.0 25.0 26.0 27.0 28.0 29.0 30.0 31.0 32.0 31.0 30.0 29.0 28.0 27.0 26.0 25.0 24.0 23.0 22.0 21.0 20.0 19.0 18.0 17.0 16.0 15.0 
15.0 14.0 13.0 12.0 11.0 10.0 9.0 8.0 7.0 6.0 5.0 4.0 3.0 2.0 1.0 0.0 1.0 2.0 3.0 4.0 5.0 6.0 7.0 8.0 9.0 10.0 11.0 12.0 13.0 14.0 15.0 16.0 17.0 18.0 19.0 20.0 21.0 22.0 23.0 24.0 25.0 26.0 27.0 28.0 29.0 30.0 31.0 32.0 31.0 30.0 29.0 28.0 27.0 26.0 25.0 24.0 23.0 22.0 21.0 20.0 19.0 18.0 17.0 16.0 
16.0 15.0 14.0 13.0 12.0 11.0 10.0 9.0 8.0 7.0 6.0 5.0 4.0 3.0 2.0 1.0 0.0 1.0 2.0 3.0 4.0 5.0 6.0 7.0 8.0 9.0 10.0 11.0 12.0 13.0 14.0 15.0 16.0 17.0 18.0 19.0 20.0 21.0 22.0 23.0 24.0 25.0 26.0 27.0 28.0 29.0 30.0 31.0 32.0 31.0 30.0 29.0 28.0 27.0 26.0 25.0 24.0 23.0 22.0 21.0 20.0 19.0 18.0 17.0 
17.0 16.0 15.0 14.0 13.0 12.0 11.0 10.0 9.0 8.0 7.0 6.0 5.0 4.0 3.0 2.0 1.0 0.0 1.0 2.0 3.0 4.0 5.0 6.0 7.0 8.0 9.0 10.0 11.0 12.0 13.0 14.0 15.0 16.0 17.0 18.0 19.0 20.0 21.0 22.0 23.0 24.0 25.0 26.0 27.0 28.0 29.0 30.0 31.0 32.0 31.0 30.0 29.0 28.0 27.0 26.0 25.0 24.0 23.0 22.0 21.0 20.0 19.0 18.0 
18.0 17.0 16.0 15.0 14.0 13.0 12.0 11.0 10.0 9.0 8.0 7.0 6.0 5.0 4.0 3.0 2.0 1.0 0.0 1.0 2.0 3.0 4.0 5.0 6.0 7.0 8.0 9.0 10.0 11.0 12.0 13.0 14.0 15.0 16.0 17.0 18.0 19.0 20.0 21.0 22.0 23.0 24.0 25.0 26.0 27.0 28.0 29.0 30.0 31.0 32.0 31.0 30.0 29.0 28.0 27.0 26.0 25.0 24.0 23.0 22.0 21.0 20.0 19.0 
19.0 18.0 17.0 16.0 15.0 14.0 13.0 12.0 11.0 10.0 9.0 8.0 7.0 6.0 5.0 4.0 3.0 2.0 1.0 0.0 1.0 2.0 3.0 4.0 5.0 6.0 7.0 8.0 9.0 10.0 11.0 12.0 13.0 14.0 15.0 16.0 17.0 18.0 19.0 20.0 21.0 22.0 23.0 24.0 25.0 26.0 27.0 28.0 29.0 30.0 31.0 32.0 31.0 30.0 29.0 28.0 27.0 26.0 25.0 24.0 23.0 22.0 21.0 20.0 
20.0 19.0 18.0 17.0 16.0 15.0 14.0 13.0 12.0 11.0 10.0 9.0 8.0 7.0 6.0 5.0 4.0 3.0 2.0 1.0 0.0 1.0 2.0 3.0 4.0 5.0 6.0 7.0 8.0 9.0 10.0 11.0 12.0 13.0 14.0 15.0 16.0 17.0 18.0 19.0 20.0 21.0 22.0 23.0 24.0 25.0 26.0 27.0 28.0 29.0 30.0 31.0 32.0 31.0 30.0 29.0 28.0 27.0 26.0 25.0 24.0 23.0 22.0 21.0 
21.0 20.0 19.0 18.0 17.0 16.0 15.0 14.0 13.0 12.0 11.0 10.0 9.0 8.0 7.0 6.0 5.0 4.0 3.0 2.0 1.0 0.0 1.0 2.0 3.0 4.0 5.0 6.0 7.0 8.0 9.0 10.0 11.0 12.0 13.0 14.0 15.0 16.0 17.0 18.0 19.0 20.0 21.0 22.0 23.0 24.0 25.0 26.0 27.0 28.0 29.0 30.0 31.0 32.0 31.0 30.0 29.0 28.0 27.0 26.0 25.0 24.0 23.0 22.0 
22.0 21.0 20.0 19.0 18.0 17.0 16.0 15.0 14.0 13.0 12.0 11.0 10.0 9.0 8.0 7.0 6.0 5.0 4.0 3.0 2.0 1.0 0.0 1.0 2.0 3.0 4.0 5.0 6.0 7.0 8.0 9.0 10.0 11.0 12.0 13.0 14.0 15.0 16.0 17.0 18.0 19.0 20.0 21.0 22.0 23.0 24.0 25.0 26.0 27.0 28.0 29.0 30.0 31.0 32.0 31.0 30.0 29.0 28.0 27.0 26.0 25.0 24.0 23.0 
23.0 22.0 21.0 20.0 19.0 18.0 17.0 16.0 15.0 14.0 13.0 12.0 11.0 10.0 9.0 8.0 7.0 6.0 5.0 4.0 3.0 2.0 1.0 0.0 1.0 2.0 3.0 4.0 5.0 6.0 7.0 8.0 9.0 10.0 11.0 12.0 13.0 14.0 15.0 16.0 17.0 18.0 19.0 20.0 21.0 22.0 23.0 24.0 25.0 26.0 27.0 28.0 29.0 30.0 31.0 32.0 31.0 30.0 29.0 28.0 27.0 26.0 25.0 24.0 
24.0 23.0 22.0 21.0 20.0 19.0 18.0 17.0 16.0 15.0 14.0 13.0 12.0 11.0 10.0 9.0 8.0 7.0 6.0 5.0 4.0 3.0 2.0 1.0 0.0 1.0 2.0 3.0 4.0 5.0 6.0 7.0 8.0 9.0 10.0 11.0 12.0 13.0 14.0 15.0 16.0 17.0 18.0 19.0 20.0 21.0 22.0 23.0 24.0 25.0 26.0 27.0 28.0 29.0 30.0 31.0 32.0 31.0 30.0 29.0 28.0 27.0 26.0 25.0 
25.0 24.0 23.0 22.0 21.0 20.0 19.0 18.0 17.0 16.0 15.0 14.0 13.0 12.0 11.0 10.0 9.0 8.0 7.0 6.0 5.0 4.0 3.0 2.0 1.0 0.0 1.0 2.0 3.0 4.0 5.0 6.0 7.0 8.0 9.0 10.0 11.0 12.0 13.0 14.0 15.0 16.0 17.0 18.0 19.0 20.0 21.0 22.0 23.0 24.0 25.0 26.0 27.0 28.0 29.0 30.0 31.0 32.0 31.0 30.0 29.0 28.0 27.0 26.0 
26.0 25.0 24.0 23.0 22.0 21.0 20.0 19.0 18.0 17.0 16.0 15.0 14.0 13.0 12.0 11.0 10.0 9.0 8.0 7.0 6.0 5.0 4.0 3.0 2.0 1.0 0.0 1.0 2.0 3.0 4.0 5.0 6.0 7.0 8.0 9.0 10.0 11.0 12.0 13.0 14.0 15.0 16.0 17.0 18.0 19.0 20.0 21.0 22.0 23.0 24.0 25.0 26.0 27.0 28.0 29.0 30.0 31.0 32.0 31.0 30.0 29.0 28.0 27.0 
27.0 26.0 25.0 24.0 23.0 22.0 21.0 20.0 19.0 18.0 17.0 16.0 15.0 14.0 13.0 12.0 11.0 10.0 9.0 8.0 7.0 6.0 5.0 4.0 3.0 2.0 1.0 0.0 1.0 2.0 3.0 4.0 5.0 6.0 7.0 8.0 9.0 10.0 11.0 12.0 13.0 14.0 15.0 16.0 17.0 18.0 19.0 20.0 21.0 22.0 23.0 24.0 25.0 26.0 27.0 28.0 29.0 30.0 31.0 32.0 31.0 30.0 29.0 28.0 
28.0 27.0 26.0 25.0 24.0 23.0 22.0 21.0 20.0 19.0 18.0 17.0 16.0 15.0 14.0 13.0 12.0 11.0 10.0 9.0 8.0 7.0 6.0 5.0 4.0 3.0 2.0 1.0 0.0 1.0 2.0 3.0 4.0 5.0 6.0 7.0 8.0 9.0 10.0 11.0 12.0 13.0 14.0 15.0 16.0 17.0 18.0 19.0 20.0 21.0 22.0 23.0 24.0 25.0 26.0 27.0 28.0 29.0 30.0 31.0 32.0 31.0 30.0 29.0 
29.0 28.0 27.0 26.0 25.0 24.0 23.0 22.0 21.0 20.0 19.0 18.0 17.0 16.0 15.0 14.0 13.0 12.0 11.0 10.0 9.0 8.0 7.0 6.0 5.0 4.0 3.0 2.0 1.0 0.0 1.0 2.0 3.0 4.0 5.0 6.0 7.0 8.0 9.0 10.0 11.0 12.0 13.0 14.0 15.0 16.0 17.0 18.0 19.0 20.0 21.0 22.0 23.0 24.0 25.0 26.0 27.0 28.0 29.0 30.0 31.0 32.0 31.0 30.0 
30.0 29.0 28.0 27.0 26.0 25.0 24.0 23.0 22.0 21.0 20.0 19.0 18.0 17.0 16.0 15.0 14.0 13.0 12.0 11.0 10.0 9.0 8.0 7.0 6.0 5.0 4.0 3.0 2.0 1.0 0.0 1.0 2.0 3.0 4.0 5.0 6.0 7.0 8.0 9.0 10.0 11.0 12.0 13.0 14.0 15.0 16.0 17.0 18.0 19.0 20.0 21.0 22.0 23.0 24.0 25.0 26.0 27.0 28.0 29.0 30.0 31.0 32.0 31.0 
31.0 30.0 29.0 28.0 27.0 26.0 25.0 24.0 23.0 22.0 21.0 20.0 19.0 18.0 17.0 16.0 15.0 14.0 13.0 12.0 11.0 10.0 9.0 8.0 7.0 6.0 5.0 4.0 3.0 2.0 1.0 0.0 1.0 2.0 3.0 4.0 5.0 6.0 7.0 8.0 9.0 10.0 11.0 12.0 13.0 14.0 15.0 16.0 17.0 18.0 19.0 20.0 21.0 22.0 23.0 24.0 25.0 26.0 27.0 28.0 29.0 30.0 31.0 32.0 
32.0 31.0 30.0 29.0 28.0 27.0 26.0 25.0 24.0 23.0 22.0 21.0 20.0 19.0 18.0 17.0 16.0 15.0 14.0 13.0 12.0 11.0 10.0 9.0 8.0 7.0 6.0 5.0 4.0 3.0 2.0 1.0 0.0 1.0 2.0 3.0 4.0 5.0 6.0 7.0 8.0 9.0 10.0 11.0 12.0 13.0 14.0 15.0 16.0 17.0 18.0 19.0 20.0 21.0 22.0 23.0 24.0 25.0 26.0 27.0 28.0 29.0 30.0 31.0 
31.0 32.0 31.0 30.0 29.0 28.0 27.0 26.0 25.0 24.0 23.0 22.0 21.0 20.0 19.0 18.0 17.0 16.0 15.0 14.0 13.0 12.0 11.0 10.0 9.0 8.0 7.0 6.0 5.0 4.0 3.0 2.0 1.0 0.0 1.0 2.0 3.0 4.0 5.0 6.0 7.0 8.0 9.0 10.0 11.0 12.0 13.0 14.0 15.0 16.0 17.0 18.0 19.0 20.0 21.0 22.0 23.0 24.0 25.0 26.0 27.0 28.0 29.0 30.0 
30.0 31.0 32.0 31.0 30.0 29.0 28.0 27.0 26.0 25.0 24.0 23.0 22.0 21.0 20.0 19.0 18.0 17.0 16.0 15.0 14.0 13.0 12.0 11.0 10.0 9.0 8.0 7.0 6.0 5.0 4.0 3.0 2.0 1.0 0.0 1.0 2.0 3.0 4.0 5.0 6.0 7.0 8.0 9.0 10.0 11.0 12.0 13.0 14.0 15.0 16.0 17.0 18.0 19.0 20.0 21.0 22.0 23.0 24.0 25.0 26.0 27.0 28.0 29.0 
29.0 30.0 31.0 32.0 31.0 30.0 29.0 28.0 27.0 26.0 25.0 24.0 23.0 22.0 21.0 20.0 19.0 18.0 17.0 16.0 15.0 14.0 13.0 12.0 11.0 10.0 9.0 8.0 7.0 6.0 5.0 4.0 3.0 2.0 1.0 0.0 1.0 2.0 3.0 4.0 5.0 6.0 7.0 8.0 9.0 10.0 11.0 12.0 13.0 14.0 15.0 16.0 17.0 18.0 19.0 20.0 21.0 22.0 23.0 24.0 25.0 26.0 27.0 28.0 
28.0 29.0 30.0 31.0 32.0 31.0 30.0 29.0 28.0 27.0 26.0 25.0 24.0 23.0 22.0 21.0 20.0 19.0 18.0 17.0 16.0 15.0 14.0 13.0 12.0 11.0 10.0 9.0 8.0 7.0 6.0 5.0 4.0 3.0 2.0 1.0 0.0 1.0 2.0 3.0 4.0 5.0 6.0 7.0 8.0 9.0 10.0 11.0 12.0 13.0 14.0 15.0 16.0 17.0 18.0 19.0 20.0 21.0 22.0 23.0 24.0 25.0 26.0 27.0 
27.0 28.0 29.0 30.0 31.0 32.0 31.0 30.0 29.0 28.0 27.0 26.0 25.0 24.0 23.0 22.0 21.0 20.0 19.0 18.0 17.0 16.0 15.0 14.0 13.0 12.0 11.0 10.0 9.0 8.0 7.0 6.0 5.0 4.0 3.0 2.0 1.0 0.0 1.0 2.0 3.0 4.0 5.0 6.0 7.0 8.0 9.0 10.0 11.0 12.0 13.0 14.0 15.0 16.0 17.0 18.0 19.0 20.0 21.0 22.0 23.0 24.0 25.0 26.0 
26.0 27.0 28.0 29.0 30.0 31.0 32.0 31.0 30.0 29.0 28.0 27.0 26.0 25.0 24.0 23.0 22.0 21.0 20.0 19.0 18.0 17.0 16.0 15.0 14.0 13.0 12.0 11.0 10.0 9.0 8.0 7.0 6.0 5.0 4.0 3.0 2.0 1.0 0.0 1.0 2.0 3.0 4.0 5.0 6.0 7.0 8.0 9.0 10.0 11.0 12.0 13.0 14.0 15.0 16.0 17.0 18.0 19.0 20.0 21.0 22.0 23.0 24.0 25.0 
25.0 26.0 27.0 28.0 29.0 30.0 31.0 32.0 31.0 30.0 29.0 28.0 27.0 26.0 25.0 24.0 23.0 22.0 21.0 20.0 19.0 18.0 17.0 16.0 15.0 14.0 13.0 12.0 11.0 10.0 9.0 8.0 7.0 6.0 5.0 4.0 3.0 2.0 1.0 0.0 1.0 2.0 3.0 4.0 5.0 6.0 7.0 8.0 9.0 10.0 11.0 12.0 13.0 14.0 15.0 16.0 17.0 18.0 19.0 20.0 21.0 22.0 23.0 24.0 
24.0 25.0 26.0 27.0 28.0 29.0 30.0 31.0 32.0 31.0 30.0 29.0 28.0 27.0 26.0 25.0 24.0 23.0 22.0 21.0 20.0 19.0 18.0 17.0 16.0 15.0 14.0 13.0 12.0 11.0 10.0 9.0 8.0 7.0 6.0 5.0 4.0 3.0 2.0 1.0 0.0 1.0 2.0 3.0 4.0 5.0 6.0 7.0 8.0 9.0 10.0 11.0 12.0 13.0 14.0 15.0 16.0 17.0 18.0 19.0 20.0 21.0 22.0 23.0 
23.0 24.0 25.0 26.0 27.0 28.0 29.0 30.0 31.0 32.0 31.0 30.0 29.0 28.0 27.0 26.0 25.0 24.0 23.0 22.0 21.0 20.0 19.0 18.0 17.0 16.0 15.0 14.0 13.0 12.0 11.0 10.0 9.0 8.0 7.0 6.0 5.0 4.0 3.0 2.0 1.0 0.0 1.0 2.0 3.0 4.0 5.0 6.0 7.0 8.0 9.0 10.0 11.0 12.0 13.0 14.0 15.0 16.0 17.0 18.0 19.0 20.0 21.0 22.0 
22.0 23.0 24.0 25.0 26.0 27.0 28.0 29.0 30.0 31.0 32.0 31.0 30.0 29.0 28.0 27.0 26.0 25.0 24.0 23.0 22.0 21.0 20.0 19.0 18.0 17.0 16.0 15.0 14.0 13.0 12.0 11.0 10.0 9.0 8.0 7.0 6.0 5.0 4.0 3.0 2.0 1.0 0.0 1.0 2.0 3.0 4.0 5.0 6.0 7.0 8.0 9.0 10.0 11.0 12.0 13.0 14.0 15.0 16.0 17.0 18.0 19.0 20.0 21.0 
21.0 22.0 23.0 24.0 25.0 26.0 27.0 28.0 29.0 30.0 31.0 32.0 31.0 30.0 29.0 28.0 27.0 26.0 25.0 24.0 23.0 22.0 21.0 20.0 19.0 18.0 17.0 16.0 15.0 14.0 13.0 12.0 11.0 10.0 9.0 8.0 7.0 6.0 5.0 4.0 3.0 2.0 1.0 0.0 1.0 2.0 3.0 4.0 5.0 6.0 7.0 8.0 9.0 10.0 11.0 12.0 13.0 14.0 15.0 16.0 17.0 18.0 19.0 20.0 
20.0 21.0 22.0 23.0 24.0 25.0 26.0 27.0 28.0 29.0 30.0 31.0 32.0 31.0 30.0 29.0 28.0 27.0 26.0 25.0 24.0 23.0 22.0 21.0 20.0 19.0 18.0 17.0 16.0 15.0 14.0 13.0 12.0 11.0 10.0 9.0 8.0 7.0 6.0 5.0 4.0 3.0 2.0 1.0 0.0 1.0 2.0 3.0 4.0 5.0 6.0 7.0 8.0 9.0 10.0 11.0 12.0 13.0 14.0 15.0 16.0 17.0 18.0 19.0 
19.0 20.0 21.0 22.0 23.0 24.0 25.0 26.0 27.0 28.0 29.0 30.0 31.0 32.0 31.0 30.0 29.0 28.0 27.0 26.0 25.0 24.0 23.0 22.0 21.0 20.0 19.0 18.0 17.0 16.0 15.0 14.0 13.0 12.0 11.0 10.0 9.0 8.0 7.0 6.0 5.0 4.0 3.0 2.0 1.0 0.0 1.0 2.0 3.0 4.0 5.0 6.0 7.0 8.0 9.0 10.0 11.0 12.0 13.0 14.0 15.0 16.0 17.0 18.0 
18.0 19.0 20.0 21.0 22.0 23.0 24.0 25.0 26.0 27.0 28.0 29.0 30.0 31.0 32.0 31.0 30.0 29.0 28.0 27.0 26.0 25.0 24.0 23.0 22.0 21.0 20.0 19.0 18.0 17.0 16.0 15.0 14.0 13.0 12.0 11.0 10.0 9.0 8.0 7.0 6.0 5.0 4.0 3.0 2.0 1.0 0.0 1.0 2.0 3.0 4.0 5.0 6.0 7.0 8.0 9.0 10.0 11.0 12.0 13.0 14.0 15.0 16.0 17.0 
17.0 18.0 19.0 20.0 21.0 22.0 23.0 24.0 25.0 26.0 27.0 28.0 29.0 30.0 31.0 32.0 31.0 30.0 29.0 28.0 27.0 26.0 25.0 24.0 23.0 22.0 21.0 20.0 19.0 18.0 17.0 16.0 15.0 14.0 13.0 12.0 11.0 10.0 9.0 8.0 7.0 6.0 5.0 4.0 3.0 2.0 1.0 0.0 1.0 2.0 3.0 4.0 5.0 6.0 7.0 8.0 9.0 10.0 11.0 12.0 13.0 14.0 15.0 16.0 
16.0 17.0 18.0 19.0 20.0 21.0 22.0 23.0 24.0 25.0 26.0 27.0 28.0 29.0 30.0 31.0 32.0 31.0 30.0 29.0 28.0 27.0 26.0 25.0 24.0 23.0 22.0 21.0 20.0 19.0 18.0 17.0 16.0 15.0 14.0 13.0 12.0 11.0 10.0 9.0 8.0 7.0 6.0 5.0 4.0 3.0 2.0 1.0 0.0 1.0 2.0 3.0 4.0 5.0 6.0 7.0 8.0 9.0 10.0 11.0 12.0 13.0 14.0 15.0 
15.0 16.0 17.0 18.0 19.0 20.0 21.0 22.0 23.0 24.0 25.0 26.0 27.0 28.0 29.0 30.0 31.0 32.0 31.0 30.0 29.0 28.0 27.0 26.0 25.0 24.0 23.0 22.0 21.0 20.0 19.0 18.0 17.0 16.0 15.0 14.0 13.0 12.0 11.0 10.0 9.0 8.0 7.0 6.0 5.0 4.0 3.0 2.0 1.0 0.0 1.0 2.0 3.0 4.0 5.0 6.0 7.0 8.0 9.0 10.0 11.0 12.0 13.0 14.0 
14.0 15.0 16.0 17.0 18.0 19.0 20.0 21.0 22.0 23.0 24.0 25.0 26.0 27.0 28.0 29.0 30.0 31.0 32.0 31.0 30.0 29.0 28.0 27.0 26.0 25.0 24.0 23.0 22.0 21.0 20.0 19.0 18.0 17.0 16.0 15.0 14.0 13.0 12.0 11.0 10.0 9.0 8.0 7.0 6.0 5.0 4.0 3.0 2.0 1.0 0.0 1.0 2.0 3.0 4.0 5.0 6.0 7.0 8.0 9.0 10.0 11.0 12.0 13.0 
13.0 14.0 15.0 16.0 17.0 18.0 19.0 20.0 21.0 22.0 23.0 24.0 25.0 26.0 27.0 28.0 29.0 30.0 31.0 32.0 31.0 30.0 29.0 28.0 27.0 26.0 25.0 24.0 23.0 22.0 21.0 20.0 19.0 18.0 17.0 16.0 15.0 14.0 13.0 12.0 11.0 10.0 9.0 8.0 7.0 6.0 5.0 4.0 3.0 2.0 1.0 0.0 1.0 2.0 3.0 4.0 5.0 6.0 7.0 8.0 9.0 10.0 11.0 12.0 
12.0 13.0 14.0 15.0 16.0 17.0 18.0 19.0 20.0 21.0 22.0 23.0 24.0 25.0 26.0 27.0 28.0 29.0 30.0 31.0 32.0 31.0 30.0 29.0 28.0 27.0 26.0 25.0 24.0 23.0 22.0 21.0 20.0 19.0 18.0 17.0 16.0 15.0 14.0 13.0 12.0 11.0 10.0 9.0 8.0 7.0 6.0 5.0 4.0 3.0 2.0 1.0 0.0 1.0 2.0 3.0 4.0 5.0 6.0 7.0 8.0 9.0 10.0 11.0 
11.0 12.0 13.0 14.0 15.0 16.0 17.0 18.0 19.0 20.0 21.0 22.0 23.0 24.0 25.0 26.0 27.0 28.0 29.0 30.0 31.0 32.0 31.0 30.0 29.0 28.0 27.0 26.0 25.0 24.0 23.0 22.0 21.0 20.0 19.0 18.0 17.0 16.0 15.0 14.0 13.0 12.0 11.0 10.0 9.0 8.0 7.0 6.0 5.0 4.0 3.0 2.0 1.0 0.0 1.0 2.0 3.0 4.0 5.0 6.0 7.0 8.0 9.0 10.0 
10.0 11.0 12.0 13.0 14.0 15.0 16.0 17.0 18.0 19.0 20.0 21.0 22.0 23.0 24.0 25.0 26.0 27.0 28.0 29.0 30.0 31.0 32.0 31.0 30.0 29.0 28.0 27.0 26.0 25.0 24.0 23.0 22.0 21.0 20.0 19.0 18.0 17.0 16.0 15.0 14.0 13.0 12.0 11.0 10.0 9.0 8.0 7.0 6.0 5.0 4.0 3.0 2.0 1.0 0.0 1.0 2.0 3.0 4.0 5.0 6.0 7.0 8.0 9.0 
9.0 10.0 11.0 12.0 13.0 14.0 15.0 16.0 17.0 18.0 19.0 20.0 21.0 22.0 23.0 24.0 25.0 26.0 27.0 28.0 29.0 30.0 31.0 32.0 31.0 30.0 29.0 28.0 27.0 26.0 25.0 24.0 23.0 22.0 21.0 20.0 19.0 18.0 17.0 16.0 15.0 14.0 13.0 12.0 11.0 10.0 9.0 8.0 7.0 6.0 5.0 4.0 3.0 2.0 1.0 0.0 1.0 2.0 3.0 4.0 5.0 6.0 7.0 8.0 
8.0 9.0 10.0 11.0 12.0 13.0 14.0 15.0 16.0 17.0 18.0 19.0 20.0 21.0 22.0 23.0 24.0 25.0 26.0 27.0 28.0 29.0 30.0 31.0 32.0 31.0 30.0 29.0 28.0 27.0 26.0 25.0 24.0 23.0 22.0 21.0 20.0 19.0 18.0 17.0 16.0 15.0 14.0 13.0 12.0 11.0 10.0 9.0 8.0 7.0 6.0 5.0 4.0 3.0 2.0 1.0 0.0 1.0 2.0 3.0 4.0 5.0 6.0 7.0 
7.0 8.0 9.0 10.0 11.0 12.0 13.0 14.0 15.0 16.0 17.0 18.0 19.0 20.0 21.0 22.0 23.0 24.0 25.0 26.0 27.0 28.0 29.0 30.0 31.0 32.0 31.0 30.0 29.0 28.0 27.0 26.0 25.0 24.0 23.0 22.0 21.0 20.0 19.0 18.0 17.0 16.0 15.0 14.0 13.0 12.0 11.0 10.0 9.0 8.0 7.0 6.0 5.0 4.0 3.0 2.0 1.0 0.0 1.0 2.0 3.0 4.0 5.0 6.0 
6.0 7.0 8.0 9.0 10.0 11.0 12.0 13.0 14.0 15.0 16.0 17.0 18.0 19.0 20.0 21.0 22.0 23.0 24.0 25.0 26.0 27.0 28.0 29.0 30.0 31.0 32.0 31.0 30.0 29.0 28.0 27.0 26.0 25.0 24.0 23.0 22.0 21.0 20.0 19.0 18.0 17.0 16.0 15.0 14.0 13.0 12.0 11.0 10.0 9.0 8.0 7.0 6.0 5.0 4.0 3.0 2.0 1.0 0.0 1.0 2.0 3.0 4.0 5.0 
5.0 6.0 7.0 8.0 9.0 10.0 11.0 12.0 13.0 14.0 15.0 16.0 17.0 18.0 19.0 20.0 21.0 22.0 23.0 24.0 25.0 26.0 27.0 28.0 29.0 30.0 31.0 32.0 31.0 30.0 29.0 28.0 27.0 26.0 25.0 24.0 23.0 22.0 21.0 20.0 19.0 18.0 17.0 16.0 15.0 14.0 13.0 12.0 11.0 10.0 9.0 8.0 7.0 6.0 5.0 4.0 3.0 2.0 1.0 0.0 1.0 2.0 3.0 4.0 
4.0 5.0 6.0 7.0 8.0 9.0 10.0 11.0 12.0 13.0 14.0 15.0 16.0 17.0 18.0 19.0 20.0 21.0 22.0 23.0 24.0 25.0 26.0 27.0 28.0 29.0 30.0 31.0 32.0 31.0 30.0 29.0 28.0 27.0 26.0 25.0 24.0 23.0 22.0 21.0 20.0 19.0 18.0 17.0 16.0 15.0 14.0 13.0 12.0 11.0 10.0 9.0 8.0 7.0 6.0 5.0 4.0 3.0 2.0 1.0 0.0 1.0 2.0 3.0 
3.0 4.0 5.0 6.0 7.0 8.0 9.0 10.0 11.0 12.0 13.0 14.0 15.0 16.0 17.0 18.0 19.0 20.0 21.0 22.0 23.0 24.0 25.0 26.0 27.0 28.0 29.0 30.0 31.0 32.0 31.0 30.0 29.0 28.0 27.0 26.0 25.0 24.0 23.0 22.0 21.0 20.0 19.0 18.0 17.0 16.0 15.0 14.0 13.0 12.0 11.0 10.0 9.0 8.0 7.0 6.0 5.0 4.0 3.0 2.0 1.0 0.0 1.0 2.0 
2.0 3.0 4.0 5.0 6.0 7.0 8.0 9.0 10.0 11.0 12.0 13.0 14.0 15.0 16.0 17.0 18.0 19.0 20.0 21.0 22.0 23.0 24.0 25.0 26.0 27.0 28.0 29.0 30.0 31.0 32.0 31.0 30.0 29.0 28.0 27.0 26.0 25.0 24.0 23.0 22.0 21.0 20.0 19.0 18.0 17.0 16.0 15.0 14.0 13.0 12.0 11.0 10.0 9.0 8.0 7.0 6.0 5.0 4.0 3.0 2.0 1.0 0.0 1.0 
1.0 2.0 3.0 4.0 5.0 6.0 7.0 8.0 9.0 10.0 11.0 12.0 13.0 14.0 15.0 16.0 17.0 18.0 19.0 20.0 21.0 22.0 23.0 24.0 25.0 26.0 27.0 28.0 29.0 30.0 31.0 32.0 31.0 30.0 29.0 28.0 27.0 26.0 25.0 24.0 23.0 22.0 21.0 20.0 19.0 18.0 17.0 16.0 15.0 14.0 13.0 12.0 11.0 10.0 9.0 8.0 7.0 6.0 5.0 4.0 3.0 2.0 1.0 0.0 