8 2.228060919833866 5.468857349564612 172 1370
12 36 72 99 48 89 14 55 
91 17 85 11 21 30 1 71 
54 65 32 84 81 19 53 54 
26 82 4 80 7 60 88 50 
9 26 75 100 56 57 88 29 
30 78 24 54 16 85 86 3 
35 10 38 59 42 7 57 67 
95 5 49 13 16 59 23 84 
0.033839938667939995 0.43080379618424236 0.3433174903745887 0.5133453107226154 0.22381975631949902 0.6041866868493271 0.1785545089685064 0.738266442252764 
0.43080379618424236 0.4877702618911439 0.5171840398051049 0.42635218245626944 0.42974444748192486 0.5921911097291338 0.36825222615411857 0.6047771478879125 
0.3433174903745887 0.5171840398051049 0.4635452485650573 0.5839065265415173 0.47579236342872966 0.7905225536989758 0.6688958378662213 0.57701766554766 
0.5133453107226154 0.42635218245626944 0.5839065265415173 0.7735999993719171 0.3414829267814419 0.294916978802194 0.7758952313486414 0.8091220446459637 
0.22381975631949902 0.42974444748192486 0.47579236342872966 0.3414829267814419 0.18318267288775658 0.41611971968616757 0.5649506653921677 0.27588693063955444 
0.6041866868493271 0.5921911097291338 0.7905225536989758 0.294916978802194 0.41611971968616757 0.8318230608526855 0.18869614331330664 0.6358078108094478 
0.1785545089685064 0.36825222615411857 0.6688958378662213 0.7758952313486414 0.5649506653921677 0.18869614331330664 0.5003642915613826 0.3227192089867605 
0.738266442252764 0.6047771478879125 0.57701766554766 0.8091220446459637 0.27588693063955444 0.6358078108094478 0.3227192089867605 0.31739640817396 