64
66 64 46 29 46 18 59 20 21 39 23 94 39 75 72 84 90 7 61 72 62 87 93 28 40 82 48 82 47 90 5 15 25 60 94 96 14 6 23 2 67 39 76 2 90 65 64 86 7 18 30 80 84 90 92 41 7 39 16 20 82 75 64 51 
63 76 19 15 10 66 5 84 87 26 57 71 23 53 34 40 61 40 3 31 84 78 16 47 13 38 37 93 100 37 24 45 97 80 13 41 89 8 37 31 1 49 79 71 14 78 17 64 26 30 68 9 37 52 84 67 33 78 11 38 18 35 5 64 
43 27 83 82 71 9 6 75 38 68 77 66 52 8 41 83 85 35 15 29 53 17 61 34 94 6 72 44 56 48 64 27 83 28 4 29 8 12 46 72 69 14 29 26 13 40 62 67 12 76 42 8 40 17 34 44 76 75 49 89 41 47 47 8 
95 57 11 39 68 69 56 43 96 48 7 60 19 80 55 67 89 33 8 71 63 8 95 96 37 70 82 65 47 35 23 32 36 91 67 4 15 71 31 13 38 70 92 47 96 42 96 84 29 67 99 41 3 77 63 51 25 4 48 43 47 100 94 85 
62 5 38 67 18 78 4 94 71 83 2 75 97 68 64 35 70 28 85 44 31 20 13 65 86 99 26 36 37 56 34 91 48 62 53 98 31 56 22 46 23 66 4 95 40 36 71 97 94 71 56 91 27 77 88 18 21 49 22 61 40 66 58 27 
3 83 27 70 61 1 93 69 40 95 95 11 57 35 89 25 4 63 20 78 50 97 1 87 74 45 12 15 10 78 69 14 2 35 79 41 3 94 28 1 70 99 97 72 84 60 9 38 38 44 98 39 94 22 85 7 11 69 23 78 11 99 82 21 
68 92 1 26 26 55 19 56 79 70 88 63 63 61 35 40 1 64 38 10 88 9 54 89 72 51 37 10 62 40 18 32 13 56 47 14 58 14 19 20 81 57 88 99 36 39 73 67 39 88 39 31 43 51 29 29 97 5 35 34 75 32 71 83 
57 2 86 33 35 90 77 100 70 23 73 64 7 8 20 67 42 7 99 36 76 57 91 4 47 88 86 61 85 66 88 74 18 16 63 57 25 1 56 92 84 89 27 24 4 36 23 63 7 89 70 44 57 54 32 21 15 76 80 54 51 20 79 25 
98 64 67 11 50 85 16 35 66 63 97 3 15 47 57 93 19 60 11 61 51 64 33 73 71 69 16 51 40 68 53 54 49 22 36 61 75 42 36 14 78 63 71 55 2 60 30 51 56 49 100 49 50 73 11 19 55 47 15 31 14 56 23 7 
14 92 67 28 94 4 57 81 50 95 71 20 27 38 77 9 5 91 40 39 37 96 19 33 34 22 67 36 3 86 78 94 51 68 57 26 79 69 22 28 43 42 53 86 31 85 82 31 29 98 71 75 87 100 37 94 36 98 29 4 62 49 75 90 
42 76 89 35 63 65 78 64 28 18 33 7 22 37 5 65 95 40 65 86 63 12 19 89 51 89 12 31 90 40 83 72 84 45 94 22 18 15 17 38 90 11 54 89 64 40 39 94 88 85 95 9 16 11 92 51 36 29 33 29 90 74 62 33 
75 60 5 26 39 77 3 31 36 93 85 30 45 25 59 94 13 18 76 94 12 80 83 74 22 92 65 95 39 84 54 60 9 93 92 9 17 93 85 58 24 26 17 69 31 53 41 42 30 38 64 21 48 7 38 20 21 97 17 85 58 49 86 56 
93 84 76 54 34 7 88 91 17 25 94 57 50 10 30 69 93 17 58 19 90 51 27 19 15 61 72 84 67 88 10 16 70 15 36 42 4 42 29 2 41 3 65 46 51 68 68 10 2 54 27 47 56 51 39 92 29 3 89 57 84 96 96 15 
81 52 89 61 13 92 28 67 95 98 61 59 98 99 42 33 73 81 67 50 86 88 64 43 64 3 34 67 19 81 79 35 54 100 45 10 6 65 53 23 50 15 1 36 31 65 38 55 92 33 29 43 6 50 26 56 84 90 35 60 60 59 9 25 
9 18 22 6 34 58 95 61 9 36 70 24 74 12 5 13 22 16 99 71 18 35 97 10 24 96 46 36 32 13 64 97 88 72 11 7 22 50 53 5 98 49 91 41 15 16 89 79 80 86 23 31 61 74 12 66 65 88 8 19 84 34 6 81 
73 96 13 55 48 37 39 5 60 57 92 75 13 48 6 78 33 87 79 52 40 36 1 3 100 49 2 63 47 86 15 37 3 9 37 47 65 73 29 28 46 90 90 35 56 76 99 100 85 93 61 93 88 28 85 82 67 80 86 32 86 71 54 91 
22 90 49 71 52 60 85 90 20 53 83 52 74 90 88 62 37 72 76 34 68 47 5 89 77 91 10 82 27 70 34 1 88 8 69 98 63 48 35 10 10 43 85 18 22 54 46 44 80 22 9 74 41 91 7 33 5 17 33 34 75 44 33 57 
71 25 69 54 81 76 48 2 36 51 82 85 48 68 11 5 97 57 97 6 63 20 91 9 28 30 32 62 42 53 11 53 24 12 21 73 2 22 16 47 49 66 64 63 85 54 51 99 91 65 9 5 51 55 97 77 69 69 61 98 25 64 76 22 
9 16 29 44 50 4 9 16 41 19 64 98 22 9 92 77 29 7 40 27 17 29 100 77 90 35 61 28 59 74 92 23 21 65 64 70 18 67 68 74 63 84 15 48 10 3 20 50 8 45 50 83 100 92 47 98 71 55 33 92 28 36 23 32 
61 90 36 99 55 54 2 77 73 66 92 88 53 68 46 47 56 71 60 5 97 88 58 69 77 29 73 3 54 21 5 30 48 44 1 88 39 81 85 33 61 7 7 49 72 16 30 8 23 77 78 88 25 79 80 42 34 6 12 24 86 21 10 5 
18 93 11 56 4 59 12 38 82 31 65 22 82 95 98 75 10 44 60 40 76 78 40 62 21 15 50 64 5 11 6 3 98 38 74 78 51 86 44 30 50 86 61 37 99 81 63 71 36 58 74 11 73 35 25 54 14 83 37 46 39 20 90 46 
87 46 67 14 2 6 98 27 30 90 4 77 26 15 53 41 32 64 51 62 73 87 45 59 94 49 47 88 98 53 32 28 13 33 11 99 17 73 90 58 80 18 51 33 1 52 100 16 24 7 26 3 81 43 15 73 71 88 9 40 89 26 69 7 
4 11 10 61 92 96 67 71 40 70 38 4 85 38 90 35 74 3 78 7 40 1 65 67 74 16 28 96 17 52 48 72 45 22 50 10 99 70 52 45 83 77 26 39 14 100 54 21 22 9 46 87 37 8 12 50 18 32 93 61 91 44 57 70 
3 41 83 67 57 51 9 41 75 7 18 82 22 20 5 13 57 50 78 91 84 34 5 72 76 18 56 59 42 16 42 19 78 1 38 46 65 70 53 96 52 100 63 8 46 100 100 96 13 50 93 75 28 74 58 19 93 84 87 82 92 11 40 67 
71 85 10 77 31 4 98 87 75 47 31 60 45 38 12 39 68 87 14 81 47 12 71 59 36 88 63 49 8 83 63 44 15 29 98 82 42 31 3 47 47 81 68 37 38 70 32 12 92 6 40 50 58 70 29 58 53 13 76 75 92 56 28 12 
7 58 1 19 72 42 36 38 83 71 50 92 30 47 49 10 23 15 96 53 37 37 50 15 84 16 5 63 54 74 10 89 74 49 72 66 11 11 33 17 31 85 5 86 18 78 41 97 78 79 26 39 36 3 24 10 72 67 42 18 66 37 50 65 
96 48 34 96 7 6 87 58 33 55 6 90 49 71 45 25 42 100 70 30 91 38 99 18 51 85 42 32 5 42 98 73 28 20 51 3 5 42 55 64 4 82 12 69 9 33 53 14 69 48 26 31 99 82 62 82 41 53 55 99 61 70 67 1 
56 56 71 65 90 6 20 50 44 9 53 38 51 16 59 51 81 70 64 19 8 55 95 95 100 49 55 49 5 70 34 13 78 75 76 6 60 93 67 42 34 46 62 89 13 60 96 18 70 27 91 74 95 22 50 1 11 57 3 28 82 18 86 66 
56 29 54 17 77 91 71 29 41 43 8 12 59 46 50 80 87 85 77 90 89 74 66 34 7 9 67 23 33 2 38 60 7 73 37 1 70 59 65 75 90 6 5 13 96 60 46 26 10 54 59 10 8 64 1 95 45 86 7 57 26 50 36 5 
75 97 59 24 65 24 85 87 4 47 64 1 23 33 67 35 7 21 13 84 14 50 5 44 38 36 64 73 12 55 46 37 12 1 4 13 68 67 49 27 84 25 28 64 22 99 33 4 6 78 76 70 87 82 43 76 71 9 67 22 44 91 25 32 
32 44 70 8 12 19 73 71 32 19 86 16 67 31 67 53 41 100 76 86 94 98 50 20 19 100 4 87 54 27 97 42 64 59 12 11 78 35 73 77 46 28 48 50 91 34 27 99 2 70 53 21 73 95 28 76 87 59 50 53 25 86 32 83 
90 73 2 21 39 36 85 70 16 29 89 86 82 94 29 73 56 71 48 89 6 18 50 26 25 49 84 67 67 63 60 77 92 97 5 75 13 83 59 97 78 56 32 75 53 9 12 34 72 28 30 59 75 34 71 92 90 22 81 29 92 64 61 62 
39 61 52 43 68 89 97 56 4 99 15 70 80 26 99 48 98 25 17 8 55 23 15 99 43 54 91 37 99 72 4 52 54 28 8 21 13 5 8 45 8 41 17 48 90 30 84 98 69 83 45 100 22 67 66 3 75 46 91 85 59 90 96 42 
41 2 95 10 89 88 98 63 20 23 77 7 92 80 26 65 72 80 61 55 1 40 85 73 10 49 20 63 4 36 71 60 64 63 90 14 63 100 40 25 92 80 33 86 70 18 82 21 29 65 22 76 3 35 1 69 15 18 71 78 87 79 56 3 
30 94 29 93 15 73 29 97 53 100 39 13 26 61 62 8 58 16 92 8 60 15 65 36 67 30 66 48 73 27 61 2 50 7 77 78 91 5 61 27 97 8 83 87 95 10 70 58 92 93 2 98 26 52 87 67 45 85 69 10 16 65 99 23 
77 2 8 4 25 41 79 52 90 65 84 45 28 71 45 66 9 100 12 56 15 71 58 81 10 22 26 24 52 33 84 20 24 29 93 46 13 69 57 50 93 8 52 92 95 48 26 65 17 85 7 3 23 47 7 57 45 95 26 16 18 77 19 87 
91 54 6 26 14 92 41 85 51 71 78 88 32 89 5 74 93 15 44 56 25 75 65 13 21 6 70 57 7 67 62 47 60 77 20 18 50 73 67 11 13 37 98 24 28 78 32 34 98 59 18 57 53 5 45 5 67 49 88 16 16 44 36 44 
69 67 3 35 100 2 51 1 14 49 81 38 4 75 92 81 16 56 19 89 53 36 26 53 61 92 12 58 98 17 25 1 85 4 2 3 33 9 18 48 32 13 62 37 38 22 94 47 22 42 73 33 21 18 65 44 64 57 5 67 31 98 45 19 
45 71 34 63 39 13 87 37 58 27 98 32 93 20 79 35 54 69 6 56 69 62 17 15 70 15 59 74 42 63 64 38 42 2 25 15 34 80 82 61 94 22 32 50 16 98 54 59 5 18 2 3 63 3 6 30 38 27 97 11 93 84 22 88 
34 53 54 25 97 66 8 25 71 37 51 33 92 16 65 49 31 71 8 41 64 77 87 50 17 12 30 29 15 18 7 92 66 52 39 49 31 73 8 83 90 99 11 70 77 79 58 68 63 34 80 90 71 71 52 66 100 51 69 5 78 18 85 79 
98 69 35 42 79 11 88 38 10 65 52 88 69 20 50 97 6 42 12 91 22 47 22 33 12 69 83 87 68 26 66 78 51 4 93 69 20 22 71 32 61 60 80 51 93 16 87 24 84 69 83 98 69 3 13 66 3 45 84 46 56 54 79 33 
11 36 33 92 89 42 38 3 36 37 59 68 82 72 52 52 62 53 69 16 48 55 49 98 47 35 53 29 61 86 5 99 99 6 84 46 21 84 73 36 96 52 99 27 57 18 88 39 73 66 64 74 26 39 33 54 96 27 87 89 28 22 46 37 
61 52 77 66 45 77 35 65 50 54 41 61 5 86 52 84 48 55 75 89 13 72 11 32 100 79 20 39 75 97 73 54 90 87 61 34 88 88 48 66 6 46 98 94 91 55 15 17 16 60 43 52 65 19 91 73 24 24 54 70 73 41 68 18 
81 63 22 23 36 11 78 85 42 77 1 50 61 61 59 14 67 34 33 100 61 51 27 38 69 51 87 73 61 12 48 37 23 34 76 99 98 56 31 67 88 21 93 82 60 91 62 53 38 32 39 26 49 41 4 58 61 55 78 4 26 77 70 44 
19 57 49 8 85 20 84 78 35 2 96 49 40 24 25 64 47 28 26 81 20 93 47 97 92 86 52 50 86 56 71 92 55 65 46 26 7 23 9 1 6 54 47 2 24 17 70 60 20 54 37 6 60 75 4 25 30 14 80 44 51 92 38 42 
85 70 22 38 94 30 59 5 72 93 5 50 12 39 37 42 2 89 76 69 84 4 35 76 65 1 88 56 53 51 58 77 93 86 13 82 69 20 61 83 64 90 38 68 69 22 82 59 87 42 13 89 53 31 28 95 3 55 70 28 61 99 32 100 
83 62 52 13 16 36 35 74 3 84 46 27 73 8 1 71 27 39 23 51 86 46 69 87 94 68 65 61 23 14 8 78 48 6 91 21 44 69 4 56 1 100 78 51 19 24 85 87 51 100 23 39 46 57 7 95 90 52 77 31 33 66 17 10 
95 65 31 14 55 44 5 21 40 69 18 96 24 98 24 100 73 92 22 79 57 2 43 41 83 6 27 79 94 66 40 21 86 25 10 9 6 49 63 34 83 40 21 83 3 90 92 42 27 21 50 86 26 8 68 71 85 46 65 56 74 22 33 21 
46 57 68 5 42 44 1 69 42 92 19 36 46 5 84 83 38 100 46 27 49 2 50 88 8 98 83 44 92 42 57 15 71 37 98 90 80 6 82 80 29 81 1 36 26 49 23 92 17 68 1 80 35 66 9 23 42 2 65 50 94 79 77 42 
95 73 43 75 23 43 45 60 4 63 67 45 45 87 92 67 80 99 8 46 43 27 5 8 96 91 49 90 97 26 29 6 67 35 15 61 85 6 91 8 17 13 7 24 40 41 79 19 86 64 97 41 33 85 43 27 43 10 84 99 47 32 50 57 
78 84 23 5 24 53 12 78 100 73 3 75 39 94 87 88 36 38 5 36 59 24 64 40 11 81 94 32 41 13 28 88 27 85 29 81 80 86 83 49 45 9 99 46 80 82 61 88 17 53 76 88 3 77 32 74 64 70 74 34 77 16 70 15 
46 58 65 77 18 23 33 75 22 62 17 58 5 33 84 34 12 47 76 11 91 66 89 65 94 16 95 69 100 18 100 47 59 49 91 75 89 51 91 100 90 2 53 97 23 82 53 48 16 38 15 37 100 13 59 27 26 84 19 78 25 95 48 39 
20 34 71 44 81 93 30 86 46 80 62 68 59 10 66 49 39 79 21 19 33 12 37 62 36 77 71 1 21 72 13 79 70 70 56 42 8 44 40 84 35 18 95 14 98 9 37 63 91 93 29 2 80 72 67 99 82 54 97 88 53 49 68 36 
2 91 82 95 72 5 95 45 54 42 67 18 24 38 43 74 87 72 17 84 82 80 1 86 2 61 10 80 3 61 22 5 43 83 75 88 71 75 31 55 16 3 72 35 34 26 48 78 12 41 18 68 60 14 59 60 8 72 81 98 88 32 42 6 
37 50 78 30 49 39 20 13 51 20 94 18 52 35 21 82 14 35 29 73 36 55 19 55 9 94 50 33 59 99 58 73 51 67 86 60 7 98 72 70 42 23 96 82 32 74 38 25 35 55 85 54 62 62 87 98 73 88 41 44 24 85 50 26 
33 31 54 58 88 90 30 73 76 92 3 98 10 29 78 42 35 82 79 18 39 86 77 34 46 8 54 50 42 40 41 72 72 16 38 70 86 43 25 20 44 48 51 20 9 3 1 38 64 87 93 98 20 49 20 67 3 91 8 38 28 45 62 31 
39 62 19 4 73 60 48 13 13 17 64 56 50 89 51 42 88 81 49 85 51 94 94 71 12 22 72 61 3 93 28 18 3 36 16 1 90 58 6 2 9 90 37 56 3 50 14 82 49 58 37 79 53 99 65 56 97 100 30 78 75 31 11 61 
53 54 39 53 1 29 27 34 83 20 84 86 38 10 36 83 14 21 6 6 41 88 46 7 13 7 73 88 7 46 37 47 92 68 19 41 99 5 35 59 66 82 14 20 55 8 24 11 70 41 76 24 2 30 31 91 44 36 82 70 79 92 82 72 
72 27 95 58 42 49 95 8 65 18 7 98 80 22 15 4 74 76 87 52 98 65 39 7 66 99 72 49 84 90 79 18 23 30 70 64 37 41 25 74 87 64 49 33 4 43 84 33 55 74 34 21 68 53 77 36 95 30 41 80 29 47 25 81 
53 95 78 7 32 89 92 26 5 58 19 37 34 48 60 52 46 95 35 92 34 46 23 69 94 45 64 54 50 78 87 72 34 59 32 49 56 88 48 73 54 34 99 28 47 23 40 42 23 58 15 29 11 71 50 78 73 16 3 47 70 46 16 77 
99 25 13 36 34 80 38 95 79 8 45 8 3 90 12 80 89 67 21 43 52 19 98 13 41 70 35 7 82 3 10 16 93 32 95 44 20 22 76 57 4 14 34 2 70 74 80 1 2 6 18 90 64 50 63 12 32 77 24 92 43 23 51 46 
1 42 83 53 62 49 1 9 3 68 48 91 89 52 37 21 8 6 12 77 16 19 70 65 21 47 70 15 13 58 18 88 2 71 42 30 30 42 96 74 21 70 47 83 67 1 53 85 46 83 16 93 27 69 40 94 74 61 45 59 94 50 36 7 
6 26 48 60 8 38 80 78 99 53 78 4 57 6 18 43 13 30 34 62 74 21 23 93 14 82 86 87 77 46 82 1 50 47 92 61 15 11 4 83 35 40 73 37 82 19 34 7 72 58 84 26 92 24 85 20 92 41 36 25 1 55 94 26 
4 43 18 41 42 84 11 79 82 72 27 51 12 29 92 96 12 81 95 73 48 75 68 36 81 82 69 63 93 100 63 52 18 73 75 8 54 55 58 48 23 47 59 41 80 86 89 82 4 2 2 59 34 58 78 10 37 61 68 37 20 70 93 1 
184 41 111 25 144 79 150 32 103 61 147 104 142 27 92 107 126 128 101 112 89 142 146 26 167 80 114 82 84 85 57 143 103 119 80 108 169 129 88 125 80 115 42 66 108 87 62 66 133 73 57 102 52 123 149 127 156 112 171 41 111 153 120 70 
41 16 55 119 108 157 103 113 122 77 44 46 119 134 89 151 89 120 82 75 106 60 62 84 163 92 99 143 48 108 119 156 87 129 110 145 84 95 151 121 153 39 84 88 103 101 28 96 111 98 63 107 85 55 107 65 62 92 160 101 82 143 116 172 
111 55 84 87 113 77 165 41 77 114 55 127 142 125 181 117 89 65 179 50 32 88 30 92 53 121 142 40 76 143 126 94 41 9 84 112 89 52 155 77 167 37 98 85 84 126 102 65 143 162 95 102 80 45 42 107 73 90 66 67 103 133 89 164 
25 119 87 118 115 115 135 179 142 151 106 12 154 165 129 122 130 12 50 143 83 76 123 19 105 75 147 120 109 64 80 85 174 65 110 145 93 69 119 77 37 132 102 124 95 104 71 123 76 94 158 166 91 92 153 73 26 138 108 118 34 83 91 119 
144 108 113 115 182 46 176 46 131 57 74 112 94 118 95 92 127 102 30 116 61 95 101 33 99 158 143 98 37 21 89 153 92 123 96 41 125 57 81 75 99 141 137 77 83 38 118 89 71 120 66 94 45 41 113 91 80 45 42 52 69 128 122 63 
79 157 77 115 46 26 122 177 13 152 67 154 120 113 141 121 18 91 71 83 121 81 99 145 98 113 75 71 85 137 46 183 78 129 124 108 132 178 97 170 162 158 185 88 116 117 116 95 199 86 113 53 162 35 110 56 110 99 101 149 101 91 141 103 
150 103 165 135 176 122 116 153 132 10 67 147 155 115 94 115 148 167 88 148 114 189 133 127 170 100 69 98 66 116 33 173 148 168 99 135 100 76 81 108 73 33 17 129 190 150 112 83 81 96 115 56 82 89 117 181 94 101 181 86 108 67 126 134 
32 113 41 179 46 177 153 148 44 122 149 78 104 86 60 81 96 22 77 81 100 166 56 163 169 117 122 45 12 111 56 61 82 102 92 93 124 50 107 116 142 123 165 84 109 88 46 109 38 160 136 114 43 175 105 68 13 102 93 90 114 94 106 159 
103 122 77 142 131 13 132 44 92 159 95 52 58 66 32 85 78 100 57 46 130 38 65 92 29 54 124 51 152 167 176 119 86 164 131 92 40 138 66 68 97 132 73 143 87 104 107 121 151 89 89 46 167 126 145 128 163 187 67 85 78 50 108 169 
61 77 114 151 57 152 10 122 159 68 16 93 87 135 68 82 52 116 113 55 68 152 45 152 149 109 146 57 106 78 129 65 124 106 135 89 150 154 108 130 127 106 78 144 114 95 67 119 115 57 143 140 103 105 45 138 94 120 21 185 139 4 107 108 
147 44 55 106 74 67 67 149 95 16 196 47 60 53 133 59 165 160 60 166 120 108 61 172 129 160 69 47 93 20 183 117 122 150 185 108 141 190 112 43 74 96 101 98 98 19 64 11 154 102 180 137 95 158 121 166 124 58 101 99 119 109 103 70 
104 46 127 12 112 154 147 78 52 93 47 200 92 125 145 152 57 151 70 72 50 71 127 107 81 32 105 108 97 164 69 85 74 141 172 180 82 20 88 95 13 70 179 138 74 112 163 61 157 135 76 101 102 63 99 77 52 92 194 97 55 53 94 89 
142 119 142 154 94 120 155 104 58 87 60 92 126 131 40 51 109 73 59 116 92 179 128 157 166 102 169 87 110 80 83 71 65 129 133 111 84 103 134 101 167 85 107 121 44 29 185 116 117 81 142 52 108 79 143 125 98 32 116 25 73 147 139 105 
27 134 125 165 118 113 115 86 66 135 53 125 131 192 153 163 38 101 129 177 90 14 87 112 152 133 92 95 24 126 150 160 118 99 162 78 98 65 110 157 84 147 144 90 76 90 134 125 47 94 114 144 63 97 166 114 133 92 112 61 70 114 114 135 
92 89 181 129 95 141 94 60 32 68 133 145 40 153 100 119 170 93 9 104 159 101 45 99 138 73 127 86 168 126 85 12 62 148 135 89 165 114 41 57 116 158 124 43 66 53 29 121 66 153 105 58 78 94 91 46 73 143 116 168 106 185 96 132 
107 151 117 122 92 121 115 81 85 82 59 152 51 163 119 172 66 101 61 146 115 130 83 130 61 98 75 135 161 63 23 119 148 102 45 80 135 95 64 67 114 63 182 119 141 51 97 97 65 82 78 91 86 99 109 146 90 104 141 136 120 5 133 52 
126 89 89 130 127 18 148 96 78 52 165 57 109 38 170 66 104 146 103 84 173 138 156 149 153 164 105 116 68 47 47 156 103 71 112 199 44 123 84 63 84 100 124 83 98 95 35 187 30 131 9 63 102 27 98 159 99 76 146 142 102 111 105 100 
128 120 65 12 102 91 167 22 100 116 160 151 73 101 93 101 146 50 135 90 92 67 109 98 58 39 57 161 41 66 126 50 73 117 152 98 168 102 107 140 148 86 86 102 76 110 95 48 94 84 111 135 121 143 101 77 146 92 48 106 121 88 40 106 
101 82 179 50 30 71 88 77 57 113 60 70 59 129 9 61 103 135 30 44 55 111 133 17 85 151 90 148 165 97 138 82 108 110 113 154 166 153 88 110 121 161 182 174 99 132 118 121 175 108 97 29 54 137 140 57 70 60 83 68 99 79 121 134 
112 75 50 143 116 83 148 81 46 55 166 72 116 177 104 146 84 90 44 6 103 129 109 108 116 64 121 68 80 78 102 75 110 84 14 173 71 155 49 96 62 163 33 136 34 82 74 153 69 146 79 55 119 134 62 108 90 70 112 134 146 25 100 93 
89 106 32 83 61 121 114 100 130 68 120 50 92 90 159 115 173 92 55 103 38 39 150 161 84 47 67 109 93 63 64 188 148 81 140 195 94 46 27 101 8 152 112 42 88 116 33 39 110 192 111 131 112 115 101 161 69 62 71 80 170 67 166 60 
142 60 88 76 95 81 189 166 38 152 108 71 179 14 101 130 138 67 111 129 39 154 68 179 164 84 132 54 117 178 49 103 180 156 127 121 119 77 153 125 62 172 162 141 82 106 50 49 87 198 17 88 153 193 137 136 113 84 95 78 147 68 104 151 
146 62 30 123 101 99 133 56 65 45 61 127 128 87 45 83 156 109 133 109 150 68 148 101 97 107 91 49 72 108 125 169 177 137 77 56 116 92 29 109 40 121 102 104 86 81 144 45 96 103 127 147 138 114 139 130 150 63 58 131 106 92 48 155 
26 84 92 19 33 145 127 163 92 152 172 107 157 112 99 130 149 98 17 108 161 179 101 152 50 154 62 117 131 118 147 112 117 97 145 118 128 137 114 158 67 85 115 127 96 62 54 190 123 126 117 137 34 45 187 145 65 82 117 73 114 110 99 121 
167 163 53 105 99 98 170 169 29 149 129 81 166 152 138 61 153 58 85 116 84 164 97 50 86 76 46 93 169 97 103 58 64 160 91 160 59 96 149 82 156 76 70 97 114 73 97 89 166 119 96 129 168 99 119 92 141 90 117 25 28 25 53 143 
80 92 121 75 158 113 100 117 54 109 160 32 102 133 73 98 164 39 151 64 47 84 107 154 76 144 112 65 187 37 154 83 98 67 119 113 92 114 160 114 95 172 82 83 20 88 79 120 111 105 165 57 23 110 140 149 110 129 97 158 121 141 93 41 
114 99 142 147 143 75 69 122 124 146 69 105 169 92 127 75 105 57 90 121 67 132 91 62 46 112 12 114 46 116 40 104 65 110 69 104 139 93 177 74 127 134 79 126 141 112 167 73 137 191 20 89 30 175 92 185 92 72 134 116 87 44 101 22 
82 143 40 120 98 71 98 45 51 57 47 108 87 95 86 135 116 161 148 68 109 54 49 117 93 65 114 128 122 141 103 135 100 83 118 74 52 130 155 167 70 92 61 148 77 111 164 95 140 37 29 151 67 75 85 84 155 66 92 47 154 84 153 135 
84 48 76 109 37 85 66 12 152 106 93 97 110 24 168 161 68 41 165 80 93 117 72 131 169 187 46 122 122 168 179 98 69 141 68 96 88 59 34 102 156 96 54 112 32 122 86 79 52 44 132 33 40 96 180 138 101 26 53 117 144 79 94 169 
85 108 143 64 21 137 116 111 167 78 20 164 80 126 126 63 47 66 97 78 63 178 108 118 97 37 116 141 168 6 117 60 86 59 47 139 113 150 67 87 111 5 152 141 114 23 39 75 72 35 114 125 69 75 38 114 125 141 75 91 92 95 71 102 
57 119 126 80 89 46 33 56 176 129 183 69 83 150 85 23 47 126 138 102 64 49 125 147 103 154 40 103 179 117 144 89 65 83 122 134 174 67 96 21 102 176 127 120 74 96 59 132 134 165 140 124 55 87 65 97 103 100 78 31 39 174 99 117 
143 156 94 85 153 183 173 61 119 65 117 85 71 160 12 119 156 50 82 75 188 103 169 112 58 83 104 135 98 60 89 66 127 33 152 115 123 58 119 79 133 87 71 44 50 114 116 163 98 133 107 104 49 150 66 97 163 68 55 176 122 27 162 165 
103 87 41 174 92 78 148 82 86 124 122 74 65 118 62 148 103 73 108 110 148 180 177 117 64 98 65 100 69 86 65 127 46 69 104 119 51 38 131 79 74 116 119 69 80 101 70 117 60 61 119 144 154 129 82 51 91 141 143 57 182 133 156 85 
119 129 9 65 123 129 168 102 164 106 150 141 129 99 148 102 71 117 110 84 81 156 137 97 160 67 110 83 141 59 83 33 69 152 63 140 109 124 138 147 78 130 106 82 82 126 121 48 41 154 91 104 69 85 81 163 151 100 15 161 147 74 120 151 
80 110 84 110 96 124 99 92 131 135 185 172 133 162 135 45 112 152 113 14 140 127 77 145 91 119 69 118 68 47 122 152 104 63 132 126 118 129 128 128 120 138 175 88 155 99 117 111 91 120 97 85 153 57 145 107 148 118 81 60 161 133 42 160 
108 145 112 145 41 108 135 93 92 89 108 180 111 78 89 80 199 98 154 173 195 121 56 118 160 113 104 74 96 139 134 115 119 140 126 120 20 90 90 113 89 106 40 140 139 140 81 86 170 83 80 95 85 9 110 25 101 96 142 43 108 109 165 129 
169 84 89 93 125 132 100 124 40 150 141 82 84 98 165 135 44 168 166 71 94 119 116 128 59 92 139 52 88 113 174 123 51 109 118 20 178 149 177 114 111 119 170 44 86 78 119 130 44 116 105 147 76 127 155 39 161 70 62 125 154 177 75 124 
129 95 52 69 57 178 76 50 138 154 190 20 103 65 114 95 123 102 153 155 46 77 92 137 96 114 93 130 59 150 67 58 38 124 129 90 149 112 167 28 139 93 100 128 104 105 174 180 18 81 91 146 63 71 72 57 116 96 43 180 103 83 99 123 
88 151 155 119 81 97 81 107 66 108 112 88 134 110 41 64 84 107 88 49 27 153 29 114 149 160 177 155 34 67 96 119 131 138 128 90 177 167 98 146 130 48 61 74 177 99 73 153 62 106 136 145 117 71 112 156 180 162 50 127 101 36 56 167 
125 121 77 77 75 170 108 116 68 130 43 95 101 157 57 67 63 140 110 96 101 125 109 158 82 114 74 167 102 87 21 79 79 147 128 113 114 28 146 30 95 51 152 128 171 115 160 156 40 164 160 102 158 113 69 68 167 110 135 147 55 106 91 108 
80 153 167 37 99 162 73 142 97 127 74 13 167 84 116 114 84 148 121 62 8 62 40 67 156 95 127 70 156 111 102 133 74 78 120 89 111 139 130 95 168 95 68 60 144 50 102 106 161 66 129 37 8 46 103 145 105 116 140 91 47 85 130 96 
115 39 37 132 141 158 33 123 132 106 96 70 85 147 158 63 100 86 161 163 152 172 121 85 76 172 134 92 96 5 176 87 116 130 138 106 119 93 48 51 95 170 53 60 111 138 102 44 116 113 124 69 99 43 122 105 86 102 110 85 152 145 120 97 
42 84 98 102 137 185 17 165 73 78 101 179 107 144 124 182 124 86 182 33 112 162 102 115 70 82 79 61 54 152 127 71 119 106 175 40 170 100 61 152 68 53 130 34 185 43 141 38 161 109 64 125 99 163 150 106 154 47 43 145 134 92 92 112 
66 88 85 124 77 88 129 84 143 144 98 138 121 90 43 119 83 102 174 136 42 141 104 127 97 83 126 148 112 141 120 44 69 82 88 140 44 128 74 128 60 60 34 180 116 71 174 100 89 123 96 108 170 190 110 167 190 42 83 127 102 89 54 121 
108 103 84 95 83 116 190 109 87 114 98 74 44 76 66 141 98 76 99 34 88 82 86 96 114 20 141 77 32 114 74 50 80 82 155 139 86 104 177 171 144 111 185 116 116 165 76 189 98 136 89 185 52 137 83 174 117 189 118 27 98 53 149 95 
87 101 126 104 38 117 150 88 104 95 19 112 29 90 53 51 95 110 132 82 116 106 81 62 73 88 112 111 122 23 96 114 101 126 99 140 78 105 99 115 50 138 43 71 165 122 157 137 104 18 72 144 78 88 101 59 125 94 77 96 64 133 170 94 
62 28 102 71 118 116 112 46 107 67 64 163 185 134 29 97 35 95 118 74 33 50 144 54 97 79 167 164 86 39 59 116 70 121 117 81 119 174 73 160 102 102 141 174 76 157 8 107 164 146 150 24 38 84 32 137 51 99 123 77 121 125 135 69 
66 96 65 123 89 95 83 109 121 119 11 61 116 125 121 97 187 48 121 153 39 49 45 190 89 120 73 95 79 75 132 163 117 48 111 86 130 180 153 156 106 44 38 100 189 137 107 18 149 112 65 103 103 120 116 83 176 68 138 69 112 92 103 67 
133 111 143 76 71 199 81 38 151 115 154 157 117 47 66 65 30 94 175 69 110 87 96 123 166 111 137 140 52 72 134 98 60 41 91 170 44 18 62 40 161 116 161 89 98 104 164 149 136 101 85 91 134 73 131 107 94 116 61 90 48 99 159 74 
73 98 162 94 120 86 96 160 89 57 102 135 81 94 153 82 131 84 108 146 192 198 103 126 119 105 191 37 44 35 165 133 61 154 120 83 116 81 106 164 66 113 109 123 136 18 146 112 101 124 22 31 114 175 119 126 104 91 35 42 127 94 102 132 
57 63 95 158 66 113 115 136 89 143 180 76 142 114 105 78 9 111 97 79 111 17 127 117 96 165 20 29 132 114 140 107 119 91 97 80 105 91 136 160 129 124 64 96 89 72 150 65 85 22 48 151 84 67 174 104 179 73 115 78 118 52 47 124 
102 107 102 166 94 53 56 114 46 140 137 101 52 144 58 91 63 135 29 55 131 88 147 137 129 57 89 151 33 125 124 104 144 104 85 95 147 146 145 102 37 69 125 108 185 144 24 103 91 31 151 108 129 105 80 79 83 116 126 108 67 43 141 43 
52 85 80 91 45 162 82 43 167 103 95 102 108 63 78 86 102 121 54 119 112 153 138 34 168 23 30 67 40 69 55 49 154 69 153 85 76 63 117 158 8 99 99 170 52 78 38 103 134 114 84 129 14 118 156 126 148 155 61 41 46 83 53 74 
123 55 45 92 41 35 89 175 126 105 158 63 79 97 94 99 27 143 137 134 115 193 114 45 99 110 175 75 96 75 87 150 129 85 57 9 127 71 71 113 46 43 163 190 137 88 84 120 73 175 67 105 118 22 37 165 150 170 86 75 81 90 43 49 
149 107 42 153 113 110 117 105 145 45 121 99 143 166 91 109 98 101 140 62 101 137 139 187 119 140 92 85 180 38 65 66 82 81 145 110 155 72 112 69 103 122 150 110 83 101 32 116 131 119 174 80 156 37 90 107 105 86 73 94 57 137 115 171 
127 65 107 73 91 56 181 68 128 138 166 77 125 114 46 146 159 77 57 108 161 136 130 145 92 149 185 84 138 114 97 97 51 163 107 25 39 57 156 68 145 105 106 167 174 59 137 83 107 126 104 79 126 165 107 100 56 80 65 127 136 128 147 42 
156 62 73 26 80 110 94 13 163 94 124 52 98 133 73 90 99 146 70 90 69 113 150 65 141 110 92 155 101 125 103 163 91 151 148 101 161 116 180 167 105 86 154 190 117 125 51 176 94 104 179 83 148 150 105 56 92 102 52 165 141 126 109 73 
112 92 90 138 45 99 101 102 187 120 58 92 32 92 143 104 76 92 60 70 62 84 63 82 90 129 72 66 26 141 100 68 141 100 118 96 70 96 162 110 116 102 47 42 189 94 99 68 116 91 73 116 155 170 86 80 102 172 17 132 97 164 122 114 
171 160 66 108 42 101 181 93 67 21 101 194 116 112 116 141 146 48 83 112 71 95 58 117 117 97 134 92 53 75 78 55 143 15 81 142 62 43 50 135 140 110 43 83 118 77 123 138 61 35 115 126 61 86 73 65 52 17 24 186 112 132 143 139 
41 101 67 118 52 149 86 90 85 185 99 97 25 61 168 136 142 106 68 134 80 78 131 73 25 158 116 47 117 91 31 176 57 161 60 43 125 180 127 147 91 85 145 127 27 96 77 69 90 42 78 108 41 75 94 127 165 132 186 176 111 98 53 143 
111 82 103 34 69 101 108 114 78 139 119 55 73 70 106 120 102 121 99 146 170 147 106 114 28 121 87 154 144 92 39 122 182 147 161 108 154 103 101 55 47 152 134 102 98 64 121 112 48 127 118 67 46 81 57 136 141 97 112 111 70 112 162 57 
153 143 133 83 128 91 67 94 50 4 109 53 147 114 185 5 111 88 79 25 67 68 92 110 25 141 44 84 79 95 174 27 133 74 133 109 177 83 36 106 85 145 92 89 53 133 125 92 99 94 52 43 83 90 137 128 126 164 132 98 112 130 52 129 
120 116 89 91 122 141 126 106 108 107 103 94 139 114 96 133 105 40 121 100 166 104 48 99 53 93 101 153 94 71 99 162 156 120 42 165 75 99 56 91 130 120 92 54 149 170 135 103 159 102 47 141 53 43 115 147 109 122 143 53 162 52 8 69 
70 172 164 119 63 103 134 159 169 108 70 89 105 135 132 52 100 106 134 93 60 151 155 121 143 41 22 135 169 102 117 165 85 151 160 129 124 123 167 108 96 97 112 121 95 94 69 67 74 132 124 43 74 49 171 42 73 114 139 143 57 129 69 156 