64 6.306632086562364 57.894734752811324 334 12558
53 86 9 7 39 71 3 24 3 63 12 82 18 56 85 49 19 60 91 16 94 24 51 74 39 22 60 54 61 90 96 3 33 52 16 47 58 45 87 69 97 57 36 47 21 67 73 33 62 58 12 17 64 3 6 92 2 39 21 5 99 53 82 97 
8 13 67 28 87 79 35 10 69 53 60 30 100 75 94 48 52 48 40 46 12 37 16 65 13 70 19 95 21 64 22 4 68 11 88 86 11 41 41 63 3 80 98 97 87 57 30 26 65 67 31 65 54 13 19 63 18 20 63 68 78 88 43 7 
66 71 99 24 5 51 45 75 97 28 60 9 17 42 28 10 31 96 29 6 36 12 1 43 67 78 57 72 22 53 58 47 23 95 65 29 96 34 41 58 9 50 59 13 51 29 29 61 65 43 43 57 56 21 91 5 32 32 97 22 68 49 41 53 
63 51 36 25 32 1 27 43 82 33 24 63 24 61 29 80 9 47 69 23 12 91 37 84 84 87 22 100 42 79 15 90 41 37 24 47 9 31 14 91 87 79 97 90 25 50 22 22 51 60 11 48 7 83 48 43 37 49 69 52 94 78 28 79 
50 97 56 61 45 37 76 34 36 97 26 8 8 38 73 32 58 56 2 26 18 61 77 16 68 4 99 50 80 10 37 91 58 68 80 23 96 61 5 64 72 68 81 92 77 16 22 90 24 77 94 81 35 41 29 53 90 29 20 7 48 35 2 55 
15 23 43 2 50 18 82 26 9 82 61 41 54 58 72 6 10 48 95 67 13 30 80 64 20 22 58 43 11 87 46 43 30 80 6 35 56 67 52 59 14 79 24 26 35 7 84 76 24 44 15 90 69 47 96 22 74 94 79 62 25 35 43 50 
5 53 99 48 67 83 28 78 75 3 8 92 3 43 73 69 38 57 40 42 21 92 2 24 37 17 52 23 31 27 98 28 48 22 17 31 44 77 89 48 4 90 74 100 50 64 16 5 30 62 71 61 77 83 41 97 100 98 28 30 99 70 81 86 
82 72 99 47 100 6 22 79 52 25 1 31 53 35 93 22 77 55 90 76 80 22 21 56 66 3 42 18 89 49 78 95 45 89 51 5 35 69 98 100 77 90 13 48 25 35 4 87 57 63 27 9 27 55 34 44 98 33 85 39 45 6 87 27 
68 12 27 93 52 91 27 17 54 58 52 68 21 82 37 99 2 87 86 96 91 43 68 28 34 27 79 17 25 55 7 66 5 92 95 43 37 66 80 92 64 60 3 32 85 91 24 54 38 3 56 35 57 12 38 83 70 79 98 14 69 99 5 68 
86 72 21 65 66 41 20 77 78 22 48 15 29 34 89 73 76 84 78 98 14 32 83 49 83 97 40 16 38 11 5 75 87 92 87 27 10 23 74 25 57 9 88 69 81 64 79 82 9 95 45 93 27 60 67 93 71 77 57 30 73 20 99 6 
47 22 90 70 32 79 57 93 95 80 28 5 87 62 20 15 88 46 14 51 75 3 59 62 59 32 25 98 11 33 20 4 56 96 40 34 65 52 68 1 18 93 52 22 92 74 68 46 67 85 25 77 5 23 43 73 92 83 88 10 15 71 9 64 
81 84 82 45 7 4 58 29 57 94 10 87 49 76 41 2 78 90 40 21 87 95 84 11 74 86 75 10 77 100 14 1 39 11 85 63 30 42 8 97 86 57 44 49 42 65 14 65 100 29 100 35 80 14 67 89 50 54 4 34 27 27 61 92 
33 7 74 32 56 19 1 89 67 2 30 98 53 22 66 86 18 40 92 53 21 58 85 51 61 6 45 76 99 64 94 89 6 2 48 83 2 78 94 13 62 72 84 40 56 84 93 31 55 97 43 17 1 65 80 23 55 96 55 91 82 97 81 19 
31 23 92 37 39 74 89 49 14 27 50 21 98 6 26 33 72 47 97 8 19 47 16 59 67 41 84 18 94 4 44 55 26 42 25 27 51 77 28 80 74 40 85 22 3 22 70 52 3 78 27 16 1 23 40 14 64 56 90 37 73 9 91 82 
34 84 40 39 36 86 12 86 74 92 13 46 30 58 16 26 48 40 98 81 78 3 83 47 17 77 52 45 45 90 21 44 23 48 77 13 94 31 5 94 71 91 91 64 17 90 84 4 64 17 55 81 58 64 21 100 25 48 54 31 81 78 60 63 
79 87 51 97 3 71 78 43 43 70 1 20 4 60 67 100 95 77 38 25 75 45 49 67 46 25 83 14 93 11 69 55 3 58 44 12 14 92 40 11 89 59 45 54 42 43 96 27 3 38 68 67 87 84 60 41 30 69 32 79 70 11 54 64 
15 38 54 83 58 32 58 36 31 19 89 33 11 23 94 51 13 12 79 18 76 17 78 49 71 94 20 84 36 66 42 60 98 74 46 60 89 76 48 30 68 88 1 31 21 20 46 52 39 54 46 25 80 36 97 17 95 49 74 93 45 65 57 73 
12 14 62 14 79 83 11 58 84 28 96 81 75 34 51 38 39 82 26 17 45 57 45 89 56 6 22 99 37 25 76 12 6 13 56 46 53 56 60 93 52 34 85 9 89 36 29 18 68 63 39 57 54 21 87 43 43 75 22 93 43 81 15 2 
3 25 68 17 50 90 18 17 10 26 9 24 31 52 100 2 87 84 34 82 68 6 61 92 85 22 99 79 94 89 90 91 15 55 22 99 27 37 84 8 30 38 18 60 18 54 83 76 24 71 41 96 31 30 34 32 4 85 10 100 93 86 9 42 
28 86 8 78 29 58 48 11 23 13 12 63 1 51 83 65 68 19 21 89 78 46 86 96 30 78 94 33 90 43 13 5 23 34 71 52 43 35 14 24 14 33 6 90 68 71 37 46 34 18 38 23 5 30 38 88 86 61 46 66 65 29 32 75 
41 36 41 92 69 40 90 46 81 73 45 23 49 82 47 73 97 42 76 89 88 40 16 65 95 81 98 13 97 97 4 61 60 75 6 3 43 2 98 16 47 83 61 95 14 90 90 16 94 60 67 20 94 40 4 62 79 67 9 81 67 38 79 44 
49 17 89 7 6 37 70 95 35 46 16 44 34 24 29 62 5 51 20 16 56 32 31 92 66 1 9 7 84 76 13 67 1 8 58 33 92 80 79 34 70 77 22 36 20 79 84 29 71 19 37 95 35 70 62 28 12 42 14 9 5 62 83 62 
54 88 89 24 93 7 81 30 76 45 46 10 81 10 66 91 72 44 90 97 81 19 95 51 77 61 42 26 69 59 54 2 76 69 70 76 35 69 87 58 71 23 84 97 98 19 18 94 80 74 77 57 100 88 9 42 55 32 61 58 33 41 84 30 
24 48 14 55 38 13 1 86 74 42 13 18 29 67 3 21 40 60 71 51 28 35 66 22 81 44 77 70 50 60 29 39 41 61 61 26 78 61 37 23 67 4 29 61 89 100 3 65 28 36 55 37 86 80 23 40 82 19 25 1 16 36 35 38 
92 22 16 32 88 88 72 71 27 76 77 92 46 74 33 66 8 77 48 30 19 2 22 33 76 83 36 10 81 92 2 60 40 15 92 82 77 28 50 18 85 7 29 37 64 79 36 10 43 81 95 7 43 37 33 94 5 53 58 24 3 17 35 31 
90 71 14 69 29 49 87 77 98 15 8 69 90 53 91 87 67 1 78 18 8 8 21 13 62 67 57 63 6 53 88 36 92 72 36 36 72 32 53 7 83 19 95 19 29 1 83 73 92 38 74 11 48 73 93 60 4 29 39 85 38 31 35 39 
40 4 14 12 60 40 11 49 41 62 19 9 71 11 25 76 78 19 87 21 77 76 51 65 64 82 14 1 93 91 92 76 69 43 49 69 16 95 93 19 40 39 69 94 100 87 85 21 16 74 100 92 27 60 90 16 19 78 7 23 48 11 5 44 
70 69 54 30 20 33 53 29 50 57 51 93 31 4 5 97 59 89 35 22 47 34 12 62 8 13 68 29 68 86 9 3 96 7 25 85 63 85 1 72 70 6 18 90 47 72 65 20 74 16 35 42 42 27 36 35 81 7 35 35 62 85 9 62 
50 3 55 65 24 57 74 42 33 78 88 55 33 16 96 8 29 34 44 64 85 1 41 57 29 17 36 42 69 71 46 2 5 69 21 82 64 78 16 28 93 3 77 76 50 39 78 7 56 85 18 69 75 16 57 98 23 56 3 26 84 22 21 88 
11 53 72 83 67 89 6 87 26 7 9 49 17 86 36 42 97 40 3 53 85 89 63 54 30 65 73 20 47 72 3 50 70 38 35 78 18 93 9 35 39 19 98 12 30 14 97 88 31 34 100 4 94 84 56 13 78 67 16 70 73 40 17 94 
51 42 50 63 42 75 76 19 35 26 11 29 4 31 96 86 9 22 36 89 72 27 67 15 56 12 10 34 44 91 19 63 89 8 16 22 44 51 100 44 36 83 99 12 69 61 55 100 14 88 90 60 11 98 47 55 4 59 57 3 70 37 70 56 
14 2 96 1 58 100 18 87 85 19 56 57 21 20 82 86 51 36 17 85 85 27 37 67 24 22 35 67 41 97 26 99 58 88 56 93 15 66 48 93 100 89 1 21 14 95 74 62 68 74 7 29 18 100 15 70 35 87 53 7 72 26 48 84 
16 64 30 18 91 97 44 97 88 13 54 76 28 54 41 40 58 69 87 68 100 4 82 48 70 78 57 62 2 28 87 33 33 60 21 72 64 58 48 23 14 68 12 12 13 45 61 78 45 11 67 94 36 66 81 72 85 82 82 75 55 3 55 67 
78 29 23 58 60 63 97 98 4 38 81 75 48 18 34 70 55 32 36 30 95 37 24 98 30 53 97 88 23 18 84 2 88 33 30 15 52 10 9 47 71 58 35 26 90 9 57 52 26 50 77 44 91 55 55 42 20 39 78 9 8 11 12 94 
55 23 52 60 46 47 12 28 62 12 11 46 56 44 70 43 71 64 19 8 92 100 11 29 68 96 64 27 42 45 33 89 56 73 11 75 43 35 28 7 74 94 20 73 38 44 29 16 69 35 74 52 65 19 20 52 36 85 8 39 21 7 11 20 
37 56 91 31 54 34 27 57 66 7 53 96 34 100 51 44 25 57 11 19 33 1 5 10 38 19 99 16 85 17 69 60 20 41 33 35 47 96 97 43 76 4 100 70 9 25 53 31 76 29 36 77 90 44 79 72 80 14 31 89 3 32 43 4 
85 16 34 73 80 26 20 61 3 36 96 62 85 23 63 25 76 18 77 76 85 63 59 83 18 14 20 56 44 40 27 55 82 66 87 2 41 6 67 98 24 33 76 12 44 17 60 43 49 50 44 22 61 45 93 85 83 93 79 68 18 36 95 5 
85 64 86 95 31 41 1 93 34 59 17 48 82 84 20 100 51 10 52 85 45 93 53 24 98 100 55 84 62 21 75 55 80 70 19 61 1 73 62 49 34 58 78 64 86 82 34 29 23 53 86 99 5 63 4 1 58 26 57 20 56 84 64 92 
69 66 8 23 8 8 75 68 91 49 1 56 61 30 80 92 96 9 80 98 86 61 28 55 37 60 31 16 25 32 26 85 81 8 9 41 9 84 2 95 61 3 25 17 52 82 100 62 40 15 53 47 9 38 33 83 75 71 11 82 63 8 84 31 
94 84 63 79 4 7 10 71 99 3 25 43 9 59 80 28 29 39 88 11 82 8 41 75 26 34 72 80 12 63 88 98 64 100 37 31 40 37 9 36 89 81 83 33 57 70 63 20 17 30 45 93 30 91 32 16 60 94 1 36 59 94 80 81 
73 36 87 16 33 88 89 94 86 47 43 87 39 6 44 24 33 85 17 68 45 11 96 21 54 42 5 57 1 85 90 78 2 7 70 44 57 2 64 15 67 96 35 48 38 40 38 19 79 96 76 67 17 92 91 100 93 73 68 44 55 23 14 21 
30 95 75 50 35 76 80 17 15 19 48 50 54 67 26 29 34 53 6 32 44 24 91 59 97 93 40 83 89 87 70 14 98 14 59 21 100 14 7 62 67 36 7 72 32 65 8 11 19 25 10 93 55 99 60 23 35 51 44 62 79 30 73 97 
10 97 78 100 37 74 84 19 75 70 1 68 42 42 91 10 19 76 86 79 7 15 97 64 8 17 46 38 33 67 73 5 67 65 31 36 61 57 7 15 16 66 76 65 50 60 73 42 17 32 36 94 64 99 61 70 88 22 3 8 75 86 76 21 
57 85 49 69 35 18 79 89 94 1 24 10 55 66 98 43 26 3 56 10 72 41 35 1 60 58 7 10 41 80 2 76 84 28 50 28 71 65 1 39 93 83 44 30 46 85 31 25 86 100 6 49 73 41 73 4 12 59 40 10 71 36 76 61 
74 62 34 31 98 31 35 65 91 54 1 81 60 57 52 59 29 23 8 29 50 61 43 93 26 67 90 50 61 74 66 78 36 65 46 43 72 10 61 37 73 48 70 99 1 94 43 7 39 87 96 33 96 77 68 75 89 79 33 87 91 80 83 67 
70 78 8 90 7 37 43 85 8 43 35 45 89 15 91 92 60 81 42 70 75 64 71 76 12 88 14 1 10 14 42 88 13 74 29 99 63 1 36 86 21 90 46 86 82 81 55 93 51 72 82 27 91 14 73 24 4 56 7 95 78 94 84 89 
32 42 23 80 39 25 92 46 84 8 2 78 71 66 56 52 89 58 5 48 81 53 98 77 96 66 86 70 87 41 57 38 61 98 81 1 8 50 25 76 85 61 97 78 26 61 36 14 82 80 75 37 97 4 80 91 84 67 25 30 31 22 41 12 
56 30 42 17 44 42 13 96 68 45 50 29 2 14 63 79 92 100 15 11 37 50 34 73 90 2 20 100 45 8 85 33 97 38 74 15 28 54 61 37 26 39 65 84 13 81 60 30 20 29 13 83 76 59 80 1 36 80 63 57 40 61 41 53 
61 3 50 2 12 46 54 50 1 25 83 14 74 48 52 99 79 44 37 72 33 13 6 18 82 90 8 37 93 89 25 21 40 12 64 40 12 61 41 51 82 70 83 88 23 8 28 69 48 70 2 20 86 3 4 11 1 79 22 80 14 23 95 77 
3 27 22 43 29 40 95 89 98 27 22 29 71 40 24 54 89 62 70 61 47 75 21 42 8 92 27 8 91 24 2 100 50 35 62 28 59 51 37 69 9 91 26 5 43 49 48 65 66 56 54 50 95 78 8 47 8 60 15 94 11 26 7 74 
28 17 53 62 80 31 100 3 83 40 27 75 5 48 35 29 53 35 21 38 79 83 90 17 90 80 65 32 34 57 25 63 72 70 45 43 82 100 47 8 71 71 67 40 41 58 86 91 39 26 11 55 9 64 18 69 82 38 35 7 41 12 76 93 
57 95 71 62 44 40 40 77 42 17 79 7 29 99 63 55 93 3 33 72 57 73 72 67 71 59 23 74 18 38 92 54 96 26 65 79 21 86 60 85 23 39 40 56 61 67 52 35 47 11 63 74 67 47 90 76 87 42 91 87 71 3 83 66 
87 22 72 89 91 7 88 30 46 92 84 37 70 58 35 10 5 84 51 27 95 59 60 99 25 78 14 1 61 85 84 12 34 29 1 58 15 11 88 26 93 91 96 61 64 29 71 73 62 1 40 52 23 83 81 49 39 7 43 61 91 6 32 90 
28 83 8 56 17 86 83 62 32 35 32 73 41 1 37 12 91 92 87 62 79 96 24 79 59 86 61 66 30 40 38 3 40 88 94 68 87 74 25 63 3 6 80 61 16 85 60 7 87 42 45 35 20 13 72 76 8 51 56 34 94 56 33 15 
11 8 69 74 49 56 8 70 60 50 69 23 1 40 29 9 15 36 44 44 55 37 79 32 53 58 5 29 20 56 91 19 62 29 62 87 28 18 3 11 94 20 23 66 57 75 30 50 99 42 3 26 11 43 66 99 64 1 45 93 100 18 92 26 
67 79 33 44 85 54 71 58 40 66 85 68 100 44 87 84 96 34 67 67 62 71 95 17 11 28 71 21 76 45 60 89 65 47 19 74 55 18 85 9 73 92 89 24 67 29 54 13 60 66 10 81 84 58 40 39 73 34 1 90 14 95 81 16 
15 62 53 23 56 71 82 56 23 98 21 58 49 18 36 93 33 72 85 34 58 18 87 96 100 81 98 24 71 44 20 93 25 39 31 53 69 53 14 89 11 37 19 1 23 80 26 95 19 58 95 59 71 86 99 98 76 57 96 90 73 75 2 54 
40 44 38 56 25 67 66 74 44 73 59 33 59 17 82 78 61 76 32 44 29 52 71 14 62 76 79 50 91 75 52 42 66 51 48 11 6 43 82 53 100 19 96 75 36 3 97 45 40 32 67 65 84 36 20 49 41 9 47 3 76 43 34 18 
92 94 91 3 45 44 60 99 95 46 94 49 60 19 93 61 39 59 38 91 72 36 88 16 80 69 21 97 93 71 30 77 8 92 16 12 95 49 73 75 61 20 23 46 10 76 1 36 52 99 26 87 79 43 49 64 6 96 74 2 42 27 67 35 
67 73 45 22 83 13 64 1 17 65 90 71 43 50 100 89 58 66 57 66 74 13 11 22 51 72 92 14 17 89 59 79 21 22 18 40 48 92 8 51 26 74 93 39 28 66 1 45 32 90 36 31 5 20 44 1 10 22 36 59 18 96 44 18 
79 89 27 1 29 21 98 48 24 38 34 20 54 2 31 46 79 88 60 39 58 29 79 26 51 69 40 49 43 86 26 63 49 28 1 8 95 68 21 55 92 48 13 27 62 30 9 82 25 13 38 43 79 82 10 67 100 56 16 49 95 85 93 25 
64 49 87 85 75 74 37 11 76 95 13 40 19 54 22 64 76 88 54 20 82 79 89 91 34 78 71 52 61 11 14 37 3 89 50 79 81 25 15 77 19 20 30 43 72 77 47 89 88 41 8 16 49 90 57 27 39 31 48 87 13 24 97 4 
73 70 13 33 75 16 22 11 84 2 62 78 80 40 37 41 2 80 40 13 6 66 50 80 18 17 59 78 71 29 20 24 82 73 58 16 89 29 74 10 18 8 17 64 58 96 81 66 82 58 54 12 7 60 81 57 93 9 68 66 1 3 20 15 
64 67 6 70 49 87 13 60 57 1 42 2 56 80 20 84 11 61 12 27 56 90 68 21 63 80 66 87 28 88 90 57 73 51 85 63 20 79 99 98 72 24 94 91 14 85 2 57 2 95 62 61 24 60 76 97 30 72 78 83 19 52 79 62 
0.5960206907673854 0.5387759018294649 0.8186862591431945 0.30930561885317237 0.9029813358381515 0.7139374027558856 0.20489182976634313 0.5138511691322243 0.8712456687471044 0.4175706838817485 0.3268786281106843 0.7406432406212755 0.3575767949639503 0.7427472346357571 0.5352802991914318 0.3866291034368057 0.186469509945754 0.7416452324375741 0.4203202992373221 0.6611766479589035 0.6447587663651348 0.5102480846064343 0.6422860643914408 0.24315339731641428 0.3212251528606801 0.6201915624199578 0.2890601352236152 0.26566227473986875 0.45435742846519034 0.5651471872477534 0.7058806506840414 0.5205720657099586 0.6281408905252017 0.2545683531798335 0.439121899167925 0.7080005605016914 0.045620933917758566 0.42022566785916154 0.3313464011011835 0.3000545078849184 0.6282699874290616 0.20070646044952484 0.6731396590216991 0.5826926673799273 0.5763500314833596 0.41630138617442103 0.23072408754805257 0.3597456976392383 0.6088099800421003 0.39389709556546837 0.5936881023048333 0.4997100172280416 0.4500371514252684 0.6231231468747278 0.37864174956793445 0.7219144899699642 0.9005783707650339 0.3364260581254891 0.622016684741707 0.538312410416083 0.1755256799090168 0.568956994186331 0.2819731262666455 0.4841161546804005 
0.5387759018294649 0.1783866523344747 0.9014887445056099 0.22223011260361397 0.6349155569234373 0.25970046731222707 0.6503620456484255 0.1450222782869784 0.23264186733761527 0.5237402519554926 0.914360254009357 0.909496407983261 0.47062260514930926 0.7355463283636035 0.19600842491328963 0.5551603642853432 0.7320975385510318 0.3464865075072161 0.12086523486571182 0.4072244901785319 0.21376164948202436 0.6437190950519238 0.29341256048722625 0.4994712390870977 0.7937274886052558 0.3552165904457339 0.14967368733207476 0.48705316422221584 0.5732193022114562 0.2524677070885141 0.6742236967567565 0.7174108658751481 0.08943926894934201 0.6608730770736841 0.4740825729016155 0.7114431539356065 0.2564173627062463 0.36744268420553855 0.570792222317297 0.3831213231104396 0.5080047694839152 0.4245972016153656 0.880799913201818 0.5043141778526206 0.10553128175087867 0.5302609919296861 0.34471372777228687 0.4141794906815012 0.4523212094522308 0.3772413218190891 0.4263897665229762 0.14706542540000478 0.6563253415770198 0.6993486698812088 0.24026586342404394 0.3199635675789807 0.5449129872041925 0.699103789778764 0.51751748708696 0.6724042193316215 0.5319082437438696 0.4941542928971055 0.589856912930754 0.5714136402626366 
0.8186862591431945 0.9014887445056099 0.1925054899590568 0.2810100764610192 0.7009651556149147 0.13378890536735272 0.46781946242252653 0.35645487241746154 0.5019604839474963 0.7499409362877902 0.6958485267974941 0.6527879451756927 0.611435321855951 0.42543002240773076 0.6150420977162789 0.6718570879383514 0.5325321772832273 0.21927666591424905 0.549846836615115 0.29428762915366036 0.10621893429143325 0.5915180838944147 0.6012594840325582 0.42223877148147526 0.5444415316506482 0.27256077013500485 0.4633326721658351 0.7469103172632447 0.7260896224498741 0.10168159905002672 0.31867961413489604 0.5936732752466232 0.3700877591400255 0.6004862704935734 0.574519800586355 0.5953770454463273 0.3545243247542741 0.30291890470571203 0.8497168785626114 0.9497792396188545 0.15976440922435042 0.22193963656541105 0.6795828673142088 0.7636975672849855 0.197026009766612 0.372413068227627 0.6023322507994517 0.11076399614343396 0.8666063500667319 0.4130981299449502 0.5508862474999012 0.7525759246630604 0.6521828113712951 0.35159053948289426 0.1751283089610734 0.5426640715837641 0.6103445264293847 0.037648376501483505 0.8554608401968224 0.4193268287681189 0.8187579142925392 0.3659412619745641 0.5309550678453997 0.5277940839423616 
0.30930561885317237 0.22223011260361397 0.2810100764610192 0.5173257511983586 0.5846334540162327 0.4017004646553529 0.4025473690489631 0.5867478150784287 0.504286546747095 0.6500067015075841 0.12064157989568763 0.5498991343773463 0.6883873401143932 0.3097281990751439 0.5619676147192816 0.5945388036200365 0.5121950656619274 0.737337617821733 0.7600263840981567 0.8328789917754942 0.7772464996609811 0.21649567364278854 0.6601944474974245 0.4882779208431528 0.4955655055333568 0.6054206521328364 0.16668184774223116 0.35354438156764917 0.3396002740615886 0.6059581078753906 0.36880499553315993 0.5780413023553888 0.7167664773373543 0.7115166732193783 0.7315051558089507 0.6553743874508158 0.6234362906841573 0.29677370434396366 0.40723805049450873 0.5965037424651143 0.3805942143128094 0.21748896017857444 0.7093043294570753 0.7027739715382147 0.6338930551215929 0.8187690732468867 0.6321969191608113 0.4157608849088417 0.3645014496847078 0.7840561640377454 0.5390677734552063 0.15792298245380976 0.6100657535196912 0.27099663450453926 0.8491815381669265 0.9320535172375564 0.6765844842778226 0.38854624405237576 0.4932448932912347 0.3370820586009504 0.702842894550284 0.22900325892455975 0.5100905605201401 0.5168085760555448 
0.9029813358381515 0.6349155569234373 0.7009651556149147 0.5846334540162327 0.11716609814918788 0.6583407574060927 0.2991846904193719 0.4022636599839634 0.5169776735296796 0.31078333332438746 0.6246337284114771 0.43467797039662026 0.41064940750623385 0.7452612155191776 0.3615887056561491 0.6327088319834562 0.7162960577576927 0.6689755668968564 0.6956958151914456 0.488568159693849 0.6346929336463605 0.38115671578293475 0.6671389526053164 0.3985609772295857 0.3412491565637233 0.7440367527121878 0.846907801697472 0.7277540888394354 0.5771924625054479 0.5992560280214903 0.778082900599341 0.21758441807018436 0.12178500278092452 0.4389661674172072 0.5504732610744492 0.6542404595048297 0.6071716247142255 0.30636207339898835 0.7768537573914432 0.10642178994727058 0.5360672717017627 0.5745901691879918 0.25582459060161206 0.6710759271863154 0.685716692232221 0.7684639310462369 0.6112183742898165 0.8065256502236879 0.2100594570440445 0.32089617968029915 0.49772105404385 0.5053281849527894 0.6240427377483686 0.4922760529936615 0.4214623917998319 0.7475890386068785 0.36784397055473184 0.6835411473886108 0.4812686066146076 0.7709693508074555 0.8743721386137491 0.7873559655057395 0.5241039094239173 0.7955337316951803 
0.7139374027558856 0.25970046731222707 0.13378890536735272 0.4017004646553529 0.6583407574060927 0.8968286943984816 0.6836335829523603 0.32248746949307744 0.4663656324173235 0.5198517701199873 0.31719275510939127 0.7164589874735634 0.33824562265978536 0.716870595154743 0.6082747806673983 0.43337060538232197 0.7556915267666754 0.5488010318971122 0.5388248744218076 0.09895950782078877 0.6643086090733284 0.3516011456260195 0.5320803148856112 0.666445075671602 0.6096014491476147 0.5520032726355595 0.6025811838243924 0.6462502145884067 0.4617032901442648 0.47453356304799144 0.6839655626169231 0.3717477538111688 0.3004028917933793 0.6758002621703011 0.15020037169975436 0.1929090073132454 0.3974388904994701 0.4869876538791255 0.702205838523815 0.26498938038800024 0.3321306790255977 0.9358980481293784 0.5201940255245012 0.4939401163430797 0.6128716816776074 0.5738642640844361 0.8330074188359865 0.18821277494868893 0.9219942187150499 0.49549886015356065 0.5212537264553552 0.648593694769786 0.5271342185349216 0.3836565828196857 0.17931469755377782 0.5809336847123319 0.34424123311487403 0.2981050436316005 0.8430664501302447 0.6174214204359321 0.2040654755522196 0.8508934052858914 0.2246209390450017 0.05333745416195501 
0.20489182976634313 0.6503620456484255 0.46781946242252653 0.4025473690489631 0.2991846904193719 0.6836335829523603 0.23842567615769272 0.39469187988107013 0.35187469126725984 0.5636949276766863 0.47156045655355666 0.5963356716825653 0.7478324688057092 0.2943857325966402 0.2873711587163682 0.5657596768240227 0.6577200160505993 0.49515903852937365 0.43820766976987696 0.6128944416994012 0.9510717476531944 0.8423336501375671 0.32920549308928726 0.7674371818040109 0.5506041853023143 0.7769866070130854 0.37804881069544993 0.4025599406526904 0.571170874364825 0.515137776767782 0.9537557601698221 0.44890376816747213 0.18498128574249612 0.7049581084387402 0.7450944458695103 0.19788108571921675 0.3204444627539004 0.4716700935956707 0.7831651854200505 0.579759972441146 0.8509003105571433 0.1363717358821634 0.5852095072765227 0.3127527373392343 0.5633207147589672 0.6021979100172321 0.3627536162968039 0.43391522254113724 0.340343242408932 0.5199349398364799 0.4833970283781155 0.007870368720411636 0.29948231424792854 0.5903042111122088 0.5258008384250352 0.4358026134270641 0.5998502785394105 0.4110721228933105 0.23548292588623287 0.521798723647583 0.8097839851612427 0.7807764152097911 0.5689796382532128 0.4048362834238167 
0.5138511691322243 0.1450222782869784 0.35645487241746154 0.5867478150784287 0.4022636599839634 0.32248746949307744 0.39469187988107013 0.08460262063373591 0.7142675469303652 0.22825304295957927 0.5843138131730543 0.3579055106973246 0.541208119798716 0.6007688052795928 0.7177992082800665 0.7871540060798237 0.6362149213096562 0.6814779778294936 0.5448263383629974 0.3909724416204611 0.3552453364403965 0.7111633165653672 0.4421740498866868 0.7210250087668488 0.316384255547301 0.7056423309234424 0.5607478613692902 0.8171222092948536 0.5424342547752294 0.7578664946229094 0.2932774784675243 0.7431582664369265 0.48249229077612155 0.6382678099431549 0.9435297196043423 0.6394673688031308 0.7558408246555806 0.7105033837762912 0.7036006907104284 0.41731529196732076 0.8723821473732176 0.6180514978741647 0.4203484351096765 0.31126060719848414 0.9739222192529888 0.40709661346695786 0.4765636609170349 0.27849997291952716 0.7480279173602844 0.1801356763490215 0.15546540232551015 0.34608891412066783 0.09929762458095248 0.21322606567561675 0.47832081447368785 0.5918294845925319 0.8773598394395514 0.22288426257203464 0.15191357795635863 0.4189466396808931 0.17792664615506043 0.8653463939566239 0.48423449001401475 0.12701247397911297 
0.8712456687471044 0.23264186733761527 0.5019604839474963 0.504286546747095 0.5169776735296796 0.4663656324173235 0.35187469126725984 0.7142675469303652 0.7733903442259356 0.4770271046444543 0.6266387570874997 0.7182470764850251 0.5810194414014898 0.6169911277825252 0.22951543269569258 0.7002245521579187 0.3706384941469634 0.5826982419200186 0.536439731098663 0.10499815198307055 0.5459733981612425 0.1167871470719532 0.3541451396195811 0.5049137653659297 0.6193358826738548 0.8000817439513221 0.27797174343198505 0.2774843189039104 0.40364891057805496 0.1810414168417121 0.5371475596080825 0.2397008426706544 0.8788308645358563 0.12939037321370106 0.6216135929002992 0.2742392556578938 0.4396315909589787 0.5458154678406265 0.7992193116325403 0.44696187034329055 0.37786086704133504 0.9009034959974878 0.5117630547703318 0.27286665164643625 0.4375025706442723 0.386169281584309 0.6243232709824333 0.66946024118936 0.2788091378178479 0.2301738059760282 0.5180368145363998 0.31200392395038756 0.1535449405475613 0.5886547641155995 0.48729466804487104 0.4597563614029919 0.27367021346266796 0.6295967150340971 0.4703639706142483 0.6203337546517433 0.3498509625103262 0.3945065724490713 0.3874136874207419 0.6546028190039774 
0.4175706838817485 0.5237402519554926 0.7499409362877902 0.6500067015075841 0.31078333332438746 0.5198517701199873 0.5636949276766863 0.22825304295957927 0.4770271046444543 0.7625656282574659 0.6844645344737876 0.3443462066066881 0.46507982099969036 0.3530435194285674 0.3188781133138135 0.8400114343163239 0.35225515553328896 0.8022908607106819 0.1389406313669715 0.17107985120766506 0.04761093640443759 0.4295053222440667 0.7624392152698038 0.2619097131089225 0.7395425536639277 0.5701348757181375 0.14977938180410322 0.16282707953158804 0.28252616415540416 0.4670760607370372 0.21816593664556871 0.7018257329969935 0.4718806351169804 0.656728100073872 0.5943374362000203 0.7996143610781676 0.4335404890476878 0.2380416139776369 0.45587322030810523 0.6796078027625729 0.403136544784847 0.46402387406180595 0.66972608663074 0.4645520612052998 0.32807960047536694 0.7005930293652534 0.5845339506195518 0.3595381362771625 0.49662574378834734 0.5162156862887366 0.5037856516294661 0.4412054780190385 0.875217493628426 0.5817678873256691 0.8892134422853679 0.7761910182646417 0.5033511569022275 0.7227055972257621 0.894767625054739 0.5499823837583597 0.6403320147046268 0.8261035223119646 0.6046388697009548 0.25935902816611384 
0.3268786281106843 0.914360254009357 0.6958485267974941 0.12064157989568763 0.6246337284114771 0.31719275510939127 0.47156045655355666 0.5843138131730543 0.6266387570874997 0.6844645344737876 0.6172951972467033 0.5999525266691267 0.10809294985695067 0.3534727502063416 0.5882016319343606 0.8201080872938176 0.10763819200159425 0.7496988889920984 0.5249018526000364 0.4901024874329894 0.301769984587517 0.24944651921829458 0.3367632602903735 0.4672083123131546 0.9230409950961572 0.5363239647019131 0.5148933182478941 0.5955103521899809 0.6476836626967954 0.8099178513426772 0.5586793090505114 0.2469298713427493 0.6554525377461151 0.6985279064756482 0.5284286114999577 0.019742313912694487 0.1314662783576117 0.36025792254645855 0.4377927209777174 0.66783989911136 0.8132086713289683 0.33975483144585467 0.623590623730537 0.7248146304620322 0.2503984622990923 0.7793778897711796 0.3753999694253533 0.6185746557115499 0.45105050819296005 0.5395934844399338 0.11440612293146546 0.32695661787313673 0.8137413485231244 0.7254961661270041 0.4254160155388135 0.675588429941637 0.5648454950505684 0.7314708716916088 0.29700207747199064 0.6265144022935705 0.7859605715522604 0.885068199062087 0.5981210720987027 0.11869905997588442 
0.7406432406212755 0.909496407983261 0.6527879451756927 0.5498991343773463 0.43467797039662026 0.7164589874735634 0.5963356716825653 0.3579055106973246 0.7182470764850251 0.3443462066066881 0.5999525266691267 0.6151173566942495 0.17763914901712263 0.25911346597814827 0.7695798583418019 0.8921189977660091 0.49912012525510985 0.5897409577606383 0.5330816529677123 0.7795107686745326 0.24957011405472063 0.6400586829277688 0.5219665347737992 0.6935316206784489 0.4766799126507407 0.6093494417466052 0.40701598170843967 0.5490952253028265 0.4818044592697337 0.37672462513519184 0.8820051343307231 0.6045620419070558 0.7192695090090657 0.36365803225395543 0.7894119401192423 0.7605010920326369 0.48699398588791243 0.6052193404083828 0.7816243302584734 0.4600158266655473 0.3633759393263478 0.43267465235254027 0.7182799589280336 0.6315906945985025 0.4775004348421745 0.6465367557021904 0.3384902537399892 0.2416761784489891 0.18772512919398593 0.5730109675372155 0.7528173666868339 0.6186339711743745 0.34135716131118266 0.3015297320936061 0.546645353059475 0.4245041614525293 0.31319300170143666 0.6149817707588883 0.7507622264491919 0.21860176489003658 0.37086542152134566 0.5636060937709804 0.6192228495494809 0.416956447945191 
0.3575767949639503 0.47062260514930926 0.611435321855951 0.6883873401143932 0.41064940750623385 0.33824562265978536 0.7478324688057092 0.541208119798716 0.5810194414014898 0.46507982099969036 0.10809294985695067 0.17763914901712263 0.38591246986815986 0.8110963024360032 0.50469314917911 0.6461524556015279 0.4415365299586219 0.34616799355951794 0.9028210214780492 0.7378509691730875 0.1391598212524055 0.4557694823024197 0.652204798459131 0.14364597699054554 0.7483786562980552 0.3037884317893464 0.4653387698864146 0.7047489025664613 0.5424885743315135 0.3111834632231611 0.48177491493320673 0.46215704906237315 0.5822194306042419 0.932263194936497 0.34266743415712425 0.33768145078323253 0.39995321901445974 0.5789913681605798 0.5191902772879304 0.23557778994368977 0.36024875637278037 0.27303892311817024 0.7071401381225689 0.9772366545516804 0.41188606949418693 0.7362684253378831 0.9149929009271434 0.7738754302858126 0.45419381394213126 0.7358524937752076 0.2554873710843539 0.44724330511702515 0.3464992092278232 0.8684406314749229 0.19483658825732186 0.4158265595753898 0.6314686378275957 0.5651760480861328 0.6984260594334575 0.33075678796029073 0.4544063586046712 0.3846983004968459 0.17463245898707708 0.5582908756470186 
0.7427472346357571 0.7355463283636035 0.42543002240773076 0.3097281990751439 0.7452612155191776 0.716870595154743 0.2943857325966402 0.6007688052795928 0.6169911277825252 0.3530435194285674 0.3534727502063416 0.25911346597814827 0.8110963024360032 0.33729748275262117 0.34383187293066847 0.756883531217379 0.5766537173155393 0.5068375099451399 0.5445986508535516 0.13552395017806956 0.5740726039260491 0.7011550946069401 0.7313471572601824 0.6019286557164089 0.4987755488581892 0.6898032168750488 0.1099536163533113 0.4933904414625039 0.7278640226922377 0.6962835681501187 0.2681602186322418 0.47803064258292627 0.3849341374285666 0.5665184953267602 0.7599252395638059 0.5084441866293956 0.18683749425349117 0.3560714325453219 0.5930067103242677 0.5790932667700397 0.5614684955437772 0.47824650334894503 0.7423708129529609 0.38447451642960917 0.048146375372508654 0.014558870565525905 0.276895437769373 0.14495337330284036 0.3427707375103275 0.44130782506169625 0.09618790821147127 0.7008693659785097 0.4109883122349509 0.43893529142031873 0.7603138443695778 0.5899491617074155 0.1294630909453356 0.27182294065828205 0.43185472476563574 0.6850612126682585 0.7509426266322328 0.6577144788648976 0.16382555507536312 0.30115224815944547 
0.5352802991914318 0.19600842491328963 0.6150420977162789 0.5619676147192816 0.3615887056561491 0.6082747806673983 0.2873711587163682 0.7177992082800665 0.22951543269569258 0.3188781133138135 0.5882016319343606 0.7695798583418019 0.50469314917911 0.34383187293066847 0.015599317785569 0.7101523296945706 0.9832358694115944 0.7829743711277299 0.3195120747886945 0.46140429496695406 0.6253481255358403 0.5249574061076658 0.8206792960705287 0.43942941760043414 0.3955136160664419 0.5079599477374961 0.5205529655448256 0.5401950791621397 0.7744487539561894 0.6052043628076189 0.6741351013440803 0.21437503843632982 0.8382638833114625 0.446680732478439 0.8873596464572706 0.4812409980975973 0.29290945320404077 0.20600115558978493 0.6666759517095426 0.5792695979660022 0.4371891310569724 0.8433821266017102 0.6113187819761946 0.4945182093771864 0.255978516936735 0.5838022075712643 0.6108412733479809 0.7880034863268448 0.4174048911394485 0.17265483964209044 0.33431636749097254 0.5289184429526428 0.5672725923589107 0.17328900449571116 0.5985955329340358 0.4645325728059389 0.47802939169730957 0.2052398401892988 0.7852803149076688 0.7036517949633204 0.42571357915219266 0.13732125451429894 0.2943077060952483 0.2967778179090721 
0.3866291034368057 0.5551603642853432 0.6718570879383514 0.5945388036200365 0.6327088319834562 0.43337060538232197 0.5657596768240227 0.7871540060798237 0.7002245521579187 0.8400114343163239 0.8201080872938176 0.8921189977660091 0.6461524556015279 0.756883531217379 0.7101523296945706 0.2497375343007645 0.7145411581226829 0.43395344533339636 0.27066747414010883 0.4666727650369988 0.0815722705073722 0.16907498560857548 0.6500728800434269 0.16498589202279668 0.569107391725445 0.47891477763955975 0.13900611876312058 0.6579510156551029 0.6485820087754183 0.732744282130322 0.8044297747966054 0.7497343233705249 0.2988860633846792 0.5568508203882055 0.5610240654674743 0.6349217876617703 0.8091046824222681 0.8095699788328865 0.7924355196213219 0.4429295965298959 0.2687229237263218 0.44869830897531837 0.44756268045288083 0.7181222088933493 0.374288583341151 0.40871964906818514 0.7813489398785316 0.6306871148146342 0.18947070537780913 0.5769951400864348 0.2416063166175204 0.5340894487375177 0.9399328206721744 0.8359704584451633 0.3016931915065655 0.44554167156521673 0.358819567276175 0.06281501688134 0.0794537756130968 0.34577609210474114 0.4143115649437752 0.42748945121017984 0.686425001383797 0.41372289458752576 
0.186469509945754 0.7320975385510318 0.5325321772832273 0.5121950656619274 0.7162960577576927 0.7556915267666754 0.6577200160505993 0.6362149213096562 0.3706384941469634 0.35225515553328896 0.10763819200159425 0.49912012525510985 0.4415365299586219 0.5766537173155393 0.9832358694115944 0.7145411581226829 0.32367191613531165 0.42141056821934114 0.7193495759129401 0.5675149273529883 0.18574908985649569 0.7192158823963555 0.7956055710580405 0.706772331433603 0.3206239205444587 0.3905897774352472 0.3470207853198084 0.6804811980359243 0.590732280882601 0.3598427523741097 0.620190526186374 0.7818308104735441 0.12643456044159723 0.688855182205192 0.2995459045264763 0.5953668756997129 0.39301081490679124 0.22036750958505757 0.7512558291245668 0.12197343663380517 0.22084015846707739 0.49115444428828564 0.33781376652845424 0.16300682778046283 0.3214928543739575 0.7838681344681655 0.6217377692199968 0.3826873224678413 0.48609290778946984 0.5899860756262068 0.40294629116841657 0.43798703015454526 0.7512885706443957 0.8939375082985396 0.3489369440197746 0.6119768422654661 0.2473372196888159 0.6101193806336447 0.2901247755662356 0.9433849393758522 0.1951520680468426 0.7137531308785945 0.3272740745421294 0.36710612815095817 
0.7416452324375741 0.3464865075072161 0.21927666591424905 0.737337617821733 0.6689755668968564 0.5488010318971122 0.49515903852937365 0.6814779778294936 0.5826982419200186 0.8022908607106819 0.7496988889920984 0.5897409577606383 0.34616799355951794 0.5068375099451399 0.7829743711277299 0.43395344533339636 0.42141056821934114 0.2467944131223675 0.7585895631034583 0.30971159662868947 0.5582874150337491 0.39069257592392603 0.38401560587583283 0.5637771558417289 0.7008707240075611 0.5801582791034521 0.17700291043396166 0.47580637465922504 0.19619529751470677 0.42526847627437625 0.3752452176713547 0.5119637933733582 0.532405658971643 0.5336026837751504 0.5282561066024825 0.49032722921941935 0.2895107895639993 0.3109955471408483 0.7396584480935119 0.6208887197037399 0.8908605263015661 0.7598043307929253 0.9476405696577139 0.13208247112400107 0.45205390967791964 0.6417889879837742 0.26516686061526296 0.2690928780964473 0.47468822221525186 0.14107979277033006 0.6578406836936226 0.8196441667317407 0.6067622310566894 0.24496643771288434 0.48884566487319686 0.7330735329013316 0.5776915093464552 0.582328455552635 0.3206694490015893 0.5930934204811507 0.09790830280517793 0.6953354661402713 0.19555652739604373 0.6656595707138808 
0.4203202992373221 0.12086523486571182 0.549846836615115 0.7600263840981567 0.6956958151914456 0.5388248744218076 0.43820766976987696 0.5448263383629974 0.536439731098663 0.1389406313669715 0.5249018526000364 0.5330816529677123 0.9028210214780492 0.5445986508535516 0.3195120747886945 0.27066747414010883 0.7193495759129401 0.7585895631034583 0.38128880644123 0.8725467003425629 0.6327231580197513 0.36479272827568 0.8460720404871112 0.9411954835934728 0.7170872193551787 0.4463516070283908 0.17912460738001718 0.5123386034976327 0.0718806090698863 0.7891700840865052 0.6569842574137175 0.7172676671525107 0.5125241413461884 0.5417241808186412 0.5260733811580875 0.45034624820241376 0.3833893272457311 0.5421692929176399 0.5027223467836918 0.09594181891298165 0.4227126491054509 0.9407049155828546 0.3467282874255972 0.44979041317553625 0.6025130252662949 0.41262295725466264 0.3567369304794963 0.5613681344086044 0.5443087769904287 0.6047757396773459 0.5536828424049363 0.4434879921973343 0.19727442411340812 0.3199174994951112 0.5986876473198062 0.06978154847938678 0.6578575651856604 0.4670974800016671 0.23793632472801496 0.2097710758577096 0.7009253969568165 0.43445652109425864 0.675270293416607 0.7374668072463599 
0.6611766479589035 0.4072244901785319 0.29428762915366036 0.8328789917754942 0.488568159693849 0.09895950782078877 0.6128944416994012 0.3909724416204611 0.10499815198307055 0.17107985120766506 0.4901024874329894 0.7795107686745326 0.7378509691730875 0.13552395017806956 0.46140429496695406 0.4666727650369988 0.5675149273529883 0.30971159662868947 0.8725467003425629 0.46652743285094656 0.8620632385680743 0.5703272974897027 0.6132732803369597 0.3756335437806479 0.5347992487679063 0.5870454798009551 0.7321896102450114 0.3876997837845904 0.22296823982675174 0.5481645839248314 0.6368504152977197 0.8033553357618484 0.3525574892553984 0.43865361375279704 0.716165458582525 0.9010217695927272 0.7995599287197155 0.8986829147104866 0.4762335158982096 0.6318942790134073 0.398257788578843 0.4769649992854308 0.4005967302967463 0.4978029256982629 0.09188647402269223 0.35293536425500466 0.2076519625604527 0.8130030458926315 0.5007416789510131 0.07616714688455545 0.8550266311424115 0.5473247887307162 0.4995587945164 0.30521577652141496 0.5137731977976647 0.6850979792981313 0.721913251271648 0.3319296747845225 0.46677801207099934 0.3501527899672597 0.10417748888551559 0.5658223980798622 0.5236861570345559 0.5786043845681405 
0.6447587663651348 0.21376164948202436 0.10621893429143325 0.7772464996609811 0.6346929336463605 0.6643086090733284 0.9510717476531944 0.3552453364403965 0.5459733981612425 0.04761093640443759 0.301769984587517 0.24957011405472063 0.1391598212524055 0.5740726039260491 0.6253481255358403 0.0815722705073722 0.18574908985649569 0.5582874150337491 0.6327231580197513 0.8620632385680743 0.5894851388020572 0.5750127310523583 0.35894824135343123 0.5711292511739738 0.27480367140556083 0.6995282040663566 0.3862289272966168 0.47942760069049184 0.2486806741641448 0.31264591479147086 0.5001188051137999 0.6984791315499621 0.6232970047426483 0.7863019584022847 0.5608574228815961 0.6983029858600243 0.2768235985557543 0.573920087750492 0.21384677658183604 0.8138439991322054 0.6265737871892891 0.632120130370371 0.3275979638738433 0.6128633374819583 0.12944141839777995 0.5953305147399265 0.4707387360479877 0.643669685887793 0.8042032166255468 0.5278199550184304 0.6598512167514737 0.6199383923800268 0.31850450735335856 0.1220059663346944 0.40894627787506876 0.27456680319951254 0.5482910635861191 0.39099193780796765 0.21245982299777516 0.4200272753945421 0.06242257593449613 0.37450179133426137 0.2415676879679008 0.7654156257232237 
0.5102480846064343 0.6437190950519238 0.5915180838944147 0.21649567364278854 0.38115671578293475 0.3516011456260195 0.8423336501375671 0.7111633165653672 0.1167871470719532 0.4295053222440667 0.24944651921829458 0.6400586829277688 0.4557694823024197 0.7011550946069401 0.5249574061076658 0.16907498560857548 0.7192158823963555 0.39069257592392603 0.36479272827568 0.5703272974897027 0.5750127310523583 0.2795294687355676 0.35873215364614425 0.3175623584674158 0.7013563251996169 0.29868508002237576 0.3687595312299661 0.16059645473434497 0.937491710236968 0.29291089630287936 0.32037901434767285 0.2554491608784618 0.06244337652419418 0.2191207884025535 0.31344497057541965 0.6279168820769057 0.5951536482273624 0.7919265626750231 0.6441594751678856 0.5360294151352801 0.1482787981685576 0.9262890448695533 0.6994299137555424 0.30364993381995126 0.5553301745001524 0.35005291581048603 0.6975684926638479 0.2373075722471355 0.2769389282691204 0.398122222030248 0.5486982451399083 0.7543719033599356 0.38185071679480376 0.3634524721727452 0.5279357199828305 0.35079197093982456 0.5003835289784483 0.5112246496709699 0.6601953420053853 0.7482165647033199 0.6674333177331639 0.10641154037400541 0.8916690815356878 0.7312027290922007 
0.6422860643914408 0.29341256048722625 0.6012594840325582 0.6601944474974245 0.6671389526053164 0.5320803148856112 0.32920549308928726 0.4421740498866868 0.3541451396195811 0.7624392152698038 0.3367632602903735 0.5219665347737992 0.652204798459131 0.7313471572601824 0.8206792960705287 0.6500728800434269 0.7956055710580405 0.38401560587583283 0.8460720404871112 0.6132732803369597 0.35894824135343123 0.35873215364614425 0.7154884792454438 0.4174035761355842 0.31504412081872296 0.6983559063087625 0.5907905138172216 0.23605684045302544 0.33445794495337394 0.3766256125173456 0.7922178539854559 0.36495583062091186 0.38515744190487144 0.8463565708541719 0.5456423911980184 0.2952885593219774 0.7968677733972246 0.6001034946179122 0.418275918255839 0.15105567675485876 0.386030989628648 0.4658901741869535 0.3128784085786899 0.3954437295478948 0.3829781561518945 0.42629595012659266 0.522596674747835 0.5196586415064299 0.41998936281861776 0.4600916229716859 0.6582923866307612 0.7203917163119492 0.5755791602364306 0.8013809570520456 0.30579096702849673 0.48724133710801515 0.6436850217230184 0.21927947829103622 0.2924510690171245 0.7112931623301185 0.483078597684897 0.5045683937981237 0.6814908715007006 0.6145966856040403 
0.24315339731641428 0.4994712390870977 0.42223877148147526 0.4882779208431528 0.3985609772295857 0.666445075671602 0.7674371818040109 0.7210250087668488 0.5049137653659297 0.2619097131089225 0.4672083123131546 0.6935316206784489 0.14364597699054554 0.6019286557164089 0.43942941760043414 0.16498589202279668 0.706772331433603 0.5637771558417289 0.9411954835934728 0.3756335437806479 0.5711292511739738 0.3175623584674158 0.4174035761355842 0.05585284851330985 0.17820775449674914 0.6283956055119264 0.46763473285937524 0.6204237984145431 0.30416486913538526 0.6091526482158189 0.5846717928513463 0.32195855346902125 0.2181803986460757 0.3464187596724271 0.6987160674600082 0.769944163955548 0.14974988172998704 0.5813807245775356 0.7369469284689288 0.46007681799191974 0.3962327785304399 0.6348344608983897 0.4506717715678719 0.5735142066083754 0.6470124908674906 0.5811169552645961 0.2768526081910111 0.5711210643762765 0.6277118216962669 0.4492633816523164 0.14934923541234146 0.5475326546899186 0.1554866554809476 0.42022945667060946 0.3378512120832066 0.40437597727503993 0.5061124724887617 0.4677537761103772 0.8357840439298097 0.5374594685129188 0.7304343842414434 0.5174046167875463 0.6730515868016808 0.5235715917033376 
0.3212251528606801 0.7937274886052558 0.5444415316506482 0.4955655055333568 0.3412491565637233 0.6096014491476147 0.5506041853023143 0.316384255547301 0.6193358826738548 0.7395425536639277 0.9230409950961572 0.4766799126507407 0.7483786562980552 0.4987755488581892 0.3955136160664419 0.569107391725445 0.3206239205444587 0.7008707240075611 0.7170872193551787 0.5347992487679063 0.27480367140556083 0.7013563251996169 0.31504412081872296 0.17820775449674914 0.8030485812487735 0.30585148108719573 0.4275158996777439 0.4274563669176148 0.7373271824109894 0.23308325324660262 0.7011145945500747 0.6524911251997153 0.6736089896253733 0.5313577184576678 0.3334813242870933 0.4325694694482812 0.6331909306641671 0.7930169216811902 0.7721102023385114 0.6584326705126753 0.6819927600287587 0.21082200798221884 0.6306418474776614 0.5966126122531661 0.252727839570319 0.7551358467763922 0.28855225055957145 0.6403595592831903 0.6313091055295982 0.7370342229087885 0.5840751877480093 0.2060427447455519 0.5086761033463704 0.3033439084627834 0.5120148820027002 0.25436941054954815 0.8041899673958992 0.23383728525386815 0.7528305330205306 0.36003985881498163 0.09358210000309286 0.6934960063312872 0.7949108269171865 0.598493651406431 
0.6201915624199578 0.3552165904457339 0.27256077013500485 0.6054206521328364 0.7440367527121878 0.5520032726355595 0.7769866070130854 0.7056423309234424 0.8000817439513221 0.5701348757181375 0.5363239647019131 0.6093494417466052 0.3037884317893464 0.6898032168750488 0.5079599477374961 0.47891477763955975 0.3905897774352472 0.5801582791034521 0.4463516070283908 0.5870454798009551 0.6995282040663566 0.29868508002237576 0.6983559063087625 0.6283956055119264 0.30585148108719573 0.07736005720285688 0.4799365180052582 0.47885797194082486 0.4238450601165135 0.6109433137175664 0.22182172945051576 0.4778419303685055 0.5921138644763452 0.5878365681346911 0.6954449340716109 0.6402160379449806 0.6199230087465687 0.43869356225801204 0.28406933502040077 0.3612213808100859 0.49565486550399207 0.6285401540328652 0.4165250459465895 0.6712199604827954 0.471854651667528 0.27668034154120696 0.130020301680634 0.39458881493450326 0.8233694109172238 0.6774173824984033 0.40859634929134864 0.33367847911508025 0.197174144969665 0.8158616692564777 0.5070977398550269 0.41211220033152435 0.4122217059888442 0.6365393423172727 0.6666235148384381 0.45102441059988013 0.7285007335272125 0.7162444034690787 0.4213322440064028 0.24327921111799883 
0.2890601352236152 0.14967368733207476 0.4633326721658351 0.16668184774223116 0.846907801697472 0.6025811838243924 0.37804881069544993 0.5607478613692902 0.27797174343198505 0.14977938180410322 0.5148933182478941 0.40701598170843967 0.4653387698864146 0.1099536163533113 0.5205529655448256 0.13900611876312058 0.3470207853198084 0.17700291043396166 0.17912460738001718 0.7321896102450114 0.3862289272966168 0.3687595312299661 0.5907905138172216 0.46763473285937524 0.4275158996777439 0.4799365180052582 0.2632357208993511 0.46995769066558934 0.5513507283767491 0.9230779272121401 0.5351545666182896 0.7615159437438472 0.471066228171486 0.2438316114394895 0.3622711277481925 0.47577785693993335 0.5903658632447972 0.7860799973637592 0.4000238992432425 0.7655769345796924 0.4832642665997995 0.6508300456736575 0.9032538906252392 0.5413198620367279 0.3699246172226684 0.2975069521167291 0.13155339784403786 0.6605600302565855 0.9133499712652591 0.657688854372749 0.5949938344052221 0.3530151465249535 0.2118331378340969 0.4085634451242684 0.9681384754115925 0.15119103299155712 0.3142196178082379 0.14712014818427305 0.6509447757605118 0.656812832855515 0.7422684022138699 0.27910515570398675 0.5024502341099081 0.6215158311683211 
0.26566227473986875 0.48705316422221584 0.7469103172632447 0.35354438156764917 0.7277540888394354 0.6462502145884067 0.4025599406526904 0.8171222092948536 0.2774843189039104 0.16282707953158804 0.5955103521899809 0.5490952253028265 0.7047489025664613 0.4933904414625039 0.5401950791621397 0.6579510156551029 0.6804811980359243 0.47580637465922504 0.5123386034976327 0.3876997837845904 0.47942760069049184 0.16059645473434497 0.23605684045302544 0.6204237984145431 0.4274563669176148 0.47885797194082486 0.46995769066558934 0.00341083789326746 0.3071606644327486 0.5214398498375601 0.2102608593549513 0.560003318373758 0.6811200165646021 0.8244641001550106 0.051511713614732 0.2742061033450264 0.46374281873501416 0.5652548017050374 0.681192552201261 0.37131717469856285 0.6765756234079513 0.29429891134112324 0.7428728486332521 0.4960730525022307 0.7889707646809576 0.8019030569841039 0.4297330322490089 0.31155754569339805 0.32474989055659037 0.20085886017612153 0.7463176858667335 0.5712825478147466 0.27403523457535767 0.7217922274118378 0.36947049403031024 0.5992752349143406 0.4311316426218559 0.4426106982451059 0.5726943054401472 0.7418576582007088 0.23726381241961592 0.5358452722228 0.6278118767471179 0.8681265590992153 
0.45435742846519034 0.5732193022114562 0.7260896224498741 0.3396002740615886 0.5771924625054479 0.4617032901442648 0.571170874364825 0.5424342547752294 0.40364891057805496 0.28252616415540416 0.6476836626967954 0.4818044592697337 0.5424885743315135 0.7278640226922377 0.7744487539561894 0.6485820087754183 0.590732280882601 0.19619529751470677 0.0718806090698863 0.22296823982675174 0.2486806741641448 0.937491710236968 0.33445794495337394 0.30416486913538526 0.7373271824109894 0.4238450601165135 0.5513507283767491 0.3071606644327486 0.39367132398288485 0.49898539760545413 0.7271104322965429 0.6240434184133085 0.40395970756585714 0.45262134883704164 0.3369231732809248 0.5986912050175373 0.4379196075620092 0.26523212293392673 0.4928587685111315 0.7276178770339385 0.4178234918521669 0.6568199773593569 0.5109803614964834 0.42607952491060985 0.5143394115436326 0.7215452356939422 0.4112137746431764 0.4944951092326241 0.949416838202811 0.49784278970859935 0.3635691113670843 0.4173934168416872 0.8251108584499689 0.1467009510834721 0.34520852286754233 0.05906846319467529 0.5886534585067127 0.6422697667160704 0.3779688560996759 0.483073650546814 0.6292352887161606 0.8681899433043542 0.2812251632403908 0.7263348626797949 
0.5651471872477534 0.2524677070885141 0.10168159905002672 0.6059581078753906 0.5992560280214903 0.47453356304799144 0.515137776767782 0.7578664946229094 0.1810414168417121 0.4670760607370372 0.8099178513426772 0.37672462513519184 0.3111834632231611 0.6962835681501187 0.6052043628076189 0.732744282130322 0.3598427523741097 0.42526847627437625 0.7891700840865052 0.5481645839248314 0.31264591479147086 0.29291089630287936 0.3766256125173456 0.6091526482158189 0.23308325324660262 0.6109433137175664 0.9230779272121401 0.5214398498375601 0.49898539760545413 0.5369152664200235 0.3535191080347762 0.6837226772441509 0.4759417715304674 0.47257961893570843 0.8983176552881224 0.6284328410265458 0.5670110483354371 0.5534787032326547 0.6488660831888573 0.20914851067002171 0.8507954888332143 0.30916285987421255 0.39096488376227795 0.3241793698701646 0.723764841747087 0.6530780312425787 0.24720111217766627 0.5470877388317952 0.3021714345191174 0.5448198176924601 0.738025213731668 0.31097897227842863 0.1295572459699812 0.2745625171264473 0.7876852976550588 0.1881566395688185 0.7983904810582783 0.3455884904330342 0.33952260541576673 0.5405189978138493 0.49045749307292347 0.7717585266849232 0.4473191316115099 0.858534139295827 
0.7058806506840414 0.6742236967567565 0.31867961413489604 0.36880499553315993 0.778082900599341 0.6839655626169231 0.9537557601698221 0.2932774784675243 0.5371475596080825 0.21816593664556871 0.5586793090505114 0.8820051343307231 0.48177491493320673 0.2681602186322418 0.6741351013440803 0.8044297747966054 0.620190526186374 0.3752452176713547 0.6569842574137175 0.6368504152977197 0.5001188051137999 0.32037901434767285 0.7922178539854559 0.5846717928513463 0.7011145945500747 0.22182172945051576 0.5351545666182896 0.2102608593549513 0.7271104322965429 0.3535191080347762 0.9694995262140803 0.09065529703344472 0.44113315473404213 0.7877613189114826 0.591725022677626 0.3555800333337185 0.4781735618985106 0.43912094810168395 0.4079553822550583 0.45208788078935463 0.8339980433786198 0.38133746788828815 0.6209321754222971 0.4285873181869935 0.8220578235951561 0.3785378590335325 0.21498578359830595 0.5492761961288535 0.1509023238335785 0.23966727967429202 0.6792915671092232 0.49528573959853356 0.2570242927895559 0.32448739481793293 0.5412644719906168 0.32822056580389136 0.5371733090446473 0.6194274438952341 0.1901497260968189 0.5971031695511074 0.44021126611409445 0.6687981789892234 0.6004942211508175 0.15866415902104797 
0.5205720657099586 0.7174108658751481 0.5936732752466232 0.5780413023553888 0.21758441807018436 0.3717477538111688 0.44890376816747213 0.7431582664369265 0.2397008426706544 0.7018257329969935 0.2469298713427493 0.6045620419070558 0.46215704906237315 0.47803064258292627 0.21437503843632982 0.7497343233705249 0.7818308104735441 0.5119637933733582 0.7172676671525107 0.8033553357618484 0.6984791315499621 0.2554491608784618 0.36495583062091186 0.32195855346902125 0.6524911251997153 0.4778419303685055 0.7615159437438472 0.560003318373758 0.6240434184133085 0.6837226772441509 0.09065529703344472 0.7767691438952679 0.32225143157069225 0.4770129452815152 0.36550267715580237 0.378909665533579 0.4801559047180385 0.12440516654638945 0.4479548066769602 0.514566997162346 0.740365682827304 0.5584660984644823 0.4537603284620303 0.5378662754728182 0.4756028225456919 0.911098246165325 0.8888460938173315 0.42382535833110174 0.4438326369750278 0.2501218546933525 0.4183486497090892 0.8434481030883894 0.324557497085747 0.6483425618350155 0.40043366852507467 0.823905135201269 0.4230301428725581 0.7334415401107055 0.20547089842810629 0.6084099082244099 0.191805090678012 0.29259065192981826 0.7685431679376368 0.5409246015931672 
0.6281408905252017 0.08943926894934201 0.3700877591400255 0.7167664773373543 0.12178500278092452 0.3004028917933793 0.18498128574249612 0.48249229077612155 0.8788308645358563 0.4718806351169804 0.6554525377461151 0.7192695090090657 0.5822194306042419 0.3849341374285666 0.8382638833114625 0.2988860633846792 0.12643456044159723 0.532405658971643 0.5125241413461884 0.3525574892553984 0.6232970047426483 0.06244337652419418 0.38515744190487144 0.2181803986460757 0.6736089896253733 0.5921138644763452 0.471066228171486 0.6811200165646021 0.40395970756585714 0.4759417715304674 0.44113315473404213 0.32225143157069225 0.050475833782547164 0.46450436057933314 0.5613579427302886 0.6120642004185264 0.5012376504875011 0.4866968951316627 0.3003672763388981 0.39813279531351764 0.25706466256572325 0.4923022464108056 0.8532543630996194 0.32058119686160136 0.2126615040028163 0.6813803078121232 0.4811546328135254 0.7931438815709119 0.5929183080970327 0.6150062462051751 0.34849139016371816 0.4038569404594507 0.35413702772101796 0.06689911023944672 0.4604799388303966 0.5305973375183807 0.6625896718610829 0.390591213591423 0.5296371584003927 0.25436950350479204 0.3542550629358588 0.8505803722310876 0.4708361782238685 0.5245426231080128 
0.2545683531798335 0.6608730770736841 0.6004862704935734 0.7115166732193783 0.4389661674172072 0.6758002621703011 0.7049581084387402 0.6382678099431549 0.12939037321370106 0.656728100073872 0.6985279064756482 0.36365803225395543 0.932263194936497 0.5665184953267602 0.446680732478439 0.5568508203882055 0.688855182205192 0.5336026837751504 0.5417241808186412 0.43865361375279704 0.7863019584022847 0.2191207884025535 0.8463565708541719 0.3464187596724271 0.5313577184576678 0.5878365681346911 0.2438316114394895 0.8244641001550106 0.45262134883704164 0.47257961893570843 0.7877613189114826 0.4770129452815152 0.46450436057933314 0.6621511204124234 0.39996189755703926 0.4168084701921811 0.3703284313130519 0.22926974130189115 0.6564179757997329 0.5946679518074042 0.5724141279194237 0.6749145919014398 0.6909077108745163 0.3848032169336094 0.21772215344808638 0.30554200882322685 0.49033449872509305 0.713271006485751 0.47245491840144815 0.22334125734759813 0.29991072021071485 0.6872653618554101 0.4557804991744819 0.8072228317488052 0.6665387861269145 0.9569488581937741 0.2894628011724983 0.4680431542691406 0.5799702850875454 0.05253942433678316 0.6861361961803816 0.8532167016239449 0.80588439973341 0.5281046779034262 
0.439121899167925 0.4740825729016155 0.574519800586355 0.7315051558089507 0.5504732610744492 0.15020037169975436 0.7450944458695103 0.9435297196043423 0.6216135929002992 0.5943374362000203 0.5284286114999577 0.7894119401192423 0.34266743415712425 0.7599252395638059 0.8873596464572706 0.5610240654674743 0.2995459045264763 0.5282561066024825 0.5260733811580875 0.716165458582525 0.5608574228815961 0.31344497057541965 0.5456423911980184 0.6987160674600082 0.3334813242870933 0.6954449340716109 0.3622711277481925 0.051511713614732 0.3369231732809248 0.8983176552881224 0.591725022677626 0.36550267715580237 0.5613579427302886 0.39996189755703926 0.1590600630666128 0.34887070935603764 0.639277793146088 0.8087399550337033 0.39726835288734197 0.4795219179613429 0.26431864833894353 0.3150518456540508 0.38080068532845035 0.6817685361157141 0.7367258326361219 0.5262102444884023 0.41780506511378823 0.5401791793367621 0.28887729116388744 0.48403336720495316 0.7721569923660314 0.6840458273916946 0.5113078774501338 0.581075783439412 0.46501640338107203 0.5172260156239636 0.3190771888115142 0.5310182125464114 0.44830964028650155 0.42920615562665615 0.194362562619588 0.5888114494521917 0.24534292681665054 0.6650511996671957 
0.7080005605016914 0.7114431539356065 0.5953770454463273 0.6553743874508158 0.6542404595048297 0.1929090073132454 0.19788108571921675 0.6394673688031308 0.2742392556578938 0.7996143610781676 0.019742313912694487 0.7605010920326369 0.33768145078323253 0.5084441866293956 0.4812409980975973 0.6349217876617703 0.5953668756997129 0.49032722921941935 0.45034624820241376 0.9010217695927272 0.6983029858600243 0.6279168820769057 0.2952885593219774 0.769944163955548 0.4325694694482812 0.6402160379449806 0.47577785693993335 0.2742061033450264 0.5986912050175373 0.6284328410265458 0.3555800333337185 0.378909665533579 0.6120642004185264 0.4168084701921811 0.34887070935603764 0.45215483605715034 0.4532990106102385 0.5058340126329552 0.3923828833579691 0.6744765383122038 0.6793184855593394 0.43696028334098763 0.3358510129846675 0.25103856983228273 0.4622267962449514 0.7812737625027566 0.17788480243303328 0.213927192258124 0.4580093044754628 0.24959227090788055 0.6851674104603538 0.4984114445318425 0.6140982989087698 0.653531117058779 0.5704862699067491 0.5464223405864688 0.7587919618832268 0.39066266883484185 0.21109807340957498 0.791716908332396 0.37365426356755943 0.5393813304280384 0.21469324398537643 0.6416802868095635 
0.045620933917758566 0.2564173627062463 0.3545243247542741 0.6234362906841573 0.6071716247142255 0.3974388904994701 0.3204444627539004 0.7558408246555806 0.4396315909589787 0.4335404890476878 0.1314662783576117 0.48699398588791243 0.39995321901445974 0.18683749425349117 0.29290945320404077 0.8091046824222681 0.39301081490679124 0.2895107895639993 0.3833893272457311 0.7995599287197155 0.2768235985557543 0.5951536482273624 0.7968677733972246 0.14974988172998704 0.6331909306641671 0.6199230087465687 0.5903658632447972 0.46374281873501416 0.4379196075620092 0.5670110483354371 0.4781735618985106 0.4801559047180385 0.5012376504875011 0.3703284313130519 0.639277793146088 0.4532990106102385 0.05790307767863179 0.5715105051809865 0.44189162090509554 0.43141774286056805 0.37776620363546304 0.34724619655359074 0.6113309302156211 0.23359867086446728 0.17411589107631337 0.33421945596522357 0.6176644362000459 0.295792671030355 0.419616149419936 0.3788845072301357 0.3397749898241127 0.30508670425105794 0.5067239151252223 0.2927778167267271 0.2005738834420236 0.8084627833682303 0.4164685841100733 0.27197619011689883 0.2465485580727237 0.23557272930526207 0.23284715501047676 0.6897592849214702 0.6345028952283799 0.4695354687035122 
0.42022566785916154 0.36744268420553855 0.30291890470571203 0.29677370434396366 0.30636207339898835 0.4869876538791255 0.4716700935956707 0.7105033837762912 0.5458154678406265 0.2380416139776369 0.36025792254645855 0.6052193404083828 0.5789913681605798 0.3560714325453219 0.20600115558978493 0.8095699788328865 0.22036750958505757 0.3109955471408483 0.5421692929176399 0.8986829147104866 0.573920087750492 0.7919265626750231 0.6001034946179122 0.5813807245775356 0.7930169216811902 0.43869356225801204 0.7860799973637592 0.5652548017050374 0.26523212293392673 0.5534787032326547 0.43912094810168395 0.12440516654638945 0.4866968951316627 0.22926974130189115 0.8087399550337033 0.5058340126329552 0.5715105051809865 0.26581051198306294 0.49650214542322607 0.09594125200814624 0.586159815263471 0.31177333628447484 0.5943832314648456 0.2164014247158743 0.11900717849695147 0.3484548371714672 0.5003147804947625 0.9578620586257702 0.4305338256845222 0.5286997738573058 0.16083251190324188 0.4675265975735792 0.4352889182811073 0.6031653908477381 0.28702401508146713 0.151552150022705 0.4531748463721027 0.36989573670808035 0.4973076771382741 0.21449054638715348 0.7497001916595643 0.337804243896213 0.3553429163485668 0.9779812502264531 
0.3313464011011835 0.570792222317297 0.8497168785626114 0.40723805049450873 0.7768537573914432 0.702205838523815 0.7831651854200505 0.7036006907104284 0.7992193116325403 0.45587322030810523 0.4377927209777174 0.7816243302584734 0.5191902772879304 0.5930067103242677 0.6666759517095426 0.7924355196213219 0.7512558291245668 0.7396584480935119 0.5027223467836918 0.4762335158982096 0.21384677658183604 0.6441594751678856 0.418275918255839 0.7369469284689288 0.7721102023385114 0.28406933502040077 0.4000238992432425 0.681192552201261 0.4928587685111315 0.6488660831888573 0.4079553822550583 0.4479548066769602 0.3003672763388981 0.6564179757997329 0.39726835288734197 0.3923828833579691 0.44189162090509554 0.49650214542322607 0.4226772786036791 0.859101565034297 0.5393288521532018 0.5515198067915161 0.4262796905611351 0.2076859687306929 0.7876562368551684 0.11891559903359605 0.2392718599817551 0.5142318919183209 0.5349568830032538 0.13742089308449973 0.5175955659983749 0.6982756085433153 0.41605112210497125 0.6075251558931603 0.5732931225829299 0.5086577121341431 0.5242603661158167 0.5957693662809198 0.5545168462820875 0.3341237154673624 0.37575481614912004 0.30613406505044033 0.3746373719404903 0.500547465143396 
0.3000545078849184 0.3831213231104396 0.9497792396188545 0.5965037424651143 0.10642178994727058 0.26498938038800024 0.579759972441146 0.41731529196732076 0.44696187034329055 0.6796078027625729 0.66783989911136 0.4600158266655473 0.23557778994368977 0.5790932667700397 0.5792695979660022 0.4429295965298959 0.12197343663380517 0.6208887197037399 0.09594181891298165 0.6318942790134073 0.8138439991322054 0.5360294151352801 0.15105567675485876 0.46007681799191974 0.6584326705126753 0.3612213808100859 0.7655769345796924 0.37131717469856285 0.7276178770339385 0.20914851067002171 0.45208788078935463 0.514566997162346 0.39813279531351764 0.5946679518074042 0.4795219179613429 0.6744765383122038 0.43141774286056805 0.09594125200814624 0.859101565034297 0.25254915360401253 0.5578904669476017 0.5372173471490325 0.20981633622425155 0.4541479957052547 0.28649831431173217 0.5535009958866379 0.3596444868586356 0.67125573700587 0.861778395290967 0.9693944769641837 0.5197651280772788 0.4407008475320867 0.5225106547806151 0.8766783868589147 0.6296539947367777 0.43904125773171876 0.6131611823500038 0.7881437617968123 0.49663389223691634 0.13827096883664686 0.8233484847261263 0.8128284709246798 0.35622811873292787 0.3072422446308896 
0.6282699874290616 0.5080047694839152 0.15976440922435042 0.3805942143128094 0.5360672717017627 0.3321306790255977 0.8509003105571433 0.8723821473732176 0.37786086704133504 0.403136544784847 0.8132086713289683 0.3633759393263478 0.36024875637278037 0.5614684955437772 0.4371891310569724 0.2687229237263218 0.22084015846707739 0.8908605263015661 0.4227126491054509 0.398257788578843 0.6265737871892891 0.1482787981685576 0.386030989628648 0.3962327785304399 0.6819927600287587 0.49565486550399207 0.4832642665997995 0.6765756234079513 0.4178234918521669 0.8507954888332143 0.8339980433786198 0.740365682827304 0.25706466256572325 0.5724141279194237 0.26431864833894353 0.6793184855593394 0.37776620363546304 0.586159815263471 0.5393288521532018 0.5578904669476017 0.8598372806169604 0.3147597712253819 0.45586788916112264 0.4797045383937784 0.5880976533787863 0.6071443247510282 0.5219848495443339 0.8932621145527457 0.29527894639988417 0.7112307218759901 0.6423061256423822 0.7856138855163715 0.4851153342429122 0.4190118593313174 0.39124078438697085 0.7931873065545347 0.4749778786825744 0.5995333060098446 0.6041919615474947 0.5915479155941996 0.853269520971346 0.6947266911844754 0.42277513802812555 0.6354939048510859 
0.20070646044952484 0.4245972016153656 0.22193963656541105 0.21748896017857444 0.5745901691879918 0.9358980481293784 0.1363717358821634 0.6180514978741647 0.9009034959974878 0.46402387406180595 0.33975483144585467 0.43267465235254027 0.27303892311817024 0.47824650334894503 0.8433821266017102 0.44869830897531837 0.49115444428828564 0.7598043307929253 0.9407049155828546 0.4769649992854308 0.632120130370371 0.9262890448695533 0.4658901741869535 0.6348344608983897 0.21082200798221884 0.6285401540328652 0.6508300456736575 0.29429891134112324 0.6568199773593569 0.30916285987421255 0.38133746788828815 0.5584660984644823 0.4923022464108056 0.6749145919014398 0.3150518456540508 0.43696028334098763 0.34724619655359074 0.31177333628447484 0.5515198067915161 0.5372173471490325 0.3147597712253819 0.847595197618191 0.7890611063345301 0.3897828566464364 0.44608938921523916 0.42736207377311336 0.4200711252182399 0.1235853893544343 0.49075757375589785 0.7319762868698443 0.7625702098280593 0.1635455115371658 0.3007858375158666 0.3999768115693357 0.43154036948742264 0.8034945175201165 0.3741433818334766 0.07354365718035177 0.3735244647209389 0.8706673427391776 0.44345749456251343 0.37435773358766106 0.4642802200200791 0.8719308984823764 
0.6731396590216991 0.880799913201818 0.6795828673142088 0.7093043294570753 0.25582459060161206 0.5201940255245012 0.5852095072765227 0.4203484351096765 0.5117630547703318 0.66972608663074 0.623590623730537 0.7182799589280336 0.7071401381225689 0.7423708129529609 0.6113187819761946 0.44756268045288083 0.33781376652845424 0.9476405696577139 0.3467282874255972 0.4005967302967463 0.3275979638738433 0.6994299137555424 0.3128784085786899 0.4506717715678719 0.6306418474776614 0.4165250459465895 0.9032538906252392 0.7428728486332521 0.5109803614964834 0.39096488376227795 0.6209321754222971 0.4537603284620303 0.8532543630996194 0.6909077108745163 0.38080068532845035 0.3358510129846675 0.6113309302156211 0.5943832314648456 0.4262796905611351 0.20981633622425155 0.45586788916112264 0.7890611063345301 0.320554919082526 0.5412837481586839 0.5945555274510492 0.3873862515239517 0.5483503906479117 0.46967259938674305 0.4107341324723279 0.7880995486182257 0.29613503787272477 0.28746209006267465 0.6568038323925178 0.7303431439554231 0.6014359391127262 0.4594602458482498 0.49168982117724225 0.53070130357038 0.7179909736234669 0.7172860907449738 0.13703937475206096 0.23225449606262194 0.22430290589014723 0.33089062940397407 
0.5826926673799273 0.5043141778526206 0.7636975672849855 0.7027739715382147 0.6710759271863154 0.4939401163430797 0.3127527373392343 0.31126060719848414 0.27286665164643625 0.4645520612052998 0.7248146304620322 0.6315906945985025 0.9772366545516804 0.38447451642960917 0.4945182093771864 0.7181222088933493 0.16300682778046283 0.13208247112400107 0.44979041317553625 0.4978029256982629 0.6128633374819583 0.30364993381995126 0.3954437295478948 0.5735142066083754 0.5966126122531661 0.6712199604827954 0.5413198620367279 0.4960730525022307 0.42607952491060985 0.3241793698701646 0.4285873181869935 0.5378662754728182 0.32058119686160136 0.3848032169336094 0.6817685361157141 0.25103856983228273 0.23359867086446728 0.2164014247158743 0.2076859687306929 0.4541479957052547 0.4797045383937784 0.3897828566464364 0.5412837481586839 0.11789347372614978 0.40836527588186117 0.3597676640185732 0.6124997730632209 0.3702896004792513 0.24222992439416852 0.6596793648573398 0.4065088087178148 0.13402859415007157 0.48915076228166005 0.4745376196140047 0.4397411781145298 0.5934732886626433 0.5471569960977924 0.32957773109914174 0.7581214863828001 0.6640376703242868 0.462425768777511 0.3900106474603559 0.5516981626587516 0.6446846478152299 
0.5763500314833596 0.10553128175087867 0.197026009766612 0.6338930551215929 0.685716692232221 0.6128716816776074 0.5633207147589672 0.9739222192529888 0.4375025706442723 0.32807960047536694 0.2503984622990923 0.4775004348421745 0.41188606949418693 0.048146375372508654 0.255978516936735 0.374288583341151 0.3214928543739575 0.45205390967791964 0.6025130252662949 0.09188647402269223 0.12944141839777995 0.5553301745001524 0.3829781561518945 0.6470124908674906 0.252727839570319 0.471854651667528 0.3699246172226684 0.7889707646809576 0.5143394115436326 0.723764841747087 0.8220578235951561 0.4756028225456919 0.2126615040028163 0.21772215344808638 0.7367258326361219 0.4622267962449514 0.17411589107631337 0.11900717849695147 0.7876562368551684 0.28649831431173217 0.5880976533787863 0.44608938921523916 0.5945555274510492 0.40836527588186117 0.7915938455308079 0.6674972623996288 0.3874312215780347 0.5015594259302827 0.9068953677212994 0.7367837824748565 0.5208155709201019 0.5591442974561672 0.5130851936694392 0.5662934824666976 0.5477416604422454 0.6991944472894207 0.5623288700477977 0.679801026489499 0.7469985402781955 0.3030605975003603 0.8859512651147596 0.9270060214582487 0.5050345714763256 0.8363041259330837 
0.41630138617442103 0.5302609919296861 0.372413068227627 0.8187690732468867 0.7684639310462369 0.5738642640844361 0.6021979100172321 0.40709661346695786 0.386169281584309 0.7005930293652534 0.7793778897711796 0.6465367557021904 0.7362684253378831 0.014558870565525905 0.5838022075712643 0.40871964906818514 0.7838681344681655 0.6417889879837742 0.41262295725466264 0.35293536425500466 0.5953305147399265 0.35005291581048603 0.42629595012659266 0.5811169552645961 0.7551358467763922 0.27668034154120696 0.2975069521167291 0.8019030569841039 0.7215452356939422 0.6530780312425787 0.3785378590335325 0.911098246165325 0.6813803078121232 0.30554200882322685 0.5262102444884023 0.7812737625027566 0.33421945596522357 0.3484548371714672 0.11891559903359605 0.5535009958866379 0.6071443247510282 0.42736207377311336 0.3873862515239517 0.3597676640185732 0.6674972623996288 0.18758440069021853 0.23534343255292817 0.4711189096904373 0.7502250547309284 0.19969394888992525 0.5061450989629545 0.14654006981376838 0.7377916424080959 0.5909072349289506 0.5440947987656852 0.46868425320908663 0.5625153521875491 0.7925410979811545 0.7630784323759501 0.46701807728021766 0.591367212652238 0.4019741271125014 0.3685499539213059 0.44282730248764207 
0.23072408754805257 0.34471372777228687 0.6023322507994517 0.6321969191608113 0.6112183742898165 0.8330074188359865 0.3627536162968039 0.4765636609170349 0.6243232709824333 0.5845339506195518 0.3753999694253533 0.3384902537399892 0.9149929009271434 0.276895437769373 0.6108412733479809 0.7813489398785316 0.6217377692199968 0.26516686061526296 0.3567369304794963 0.2076519625604527 0.4707387360479877 0.6975684926638479 0.522596674747835 0.2768526081910111 0.28855225055957145 0.130020301680634 0.13155339784403786 0.4297330322490089 0.4112137746431764 0.24720111217766627 0.21498578359830595 0.8888460938173315 0.4811546328135254 0.49033449872509305 0.41780506511378823 0.17788480243303328 0.6176644362000459 0.5003147804947625 0.2392718599817551 0.3596444868586356 0.5219848495443339 0.4200711252182399 0.5483503906479117 0.6124997730632209 0.3874312215780347 0.23534343255292817 0.7843043769295767 0.2013406522987018 0.0482988188293732 0.7429577649167264 0.5914497112174584 0.045408747961759255 0.5348960261656198 0.4126284059696662 0.323559155619263 0.5349564917342047 0.7569198677354483 0.4279707430769899 0.5794776048833004 0.6563721178242645 0.9045667090211046 0.5800518882253478 0.8568126923191564 0.5840155844605055 
0.3597456976392383 0.4141794906815012 0.11076399614343396 0.4157608849088417 0.8065256502236879 0.18821277494868893 0.43391522254113724 0.27849997291952716 0.66946024118936 0.3595381362771625 0.6185746557115499 0.2416761784489891 0.7738754302858126 0.14495337330284036 0.7880034863268448 0.6306871148146342 0.3826873224678413 0.2690928780964473 0.5613681344086044 0.8130030458926315 0.643669685887793 0.2373075722471355 0.5196586415064299 0.5711210643762765 0.6403595592831903 0.39458881493450326 0.6605600302565855 0.31155754569339805 0.4944951092326241 0.5470877388317952 0.5492761961288535 0.42382535833110174 0.7931438815709119 0.713271006485751 0.5401791793367621 0.213927192258124 0.295792671030355 0.9578620586257702 0.5142318919183209 0.67125573700587 0.8932621145527457 0.1235853893544343 0.46967259938674305 0.3702896004792513 0.5015594259302827 0.4711189096904373 0.2013406522987018 0.317151899240115 0.35859548131813734 0.6937076153068338 0.4630117007044237 0.40157151174396233 0.4368713290343035 0.5106794231077115 0.5278592738848633 0.8332836572276241 0.489908654215331 0.6092620999138563 0.499712767264777 0.9378545742477792 0.13318745701632606 0.6615931369290782 0.374274312197624 0.28486659707847173 
0.6088099800421003 0.4523212094522308 0.8666063500667319 0.3645014496847078 0.2100594570440445 0.9219942187150499 0.340343242408932 0.7480279173602844 0.2788091378178479 0.49662574378834734 0.45105050819296005 0.18772512919398593 0.45419381394213126 0.3427707375103275 0.4174048911394485 0.18947070537780913 0.48609290778946984 0.47468822221525186 0.5443087769904287 0.5007416789510131 0.8042032166255468 0.2769389282691204 0.41998936281861776 0.6277118216962669 0.6313091055295982 0.8233694109172238 0.9133499712652591 0.32474989055659037 0.949416838202811 0.3021714345191174 0.1509023238335785 0.4438326369750278 0.5929183080970327 0.47245491840144815 0.28887729116388744 0.4580093044754628 0.419616149419936 0.4305338256845222 0.5349568830032538 0.861778395290967 0.29527894639988417 0.49075757375589785 0.4107341324723279 0.24222992439416852 0.9068953677212994 0.7502250547309284 0.0482988188293732 0.35859548131813734 0.620360044581857 0.7937656212423871 0.2742843523947638 0.3520399518179168 0.3346160718830225 0.5697785627446866 0.177312057274212 0.7056397034833087 0.13746574985093202 0.6468059390320586 0.46601075617317966 0.3174590853964654 0.2846105555728135 0.4017336630175548 0.08939276076159669 0.4542027399703699 
0.39389709556546837 0.3772413218190891 0.4130981299449502 0.7840561640377454 0.32089617968029915 0.49549886015356065 0.5199349398364799 0.1801356763490215 0.2301738059760282 0.5162156862887366 0.5395934844399338 0.5730109675372155 0.7358524937752076 0.44130782506169625 0.17265483964209044 0.5769951400864348 0.5899860756262068 0.14107979277033006 0.6047757396773459 0.07616714688455545 0.5278199550184304 0.398122222030248 0.4600916229716859 0.4492633816523164 0.7370342229087885 0.6774173824984033 0.657688854372749 0.20085886017612153 0.49784278970859935 0.5448198176924601 0.23966727967429202 0.2501218546933525 0.6150062462051751 0.22334125734759813 0.48403336720495316 0.24959227090788055 0.3788845072301357 0.5286997738573058 0.13742089308449973 0.9693944769641837 0.7112307218759901 0.7319762868698443 0.7880995486182257 0.6596793648573398 0.7367837824748565 0.19969394888992525 0.7429577649167264 0.6937076153068338 0.7937656212423871 0.7337910093552504 0.6724177445865958 0.7461091404061138 0.8115305488401791 0.4508985344505248 0.6144681422228749 0.7804080853105149 0.8239517797911153 0.4603618099195556 0.6715060045052801 0.4591992663962839 0.35225445877956557 0.7907501863900664 0.44321748104635694 0.568148016914892 
0.5936881023048333 0.4263897665229762 0.5508862474999012 0.5390677734552063 0.49772105404385 0.5212537264553552 0.4833970283781155 0.15546540232551015 0.5180368145363998 0.5037856516294661 0.11440612293146546 0.7528173666868339 0.2554873710843539 0.09618790821147127 0.33431636749097254 0.2416063166175204 0.40294629116841657 0.6578406836936226 0.5536828424049363 0.8550266311424115 0.6598512167514737 0.5486982451399083 0.6582923866307612 0.14934923541234146 0.5840751877480093 0.40859634929134864 0.5949938344052221 0.7463176858667335 0.3635691113670843 0.738025213731668 0.6792915671092232 0.4183486497090892 0.34849139016371816 0.29991072021071485 0.7721569923660314 0.6851674104603538 0.3397749898241127 0.16083251190324188 0.5175955659983749 0.5197651280772788 0.6423061256423822 0.7625702098280593 0.29613503787272477 0.4065088087178148 0.5208155709201019 0.5061450989629545 0.5914497112174584 0.4630117007044237 0.2742843523947638 0.6724177445865958 0.2387075693150461 0.7427160316253029 0.6466512658622984 0.19019567736332826 0.6277454226740884 0.12987950491684153 0.4098541971574586 0.428520026114111 0.27642156671582185 0.5442642761128005 0.23750668136077957 0.5265602400081967 0.7274741000918334 0.6149370568958898 
0.4997100172280416 0.14706542540000478 0.7525759246630604 0.15792298245380976 0.5053281849527894 0.648593694769786 0.007870368720411636 0.34608891412066783 0.31200392395038756 0.4412054780190385 0.32695661787313673 0.6186339711743745 0.44724330511702515 0.7008693659785097 0.5289184429526428 0.5340894487375177 0.43798703015454526 0.8196441667317407 0.4434879921973343 0.5473247887307162 0.6199383923800268 0.7543719033599356 0.7203917163119492 0.5475326546899186 0.2060427447455519 0.33367847911508025 0.3530151465249535 0.5712825478147466 0.4173934168416872 0.31097897227842863 0.49528573959853356 0.8434481030883894 0.4038569404594507 0.6872653618554101 0.6840458273916946 0.4984114445318425 0.30508670425105794 0.4675265975735792 0.6982756085433153 0.4407008475320867 0.7856138855163715 0.1635455115371658 0.28746209006267465 0.13402859415007157 0.5591442974561672 0.14654006981376838 0.045408747961759255 0.40157151174396233 0.3520399518179168 0.7461091404061138 0.7427160316253029 0.7139116267173147 0.37883107707133995 0.23335868012278954 0.6666412804096877 0.6729042287978938 0.31715728969541046 0.6114884099347758 0.45272579892211207 0.3910991095023211 0.28192003832925566 0.23327129029893712 0.37840885195387675 0.3405141440301689 
0.4500371514252684 0.6563253415770198 0.6521828113712951 0.6100657535196912 0.6240427377483686 0.5271342185349216 0.29948231424792854 0.09929762458095248 0.1535449405475613 0.875217493628426 0.8137413485231244 0.34135716131118266 0.3464992092278232 0.4109883122349509 0.5672725923589107 0.9399328206721744 0.7512885706443957 0.6067622310566894 0.19727442411340812 0.4995587945164 0.31850450735335856 0.38185071679480376 0.5755791602364306 0.1554866554809476 0.5086761033463704 0.197174144969665 0.2118331378340969 0.27403523457535767 0.8251108584499689 0.1295572459699812 0.2570242927895559 0.324557497085747 0.35413702772101796 0.4557804991744819 0.5113078774501338 0.6140982989087698 0.5067239151252223 0.4352889182811073 0.41605112210497125 0.5225106547806151 0.4851153342429122 0.3007858375158666 0.6568038323925178 0.48915076228166005 0.5130851936694392 0.7377916424080959 0.5348960261656198 0.4368713290343035 0.3346160718830225 0.8115305488401791 0.6466512658622984 0.37883107707133995 0.8344614260898101 0.9679242820851868 0.5872828590863746 0.5975244652436142 0.19254078681862274 0.9232070360781824 0.7975463190945914 0.7945883258646075 0.3156546205115527 0.4571770692297058 0.21657113623187718 0.4996807399861838 
0.6231231468747278 0.6993486698812088 0.35159053948289426 0.27099663450453926 0.4922760529936615 0.3836565828196857 0.5903042111122088 0.21322606567561675 0.5886547641155995 0.5817678873256691 0.7254961661270041 0.3015297320936061 0.8684406314749229 0.43893529142031873 0.17328900449571116 0.8359704584451633 0.8939375082985396 0.24496643771288434 0.3199174994951112 0.30521577652141496 0.1220059663346944 0.3634524721727452 0.8013809570520456 0.42022945667060946 0.3033439084627834 0.8158616692564777 0.4085634451242684 0.7217922274118378 0.1467009510834721 0.2745625171264473 0.32448739481793293 0.6483425618350155 0.06689911023944672 0.8072228317488052 0.581075783439412 0.653531117058779 0.2927778167267271 0.6031653908477381 0.6075251558931603 0.8766783868589147 0.4190118593313174 0.3999768115693357 0.7303431439554231 0.4745376196140047 0.5662934824666976 0.5909072349289506 0.4126284059696662 0.5106794231077115 0.5697785627446866 0.4508985344505248 0.19019567736332826 0.23335868012278954 0.9679242820851868 0.5921097171225501 0.5126596508514727 0.311256346302794 0.583164705444235 0.4468650550370341 0.4771122014157639 0.3040503079077624 0.26707629892464524 0.6408819489097382 0.6316153542504044 0.49328143730164103 
0.37864174956793445 0.24026586342404394 0.1751283089610734 0.8491815381669265 0.4214623917998319 0.17931469755377782 0.5258008384250352 0.47832081447368785 0.48729466804487104 0.8892134422853679 0.4254160155388135 0.546645353059475 0.19483658825732186 0.7603138443695778 0.5985955329340358 0.3016931915065655 0.3489369440197746 0.48884566487319686 0.5986876473198062 0.5137731977976647 0.40894627787506876 0.5279357199828305 0.30579096702849673 0.3378512120832066 0.5120148820027002 0.5070977398550269 0.9681384754115925 0.36947049403031024 0.34520852286754233 0.7876852976550588 0.5412644719906168 0.40043366852507467 0.4604799388303966 0.6665387861269145 0.46501640338107203 0.5704862699067491 0.2005738834420236 0.28702401508146713 0.5732931225829299 0.6296539947367777 0.39124078438697085 0.43154036948742264 0.6014359391127262 0.4397411781145298 0.5477416604422454 0.5440947987656852 0.323559155619263 0.5278592738848633 0.177312057274212 0.6144681422228749 0.6277454226740884 0.6666412804096877 0.5872828590863746 0.5126596508514727 0.30831658671866635 0.24189227759019805 0.5232309023775168 0.14321272504893806 0.5007973370637948 0.17920277973602372 0.5256101636800374 0.49790949650554084 0.7054034134597343 0.45937181803270594 
0.7219144899699642 0.3199635675789807 0.5426640715837641 0.9320535172375564 0.7475890386068785 0.5809336847123319 0.4358026134270641 0.5918294845925319 0.4597563614029919 0.7761910182646417 0.675588429941637 0.4245041614525293 0.4158265595753898 0.5899491617074155 0.4645325728059389 0.44554167156521673 0.6119768422654661 0.7330735329013316 0.06978154847938678 0.6850979792981313 0.27456680319951254 0.35079197093982456 0.48724133710801515 0.40437597727503993 0.25436941054954815 0.41211220033152435 0.15119103299155712 0.5992752349143406 0.05906846319467529 0.1881566395688185 0.32822056580389136 0.823905135201269 0.5305973375183807 0.9569488581937741 0.5172260156239636 0.5464223405864688 0.8084627833682303 0.151552150022705 0.5086577121341431 0.43904125773171876 0.7931873065545347 0.8034945175201165 0.4594602458482498 0.5934732886626433 0.6991944472894207 0.46868425320908663 0.5349564917342047 0.8332836572276241 0.7056397034833087 0.7804080853105149 0.12987950491684153 0.6729042287978938 0.5975244652436142 0.311256346302794 0.24189227759019805 0.2694795874124015 0.5758474027896854 0.6900345084201125 0.3971114583316009 0.5166601281502314 0.19246849657589782 0.20620403700296253 0.9290558660804703 0.29909253992739204 
0.9005783707650339 0.5449129872041925 0.6103445264293847 0.6765844842778226 0.36784397055473184 0.34424123311487403 0.5998502785394105 0.8773598394395514 0.27367021346266796 0.5033511569022275 0.5648454950505684 0.31319300170143666 0.6314686378275957 0.1294630909453356 0.47802939169730957 0.358819567276175 0.2473372196888159 0.5776915093464552 0.6578575651856604 0.721913251271648 0.5482910635861191 0.5003835289784483 0.6436850217230184 0.5061124724887617 0.8041899673958992 0.4122217059888442 0.3142196178082379 0.4311316426218559 0.5886534585067127 0.7983904810582783 0.5371733090446473 0.4230301428725581 0.6625896718610829 0.2894628011724983 0.3190771888115142 0.7587919618832268 0.4164685841100733 0.4531748463721027 0.5242603661158167 0.6131611823500038 0.4749778786825744 0.3741433818334766 0.49168982117724225 0.5471569960977924 0.5623288700477977 0.5625153521875491 0.7569198677354483 0.489908654215331 0.13746574985093202 0.8239517797911153 0.4098541971574586 0.31715728969541046 0.19254078681862274 0.583164705444235 0.5232309023775168 0.5758474027896854 0.8859576460004214 0.3881649811613158 0.8221757619730137 0.1641121036047537 0.30818367369328825 0.6927550101761686 0.6432836066255778 0.10141430110526944 
0.3364260581254891 0.699103789778764 0.037648376501483505 0.38854624405237576 0.6835411473886108 0.2981050436316005 0.4110721228933105 0.22288426257203464 0.6295967150340971 0.7227055972257621 0.7314708716916088 0.6149817707588883 0.5651760480861328 0.27182294065828205 0.2052398401892988 0.06281501688134 0.6101193806336447 0.582328455552635 0.4670974800016671 0.3319296747845225 0.39099193780796765 0.5112246496709699 0.21927947829103622 0.4677537761103772 0.23383728525386815 0.6365393423172727 0.14712014818427305 0.4426106982451059 0.6422697667160704 0.3455884904330342 0.6194274438952341 0.7334415401107055 0.390591213591423 0.4680431542691406 0.5310182125464114 0.39066266883484185 0.27197619011689883 0.36989573670808035 0.5957693662809198 0.7881437617968123 0.5995333060098446 0.07354365718035177 0.53070130357038 0.32957773109914174 0.679801026489499 0.7925410979811545 0.4279707430769899 0.6092620999138563 0.6468059390320586 0.4603618099195556 0.428520026114111 0.6114884099347758 0.9232070360781824 0.4468650550370341 0.14321272504893806 0.6900345084201125 0.3881649811613158 0.18109474633407574 0.6778663498618915 0.3863943724749381 0.49593147635552015 0.5589921949498932 0.09415232736322338 0.4660677432166885 
0.622016684741707 0.51751748708696 0.8554608401968224 0.4932448932912347 0.4812686066146076 0.8430664501302447 0.23548292588623287 0.15191357795635863 0.4703639706142483 0.894767625054739 0.29700207747199064 0.7507622264491919 0.6984260594334575 0.43185472476563574 0.7852803149076688 0.0794537756130968 0.2901247755662356 0.3206694490015893 0.23793632472801496 0.46677801207099934 0.21245982299777516 0.6601953420053853 0.2924510690171245 0.8357840439298097 0.7528305330205306 0.6666235148384381 0.6509447757605118 0.5726943054401472 0.3779688560996759 0.33952260541576673 0.1901497260968189 0.20547089842810629 0.5296371584003927 0.5799702850875454 0.44830964028650155 0.21109807340957498 0.2465485580727237 0.4973076771382741 0.5545168462820875 0.49663389223691634 0.6041919615474947 0.3735244647209389 0.7179909736234669 0.7581214863828001 0.7469985402781955 0.7630784323759501 0.5794776048833004 0.499712767264777 0.46601075617317966 0.6715060045052801 0.27642156671582185 0.45272579892211207 0.7975463190945914 0.4771122014157639 0.5007973370637948 0.3971114583316009 0.8221757619730137 0.6778663498618915 0.2626649613816364 0.5550196499520457 0.26543203109103997 0.3161912852925549 0.362148804709135 0.3875565502669219 
0.538312410416083 0.6724042193316215 0.4193268287681189 0.3370820586009504 0.7709693508074555 0.6174214204359321 0.521798723647583 0.4189466396808931 0.6203337546517433 0.5499823837583597 0.6265144022935705 0.21860176489003658 0.33075678796029073 0.6850612126682585 0.7036517949633204 0.34577609210474114 0.9433849393758522 0.5930934204811507 0.2097710758577096 0.3501527899672597 0.4200272753945421 0.7482165647033199 0.7112931623301185 0.5374594685129188 0.36003985881498163 0.45102441059988013 0.656812832855515 0.7418576582007088 0.483073650546814 0.5405189978138493 0.5971031695511074 0.6084099082244099 0.25436950350479204 0.05253942433678316 0.42920615562665615 0.791716908332396 0.23557272930526207 0.21449054638715348 0.3341237154673624 0.13827096883664686 0.5915479155941996 0.8706673427391776 0.7172860907449738 0.6640376703242868 0.3030605975003603 0.46701807728021766 0.6563721178242645 0.9378545742477792 0.3174590853964654 0.4591992663962839 0.5442642761128005 0.3910991095023211 0.7945883258646075 0.3040503079077624 0.17920277973602372 0.5166601281502314 0.1641121036047537 0.3863943724749381 0.5550196499520457 0.7033073677167532 0.5659106495571375 0.4774813333296383 0.6393315253546956 0.3380671331466215 
0.1755256799090168 0.5319082437438696 0.8187579142925392 0.702842894550284 0.8743721386137491 0.2040654755522196 0.8097839851612427 0.17792664615506043 0.3498509625103262 0.6403320147046268 0.7859605715522604 0.37086542152134566 0.4544063586046712 0.7509426266322328 0.42571357915219266 0.4143115649437752 0.1951520680468426 0.09790830280517793 0.7009253969568165 0.10417748888551559 0.06242257593449613 0.6674333177331639 0.483078597684897 0.7304343842414434 0.09358210000309286 0.7285007335272125 0.7422684022138699 0.23726381241961592 0.6292352887161606 0.49045749307292347 0.44021126611409445 0.191805090678012 0.3542550629358588 0.6861361961803816 0.194362562619588 0.37365426356755943 0.23284715501047676 0.7497001916595643 0.37575481614912004 0.8233484847261263 0.853269520971346 0.44345749456251343 0.13703937475206096 0.462425768777511 0.8859512651147596 0.591367212652238 0.9045667090211046 0.13318745701632606 0.2846105555728135 0.35225445877956557 0.23750668136077957 0.28192003832925566 0.3156546205115527 0.26707629892464524 0.5256101636800374 0.19246849657589782 0.30818367369328825 0.49593147635552015 0.26543203109103997 0.5659106495571375 0.29591790442915356 0.26605757743548036 0.5823320191062354 0.5873125838550561 
0.568956994186331 0.4941542928971055 0.3659412619745641 0.22900325892455975 0.7873559655057395 0.8508934052858914 0.7807764152097911 0.8653463939566239 0.3945065724490713 0.8261035223119646 0.885068199062087 0.5636060937709804 0.3846983004968459 0.6577144788648976 0.13732125451429894 0.42748945121017984 0.7137531308785945 0.6953354661402713 0.43445652109425864 0.5658223980798622 0.37450179133426137 0.10641154037400541 0.5045683937981237 0.5174046167875463 0.6934960063312872 0.7162444034690787 0.27910515570398675 0.5358452722228 0.8681899433043542 0.7717585266849232 0.6687981789892234 0.29259065192981826 0.8505803722310876 0.8532167016239449 0.5888114494521917 0.5393813304280384 0.6897592849214702 0.337804243896213 0.30613406505044033 0.8128284709246798 0.6947266911844754 0.37435773358766106 0.23225449606262194 0.3900106474603559 0.9270060214582487 0.4019741271125014 0.5800518882253478 0.6615931369290782 0.4017336630175548 0.7907501863900664 0.5265602400081967 0.23327129029893712 0.4571770692297058 0.6408819489097382 0.49790949650554084 0.20620403700296253 0.6927550101761686 0.5589921949498932 0.3161912852925549 0.4774813333296383 0.26605757743548036 0.5631629277635125 0.3723467498569054 0.34350858270305323 
0.2819731262666455 0.589856912930754 0.5309550678453997 0.5100905605201401 0.5241039094239173 0.2246209390450017 0.5689796382532128 0.48423449001401475 0.3874136874207419 0.6046388697009548 0.5981210720987027 0.6192228495494809 0.17463245898707708 0.16382555507536312 0.2943077060952483 0.686425001383797 0.3272740745421294 0.19555652739604373 0.675270293416607 0.5236861570345559 0.2415676879679008 0.8916690815356878 0.6814908715007006 0.6730515868016808 0.7949108269171865 0.4213322440064028 0.5024502341099081 0.6278118767471179 0.2812251632403908 0.4473191316115099 0.6004942211508175 0.7685431679376368 0.4708361782238685 0.80588439973341 0.24534292681665054 0.21469324398537643 0.6345028952283799 0.3553429163485668 0.3746373719404903 0.35622811873292787 0.42277513802812555 0.4642802200200791 0.22430290589014723 0.5516981626587516 0.5050345714763256 0.3685499539213059 0.8568126923191564 0.374274312197624 0.08939276076159669 0.44321748104635694 0.7274741000918334 0.37840885195387675 0.21657113623187718 0.6316153542504044 0.7054034134597343 0.9290558660804703 0.6432836066255778 0.09415232736322338 0.362148804709135 0.6393315253546956 0.5823320191062354 0.3723467498569054 0.5969358925054294 0.6328269207534588 
0.4841161546804005 0.5714136402626366 0.5277940839423616 0.5168085760555448 0.7955337316951803 0.05333745416195501 0.4048362834238167 0.12701247397911297 0.6546028190039774 0.25935902816611384 0.11869905997588442 0.416956447945191 0.5582908756470186 0.30115224815944547 0.2967778179090721 0.41372289458752576 0.36710612815095817 0.6656595707138808 0.7374668072463599 0.5786043845681405 0.7654156257232237 0.7312027290922007 0.6145966856040403 0.5235715917033376 0.598493651406431 0.24327921111799883 0.6215158311683211 0.8681265590992153 0.7263348626797949 0.858534139295827 0.15866415902104797 0.5409246015931672 0.5245426231080128 0.5281046779034262 0.6650511996671957 0.6416802868095635 0.4695354687035122 0.9779812502264531 0.500547465143396 0.3072422446308896 0.6354939048510859 0.8719308984823764 0.33089062940397407 0.6446846478152299 0.8363041259330837 0.44282730248764207 0.5840155844605055 0.28486659707847173 0.4542027399703699 0.568148016914892 0.6149370568958898 0.3405141440301689 0.4996807399861838 0.49328143730164103 0.45937181803270594 0.29909253992739204 0.10141430110526944 0.4660677432166885 0.3875565502669219 0.3380671331466215 0.5873125838550561 0.34350858270305323 0.6328269207534588 0.7345668746789684 