64
10 6 57 30 74 33 13 48 76 71 75 43 6 67 11 27 39 59 81 91 15 3 79 33 39 94 3 25 76 76 68 3 17 78 9 7 51 56 92 93 49 12 70 5 47 74 48 82 94 27 31 40 62 30 31 98 80 54 69 50 100 58 2 44 
46 67 69 52 98 58 46 34 81 30 16 54 37 16 69 28 74 50 64 73 72 51 63 27 30 54 58 80 61 17 27 13 3 77 53 26 95 99 54 64 11 18 84 100 83 33 51 52 56 39 58 10 43 61 70 58 81 20 77 15 90 97 95 32 
14 23 9 87 94 45 55 79 13 88 5 73 86 80 68 74 30 62 88 56 1 4 37 22 57 60 99 46 54 64 86 91 90 15 2 71 84 12 64 42 56 87 17 94 3 38 36 7 73 12 60 85 53 64 23 47 36 75 87 58 7 34 37 56 
93 75 17 53 39 60 65 64 9 31 65 44 43 12 80 88 66 55 43 76 66 35 84 69 67 15 12 100 31 7 27 3 68 54 95 97 41 82 40 72 12 69 4 32 9 67 50 39 24 52 46 87 87 80 45 9 39 57 7 86 47 19 12 53 
19 30 71 32 18 68 25 12 80 69 56 35 56 44 27 19 28 5 68 73 52 30 30 60 2 4 5 6 75 95 85 24 43 26 93 27 45 57 86 9 39 40 55 85 53 11 91 9 86 51 14 53 92 18 72 13 10 66 7 44 59 63 72 1 
7 37 31 55 99 13 27 58 88 93 41 89 100 11 38 70 32 57 100 39 6 59 22 96 3 28 97 33 78 17 7 29 72 46 9 53 8 56 6 100 50 100 72 2 23 32 40 26 86 95 34 19 8 77 90 85 39 21 75 53 55 60 65 15 
68 37 46 82 95 39 46 32 52 35 80 75 64 51 80 2 42 54 61 94 23 18 60 33 25 38 6 73 71 77 58 35 49 93 95 28 100 3 18 92 59 72 43 30 46 90 97 37 18 82 84 93 2 46 13 20 69 66 1 49 8 52 34 50 
77 16 26 91 16 68 71 26 53 17 45 38 89 18 22 68 8 31 77 77 1 24 31 83 43 13 83 74 59 4 77 18 13 76 60 90 35 9 9 32 65 45 51 60 2 86 51 73 30 33 76 1 6 11 73 9 83 18 41 64 7 71 53 10 
28 73 28 52 81 41 53 53 64 89 17 51 35 64 71 81 53 45 49 10 99 72 91 14 92 42 14 44 27 78 27 66 47 2 66 48 59 55 88 52 27 76 39 63 49 78 4 85 20 46 1 66 15 66 31 7 8 24 60 30 49 83 90 61 
6 42 41 86 28 100 66 1 36 52 19 26 51 75 94 2 16 92 87 57 10 96 38 40 87 19 36 35 71 46 3 65 44 93 22 33 30 75 79 82 95 51 82 69 68 64 18 40 8 12 44 19 41 74 47 41 92 36 49 39 86 57 71 78 
25 44 71 83 74 10 36 58 34 13 72 45 84 39 50 85 80 46 91 73 30 33 59 40 3 89 31 7 90 59 26 42 68 61 64 79 55 60 47 83 20 79 27 18 56 25 32 8 30 78 67 25 7 59 88 85 61 67 14 98 26 18 67 99 
81 48 88 1 35 55 80 45 27 100 98 6 88 79 1 6 25 47 86 82 59 63 27 65 22 64 100 81 58 53 81 97 88 53 64 1 16 12 23 13 3 22 25 100 29 100 3 80 3 8 61 83 98 99 64 22 2 97 9 13 19 53 18 4 
4 92 21 18 24 27 9 97 88 29 69 46 69 11 53 68 44 69 41 39 91 21 53 9 14 59 10 94 60 57 99 35 6 9 3 15 72 63 98 55 47 68 93 70 81 86 31 68 81 80 18 56 67 72 46 56 69 14 33 79 84 45 58 12 
26 32 5 57 42 22 81 55 15 83 7 30 44 89 97 85 36 65 61 44 29 69 15 9 84 4 22 55 58 13 70 61 26 77 13 26 79 36 54 64 64 1 53 42 55 55 52 52 8 51 100 89 18 90 15 5 50 35 26 4 27 67 38 40 
24 22 59 67 49 97 59 67 20 84 67 35 94 11 10 27 10 75 86 81 21 49 81 8 65 85 50 56 5 51 18 84 68 65 86 71 17 99 30 61 38 82 8 9 16 30 20 61 86 22 88 10 79 94 63 76 11 18 99 33 13 87 60 85 
93 53 85 62 45 62 77 9 59 50 2 93 20 20 84 45 17 66 84 22 49 7 70 43 60 24 79 96 65 52 22 51 14 72 53 56 61 8 24 19 86 8 82 20 16 83 58 37 43 16 99 56 59 94 89 89 66 99 44 77 23 50 86 96 
47 24 9 24 24 43 42 21 55 36 13 11 38 59 10 99 29 24 67 67 42 45 92 16 65 38 57 37 41 60 50 87 45 50 47 92 73 6 83 78 37 33 73 31 53 95 29 90 76 5 63 24 55 41 86 41 6 63 34 10 58 12 44 11 
86 72 26 14 72 55 32 86 83 27 25 23 8 64 8 94 54 39 66 74 76 8 12 35 8 4 88 57 98 58 6 73 56 60 26 60 31 73 19 59 81 80 48 39 15 80 28 19 85 2 26 51 68 73 99 42 48 33 85 14 83 77 99 7 
45 41 74 6 27 95 4 48 75 90 28 99 73 81 72 16 99 29 91 93 41 26 22 28 80 38 38 11 29 78 47 86 12 72 38 97 51 58 26 95 16 22 63 60 18 6 84 26 52 31 74 95 29 91 32 29 23 58 36 8 90 43 25 25 
82 17 75 89 26 63 45 68 82 20 71 96 5 16 44 17 58 25 76 74 85 95 63 94 97 9 8 48 53 54 73 75 99 85 38 94 21 44 62 64 25 88 30 69 36 17 5 61 84 65 100 4 19 70 37 60 19 58 87 10 52 99 31 61 
66 2 40 72 70 24 44 13 41 74 17 21 81 77 75 62 74 22 2 60 92 51 21 42 68 13 44 63 35 41 54 47 48 67 72 45 66 28 25 62 70 19 66 29 56 50 33 23 95 23 93 54 12 39 37 61 89 92 27 11 39 29 38 33 
36 47 65 80 55 53 42 83 92 86 52 55 67 88 98 92 50 88 96 42 28 43 15 20 33 45 9 29 18 72 71 6 2 25 17 94 23 52 2 31 75 14 23 41 28 8 55 40 57 94 82 90 36 55 55 12 29 34 72 27 92 2 80 70 
60 14 88 51 53 3 80 100 48 98 47 99 98 1 98 74 53 62 16 25 25 43 97 22 15 32 37 39 11 51 93 13 15 57 48 47 1 31 1 63 5 55 61 50 1 31 23 10 51 22 32 76 21 63 43 32 75 43 70 52 93 16 2 30 
97 8 31 13 68 27 16 28 51 67 90 33 10 38 40 27 10 72 91 37 53 6 81 45 98 42 8 51 43 45 12 47 27 97 37 84 52 65 45 22 33 17 94 51 41 1 85 8 21 64 31 49 39 51 85 14 65 13 78 70 42 43 77 41 
77 31 35 78 22 63 68 81 14 53 57 95 2 3 93 55 10 58 66 97 48 93 12 43 73 13 89 63 71 20 51 84 44 82 98 50 93 46 16 63 71 43 51 31 99 77 83 94 99 58 86 7 63 100 93 74 30 3 92 98 96 89 9 8 
91 49 26 71 1 30 96 25 12 17 42 38 18 7 38 87 41 90 51 13 13 53 4 11 46 40 23 49 14 30 68 99 68 61 11 44 27 84 12 17 5 62 54 55 81 85 72 89 18 51 80 78 63 23 9 33 60 78 98 6 84 58 14 26 
48 11 54 100 5 11 97 47 82 85 97 64 53 31 8 10 68 68 5 72 14 98 39 84 40 84 39 10 68 69 53 22 32 34 71 37 19 45 60 39 42 52 25 52 16 25 93 64 53 72 66 7 93 32 46 27 44 79 65 13 14 57 45 67 
57 93 20 29 63 66 72 79 68 39 21 71 35 54 36 94 75 71 28 70 28 78 17 98 63 14 46 57 9 81 50 78 94 28 66 75 42 19 80 85 88 27 33 94 64 63 12 54 10 35 95 45 80 24 33 75 37 64 15 59 25 58 3 32 
59 2 72 90 67 29 67 91 30 3 30 18 57 49 99 71 93 45 56 73 75 14 35 96 83 97 7 21 43 32 16 67 50 79 80 79 3 40 98 56 95 10 3 39 31 30 79 23 94 5 81 16 60 57 97 1 14 52 93 45 86 96 19 51 
78 38 64 98 27 28 97 10 71 26 97 27 85 78 47 42 64 49 7 20 29 57 64 31 49 86 24 82 46 87 50 35 73 68 30 74 32 32 82 69 86 21 2 63 72 73 98 42 83 67 46 6 15 71 92 80 54 52 60 68 47 73 26 16 
47 11 62 25 67 50 61 32 62 23 11 60 5 92 39 93 38 9 91 28 39 54 46 53 43 50 21 9 38 31 74 74 82 87 49 51 94 45 11 13 25 96 2 49 20 70 46 79 6 27 74 100 50 80 61 25 65 4 54 1 49 58 22 88 
56 30 81 24 96 93 4 71 9 60 36 84 53 100 3 85 70 57 15 18 45 100 91 32 39 21 60 35 88 62 73 85 10 93 91 27 4 13 14 7 43 14 33 49 63 53 96 86 43 50 94 42 31 98 67 29 94 12 17 14 52 87 19 59 
72 84 37 87 36 7 88 97 25 3 20 8 59 50 2 8 35 4 59 15 74 25 60 14 25 1 69 97 88 19 100 58 12 34 83 74 64 31 28 33 42 7 53 78 11 15 100 83 82 21 78 26 56 59 12 44 50 27 76 93 57 89 18 51 
4 45 46 58 25 41 58 55 67 70 94 87 38 53 36 39 26 72 97 67 17 18 51 96 94 14 78 63 45 3 23 65 46 52 17 66 42 32 70 70 15 28 97 92 24 22 34 92 37 17 1 57 92 23 12 42 93 24 47 21 30 17 91 20 
49 8 12 16 26 68 7 49 73 61 98 22 31 53 69 59 97 74 49 42 59 33 21 100 18 54 27 18 25 57 18 16 77 77 48 45 55 67 6 21 99 23 46 36 53 18 67 54 29 89 32 88 40 55 8 85 50 74 24 28 29 76 44 40 
23 85 96 91 88 61 34 69 13 7 72 37 42 45 79 63 24 66 30 92 8 26 17 20 82 38 53 43 34 99 13 87 51 62 29 44 37 12 96 1 27 68 88 40 22 77 81 87 32 97 33 38 57 83 97 94 42 52 13 95 79 47 27 23 
22 82 70 23 68 82 72 78 76 6 31 20 43 66 80 100 17 20 60 75 76 85 27 79 21 44 99 31 37 29 10 60 2 67 9 41 61 68 23 17 76 19 22 85 59 91 83 57 96 63 39 17 23 21 2 86 78 56 7 12 80 95 70 92 
52 84 41 100 81 38 96 27 93 81 80 84 46 76 77 82 43 17 41 21 29 67 33 96 65 45 68 41 30 95 23 60 43 17 78 49 31 67 61 68 61 4 80 19 25 72 34 34 46 83 80 74 91 61 65 52 37 41 47 5 95 61 53 44 
88 6 67 71 55 20 37 33 100 24 90 22 44 67 17 93 79 32 30 2 49 100 94 83 33 17 24 41 47 73 22 41 40 26 23 10 76 78 17 51 61 23 45 6 33 73 3 82 27 9 88 80 100 46 42 62 61 81 62 19 50 79 6 40 
25 28 67 1 98 17 66 56 74 20 2 19 33 39 32 75 95 24 43 69 28 90 53 66 83 4 67 91 91 46 70 17 30 6 35 17 51 3 34 65 11 8 90 67 1 21 60 96 87 31 78 25 82 88 36 88 29 6 44 8 32 26 40 22 
64 53 100 23 2 83 84 16 93 50 9 32 27 70 58 71 48 6 39 30 88 62 64 6 8 35 82 12 72 56 6 58 72 62 83 56 56 66 39 83 89 17 59 81 41 97 29 42 6 97 2 40 22 1 56 21 86 11 70 69 99 31 84 91 
37 19 82 96 79 63 77 22 48 60 64 54 4 49 30 45 79 91 6 28 84 70 10 94 23 90 62 47 55 1 56 31 32 40 62 39 54 82 29 70 57 2 89 77 50 81 96 70 82 66 56 57 65 100 15 31 3 96 67 96 46 58 53 29 
26 14 30 41 60 36 32 63 23 24 20 42 3 90 75 95 9 85 26 9 58 58 79 47 1 94 64 25 58 64 2 30 83 27 80 20 25 46 67 85 92 93 79 57 70 5 53 48 44 17 80 87 93 56 95 88 93 16 5 29 6 48 2 72 
95 90 36 30 11 63 22 20 10 59 81 4 82 75 69 16 11 91 85 61 95 88 68 39 39 72 90 17 87 47 97 60 68 55 37 16 86 3 95 45 88 88 83 3 70 8 100 35 60 61 42 67 43 44 15 31 38 61 12 94 55 93 60 46 
53 61 57 44 100 86 87 80 83 67 39 50 66 24 43 45 59 23 98 24 52 84 42 70 63 25 86 64 44 13 68 11 73 63 26 48 41 4 89 15 92 14 58 24 78 97 68 70 25 37 38 12 94 39 9 93 35 49 12 50 31 71 93 13 
20 10 7 12 48 43 52 73 39 77 4 45 6 37 81 21 32 72 28 72 74 10 31 26 48 19 20 29 57 35 4 16 20 3 86 47 99 11 15 24 63 95 30 96 82 78 28 40 36 28 57 27 26 90 56 86 52 91 27 93 41 78 5 18 
6 36 18 17 21 59 60 20 27 58 100 63 86 44 73 78 71 61 18 19 37 6 47 56 81 1 28 33 73 57 81 79 88 43 41 17 6 91 40 79 52 95 40 87 24 22 1 13 6 9 57 54 67 28 6 44 55 73 16 79 69 64 49 52 
100 4 15 74 39 21 48 91 42 51 90 1 21 9 94 32 78 99 63 67 54 96 70 75 57 45 4 48 19 74 97 6 22 76 49 89 71 82 80 64 78 26 58 30 73 75 83 14 44 67 97 48 93 87 28 85 89 42 32 75 80 40 33 55 
72 90 71 74 63 10 98 87 52 2 72 93 48 61 21 64 84 38 25 78 78 91 59 77 27 57 77 60 14 4 15 30 9 78 43 95 11 81 53 85 38 1 83 88 18 91 82 95 71 49 72 18 73 21 63 22 93 74 5 51 61 17 15 20 
29 42 56 49 4 97 43 100 70 39 9 8 66 16 55 33 22 86 57 56 86 43 15 21 82 18 47 7 54 70 89 59 40 52 35 55 16 39 2 27 92 17 74 27 52 25 65 88 54 30 96 25 83 66 83 59 61 17 70 95 8 54 87 43 
81 32 72 39 20 8 62 32 51 76 45 48 98 5 46 60 96 68 57 84 11 40 31 81 38 15 87 55 66 91 89 11 55 40 67 86 6 56 79 53 38 92 55 36 48 9 38 63 17 40 84 14 54 12 53 45 21 55 99 68 86 66 36 24 
58 84 7 6 62 70 14 5 61 93 33 17 30 53 40 14 66 6 4 27 65 98 81 57 39 61 11 25 96 47 29 30 2 98 10 28 23 26 29 19 95 11 21 54 35 67 84 21 51 8 8 3 87 88 37 1 42 49 12 8 70 18 30 21 
93 45 59 55 51 56 72 31 38 32 78 26 37 99 30 91 22 52 51 31 18 47 66 94 79 87 93 95 69 76 6 51 4 23 95 91 43 83 61 33 89 53 53 39 25 99 88 31 83 92 54 30 53 6 65 36 40 37 98 28 74 81 76 18 
18 1 12 35 18 88 84 3 7 51 81 92 61 14 93 89 15 84 71 53 95 31 24 46 73 98 93 69 44 66 25 41 18 61 93 56 56 45 34 30 55 91 19 12 80 40 54 24 2 48 49 90 1 15 27 40 39 27 34 52 32 22 31 79 
16 71 5 16 94 43 11 15 36 45 9 66 26 34 28 73 41 38 83 85 33 17 78 65 94 95 16 62 64 14 94 68 20 75 48 58 84 73 33 25 37 32 58 100 58 84 30 40 1 43 46 84 60 19 13 96 71 44 84 93 45 3 12 88 
9 40 94 46 42 76 3 53 13 27 26 26 78 15 77 61 52 41 14 13 34 81 30 2 97 6 88 44 86 75 47 83 64 61 13 98 74 93 54 85 54 94 100 85 47 71 81 79 30 81 31 24 26 81 88 38 81 85 99 87 49 72 97 79 
97 78 20 39 58 7 60 71 88 16 98 23 99 46 29 46 65 62 63 63 30 21 43 86 57 58 3 32 75 97 82 33 58 3 41 13 93 94 18 76 10 59 24 53 21 11 26 13 87 62 43 17 60 91 26 38 18 78 40 25 57 96 13 21 
23 38 76 94 79 8 73 44 24 41 25 30 90 15 81 22 5 93 18 98 54 95 75 91 89 13 96 62 90 14 65 73 21 73 11 26 44 89 14 45 65 91 43 35 6 90 79 34 41 1 21 9 10 89 89 93 25 84 71 10 31 78 83 97 
55 65 54 58 12 70 10 93 10 50 40 19 58 26 94 89 70 20 78 46 21 46 70 34 83 14 11 33 68 68 11 72 12 32 31 35 70 11 9 63 23 44 62 56 66 24 36 15 40 77 30 31 27 59 40 48 89 30 70 22 6 5 34 90 
10 93 16 90 94 39 66 19 63 99 44 33 62 41 20 83 68 14 82 60 17 66 34 3 42 85 84 34 41 1 11 38 23 31 76 96 12 96 41 39 21 45 2 54 77 27 79 24 80 93 58 69 17 73 30 3 45 69 90 22 17 71 51 98 
88 70 51 100 5 56 48 67 71 46 50 73 8 87 74 17 49 7 1 61 70 34 70 25 20 81 54 64 58 40 54 77 12 42 39 35 45 5 14 20 5 51 20 19 81 78 47 46 18 34 32 95 66 22 16 76 6 83 10 47 36 13 34 88 
72 51 41 13 97 98 74 91 34 18 70 26 54 37 59 24 63 11 69 93 11 62 76 37 53 45 26 30 17 25 2 73 72 52 48 59 85 95 5 87 6 23 34 53 36 51 63 80 70 90 60 96 58 14 47 59 3 60 84 16 20 40 7 62 
77 85 85 100 91 43 56 35 1 66 69 42 41 87 43 72 6 23 98 69 37 13 23 48 39 84 75 59 15 24 53 96 17 69 25 30 31 7 16 25 27 39 82 9 12 25 75 14 81 32 93 69 8 52 47 12 26 32 93 99 32 97 97 88 
13 66 76 82 78 16 37 6 10 38 2 72 75 88 67 7 39 95 40 60 67 9 5 92 74 73 59 42 19 82 95 75 23 11 38 2 100 13 60 42 100 36 70 54 99 3 23 40 86 51 30 14 19 2 24 42 36 81 16 86 37 11 49 10 
150 189 147 178 167 164 80 130 120 155 93 119 27 108 12 94 38 62 104 129 153 74 60 176 99 44 92 97 164 190 109 135 105 86 72 136 89 123 35 77 132 125 161 155 98 95 151 97 145 74 154 63 142 105 124 69 97 116 91 113 45 111 70 143 
189 12 88 99 11 101 93 132 134 2 66 74 42 99 116 22 134 71 94 177 93 104 153 149 121 46 45 122 106 74 35 67 85 36 101 99 53 106 122 100 13 154 81 27 126 126 132 61 95 107 93 110 59 85 141 166 93 65 153 37 63 87 83 157 
147 88 2 93 83 107 81 21 68 106 124 119 53 99 78 119 114 95 107 90 163 152 111 91 87 138 185 100 46 141 149 42 74 110 125 37 76 146 156 135 78 95 101 39 82 140 182 144 97 21 36 35 94 101 130 57 137 131 109 133 139 180 63 154 
178 99 93 110 95 80 75 135 73 149 79 165 60 112 108 80 127 191 43 89 117 119 132 48 158 99 59 147 161 103 98 103 84 105 162 102 8 44 79 99 135 112 64 78 78 120 173 127 60 176 82 34 102 69 46 77 131 107 63 148 71 40 138 176 
167 11 83 95 134 124 94 83 140 80 146 41 103 101 57 33 146 127 156 139 79 124 39 88 114 53 93 113 119 58 153 42 101 179 94 105 109 115 133 23 141 74 135 107 66 55 30 120 58 92 137 121 36 22 3 53 72 71 42 130 131 126 158 129 
164 101 107 80 124 156 44 163 154 61 119 94 95 98 75 142 101 159 36 119 117 93 98 54 130 40 36 75 97 152 84 105 118 112 109 62 148 164 122 98 160 96 110 136 111 114 112 49 136 162 145 98 150 23 49 92 110 59 195 68 66 102 101 70 
80 93 81 75 94 44 168 81 120 148 123 156 96 91 47 179 96 99 47 180 111 70 112 52 158 135 105 91 29 105 153 68 107 60 79 73 19 126 88 123 85 134 118 108 138 71 164 130 152 87 62 90 52 102 142 51 108 125 140 102 87 81 144 128 
130 132 21 135 83 163 81 24 111 131 119 127 124 154 53 121 169 140 77 112 113 28 96 191 112 74 129 35 110 66 162 145 138 111 177 123 113 67 105 144 104 92 105 93 26 131 140 19 45 70 72 74 163 43 48 94 82 125 136 87 101 135 71 78 
120 134 68 73 140 154 120 111 6 156 107 44 49 106 77 77 97 101 104 41 138 115 104 139 162 71 131 6 113 165 143 181 129 138 65 87 35 128 77 107 117 104 136 125 133 111 120 97 72 95 168 61 86 134 116 107 81 77 125 89 76 84 41 101 
155 2 106 149 80 61 148 131 156 24 94 94 143 124 98 19 69 173 134 96 59 108 106 74 62 158 116 138 78 115 126 73 78 166 102 170 40 133 63 39 59 87 106 102 6 104 99 145 79 72 96 193 110 60 101 38 87 83 144 124 82 86 148 126 
93 66 124 79 146 119 123 119 107 94 150 36 112 138 169 155 112 96 105 164 116 106 85 86 99 67 75 137 140 50 113 66 41 128 148 122 36 109 111 36 103 102 53 19 85 130 100 137 154 159 96 131 80 84 97 111 28 92 91 129 105 54 78 167 
119 74 119 165 41 94 156 127 44 94 36 122 30 66 119 124 58 145 55 35 102 157 104 40 144 123 160 61 135 129 28 112 49 78 40 121 164 158 99 122 40 123 149 173 155 122 147 78 27 139 38 108 83 18 117 144 79 98 105 84 57 114 110 93 
27 42 53 60 103 95 96 124 49 143 112 30 130 89 160 116 129 52 88 42 86 54 22 80 98 96 85 160 54 165 38 115 52 29 150 41 97 156 125 113 97 96 103 164 166 69 74 104 152 117 158 165 106 94 145 45 83 158 79 109 109 78 83 130 
108 99 99 112 101 98 91 154 106 124 138 66 89 30 144 36 142 131 98 57 67 155 192 104 141 99 180 38 175 17 38 109 97 38 141 186 189 86 97 64 146 26 116 93 45 93 62 167 139 77 45 26 124 77 73 186 59 133 56 36 130 180 120 101 
12 116 78 108 57 75 47 53 77 98 169 119 160 144 138 90 139 139 103 23 138 106 63 33 90 50 98 108 170 107 145 142 188 24 63 50 71 70 125 84 61 190 67 111 56 128 142 71 139 77 64 66 81 123 45 100 129 134 138 91 140 133 74 118 
94 22 119 80 33 142 179 121 77 19 155 124 116 36 90 142 103 28 110 134 101 162 169 148 140 14 197 151 60 26 56 120 94 111 25 43 122 136 47 65 75 26 183 65 114 71 52 143 155 76 157 111 159 91 93 48 71 127 167 42 130 105 51 63 
38 134 114 127 146 101 96 169 97 69 112 58 129 142 139 103 56 56 62 127 200 82 40 100 98 174 105 66 93 63 81 127 143 170 50 79 122 63 52 59 133 148 46 98 149 80 112 162 98 163 106 136 116 76 74 85 90 108 120 61 70 41 42 123 
62 71 95 191 127 159 99 140 101 173 96 145 52 131 139 28 56 4 76 109 86 72 104 15 131 57 40 176 89 74 138 37 93 29 128 53 80 77 150 45 73 75 163 82 97 66 122 34 75 69 84 178 110 31 165 185 182 82 139 102 49 125 15 134 
104 94 107 43 156 36 47 77 104 134 105 55 88 98 103 110 62 76 168 71 105 125 141 165 53 69 151 161 68 67 113 111 29 82 125 85 149 170 19 132 82 42 62 82 53 103 132 119 25 144 124 147 88 129 23 110 16 187 147 128 63 127 42 24 
129 177 90 89 139 119 180 112 41 96 164 35 42 57 23 134 127 109 71 158 115 133 55 89 56 98 45 86 155 72 119 33 171 71 59 87 86 67 90 164 118 100 120 149 121 83 178 98 87 71 75 123 68 128 161 117 110 36 163 174 145 40 161 47 
153 93 163 117 79 117 111 113 138 59 116 102 86 67 138 101 200 86 105 115 98 154 88 152 159 177 130 129 100 119 39 137 75 144 46 73 70 28 90 104 57 93 108 43 28 56 147 175 8 26 31 116 71 135 89 67 107 94 138 13 85 121 56 100 
74 104 152 119 124 93 70 28 115 108 106 157 54 155 106 162 82 72 125 133 154 122 74 167 102 64 179 145 123 50 71 138 69 89 102 41 147 96 79 153 86 100 188 53 68 111 150 106 64 66 133 52 194 115 90 76 60 76 95 27 140 146 51 60 
60 153 111 132 39 98 112 96 104 106 85 104 22 192 63 169 40 104 141 55 88 74 196 79 130 132 113 110 90 133 77 61 165 53 80 84 131 58 181 111 115 101 151 115 156 57 109 124 82 141 185 148 74 35 164 171 67 91 106 82 163 84 123 142 
176 149 91 48 88 54 52 191 139 74 86 40 80 104 33 148 100 15 165 89 152 167 79 84 135 149 98 104 98 68 39 173 89 93 99 73 73 111 34 162 148 116 99 107 27 64 104 53 29 126 66 107 76 43 112 11 155 68 95 184 130 171 73 99 
99 121 87 158 114 130 158 112 162 62 99 144 98 141 90 140 98 131 53 56 159 102 130 135 32 94 49 114 96 86 69 131 26 181 107 120 39 89 46 97 124 133 119 110 62 165 196 135 27 106 147 169 126 73 131 104 98 77 141 145 187 97 26 123 
44 46 138 99 53 40 135 74 71 158 67 123 96 99 50 14 174 57 69 98 177 64 132 149 94 160 152 79 132 78 108 154 67 184 81 189 72 9 120 88 24 139 178 44 141 84 39 51 27 99 54 85 125 142 76 155 137 138 125 87 17 90 163 142 
92 45 185 59 93 36 105 129 131 116 75 160 85 180 98 197 105 40 151 45 130 179 113 98 49 152 20 118 66 127 173 13 97 117 168 114 100 126 68 173 71 173 49 82 44 70 112 97 110 183 8 121 80 91 89 88 130 100 117 190 171 88 25 72 
97 122 100 147 113 75 91 35 6 138 137 61 160 38 108 151 66 176 161 86 129 145 110 104 114 79 118 14 72 126 67 106 65 142 135 73 44 61 61 67 169 129 167 151 76 104 26 77 51 64 135 84 13 129 29 143 132 119 98 155 62 14 138 122 
164 106 46 161 119 97 29 110 113 78 140 135 54 175 170 60 93 89 68 155 100 123 90 98 96 132 66 72 174 171 73 169 94 93 147 126 166 80 88 35 131 168 160 95 50 107 90 143 74 118 49 75 97 93 166 26 99 93 109 109 123 106 124 65 
190 74 141 103 58 152 105 66 165 115 50 129 165 17 107 26 63 74 67 72 119 50 133 68 86 78 127 126 171 104 144 108 178 113 65 81 134 68 169 59 102 149 32 101 130 72 113 127 115 10 74 89 96 112 117 74 179 101 74 62 172 75 117 37 
109 35 149 98 153 84 153 162 143 126 113 28 38 38 145 56 81 138 113 119 39 71 77 39 69 108 173 67 73 144 196 159 124 162 91 121 61 100 96 91 163 66 86 44 113 82 125 31 93 107 109 170 90 113 42 115 103 87 48 134 131 52 116 55 
135 67 42 103 42 105 68 145 181 73 66 112 115 109 142 120 127 37 111 33 137 138 61 173 131 154 13 106 169 108 159 200 141 139 83 108 90 111 79 33 87 149 77 48 113 65 131 126 48 65 128 99 115 146 148 52 34 115 133 137 83 41 61 61 
105 85 74 84 101 118 107 138 129 78 41 49 52 97 188 94 143 93 29 171 75 69 165 89 26 67 97 65 94 178 124 141 178 57 177 137 47 164 158 90 102 66 150 124 113 46 23 128 87 76 119 64 114 115 90 177 167 104 139 67 88 91 70 103 
86 36 110 105 179 112 60 111 138 166 128 78 29 38 24 111 170 29 82 71 144 89 53 93 181 184 117 142 93 113 162 139 57 124 111 26 117 91 101 126 118 124 117 92 67 148 88 56 141 105 190 112 70 130 54 75 162 116 153 100 92 102 148 87 
72 101 125 162 94 109 79 177 65 102 148 40 150 141 63 25 50 128 125 59 46 102 80 99 107 81 168 135 147 65 91 83 177 111 48 153 69 33 164 105 78 88 72 73 105 80 44 89 76 70 80 47 94 69 79 96 136 66 189 34 126 106 126 162 
136 99 37 102 105 62 73 123 87 170 122 121 41 186 50 43 79 53 85 87 73 41 84 73 120 189 114 73 126 81 121 108 137 26 153 126 4 147 71 103 109 138 93 70 116 151 113 46 184 63 58 131 79 88 185 41 121 75 103 109 40 89 44 116 
89 53 76 8 109 148 19 113 35 40 36 164 97 189 71 122 122 80 149 86 70 147 131 73 39 72 100 44 166 134 61 90 47 117 69 4 118 80 100 190 45 69 34 76 126 131 92 147 70 46 58 103 92 145 135 120 134 193 126 94 98 125 130 95 
123 106 146 44 115 164 126 67 128 133 109 158 156 86 70 136 63 77 170 67 28 96 58 111 89 9 126 61 80 68 100 111 164 91 33 147 80 60 71 30 6 134 150 132 78 146 125 130 59 155 121 139 105 131 108 135 72 78 28 98 80 111 74 50 
35 122 156 79 133 122 88 105 77 63 111 99 125 97 125 47 52 150 19 90 90 79 181 34 46 120 68 61 88 169 96 79 158 101 164 71 100 71 156 44 120 187 71 90 167 163 151 27 29 111 24 121 31 116 165 74 98 114 98 88 87 93 162 86 
77 100 135 99 23 98 123 144 107 39 36 122 113 64 84 65 59 45 132 164 104 153 111 162 97 88 173 67 35 59 91 33 90 126 105 103 190 30 44 146 138 130 87 89 114 106 90 165 66 74 91 83 118 102 70 139 111 164 152 179 160 104 50 124 
132 13 78 135 141 160 85 104 117 59 103 40 97 146 61 75 133 73 82 118 57 86 115 148 124 24 71 169 131 102 163 87 102 118 78 109 45 6 120 138 166 83 110 62 136 122 73 113 51 58 82 85 141 109 99 36 49 114 112 132 160 98 38 66 
125 154 95 112 74 96 134 92 104 87 102 123 96 26 190 26 148 75 42 100 93 100 101 116 133 139 173 129 168 149 66 149 66 124 88 138 69 134 187 130 83 188 130 169 84 103 60 21 80 67 90 85 42 116 125 139 18 43 31 24 106 107 117 67 
161 81 101 64 135 110 118 105 136 106 53 149 103 116 67 183 46 163 62 120 108 188 151 99 119 178 49 167 160 32 86 77 150 117 72 93 34 150 71 87 110 130 12 88 134 55 72 78 146 136 116 96 125 19 104 63 39 54 159 20 69 128 44 119 
155 27 39 78 107 136 108 93 125 102 19 173 164 93 111 65 98 82 82 149 43 53 115 107 110 44 82 151 95 101 44 48 124 92 73 70 76 132 90 89 62 169 88 44 74 126 81 179 47 76 15 76 173 97 163 107 43 34 76 101 109 71 27 145 
98 126 82 78 66 111 138 26 133 6 85 155 166 45 56 114 149 97 53 121 28 68 156 27 62 141 44 76 50 130 113 113 113 67 105 116 126 78 167 114 136 84 134 74 190 167 72 92 58 170 29 169 112 114 123 110 105 178 71 80 90 117 120 119 
95 126 140 120 55 114 71 131 111 104 130 122 69 93 128 71 80 66 103 83 56 111 57 64 165 84 70 104 107 72 82 65 46 148 80 151 131 146 163 106 122 103 55 126 167 182 169 86 96 54 122 12 114 26 133 58 83 95 71 109 116 100 98 91 
151 132 182 173 30 112 164 140 120 99 100 147 74 62 142 52 112 122 132 178 147 150 109 104 196 39 112 26 90 113 125 131 23 88 44 113 92 125 151 90 73 60 72 81 72 169 54 98 104 157 73 121 5 22 107 42 50 118 177 130 83 117 162 107 
97 61 144 127 120 49 130 19 97 145 137 78 104 167 71 143 162 34 119 98 175 106 124 53 135 51 97 77 143 127 31 126 128 56 89 46 147 130 27 165 113 21 78 179 92 86 98 170 89 22 43 118 162 33 137 163 162 84 126 185 71 81 29 109 
145 95 97 60 58 136 152 45 72 79 154 27 152 139 139 155 98 75 25 87 8 64 82 29 27 27 110 51 74 115 93 48 87 141 76 184 70 59 29 66 51 80 146 47 58 96 104 89 20 117 63 123 98 71 96 94 42 64 117 127 54 64 101 121 
74 107 21 176 92 162 87 70 95 72 159 139 117 77 77 76 163 69 144 71 26 66 141 126 106 99 183 64 118 10 107 65 76 105 70 63 46 155 111 74 58 67 136 76 170 54 157 22 117 148 93 76 105 80 163 148 143 76 165 103 73 44 37 70 
154 93 36 82 137 145 62 72 168 96 96 38 158 45 64 157 106 84 124 75 31 133 185 66 147 54 8 135 49 74 109 128 119 190 80 58 58 121 24 91 82 90 116 15 29 122 73 43 63 93 194 140 124 180 112 66 153 23 127 102 141 142 123 128 
63 110 35 34 121 98 90 74 61 193 131 108 165 26 66 111 136 178 147 123 116 52 148 107 169 85 121 84 75 89 170 99 64 112 47 131 103 139 121 83 85 85 96 76 169 12 121 118 123 76 140 20 128 122 89 40 38 182 50 144 152 54 172 152 
142 59 94 102 36 150 52 163 86 110 80 83 106 124 81 159 116 110 88 68 71 194 74 76 126 125 80 13 97 96 90 115 114 70 94 79 92 105 31 118 141 42 125 173 112 114 5 162 98 105 124 128 44 81 59 74 84 73 66 80 100 119 41 118 
105 85 101 69 22 23 102 43 134 60 84 18 94 77 123 91 76 31 129 128 135 115 35 43 73 142 91 129 93 112 113 146 115 130 69 88 145 131 116 102 109 116 19 97 114 26 22 33 71 80 180 122 81 32 106 85 110 29 128 130 137 155 159 51 
124 141 130 46 3 49 142 48 116 101 97 117 145 73 45 93 74 165 23 161 89 90 164 112 131 76 89 29 166 117 42 148 90 54 79 185 135 108 165 70 99 125 104 163 123 133 107 137 96 163 112 89 59 106 140 114 64 95 132 77 105 69 58 114 
69 166 57 77 53 92 51 94 107 38 111 144 45 186 100 48 85 185 110 117 67 76 171 11 104 155 88 143 26 74 115 52 177 75 96 41 120 135 74 139 36 139 63 107 110 58 42 163 94 148 66 40 74 85 114 16 32 113 31 95 113 141 156 122 
97 93 137 131 72 110 108 82 81 87 28 79 83 59 129 71 90 182 16 110 107 60 67 155 98 137 130 132 99 179 103 34 167 162 136 121 134 72 98 111 49 18 39 43 105 83 50 162 42 143 153 38 84 110 64 32 146 112 109 114 150 116 68 91 
116 65 131 107 71 59 125 125 77 83 92 98 158 133 134 127 108 82 187 36 94 76 91 68 77 138 100 119 93 101 87 115 104 116 66 75 193 78 114 164 114 43 54 34 178 95 118 84 64 76 23 182 73 29 95 113 112 194 98 134 114 166 43 78 
91 153 109 63 42 195 140 136 125 144 91 105 79 56 138 167 120 139 147 163 138 95 106 95 141 125 117 98 109 74 48 133 139 153 189 103 126 28 98 152 112 31 159 76 71 71 177 126 117 165 127 50 66 128 132 31 109 98 50 106 162 116 148 155 
113 37 133 148 130 68 102 87 89 124 129 84 109 36 91 42 61 102 128 174 13 27 82 184 145 87 190 155 109 62 134 137 67 100 34 109 94 98 88 179 132 24 20 101 80 109 130 185 127 103 102 144 80 130 77 95 114 134 106 138 45 64 76 45 
45 63 139 71 131 66 87 101 76 82 105 57 109 130 140 130 70 49 63 145 85 140 163 130 187 17 171 62 123 172 131 83 88 92 126 40 98 80 87 160 160 106 69 109 90 116 83 71 54 73 141 152 100 137 105 113 150 114 162 45 116 126 88 153 
111 87 180 40 126 102 81 135 84 86 54 114 78 180 133 105 41 125 127 40 121 146 84 171 97 90 88 14 106 75 52 41 91 102 106 89 125 111 93 104 98 107 128 71 117 100 117 81 64 44 142 54 119 155 69 141 116 166 116 64 126 112 42 50 
70 83 63 138 158 101 144 71 41 148 78 110 83 120 74 51 42 15 42 161 56 51 123 73 26 163 25 138 124 117 116 61 70 148 126 44 130 74 162 50 38 117 44 27 120 98 162 29 101 37 123 172 41 159 58 156 68 43 148 76 88 42 182 129 
143 157 154 176 129 70 128 78 101 126 167 93 130 101 118 63 123 134 24 47 100 60 142 99 123 142 72 122 65 37 55 61 103 87 162 116 95 50 86 124 66 67 119 145 119 91 107 109 121 70 128 152 118 51 114 122 91 78 155 45 153 50 129 50 