64
60 98 82 35 15 44 45 38 39 84 91 1 30 69 75 78 3 10 23 54 67 69 37 16 9 53 11 27 66 93 76 31 30 42 42 94 50 82 90 50 54 31 28 64 96 11 41 57 66 58 95 86 77 19 33 25 86 76 38 73 90 18 91 29 
36 53 37 16 46 63 13 90 1 77 24 86 37 56 17 19 17 5 19 50 90 8 22 8 93 39 39 97 46 98 7 78 25 22 59 61 20 81 64 99 51 42 99 55 39 17 34 44 77 46 96 46 4 8 4 10 42 98 9 8 34 56 62 57 
72 54 68 57 49 68 79 97 23 49 51 11 36 89 30 71 26 63 73 17 44 82 84 93 29 88 54 80 39 67 19 75 61 13 1 17 26 59 35 58 76 85 17 92 66 81 7 15 12 87 24 10 75 52 38 77 11 31 46 42 44 40 63 79 
44 89 54 72 91 55 100 74 30 27 40 6 29 42 93 35 35 7 15 42 24 16 40 90 73 72 62 88 58 74 30 19 74 33 99 48 97 73 63 15 77 8 47 21 96 85 92 92 12 71 46 86 86 69 29 96 63 36 45 26 55 71 30 60 
8 59 53 91 41 39 85 42 63 36 78 8 3 83 79 33 69 99 43 21 99 23 57 19 59 14 8 17 47 80 54 30 7 20 1 93 34 35 26 40 28 77 96 7 4 80 93 30 50 50 98 47 96 52 44 37 13 11 17 99 67 71 55 17 
25 57 2 36 79 13 22 53 18 59 95 23 94 66 11 34 37 84 78 8 65 87 34 32 91 61 100 57 94 87 80 40 73 87 13 46 87 70 97 97 92 12 38 88 29 25 16 25 86 40 82 24 41 2 4 39 53 14 62 49 23 85 89 78 
30 44 32 37 7 98 54 50 92 80 13 16 77 20 54 17 58 80 70 20 65 60 51 36 42 29 57 16 16 67 95 16 70 98 87 56 38 34 96 75 60 27 42 91 50 29 61 37 91 11 49 17 17 29 97 55 66 46 14 40 98 43 58 24 
60 65 52 82 66 30 86 9 34 30 81 58 91 77 67 75 78 70 66 91 44 12 18 58 87 93 31 64 33 3 84 59 62 17 19 56 40 40 63 23 90 8 87 8 35 19 69 4 88 62 2 80 70 36 58 66 92 53 50 14 88 62 27 37 
86 14 24 11 95 90 34 48 80 33 12 28 53 23 27 28 96 77 14 60 80 92 49 1 42 60 52 17 26 31 31 56 98 30 26 13 63 100 11 96 42 95 80 70 73 86 26 69 26 38 67 23 23 93 99 98 4 4 83 21 31 85 45 26 
41 17 33 7 51 2 24 24 39 34 48 35 39 41 64 79 78 51 87 53 10 62 20 16 52 58 67 86 30 17 46 43 27 50 12 93 22 61 21 95 95 39 29 26 46 60 37 88 57 39 61 37 79 10 35 25 44 51 80 83 45 31 51 43 
58 45 62 90 40 83 53 21 18 23 4 34 38 14 14 46 86 36 59 39 89 93 57 12 49 60 64 26 32 67 40 31 63 66 35 37 91 95 48 59 71 14 73 88 20 39 18 26 52 12 47 6 100 3 78 58 28 58 66 48 33 93 8 70 
35 47 93 47 18 26 40 39 61 93 40 65 71 94 14 93 73 33 73 35 38 63 65 5 63 33 14 52 19 85 74 67 83 67 3 75 47 100 9 61 19 54 94 57 72 46 99 4 39 37 16 60 100 65 1 10 47 16 12 44 76 62 31 72 
35 97 36 97 47 21 63 75 85 55 49 56 55 76 62 58 4 32 64 97 23 95 96 67 40 32 53 79 5 37 12 89 90 95 16 65 67 6 89 68 13 5 72 75 43 45 59 92 70 26 19 19 86 48 34 55 12 83 17 76 98 43 38 79 
14 63 96 40 25 48 7 39 19 13 72 89 59 40 81 78 98 95 8 2 22 24 18 11 98 8 70 18 42 91 91 61 93 27 65 80 45 15 90 97 25 22 37 17 55 23 2 7 42 73 45 70 49 10 86 27 41 87 4 5 63 18 57 81 
59 17 19 13 13 49 93 41 57 71 39 62 42 25 6 40 94 82 74 98 92 7 70 94 18 15 11 11 66 32 38 58 75 40 59 15 76 5 42 76 83 49 19 36 3 21 48 24 25 45 71 100 97 45 44 15 12 46 33 1 6 6 48 54 
67 49 71 27 67 20 71 80 57 87 45 11 15 51 94 34 64 30 49 63 44 10 57 72 26 62 72 3 64 9 87 35 32 29 10 21 43 10 6 62 45 43 5 31 82 27 54 3 59 16 69 11 42 34 19 37 24 4 74 13 85 86 17 75 
10 63 80 65 60 13 65 49 5 73 23 97 80 100 42 100 58 16 42 45 3 94 21 12 22 82 86 80 37 22 99 78 35 10 96 5 18 74 2 36 38 62 88 80 68 49 78 28 95 13 50 19 27 80 35 45 22 13 71 42 12 48 96 66 
19 35 42 2 20 82 84 84 48 22 24 75 41 32 58 83 56 74 32 95 21 98 72 78 42 81 54 55 53 66 97 55 72 26 28 25 66 33 18 70 45 13 15 93 33 98 86 54 6 95 86 66 35 69 27 29 97 3 14 26 95 96 55 76 
38 28 85 18 87 49 38 3 21 32 24 22 51 49 73 97 19 28 73 26 62 17 2 72 11 99 52 57 98 41 59 7 46 10 99 28 31 16 85 8 79 67 96 19 17 88 23 9 49 75 84 29 32 73 98 9 89 17 12 16 51 82 81 41 
45 100 72 67 44 83 95 3 98 27 36 97 57 35 55 92 76 31 73 22 6 52 6 94 77 12 54 3 7 5 38 50 12 8 38 32 47 76 17 20 54 7 65 49 95 23 29 29 28 47 34 41 85 68 22 10 97 61 35 97 26 39 97 23 
69 8 80 52 67 10 62 35 1 69 8 3 47 86 84 60 100 65 89 35 8 74 47 95 68 75 71 21 87 90 43 70 49 56 5 32 86 2 64 97 55 56 72 61 83 18 28 84 44 59 18 8 26 52 68 89 83 68 39 73 88 51 57 4 
40 57 51 75 56 81 92 25 96 28 97 52 87 88 90 66 52 16 67 82 73 14 58 76 96 1 21 56 4 19 48 62 56 24 72 92 51 84 29 26 43 88 80 56 87 53 80 44 4 34 16 83 15 22 29 69 18 85 39 68 35 55 2 84 
3 35 98 84 71 87 10 38 54 14 81 94 63 36 11 18 31 27 87 32 21 26 11 73 5 52 24 45 92 8 50 67 3 97 87 27 56 31 49 94 71 42 52 77 88 16 30 30 23 61 47 13 55 14 92 81 99 81 79 31 37 36 4 8 
96 99 72 83 19 57 86 89 17 73 33 43 75 5 28 30 52 19 32 13 6 30 88 92 97 44 82 93 83 74 9 5 20 71 86 94 18 10 36 36 75 8 17 32 26 46 81 79 47 13 90 59 10 33 100 69 32 58 44 44 3 75 93 44 
6 13 98 51 51 35 42 76 6 1 38 41 37 9 99 32 43 4 51 18 53 75 59 57 13 51 67 79 88 39 98 3 63 31 11 68 86 26 79 28 54 66 71 8 65 55 40 40 79 29 78 72 40 46 12 53 71 82 34 84 71 11 6 67 
34 68 20 36 66 80 37 6 93 28 27 76 59 71 36 11 53 67 17 56 59 68 90 44 26 23 75 24 77 78 16 43 79 45 4 57 38 75 79 76 98 49 7 92 11 21 96 62 35 26 19 17 90 54 31 46 5 25 99 16 22 98 60 12 
22 81 1 91 49 96 72 5 93 44 22 56 64 79 51 11 20 97 57 7 40 88 46 82 42 4 79 75 71 62 39 36 98 93 94 6 95 1 2 87 37 67 48 18 73 46 74 99 61 91 56 44 82 51 88 30 85 52 54 32 59 63 67 3 
73 12 47 39 33 25 14 98 86 40 71 70 27 37 80 32 74 47 37 14 49 31 17 78 7 26 99 6 97 84 4 20 72 51 22 44 98 16 93 71 73 52 42 97 93 32 74 34 65 80 59 81 41 12 16 96 47 86 14 5 14 9 92 34 
91 25 81 91 77 63 67 11 14 75 77 73 44 61 100 94 94 94 34 1 80 11 57 65 76 73 61 71 13 53 48 49 77 21 71 66 80 82 39 36 24 69 64 15 60 37 44 30 31 93 62 16 5 54 43 51 45 29 29 61 81 59 61 86 
7 53 18 60 8 67 73 21 54 44 56 3 91 14 64 26 45 64 33 83 11 37 98 62 12 22 77 15 49 44 18 97 90 82 91 1 91 30 54 4 87 72 11 71 5 43 69 48 32 7 45 43 65 43 24 29 63 91 16 43 67 69 95 66 
6 12 19 34 10 67 57 37 89 34 57 95 22 23 45 11 57 51 45 12 55 83 67 77 67 91 32 98 75 73 62 31 34 38 99 2 80 13 85 46 33 40 85 74 75 51 24 69 100 86 6 81 72 75 75 92 19 33 42 43 43 25 57 21 
71 49 42 57 75 79 50 31 63 78 10 56 50 36 7 81 77 38 69 11 66 9 81 43 31 65 85 72 73 47 77 53 48 13 42 65 23 97 50 6 85 34 90 32 72 24 38 48 29 78 76 57 10 28 11 19 30 92 10 63 54 48 20 13 
57 50 46 36 24 95 25 80 92 37 74 99 77 20 95 36 70 89 9 78 27 62 90 60 19 46 69 54 8 6 81 61 60 2 17 35 27 12 9 35 72 67 82 82 13 34 33 94 64 31 34 76 1 86 20 100 61 21 34 67 45 65 55 3 
99 29 81 97 44 76 4 67 22 37 40 45 28 91 36 100 20 83 31 72 27 79 97 61 25 40 93 39 48 8 77 35 36 77 24 56 5 30 4 70 11 9 65 40 3 82 19 88 85 23 52 11 19 22 84 86 41 39 6 34 30 21 74 64 
94 51 83 12 44 32 13 91 25 94 60 86 65 32 22 33 54 76 82 26 58 27 10 26 19 98 97 10 64 33 11 40 1 12 43 77 13 78 2 89 13 40 9 94 65 22 87 45 36 30 98 84 65 46 82 83 30 39 30 83 62 52 71 27 
52 18 61 76 24 24 90 87 73 56 17 91 59 83 17 58 23 56 86 84 57 100 34 28 21 75 22 85 16 66 12 71 40 27 12 43 51 48 89 65 93 53 72 35 26 96 98 72 91 42 73 81 68 88 41 90 79 11 35 98 10 88 84 88 
43 96 38 45 63 39 2 35 24 69 26 27 98 15 75 10 87 92 52 67 78 36 75 25 54 53 47 1 90 28 74 12 94 64 4 68 50 100 77 61 92 38 16 50 70 49 37 2 14 4 18 89 38 85 47 74 49 81 74 37 10 21 20 43 
29 45 13 55 5 4 99 14 63 8 88 69 25 22 99 76 36 75 80 10 66 83 6 84 73 50 83 66 94 98 11 32 32 30 43 29 76 12 63 1 41 29 79 41 50 76 51 80 43 56 24 35 68 29 94 43 15 76 55 11 96 83 50 15 
38 56 65 5 72 40 60 79 91 56 58 63 26 24 93 44 11 32 49 86 89 1 2 43 17 8 99 60 57 48 99 44 18 68 17 97 33 18 40 83 100 26 58 36 30 6 36 84 78 80 6 90 9 7 8 45 31 93 56 9 83 50 42 73 
18 60 62 5 73 36 37 34 17 34 44 24 79 8 34 53 96 76 8 40 25 37 48 78 82 76 50 29 30 46 86 18 15 53 18 28 44 38 66 95 7 42 38 4 73 63 62 69 81 62 71 6 73 32 88 89 59 56 78 86 16 45 50 21 
100 50 91 43 58 73 1 51 11 16 11 86 79 38 50 18 41 76 92 57 81 44 95 85 64 95 68 77 5 23 51 5 52 98 36 2 97 58 64 75 34 9 36 53 9 75 91 49 16 32 99 77 91 1 5 1 81 71 68 65 53 40 70 10 
49 16 30 71 95 99 69 79 85 69 21 3 92 82 100 56 26 87 64 16 33 70 59 84 36 53 98 52 28 25 30 74 26 68 33 99 3 60 81 94 25 41 90 95 41 99 77 93 1 89 40 18 39 83 15 70 29 21 36 71 72 61 46 2 
1 17 79 50 67 58 62 98 11 10 54 33 32 56 90 81 100 30 11 12 78 78 98 66 54 16 79 43 65 81 83 50 100 64 96 5 12 40 39 47 67 88 14 21 29 83 90 10 65 84 52 81 73 35 20 6 86 42 49 76 46 37 97 48 
13 12 10 94 49 46 72 21 53 9 90 8 84 33 94 1 90 28 93 100 6 80 70 27 94 87 12 15 40 80 50 77 3 85 89 21 60 59 53 13 81 58 32 45 37 24 30 21 37 4 51 93 64 47 65 54 52 42 67 17 34 97 11 43 
97 81 17 66 9 89 43 69 63 2 62 77 51 18 85 86 43 53 86 51 40 37 53 73 65 8 47 83 32 60 63 10 73 89 27 31 50 76 41 53 35 79 86 50 98 84 90 2 46 31 50 56 59 62 13 53 52 16 27 34 41 31 33 70 
19 39 12 32 100 29 42 94 37 21 55 22 24 59 14 80 14 40 97 29 65 19 49 55 55 98 25 10 26 26 60 80 68 1 38 75 28 68 59 77 94 65 63 19 25 11 72 61 38 11 16 51 84 14 45 67 21 73 46 79 79 32 55 19 
59 21 84 90 35 42 90 49 55 70 7 32 30 20 43 36 11 90 34 81 14 76 84 6 15 35 4 45 74 22 72 34 5 97 8 4 9 99 5 90 23 65 100 44 42 60 70 63 68 96 90 99 22 96 34 21 74 3 12 75 13 94 43 21 
77 36 46 28 86 90 62 28 49 12 14 67 22 93 23 12 64 91 55 3 1 8 70 2 83 73 31 6 93 3 47 61 44 90 70 91 59 87 15 30 98 4 11 78 5 26 36 74 29 54 65 11 80 96 5 78 29 74 51 69 9 56 27 100 
39 5 49 88 52 83 61 80 22 63 45 70 86 8 93 80 25 21 1 88 7 83 1 70 32 36 63 74 14 59 33 24 11 99 9 54 98 10 100 93 6 64 62 69 74 39 4 78 57 35 62 77 56 88 78 22 34 94 14 32 62 89 84 65 
58 62 43 43 8 44 74 32 22 29 12 73 29 39 47 94 58 21 75 79 68 92 65 67 85 66 67 21 47 37 7 24 9 67 79 65 43 11 32 31 29 85 82 54 43 40 4 100 75 12 43 16 96 72 4 64 27 34 12 91 61 85 36 30 
48 38 23 65 21 75 66 41 55 79 29 40 30 71 82 2 77 61 8 41 68 78 82 95 25 34 20 85 100 1 39 87 4 21 81 43 86 48 6 96 19 1 40 31 77 47 68 78 21 48 71 30 86 83 14 54 47 81 54 57 67 78 37 34 
45 57 84 80 97 24 49 46 56 15 38 5 40 18 29 54 90 18 85 46 43 18 15 44 8 69 20 72 46 66 40 82 68 44 80 36 15 60 89 87 11 71 29 1 1 99 61 60 12 51 7 47 40 41 73 24 79 36 20 68 77 50 46 70 
58 84 91 75 40 16 66 92 34 84 20 63 92 94 18 5 30 11 24 40 37 90 69 1 26 64 98 30 37 84 95 14 39 57 89 37 34 55 16 81 70 62 38 23 42 94 67 37 32 38 39 71 76 58 75 48 53 65 31 32 11 91 41 86 
92 92 94 49 29 48 91 15 45 4 7 12 92 53 80 38 68 96 51 91 2 12 31 34 38 97 31 85 63 93 71 77 29 58 36 52 20 55 37 83 39 73 45 34 78 39 97 14 20 34 23 88 91 36 13 92 18 76 90 68 6 82 89 8 
18 24 68 76 39 2 19 20 78 42 73 21 71 64 80 2 96 79 65 90 25 87 61 97 13 2 48 56 51 70 83 26 36 68 61 98 37 25 56 95 69 45 53 80 12 86 53 42 54 84 39 68 65 55 73 26 8 74 25 96 74 39 30 15 
25 19 21 25 89 84 47 61 76 38 100 99 63 20 9 88 99 86 43 30 19 40 57 45 22 2 95 92 7 61 90 94 10 96 16 74 45 90 45 29 49 41 49 42 6 63 85 57 98 12 43 76 46 39 94 75 81 38 59 73 86 97 68 65 
44 27 76 73 13 38 37 67 70 67 75 96 89 31 61 50 33 40 48 47 26 15 8 64 61 29 79 75 66 95 70 40 6 1 4 5 50 11 23 89 96 70 48 96 35 53 76 9 62 69 86 22 83 90 99 44 89 29 88 14 24 88 65 99 
2 20 84 72 34 53 51 21 15 9 25 49 90 59 63 57 50 66 38 16 72 99 58 27 63 24 12 38 27 28 16 46 43 49 34 19 83 26 83 57 17 10 42 48 88 60 50 18 9 60 72 39 39 27 62 23 57 95 100 34 28 86 41 69 
5 75 71 11 23 88 25 85 7 43 93 34 56 47 50 74 82 5 26 62 69 69 21 84 79 31 86 10 14 24 44 10 30 7 5 95 73 10 52 45 73 7 82 63 92 31 75 21 29 16 77 62 3 38 84 51 65 7 26 13 53 55 35 91 
61 70 8 95 97 22 87 94 67 4 42 65 79 18 53 58 37 81 8 46 94 50 46 52 60 99 8 40 17 86 66 64 24 19 73 97 58 60 28 100 28 1 18 38 80 32 63 83 53 13 70 61 95 84 17 52 62 55 65 41 97 48 10 98 
28 20 73 96 85 8 44 92 28 77 50 14 84 42 32 15 67 26 51 61 87 23 64 51 71 2 1 98 27 79 35 82 88 100 52 73 74 45 57 40 7 38 17 89 56 43 28 52 88 85 47 53 7 82 29 99 25 59 48 7 64 64 59 52 
23 31 25 68 52 45 8 6 46 98 44 91 29 76 68 68 28 94 7 20 95 65 59 87 43 79 96 48 19 60 46 14 93 45 58 72 37 21 20 31 70 79 51 14 40 40 85 46 68 20 26 62 90 13 50 66 54 5 72 94 42 47 70 67 
79 54 58 49 36 34 25 76 4 94 61 100 36 60 28 80 98 93 13 35 100 76 30 54 87 67 57 95 76 34 91 2 71 70 48 98 44 44 20 47 70 55 29 81 96 10 26 28 23 42 69 24 84 69 24 6 9 68 51 65 4 94 26 27 
12 79 24 53 10 61 29 100 27 10 6 94 71 77 26 6 74 74 52 50 100 16 81 50 67 40 40 30 41 99 36 79 55 92 41 4 60 27 66 65 91 43 42 98 82 5 69 46 54 82 42 57 29 100 94 10 74 98 20 8 61 79 67 43 
78 159 48 15 151 70 132 86 89 144 16 56 109 148 112 114 123 30 148 146 94 72 106 113 160 93 56 122 96 84 172 115 160 139 114 79 60 114 81 175 46 69 106 106 106 111 55 102 101 68 92 89 119 112 77 41 38 122 81 153 99 57 106 132 
159 168 63 116 76 52 58 72 134 61 140 83 103 129 147 49 150 87 86 20 104 98 121 60 110 49 101 111 141 111 108 56 86 183 79 131 85 99 59 36 48 26 80 36 63 58 54 20 97 105 60 112 142 48 50 39 20 120 145 171 161 31 69 34 
48 63 46 153 120 63 82 74 88 171 158 107 20 105 28 85 182 135 95 178 129 12 63 112 98 92 92 95 75 128 47 142 67 136 101 77 89 135 139 89 87 161 134 157 137 78 91 95 61 134 68 65 94 128 60 146 107 54 57 62 89 41 78 58 
15 116 153 52 132 99 72 43 122 21 105 128 98 150 111 124 74 129 142 142 54 112 37 58 156 50 176 63 129 132 71 152 122 78 98 150 72 11 66 81 127 119 117 173 126 163 86 56 103 129 148 138 116 55 74 121 65 75 67 120 158 70 45 96 
151 76 120 132 64 145 132 156 56 140 85 150 110 145 64 89 126 99 160 109 89 66 134 115 29 152 48 126 42 101 66 84 124 116 22 32 86 37 38 98 63 73 91 131 119 52 56 191 86 55 49 156 107 78 84 108 74 119 119 92 106 160 128 123 
70 52 63 99 145 130 95 27 183 47 98 137 110 41 105 46 83 165 67 80 72 118 118 97 99 134 29 115 21 89 170 160 49 92 36 110 116 89 78 73 148 107 92 164 96 112 108 71 84 172 100 146 91 152 37 94 16 127 60 49 116 71 125 53 
132 58 82 72 132 95 96 156 84 78 48 75 87 145 188 48 77 89 135 152 82 101 131 65 195 51 37 59 65 83 70 93 59 74 54 66 86 148 88 163 97 96 140 164 124 91 101 114 139 148 122 134 53 113 190 84 172 101 93 50 96 39 36 118 
86 72 74 43 156 27 156 192 42 62 173 111 140 178 133 65 84 51 111 50 109 90 160 109 105 154 45 80 94 195 91 99 94 44 126 79 91 142 110 108 60 128 162 64 128 139 147 134 149 105 69 165 142 37 77 148 71 99 115 178 181 96 58 46 
89 134 88 122 56 183 84 42 4 122 191 114 156 114 109 131 70 8 152 99 157 55 116 65 92 43 28 139 56 159 127 50 126 113 149 95 77 45 137 87 89 160 118 51 160 159 127 29 127 136 94 83 73 98 182 148 98 141 99 94 105 124 20 105 
144 61 171 21 140 47 78 62 122 108 108 155 81 70 51 76 86 107 29 127 134 123 124 96 120 169 82 126 89 114 138 110 70 102 101 68 111 78 107 87 50 87 155 146 137 114 101 42 82 66 142 19 85 118 77 138 84 129 132 126 128 102 63 115 
16 140 158 105 85 98 48 173 191 108 70 104 93 99 145 53 89 190 109 88 127 169 78 97 158 37 78 115 58 48 144 36 64 109 148 90 53 130 72 140 69 20 95 32 148 54 42 106 47 154 90 98 129 74 173 65 73 133 26 100 105 90 59 40 
56 83 107 128 150 137 75 111 114 155 104 108 136 91 80 139 107 81 123 174 86 111 142 149 120 99 166 68 57 84 101 108 16 119 56 87 156 119 96 102 81 151 42 161 111 74 120 89 105 121 126 115 103 13 160 123 104 76 140 151 170 90 104 81 
109 103 20 98 110 110 87 140 156 81 93 136 124 158 53 94 193 44 66 160 104 120 131 106 120 56 100 169 51 141 45 93 164 91 157 44 80 38 152 103 35 96 133 62 97 118 133 82 96 68 131 124 79 55 41 109 53 58 137 35 96 19 54 174 
148 129 105 150 145 41 145 178 114 70 99 91 158 114 130 68 23 125 169 113 86 86 92 93 101 138 143 98 190 83 154 145 138 130 151 30 46 84 147 111 84 45 107 172 86 67 124 111 94 54 107 82 29 79 126 149 128 158 78 143 77 112 128 182 
112 147 28 111 64 105 188 133 109 51 145 80 53 130 68 94 153 198 95 106 127 147 136 81 167 177 28 145 70 125 29 112 127 66 96 122 41 74 84 25 89 48 94 122 171 104 112 108 157 112 137 80 103 133 141 156 58 78 94 95 112 103 87 87 
114 49 85 124 89 46 48 65 131 76 53 139 94 68 94 98 171 166 165 39 73 107 119 41 38 128 141 101 56 71 100 44 71 137 91 125 161 138 90 47 122 171 194 148 129 44 33 34 152 140 35 72 121 92 110 106 103 91 150 78 186 176 149 96 
123 150 182 74 126 83 77 84 70 86 89 107 193 23 153 171 130 22 105 91 34 91 45 68 68 47 55 101 30 143 89 139 75 158 122 26 92 73 148 112 148 134 71 87 136 29 130 117 83 160 96 57 92 36 55 96 141 73 79 43 76 42 140 133 
30 87 135 129 99 165 89 51 8 107 190 81 44 125 198 166 22 34 162 61 68 169 93 148 64 28 78 140 142 65 87 60 189 58 45 63 133 94 141 114 92 134 147 98 95 78 75 121 86 144 96 50 88 68 95 115 61 83 86 48 76 80 147 95 
148 86 95 142 160 67 135 111 152 29 109 123 66 169 95 165 105 162 16 68 113 143 32 45 117 88 99 112 116 129 29 145 90 146 185 80 33 52 81 74 146 133 103 140 136 142 185 60 156 91 91 76 76 171 96 118 84 69 131 128 128 20 118 142 
146 20 178 142 109 80 152 50 99 127 88 174 160 113 106 39 91 61 68 42 44 96 66 181 90 64 62 75 87 48 34 112 160 93 160 103 148 65 128 130 89 75 146 107 98 99 128 100 127 79 172 147 21 97 158 90 65 73 82 47 140 79 139 163 
94 104 129 54 89 72 82 109 157 134 127 86 104 86 127 73 34 68 113 44 148 81 97 132 79 89 69 99 93 100 77 58 109 108 94 197 52 63 40 111 94 136 66 106 152 91 84 87 113 172 107 127 69 172 128 197 93 73 78 174 100 165 130 73 
72 98 12 112 66 118 101 90 55 123 169 111 120 86 147 107 91 169 143 96 81 158 75 127 39 133 170 111 106 72 80 192 143 112 155 84 73 172 112 96 110 160 88 84 71 146 83 117 94 81 157 128 101 149 104 103 67 154 136 100 139 89 102 95 
106 121 63 37 134 118 131 160 116 124 78 142 131 92 136 119 45 93 32 66 97 75 50 125 118 23 115 129 130 63 79 156 150 149 107 167 86 159 113 105 119 97 63 152 92 48 72 108 73 97 68 95 87 65 37 105 85 68 135 127 92 106 40 137 
113 60 112 58 115 97 65 109 65 96 97 149 106 93 81 41 68 148 45 181 132 127 125 96 125 47 90 113 84 82 29 101 182 66 39 78 45 102 56 135 98 87 108 94 100 143 85 97 89 128 88 90 171 137 40 95 95 104 65 175 112 82 129 119 
160 110 98 156 29 99 195 105 92 120 158 120 120 101 167 38 68 64 117 90 79 39 118 125 104 69 30 85 144 135 41 105 54 86 77 137 103 98 145 196 103 37 61 131 129 112 17 125 158 164 31 66 100 156 160 100 100 144 113 41 12 64 92 140 
93 49 92 50 152 134 51 154 43 169 37 99 56 138 177 128 47 28 88 64 89 133 23 47 69 88 175 25 184 110 138 155 180 76 106 161 46 16 99 107 93 133 29 72 69 123 126 148 83 114 21 111 169 52 77 141 117 31 98 119 83 127 97 134 
56 101 92 176 48 29 37 45 28 82 78 166 100 143 28 141 55 78 99 62 69 170 115 90 30 175 102 47 160 187 112 169 107 67 163 90 141 122 113 146 166 122 184 127 107 94 51 111 80 100 127 75 69 116 97 54 112 149 159 145 81 118 138 114 
122 111 95 63 126 115 59 80 139 126 115 68 169 98 145 101 101 140 112 75 99 111 129 113 85 25 47 140 92 125 76 152 79 102 95 84 99 103 89 46 139 78 85 104 178 84 196 144 68 99 59 81 103 132 111 90 129 52 114 108 130 122 25 124 
96 141 75 129 42 21 65 94 56 89 58 57 51 190 70 56 30 142 116 87 93 106 130 84 144 184 160 92 34 153 18 76 71 74 141 93 83 145 86 92 60 106 136 80 183 178 36 71 165 90 39 92 67 74 108 32 81 180 124 124 82 123 164 91 
84 111 128 132 101 89 83 195 159 114 48 84 141 83 125 71 143 65 129 48 100 72 63 82 135 110 187 125 153 100 131 166 127 72 165 155 53 85 49 137 71 49 44 123 138 113 51 40 62 85 41 137 61 72 109 165 159 145 117 119 154 101 98 104 
172 108 47 71 66 170 70 91 127 138 144 101 45 154 29 100 89 87 29 34 77 80 79 29 41 138 112 76 18 131 116 130 70 127 88 125 101 118 154 104 88 118 155 23 97 30 135 122 102 113 69 114 65 107 48 93 96 90 100 107 112 165 140 132 
115 56 142 152 84 160 93 99 50 110 36 108 93 145 112 44 139 60 145 112 58 192 156 101 105 155 169 152 76 166 130 116 149 111 90 97 81 109 159 179 157 66 48 149 93 38 126 61 160 141 68 70 26 55 37 60 59 104 125 40 178 81 150 64 
160 86 67 122 124 49 59 94 126 70 64 16 164 138 127 71 75 189 90 160 109 143 150 182 54 180 107 79 71 127 70 149 142 82 157 153 93 146 113 103 132 42 124 60 151 29 78 102 113 24 38 150 108 80 79 109 61 95 182 44 106 94 64 88 
139 183 136 78 116 92 74 44 113 102 109 119 91 130 66 137 158 58 146 93 108 112 149 66 86 76 67 102 74 72 127 111 82 132 110 72 105 174 100 128 116 78 116 113 152 114 69 116 14 185 117 24 27 30 35 47 27 194 27 165 45 121 103 106 
114 79 101 98 22 36 54 126 149 101 148 56 157 151 96 91 122 45 185 160 94 155 107 39 77 106 163 95 141 165 88 90 157 110 30 67 118 90 197 148 99 63 109 79 143 112 154 192 144 81 113 80 80 120 84 57 76 70 173 98 167 104 68 122 
79 131 77 150 32 110 66 79 95 68 90 87 44 30 122 125 26 63 80 103 197 84 167 78 137 161 90 84 93 155 125 97 153 72 67 104 62 134 181 74 91 121 30 100 136 115 129 107 35 78 121 114 128 76 108 83 36 158 46 162 67 133 63 134 
60 85 89 72 86 116 86 91 77 111 53 156 80 46 41 161 92 133 33 148 52 73 86 45 103 46 141 99 83 53 101 81 93 105 118 62 102 108 53 114 57 77 100 148 88 123 123 135 69 11 60 71 84 123 85 92 52 93 107 154 105 95 76 66 
114 99 135 11 37 89 148 142 45 78 130 119 38 84 74 138 73 94 52 65 63 172 159 102 98 16 122 103 145 85 118 109 146 174 90 134 108 34 114 152 89 28 76 119 142 78 112 139 156 74 160 83 157 9 67 46 110 71 132 112 86 137 49 68 
81 59 139 66 38 78 88 110 137 107 72 96 152 147 84 90 148 141 81 128 40 112 113 56 145 99 113 89 86 49 154 159 113 100 197 181 53 114 70 64 161 99 108 108 162 72 149 74 155 104 128 48 87 82 44 51 31 108 122 66 154 88 99 108 
175 36 89 81 98 73 163 108 87 87 140 102 103 111 25 47 112 114 74 130 111 96 105 135 196 107 146 46 92 137 104 179 103 128 148 74 114 152 64 128 151 80 145 110 117 135 89 121 97 62 98 75 31 170 158 139 37 31 73 147 98 109 176 35 
46 48 87 127 63 148 97 60 89 50 69 81 35 84 89 122 148 92 146 89 94 110 119 98 103 93 166 139 60 71 88 157 132 116 99 91 57 89 161 151 82 96 154 112 53 137 95 119 80 108 133 104 148 74 141 78 162 134 123 127 74 144 133 144 
69 26 161 119 73 107 96 128 160 87 20 151 96 45 48 171 134 134 133 75 136 160 97 87 37 133 122 78 106 49 118 66 42 78 63 121 77 28 99 80 96 198 83 119 111 167 144 50 99 123 62 95 81 89 112 120 81 47 116 167 39 88 116 71 
106 80 134 117 91 92 140 162 118 155 95 42 133 107 94 194 71 147 103 146 66 88 63 108 61 29 184 85 136 44 155 48 124 116 109 30 100 76 108 145 154 83 110 81 56 162 91 184 157 121 120 86 99 118 122 44 42 144 62 111 63 107 81 73 
106 36 157 173 131 164 164 64 51 146 32 161 62 172 122 148 87 98 140 107 106 84 152 94 131 72 127 104 80 123 23 149 60 113 79 100 148 119 108 110 112 119 81 56 52 61 146 73 46 126 192 100 80 53 130 102 176 113 108 100 63 85 115 75 
106 63 137 126 119 96 124 128 160 137 148 111 97 86 171 129 136 95 136 98 152 71 92 100 129 69 107 178 183 138 97 93 151 152 143 136 88 142 162 117 53 111 56 52 24 68 147 43 86 150 64 94 69 125 116 143 70 140 181 62 114 108 141 60 
111 58 78 163 52 112 91 139 159 114 54 74 118 67 104 44 29 78 142 99 91 146 48 143 112 123 94 84 178 113 30 38 29 114 112 115 123 78 72 135 137 167 162 61 68 194 102 117 157 72 74 39 65 109 116 137 125 138 141 107 70 144 42 89 
55 54 91 86 56 108 101 147 127 101 42 120 133 124 112 33 130 75 185 128 84 83 72 85 17 126 51 196 36 51 135 126 78 69 154 129 123 112 149 89 95 144 91 146 147 102 38 151 81 121 147 97 114 71 50 156 155 100 142 120 107 115 104 94 
102 20 95 56 191 71 114 134 29 42 106 89 82 111 108 34 117 121 60 100 87 117 108 97 125 148 111 144 71 40 122 61 102 116 192 107 135 139 74 121 119 50 184 73 43 117 151 136 126 117 114 90 168 75 77 157 170 88 96 183 126 115 66 97 
101 97 61 103 86 84 139 149 127 82 47 105 96 94 157 152 83 86 156 127 113 94 73 89 158 83 80 68 165 62 102 160 113 14 144 35 69 156 155 97 80 99 157 46 86 157 81 126 98 107 77 53 54 68 85 136 58 164 96 110 84 69 62 37 
68 105 134 129 55 172 148 105 136 66 154 121 68 54 112 140 160 144 91 79 172 81 97 128 164 114 100 99 90 85 113 141 24 185 81 78 11 74 104 62 108 123 121 126 150 72 121 117 107 196 126 146 57 156 102 98 98 8 151 13 60 50 140 168 
92 60 68 148 49 100 122 69 94 142 90 126 131 107 137 35 96 96 91 172 107 157 68 88 31 21 127 59 39 41 69 68 38 117 113 121 60 160 128 98 133 62 120 192 64 74 147 114 77 126 94 134 123 92 44 163 105 90 175 106 88 150 75 66 
89 112 65 138 156 146 134 165 83 19 98 115 124 82 80 72 57 50 76 147 127 128 95 90 66 111 75 81 92 137 114 70 150 24 80 114 71 83 48 75 104 95 86 100 94 39 97 90 53 146 134 108 16 109 159 125 174 75 47 65 117 142 146 89 
119 142 94 116 107 91 53 142 73 85 129 103 79 29 103 121 92 88 76 21 69 101 87 171 100 169 69 103 67 61 65 26 108 27 80 128 84 157 87 31 148 81 99 80 69 65 114 168 54 57 123 16 68 112 54 71 117 48 105 55 168 121 148 42 
112 48 128 55 78 152 113 37 98 118 74 13 55 79 133 92 36 68 171 97 172 149 65 137 156 52 116 132 74 72 107 55 80 30 120 76 123 9 82 170 74 89 118 53 125 109 71 75 68 156 92 109 112 170 125 128 119 77 94 48 38 67 95 65 
77 50 60 74 84 37 190 77 182 77 173 160 41 126 141 110 55 95 96 158 128 104 37 40 160 77 97 111 108 109 48 37 79 35 84 108 85 67 44 158 141 112 122 130 116 116 50 77 85 102 44 159 54 125 14 93 30 161 80 151 120 97 103 75 
41 39 146 121 108 94 84 148 148 138 65 123 109 149 156 106 96 115 118 90 197 103 105 95 100 141 54 90 32 165 93 60 109 47 57 83 92 46 51 139 78 120 44 102 143 137 156 157 136 98 163 125 71 128 93 178 80 150 165 118 75 177 33 73 
38 20 107 65 74 16 172 71 98 84 73 104 53 128 58 103 141 61 84 65 93 67 85 95 100 117 112 129 81 159 96 59 61 27 76 36 52 110 31 37 162 81 42 176 70 125 155 170 58 98 105 174 117 119 30 80 168 81 67 43 91 102 63 127 
122 120 54 75 119 127 101 99 141 129 133 76 58 158 78 91 73 83 69 73 73 154 68 104 144 31 149 52 180 145 90 104 95 194 70 158 93 71 108 31 134 47 144 113 140 138 100 88 164 8 90 75 48 77 161 150 81 150 100 69 96 124 47 72 
81 145 57 67 119 60 93 115 99 132 26 140 137 78 94 150 79 86 131 82 78 136 135 65 113 98 159 114 124 117 100 125 182 27 173 46 107 132 122 73 123 116 62 108 181 141 142 96 96 151 175 47 105 94 80 165 67 100 10 128 86 124 66 139 
153 171 62 120 92 49 50 178 94 126 100 151 35 143 95 78 43 48 128 47 174 100 127 175 41 119 145 108 124 119 107 40 44 165 98 162 154 112 66 147 127 167 111 100 62 107 120 183 110 13 106 65 55 48 151 118 43 69 128 188 41 87 137 60 
99 161 89 158 106 116 96 181 105 128 105 170 96 77 112 186 76 76 128 140 100 139 92 112 12 83 81 130 82 154 112 178 106 45 167 67 105 86 154 98 74 39 63 63 114 70 107 126 84 60 88 117 168 38 120 75 91 96 86 41 62 61 64 92 
57 31 41 70 160 71 39 96 124 102 90 90 19 112 103 176 42 80 20 79 165 89 106 82 64 127 118 122 123 101 165 81 94 121 104 133 95 137 88 109 144 88 107 85 108 144 115 115 69 50 150 142 121 67 97 177 102 124 124 87 61 98 106 73 
106 69 78 45 128 125 36 58 20 63 59 104 54 128 87 149 140 147 118 139 130 102 40 129 92 97 138 25 164 98 140 150 64 103 68 63 76 49 99 176 133 116 81 115 141 42 104 66 62 140 75 146 148 95 103 33 63 47 66 137 64 106 172 142 
132 34 58 96 123 53 118 46 105 115 40 81 174 182 87 96 133 95 142 163 73 95 137 119 140 134 114 124 91 104 132 64 88 106 122 134 66 68 108 35 144 71 73 75 60 89 94 97 37 168 66 89 42 65 75 73 127 72 139 60 92 73 142 12 