32
78 2 81 14 51 45 56 77 25 93 23 23 87 24 66 76 8 21 100 23 18 16 94 15 69 10 20 44 2 53 97 96 
89 14 19 36 66 11 98 19 99 60 62 20 3 100 71 11 53 61 22 63 88 31 86 82 73 69 43 73 12 62 10 21 
91 31 72 54 16 2 57 35 99 21 81 57 29 25 57 37 22 2 85 46 92 14 89 33 48 87 29 81 48 65 53 10 
87 20 28 59 49 28 49 33 46 2 49 89 60 88 24 2 87 21 40 73 7 74 13 73 48 25 38 86 57 38 45 71 
94 38 2 94 6 35 33 25 43 13 18 89 91 2 48 5 8 13 33 54 30 71 68 74 70 93 81 40 69 68 32 30 
46 43 3 16 89 41 40 60 97 88 48 58 48 12 65 90 44 51 2 78 18 36 57 78 1 15 9 32 73 87 39 44 
69 74 53 60 3 42 18 39 26 67 55 57 28 69 9 44 67 36 11 69 78 94 44 31 31 85 42 50 11 67 66 49 
87 27 71 55 39 82 93 76 19 73 34 28 59 66 22 11 85 69 81 51 57 69 12 81 36 3 82 40 87 67 55 17 
22 28 21 97 80 42 32 98 72 4 11 16 85 76 9 68 63 32 78 14 86 10 24 84 3 24 99 47 57 61 4 1 
71 89 13 75 47 24 39 2 89 33 28 31 19 8 96 97 46 58 59 56 87 64 33 4 32 75 71 76 49 49 80 93 
83 78 37 22 42 78 45 5 59 58 63 37 95 52 37 18 83 72 73 31 36 91 20 94 85 31 50 19 29 13 47 90 
14 66 33 55 54 3 18 78 38 94 57 28 44 75 81 54 52 13 1 17 13 9 74 78 73 61 33 95 74 8 77 92 
95 58 41 57 86 7 96 64 4 69 1 100 89 48 86 13 9 94 56 35 66 28 71 53 52 73 96 87 51 63 16 100 
13 93 62 50 57 88 23 55 81 51 53 29 87 22 46 39 55 51 27 50 14 60 41 35 28 88 9 9 100 22 18 48 
49 74 70 85 25 5 24 5 26 66 77 48 85 74 88 66 89 88 8 82 84 25 40 24 46 98 81 95 25 26 59 52 
88 40 47 78 80 8 52 85 72 42 13 26 65 77 43 76 51 9 20 65 65 70 70 98 37 39 67 22 8 86 93 23 
74 81 45 85 46 54 89 29 66 5 11 90 80 57 48 21 20 55 72 92 54 27 30 97 96 63 2 25 66 85 37 90 
10 100 90 88 62 83 46 60 78 34 22 1 61 53 11 86 25 41 56 8 81 31 79 55 15 55 91 33 98 57 50 72 
58 42 13 48 31 80 26 63 80 35 82 65 26 17 20 69 94 26 71 11 53 54 59 45 41 90 9 68 75 6 11 11 
64 34 6 74 53 40 100 45 67 74 60 4 41 14 50 42 16 20 39 83 26 88 30 24 29 39 81 49 2 11 51 18 
44 69 39 79 23 38 13 65 49 64 80 85 21 53 56 33 79 71 62 60 99 99 99 84 85 84 25 8 23 4 15 25 
30 93 40 95 98 71 10 36 43 35 48 7 7 31 58 59 73 53 12 42 48 89 14 18 34 27 58 43 97 57 89 9 
26 55 46 27 80 38 7 53 71 57 35 49 22 82 52 42 90 25 59 84 50 33 90 38 79 15 59 64 12 37 85 48 
72 64 7 79 89 42 52 66 8 10 58 15 63 14 53 35 56 10 88 47 44 35 5 35 16 53 78 36 15 84 58 70 
100 35 36 18 48 83 42 68 99 17 45 5 50 47 33 6 36 37 89 38 41 50 64 30 42 79 29 8 80 8 61 76 
77 63 35 85 31 59 10 11 47 95 55 48 11 11 26 97 86 35 94 20 39 15 62 95 88 36 90 64 3 85 100 42 
44 64 39 34 90 46 50 2 19 69 81 87 89 88 18 22 82 34 78 26 6 40 44 52 85 11 13 79 39 71 29 23 
98 88 48 32 83 78 57 75 56 55 71 73 72 71 88 63 39 85 88 74 40 84 56 26 32 98 34 73 52 89 17 72 
5 17 69 46 35 61 60 85 37 27 77 73 17 95 33 71 48 59 46 56 99 60 36 63 9 10 90 78 67 12 9 19 
27 15 84 12 85 94 15 46 32 18 95 65 10 21 69 4 15 75 2 9 16 20 55 77 57 36 18 56 32 36 37 89 
58 99 32 62 77 11 40 70 58 91 96 57 20 97 9 10 94 67 71 19 23 78 91 43 37 95 58 45 44 79 43 69 
58 80 72 27 10 100 99 2 19 21 1 85 28 6 41 10 27 47 11 99 20 7 26 97 60 34 40 68 99 10 82 15 
146 102 76 37 146 66 134 60 182 69 96 88 110 30 101 119 81 57 112 77 171 122 197 159 113 57 130 130 98 101 137 186 
102 176 137 143 41 39 172 19 57 130 81 84 156 69 103 122 43 83 113 86 122 90 123 171 73 105 41 85 167 161 34 126 
76 137 186 95 56 99 92 111 127 82 106 87 99 181 65 59 154 111 84 70 181 198 94 169 107 126 68 147 81 89 154 162 
37 143 95 132 194 90 123 123 90 35 138 90 103 68 131 60 75 125 61 174 183 3 165 115 92 94 117 68 78 115 96 128 
146 41 56 194 174 161 79 109 112 54 27 113 98 107 122 105 119 153 82 125 111 107 45 89 166 126 49 124 40 88 115 94 
66 39 99 90 161 114 68 81 121 122 110 71 122 92 158 167 72 71 125 105 104 133 147 53 32 98 88 45 61 144 76 139 
134 172 92 123 79 68 56 99 102 23 134 62 99 58 140 118 136 74 147 104 102 78 190 83 62 103 112 77 157 46 83 90 
60 19 111 123 109 81 99 34 85 68 123 160 106 132 83 159 101 125 87 86 136 93 65 60 122 137 32 85 51 126 65 128 
182 57 127 90 112 121 102 85 52 101 75 107 138 146 76 172 145 101 136 105 138 77 122 63 99 150 70 79 141 104 52 67 
69 130 82 35 54 122 23 68 101 90 129 98 100 38 106 40 131 86 36 115 55 167 78 39 45 97 105 102 133 39 46 43 
96 81 106 138 27 110 134 123 75 129 192 49 189 73 80 139 122 44 130 158 108 127 139 87 145 188 129 45 117 42 154 119 
88 84 87 90 113 71 62 160 107 98 49 102 67 77 96 30 119 73 120 108 127 90 118 174 75 109 154 48 115 145 176 37 
110 156 99 103 98 122 99 106 138 100 189 67 162 110 92 55 83 190 94 45 73 93 180 104 132 79 138 30 104 135 91 16 
30 69 181 68 107 92 58 132 146 38 73 77 110 72 137 72 145 167 36 45 186 123 89 153 70 180 73 106 107 131 34 90 
101 103 65 131 122 158 140 83 76 106 80 96 92 137 178 44 195 102 130 68 89 121 108 102 146 44 107 51 157 87 72 113 
119 122 59 60 105 167 118 159 172 40 139 30 55 72 44 200 97 165 90 50 101 116 104 143 95 48 162 150 81 105 69 150 
81 43 154 75 119 72 136 101 145 131 122 119 83 145 195 97 130 94 104 24 122 54 28 63 107 82 89 89 131 175 184 89 
57 83 111 125 153 71 74 125 101 86 44 73 190 167 102 165 94 100 101 112 37 64 100 14 133 165 109 142 134 52 140 108 
112 113 84 61 82 125 147 87 136 36 130 120 94 36 130 90 104 101 188 63 131 89 85 140 28 91 192 126 98 149 138 164 
77 86 70 174 125 105 104 86 105 115 158 108 45 45 68 50 24 112 63 52 84 90 92 86 82 40 45 55 75 85 86 92 
171 122 181 183 111 104 102 136 138 55 108 127 73 186 89 101 122 37 131 84 50 130 147 104 84 155 84 181 85 62 101 140 
122 90 198 3 107 133 78 93 77 167 127 90 93 123 121 116 54 64 89 90 130 154 52 74 85 113 74 96 41 139 32 116 
197 123 94 165 45 147 190 65 122 78 139 118 180 89 108 104 28 100 85 92 147 52 160 148 101 79 136 82 87 125 127 23 
159 171 169 115 89 53 83 60 63 39 87 174 104 153 102 143 63 14 140 86 104 74 148 18 154 105 106 100 116 70 163 36 
113 73 107 92 166 32 62 122 99 45 145 75 132 70 146 95 107 133 28 82 84 85 101 154 84 68 70 144 198 97 71 170 
57 105 126 94 126 98 103 137 150 97 188 109 79 180 44 48 82 165 91 40 155 113 79 105 68 120 76 101 103 37 148 165 
130 41 68 117 49 88 112 32 70 105 129 154 138 73 107 162 89 109 192 45 84 74 136 106 70 76 114 107 96 94 102 128 
130 85 147 68 124 45 77 85 79 102 45 48 30 106 51 150 89 142 126 55 181 96 82 100 144 101 107 184 76 99 85 144 
98 167 81 78 40 61 157 51 141 133 117 115 104 107 157 81 131 134 98 75 85 41 87 116 198 103 96 76 70 46 81 76 
101 161 89 115 88 144 46 126 104 39 42 145 135 131 87 105 175 52 149 85 62 139 125 70 97 37 94 99 46 154 168 153 
137 34 154 96 115 76 83 65 52 46 154 176 91 34 72 69 184 140 138 86 101 32 127 163 71 148 102 85 81 168 146 61 
186 126 162 128 94 139 90 128 67 43 119 37 16 90 113 150 89 108 164 92 140 116 23 36 170 165 128 144 76 153 61 172 