64
99 34 52 2 33 12 18 24 5 12 11 1 94 65 63 83 11 5 27 65 77 11 80 71 49 9 30 2 55 23 33 73 92 62 99 2 32 70 87 65 6 86 15 23 28 4 67 77 31 3 9 62 41 64 96 50 47 24 66 82 100 97 59 56 
3 13 34 34 27 34 56 39 53 63 51 97 97 80 67 7 44 53 37 71 56 9 60 70 10 72 72 98 55 48 19 43 28 45 44 65 46 55 77 3 38 9 84 43 70 11 47 25 57 68 97 40 3 30 80 17 54 12 8 71 78 39 32 33 
49 36 65 94 75 99 57 62 59 77 57 19 19 52 40 58 1 82 4 67 31 90 74 90 35 10 21 85 29 16 28 52 55 31 85 18 41 1 73 18 33 87 48 86 85 18 20 65 70 77 56 6 62 32 75 54 65 23 10 80 24 38 65 86 
63 47 43 4 83 40 43 88 90 8 39 18 89 64 26 14 65 64 46 94 55 46 1 11 26 99 73 63 27 24 87 90 98 14 74 86 50 35 49 8 73 80 63 5 72 37 30 61 34 56 54 44 85 24 24 15 68 34 78 49 46 15 75 4 
79 15 44 82 53 13 82 32 35 96 21 28 67 30 79 16 52 11 57 2 1 75 62 60 7 89 90 47 11 49 94 25 81 44 32 27 77 66 47 27 33 56 71 72 64 73 96 89 23 35 73 54 99 41 68 79 55 66 81 71 21 42 66 59 
30 89 72 39 7 46 52 88 15 20 96 72 18 57 59 14 3 86 75 1 52 47 91 43 56 22 99 81 100 22 87 78 31 57 97 35 12 27 42 70 58 2 60 33 16 28 88 33 94 100 24 32 43 9 51 43 84 17 68 17 9 27 2 32 
53 67 2 89 65 44 45 3 55 22 40 76 56 70 87 87 81 36 33 98 11 38 19 25 19 78 86 77 92 3 48 73 71 79 46 47 56 92 20 96 45 24 5 57 4 38 71 54 74 37 4 49 66 79 14 70 28 95 39 7 54 31 39 68 
40 9 3 2 9 31 32 15 27 96 49 100 40 29 34 82 32 83 7 1 3 4 53 72 10 13 96 82 20 85 97 43 91 58 83 73 30 88 80 51 86 11 88 49 75 34 8 34 13 85 50 48 51 6 14 79 6 3 48 8 72 72 59 8 
16 67 98 79 9 99 54 83 38 86 7 86 2 6 63 75 13 84 82 82 64 64 49 41 23 68 81 22 22 13 41 34 66 20 6 93 54 76 66 69 68 90 90 25 17 44 70 82 88 51 95 70 85 2 53 90 15 32 45 37 1 70 21 83 
88 24 60 65 53 34 30 2 95 1 96 3 60 22 32 11 84 81 14 76 94 79 97 63 85 30 55 34 14 14 1 72 19 17 4 79 13 93 55 15 49 21 33 6 86 44 73 12 72 57 49 50 39 16 10 44 93 44 90 50 63 74 55 100 
66 14 41 72 90 81 36 29 100 21 29 45 79 81 24 45 8 33 12 91 43 24 58 72 88 91 41 15 38 79 31 63 21 82 78 39 29 92 74 92 17 80 30 5 35 37 100 88 9 8 34 99 54 11 66 67 24 7 69 71 18 58 22 35 
4 2 7 94 6 6 53 29 87 51 25 58 80 24 53 1 47 80 80 16 72 35 71 97 77 96 32 43 85 29 91 63 71 65 91 9 77 91 53 18 25 5 97 76 71 33 96 16 87 17 37 81 56 85 93 21 2 40 47 24 13 93 38 4 
41 85 94 79 20 26 53 30 48 92 23 58 44 79 13 59 45 29 51 3 41 95 40 24 59 47 11 31 50 95 79 61 63 68 22 50 15 33 78 48 5 25 53 48 31 56 10 81 60 1 75 55 51 78 87 50 48 20 26 41 76 37 57 79 
11 77 92 10 61 43 19 14 63 16 77 9 11 88 54 31 93 17 88 90 63 69 8 15 98 16 90 50 68 46 73 99 33 19 72 5 26 26 11 16 21 3 14 46 52 10 62 49 81 54 74 42 36 39 25 75 94 92 3 21 92 13 12 84 
79 18 67 65 81 41 83 12 53 23 95 9 11 14 95 9 5 8 35 39 11 42 41 28 21 30 81 42 9 16 83 51 10 8 97 6 80 62 83 80 50 69 80 30 47 2 32 48 73 39 61 3 68 11 100 28 28 91 83 38 47 88 23 71 
41 92 42 51 4 74 16 76 82 80 54 46 81 93 63 73 63 41 70 67 7 98 30 72 12 47 94 32 84 24 78 14 63 98 91 86 31 35 81 44 84 93 67 2 14 67 54 27 49 36 47 35 49 80 50 8 90 12 99 12 90 32 76 42 
19 18 17 99 69 87 37 37 64 69 3 24 1 79 84 29 58 33 75 85 82 62 53 97 72 68 2 82 95 88 53 14 81 90 2 44 71 80 63 46 45 5 7 24 45 70 12 95 3 73 94 23 1 70 60 59 79 46 52 20 89 50 52 87 
45 21 59 72 89 26 16 61 88 90 4 16 57 65 48 40 34 84 88 20 42 10 66 28 31 80 50 46 62 78 8 15 77 60 90 82 26 20 23 98 2 1 13 42 43 42 25 76 69 65 16 3 94 38 16 3 19 80 80 18 28 54 25 16 
88 71 53 38 79 95 91 23 87 16 5 97 25 38 65 47 46 83 17 91 19 57 32 43 19 43 35 42 26 44 28 85 67 95 33 14 52 62 53 18 7 18 1 77 15 59 48 12 61 42 63 98 81 42 86 66 80 53 74 33 13 97 53 27 
53 14 61 43 64 32 70 75 31 80 88 90 85 4 96 37 16 39 75 78 3 3 1 2 31 62 39 57 18 57 46 89 9 99 29 15 92 41 36 51 52 30 23 24 33 9 59 32 38 69 71 19 91 68 90 18 69 81 56 69 36 74 53 88 
61 72 95 35 96 37 93 68 54 64 54 41 25 99 35 31 48 18 55 71 83 10 59 95 16 87 92 58 65 33 57 71 74 10 66 41 53 47 6 36 31 49 73 81 20 62 14 68 40 3 55 9 17 65 82 10 5 6 88 55 49 19 94 59 
26 5 82 95 7 4 36 77 72 46 77 67 11 71 84 50 1 81 11 76 59 63 34 59 20 4 61 7 17 70 10 6 39 20 79 18 2 68 65 48 64 70 15 73 86 15 69 66 87 4 51 42 79 95 17 69 29 40 59 90 44 63 4 6 
62 52 76 55 92 49 77 14 43 64 46 52 37 23 5 26 21 17 20 12 17 10 68 14 44 26 99 23 43 50 1 74 41 73 97 44 88 48 31 22 10 71 84 35 72 42 39 80 52 24 65 80 16 35 15 40 64 9 48 6 10 8 89 65 
16 8 78 76 13 62 57 73 78 25 38 17 64 11 95 25 56 1 27 88 16 74 96 22 46 49 7 18 28 25 83 47 80 34 79 85 100 57 22 92 84 23 96 5 68 61 5 22 84 12 47 38 17 48 43 2 36 61 66 1 36 88 17 33 
15 20 51 67 48 33 64 88 2 94 25 43 92 94 41 9 42 96 47 99 70 84 96 24 99 45 92 4 32 30 23 44 80 4 70 63 35 63 33 55 65 44 13 73 63 43 26 82 41 45 39 81 39 63 34 48 73 2 69 63 9 43 46 91 
51 3 61 50 3 37 51 74 70 36 30 69 26 56 49 69 25 79 56 79 18 48 82 48 15 98 90 93 38 58 69 77 41 71 57 27 35 56 63 45 1 51 4 73 23 39 19 64 30 94 8 47 7 85 37 46 2 65 74 1 35 68 92 85 
32 14 18 87 19 43 57 36 89 10 88 99 84 11 83 24 16 9 83 3 33 73 29 9 21 67 41 52 5 18 84 64 42 73 13 85 73 30 78 4 17 46 100 59 59 30 19 78 7 25 4 97 44 90 47 70 23 84 39 13 84 85 39 61 
46 22 6 36 100 71 42 29 39 49 31 74 46 52 69 54 61 56 45 60 45 46 29 31 64 59 47 38 51 76 7 31 78 61 79 1 53 48 23 34 44 51 62 50 5 94 53 18 41 32 96 68 17 43 94 75 82 98 45 63 11 56 13 96 
15 10 72 46 36 61 32 22 34 96 79 72 100 57 33 96 24 64 28 33 46 50 35 98 69 76 58 34 16 5 93 14 45 97 40 74 56 51 27 93 79 22 5 88 74 58 88 26 62 37 52 11 70 37 83 15 100 98 27 95 69 59 22 58 
43 74 38 79 72 62 27 19 64 82 79 53 91 54 52 61 38 36 67 51 83 69 76 27 88 90 87 12 76 89 1 55 55 32 2 82 31 55 33 49 55 72 57 14 3 64 28 79 94 76 65 33 81 57 31 22 62 74 10 15 47 19 73 31 
84 2 93 86 15 89 9 26 97 38 25 32 79 11 96 22 60 85 31 59 48 97 52 58 43 10 20 49 28 16 97 38 29 38 76 48 11 47 25 63 69 1 67 43 87 58 35 78 29 36 100 58 48 41 22 86 28 85 75 93 65 99 47 51 
55 74 83 3 50 8 10 89 96 80 72 21 83 60 43 77 14 97 51 77 11 43 39 48 96 89 44 58 64 16 43 53 72 53 25 86 20 24 42 10 91 98 79 100 89 83 49 33 43 52 1 83 59 78 12 87 1 29 75 34 93 80 31 27 
41 22 82 85 99 28 44 34 24 100 23 43 80 16 73 97 77 19 17 58 92 21 86 83 76 39 14 3 21 96 70 60 37 40 10 66 7 75 53 40 8 60 93 64 9 98 23 87 8 91 24 91 77 57 88 18 34 89 51 40 11 21 35 51 
21 91 13 69 6 77 76 70 56 3 73 53 3 23 97 20 11 38 94 39 8 44 74 96 64 50 84 94 99 17 39 71 27 15 84 95 25 66 3 93 16 27 41 20 49 40 67 81 79 33 80 25 18 45 56 78 52 13 83 87 93 27 10 30 
6 98 13 18 53 83 39 70 64 14 23 63 31 29 51 26 21 87 28 41 100 69 68 86 44 24 40 78 97 74 20 98 67 43 84 29 38 66 12 82 66 12 76 93 42 99 30 80 22 26 100 89 13 63 19 38 27 19 37 27 43 28 76 85 
7 42 74 45 100 25 51 31 62 2 80 15 36 94 74 64 27 51 22 44 85 98 25 42 59 15 42 53 16 92 72 44 15 30 81 69 99 32 16 57 51 62 67 5 51 84 91 43 36 46 68 39 75 99 77 29 100 39 47 7 45 78 68 71 
97 23 82 83 87 32 51 11 76 85 11 84 15 40 14 6 93 97 60 36 53 69 96 10 76 2 35 22 65 89 99 99 94 31 35 23 60 29 34 53 86 36 99 13 47 6 9 12 12 94 96 1 94 9 71 99 9 71 55 19 83 1 38 5 
11 86 70 55 8 16 91 12 31 17 84 94 93 44 16 13 64 70 12 63 85 33 42 58 92 92 13 68 80 84 75 62 24 21 90 86 15 67 84 5 70 55 90 25 48 16 16 56 49 77 74 14 75 97 36 89 59 88 54 64 66 25 34 85 
20 13 26 43 5 74 80 31 99 30 14 97 9 28 99 67 78 95 3 28 80 97 45 29 15 30 87 25 55 10 86 64 3 69 51 16 18 21 26 9 46 6 75 8 20 14 39 3 8 37 92 76 53 62 85 43 16 1 56 86 29 62 63 3 
16 29 87 57 8 28 53 11 43 96 95 77 27 44 10 47 53 81 61 84 98 68 40 34 32 42 74 98 80 100 8 73 77 26 37 40 52 53 19 22 13 63 74 71 75 71 98 61 75 80 19 68 86 73 39 31 90 93 90 33 79 64 70 78 
56 56 13 45 14 61 87 17 89 96 22 25 98 3 43 41 55 23 54 42 62 11 38 91 31 98 29 8 74 66 50 21 27 9 83 5 87 21 67 89 35 62 13 85 85 67 78 20 23 69 61 73 32 85 38 65 40 86 75 49 30 76 32 83 
66 97 11 43 80 67 27 57 89 71 76 91 75 56 34 41 27 23 49 69 22 67 7 92 73 63 67 35 14 3 10 59 17 97 63 4 58 85 28 44 37 22 58 75 54 58 84 32 65 13 79 70 34 31 61 59 30 48 13 26 34 61 33 89 
92 86 92 40 74 56 45 86 23 76 75 8 100 63 49 72 88 95 38 100 37 53 80 94 48 42 93 31 13 41 67 51 65 85 75 99 37 23 14 51 63 51 45 83 13 93 67 5 92 82 33 23 62 49 21 95 23 9 83 12 32 8 21 16 
64 45 99 14 43 16 20 79 33 8 73 7 95 73 97 73 39 16 89 24 57 52 31 81 25 8 1 27 86 19 41 96 82 50 54 31 73 69 83 77 41 24 74 35 59 17 3 86 35 73 90 12 29 5 72 82 74 82 37 75 92 38 69 64 
91 48 59 45 33 99 86 84 16 15 16 77 49 25 46 31 35 13 37 23 19 96 43 4 57 2 54 100 2 19 92 51 47 17 11 59 77 75 99 51 54 82 22 27 20 85 57 41 73 99 68 93 86 41 88 1 38 63 64 34 60 62 49 95 
84 61 32 7 55 89 84 4 65 44 41 1 100 47 98 17 19 28 62 47 9 12 2 31 55 23 87 53 22 25 50 70 62 53 30 14 17 17 23 2 34 5 17 45 81 44 63 45 45 76 80 13 7 50 4 73 51 48 9 39 67 8 6 25 
1 30 5 24 61 82 41 83 82 83 91 56 89 60 62 15 20 68 11 50 98 50 99 75 79 78 48 100 77 86 86 56 55 80 85 42 45 96 39 51 60 79 7 71 53 71 84 88 23 41 54 57 91 89 60 84 80 23 96 14 26 45 66 26 
100 74 91 31 11 71 68 66 32 75 16 85 30 29 20 62 92 55 89 99 68 64 15 10 15 4 55 34 73 98 54 52 12 71 85 17 33 75 89 50 47 13 100 51 45 69 46 98 22 66 93 79 76 69 19 12 97 54 52 11 57 8 14 75 
82 42 28 52 9 12 70 6 80 57 74 69 89 6 26 19 77 93 84 89 66 29 97 62 33 100 96 89 83 22 91 55 68 28 81 60 6 89 75 74 68 52 89 16 25 87 40 14 66 56 98 21 45 46 85 32 89 35 64 54 92 88 96 82 
71 65 82 86 77 12 77 21 17 60 35 51 15 46 42 66 95 7 12 21 28 91 88 7 62 30 81 60 91 30 96 91 49 23 98 64 94 100 2 25 89 5 9 77 13 86 64 28 28 89 40 4 35 95 94 42 36 64 19 99 62 15 88 75 
46 52 32 29 33 50 64 76 68 39 1 3 99 52 4 96 9 42 15 54 20 10 86 97 75 8 5 63 91 87 18 81 99 96 58 18 41 7 43 29 26 51 87 8 82 27 36 14 36 85 56 59 57 11 91 40 70 55 69 72 90 29 19 88 
88 81 64 94 17 72 22 34 85 2 90 38 58 43 83 53 69 63 95 12 80 24 58 77 7 73 86 3 53 70 79 69 90 93 8 30 46 32 25 88 71 23 90 62 37 53 76 6 9 70 55 8 37 99 23 16 85 88 66 98 26 70 1 37 
43 29 67 33 42 97 29 47 65 40 76 28 13 65 33 65 73 2 19 95 29 5 61 35 13 61 73 93 27 87 53 25 83 47 89 59 9 71 27 78 22 93 41 20 72 92 84 75 73 18 3 81 21 55 38 70 18 30 49 32 16 93 89 63 
76 4 65 7 45 23 72 6 77 23 85 66 98 52 68 78 78 97 88 34 48 45 61 93 67 41 45 46 46 15 70 89 67 99 80 57 56 13 96 19 85 6 57 22 43 15 3 56 42 99 87 30 47 64 73 23 58 50 13 2 23 59 4 94 
19 3 85 80 36 100 8 65 68 85 29 38 60 25 43 83 22 57 11 86 95 8 91 29 9 7 84 11 45 86 59 46 69 76 56 90 85 72 15 25 85 26 57 25 59 58 12 40 27 68 7 97 78 29 90 18 32 94 13 46 40 63 21 72 
31 90 62 82 54 25 14 76 72 64 60 66 68 84 35 76 72 7 24 30 86 51 40 73 74 56 13 29 58 32 52 64 12 31 59 99 78 60 32 32 81 26 16 40 85 57 15 51 33 88 11 80 65 64 72 7 49 27 54 40 81 5 97 12 
83 43 37 33 95 35 75 23 66 7 42 44 8 63 48 37 7 8 12 9 4 76 26 88 12 52 75 70 38 85 74 9 18 57 4 72 45 70 66 24 61 32 51 68 28 48 31 28 17 44 32 4 56 23 81 66 40 48 59 48 90 27 1 69 
98 71 69 72 26 45 4 58 41 32 40 20 40 23 52 54 35 87 100 69 18 76 30 3 30 98 11 36 83 66 13 5 70 33 74 97 24 40 3 60 50 25 26 73 7 3 29 92 76 42 98 36 32 63 57 50 14 69 77 80 45 89 17 43 
75 47 44 64 59 90 14 96 75 95 76 61 46 70 29 88 21 60 85 60 9 20 63 84 99 89 17 37 86 60 68 69 89 95 39 53 10 7 66 61 63 76 21 25 51 100 47 76 74 24 56 28 16 98 30 33 32 50 4 72 60 99 80 89 
24 82 28 30 34 80 42 2 57 51 96 96 57 5 19 88 20 85 75 98 99 89 81 42 27 86 28 18 97 72 33 99 87 90 48 87 81 12 74 54 26 34 24 26 78 58 49 57 88 20 51 7 96 26 79 19 91 47 72 37 8 100 35 91 
46 77 2 100 15 69 11 21 39 68 7 97 72 27 75 17 48 18 2 73 24 38 7 51 48 36 48 58 93 52 9 4 10 60 78 95 67 58 49 87 11 71 12 66 6 97 35 17 24 6 49 64 44 37 85 8 11 70 72 6 56 45 41 76 
20 24 4 11 67 46 48 23 14 48 17 56 89 25 4 96 29 22 49 96 74 72 75 50 76 95 13 48 24 41 16 71 92 62 61 41 27 21 14 99 64 62 84 99 85 5 38 69 29 86 95 33 31 47 2 57 35 52 57 57 54 1 4 78 
3 8 60 35 68 54 22 65 16 95 11 53 29 34 46 59 28 17 8 53 100 14 30 7 70 6 98 95 82 92 31 70 26 7 16 89 87 88 44 83 24 58 61 4 77 35 64 68 83 3 37 18 70 65 36 95 92 97 36 8 88 5 98 53 
15 32 83 29 3 41 81 94 29 5 3 27 4 74 41 7 47 29 79 27 42 67 72 4 56 21 1 64 82 55 23 73 65 57 87 61 30 59 23 11 46 22 30 40 71 58 65 7 99 5 15 76 21 88 67 58 32 68 8 32 54 14 81 97 
122 167 136 60 98 10 72 85 174 163 127 141 106 83 121 65 107 71 64 77 137 162 190 31 89 150 115 115 90 134 172 73 158 103 123 127 152 83 154 95 77 180 110 167 76 101 169 103 138 104 134 105 156 139 61 132 85 90 155 23 100 37 110 95 
167 114 112 169 115 109 76 107 134 106 129 151 151 64 166 85 161 188 50 133 115 77 115 138 55 53 139 128 10 141 183 14 90 76 79 172 109 75 147 91 158 60 159 86 61 35 145 68 54 94 93 151 38 134 127 105 136 96 136 44 134 91 91 98 
136 112 184 177 78 63 117 72 127 83 55 194 69 47 148 49 148 102 95 66 120 112 62 118 100 111 34 29 101 103 93 96 38 55 112 87 124 107 115 79 123 159 76 45 60 43 160 95 152 108 41 82 83 125 105 79 118 125 96 30 133 91 97 130 
60 169 177 20 76 100 100 87 77 89 18 74 38 182 89 96 126 24 139 82 99 135 99 145 98 119 29 92 172 100 135 102 124 150 129 64 147 121 74 74 18 131 137 115 111 118 47 151 116 140 66 61 106 159 100 78 103 41 51 64 65 80 48 96 
98 115 78 76 52 101 116 100 24 174 85 153 141 187 133 103 121 126 92 129 93 86 146 90 128 152 81 57 106 43 159 125 120 84 123 142 178 61 147 93 127 122 111 48 80 61 80 181 94 30 33 54 83 113 96 69 123 117 56 72 78 76 43 85 
10 109 63 100 101 26 93 30 60 162 83 34 72 81 98 84 105 76 56 100 101 137 170 145 39 123 77 117 67 107 94 62 98 174 158 174 142 141 159 76 53 22 73 121 72 90 114 63 182 140 77 150 146 79 124 108 55 97 28 89 124 84 85 118 
72 76 117 100 116 93 122 163 149 24 150 67 79 94 115 96 40 144 57 63 124 89 116 111 98 18 193 49 52 175 63 145 133 94 85 107 101 125 173 84 12 73 112 107 36 155 53 149 46 169 64 124 74 111 119 121 90 150 151 133 83 53 59 113 
85 107 72 87 100 30 163 48 183 39 114 61 157 34 49 106 86 183 61 121 151 45 62 99 52 107 139 61 76 39 135 31 113 84 153 141 113 70 15 118 70 135 109 145 72 122 88 83 102 91 108 157 67 185 152 76 40 78 74 126 138 81 97 43 
174 134 127 77 24 60 149 183 104 139 107 133 23 60 142 102 77 138 91 80 69 101 134 62 77 115 90 47 126 113 72 100 115 158 65 160 160 34 29 82 112 12 95 86 105 140 138 92 139 43 138 138 131 50 64 69 56 134 99 39 107 161 91 57 
163 106 83 89 174 162 24 39 139 110 55 78 67 72 47 89 139 159 155 186 131 83 138 65 124 143 19 18 180 102 76 153 56 117 124 179 60 79 89 75 77 93 159 108 109 75 146 72 121 121 36 53 92 153 116 90 55 122 146 72 94 120 131 180 
127 129 55 18 85 83 150 114 107 55 10 70 50 106 41 165 117 28 62 90 40 49 127 82 81 145 74 167 65 88 42 108 34 90 123 16 93 74 53 118 72 76 83 50 101 169 84 76 143 111 78 153 119 51 25 138 102 74 57 90 63 64 110 98 
141 151 194 74 153 34 67 61 133 78 70 6 94 61 100 136 71 175 94 134 64 110 100 97 39 95 102 68 156 108 67 159 84 116 139 76 101 168 85 72 105 77 65 133 51 78 98 129 151 145 141 64 22 78 142 51 33 101 133 69 79 139 72 98 
106 151 69 38 141 72 79 157 23 67 50 94 84 77 142 70 102 73 130 59 186 88 120 95 192 155 66 101 62 187 36 116 53 69 139 77 34 27 126 78 36 28 82 96 61 113 96 11 160 164 127 188 61 111 177 47 72 70 91 109 59 30 130 94 
83 64 47 182 187 81 94 34 60 72 106 61 77 22 170 28 92 77 76 103 33 69 114 132 105 156 39 88 110 89 14 103 99 102 85 50 60 59 199 92 138 121 69 25 85 135 87 124 124 63 73 79 132 84 121 119 23 97 174 159 66 94 138 38 
121 166 148 89 133 98 115 49 142 47 41 100 142 170 114 184 159 75 51 75 113 178 94 96 63 105 136 90 133 42 169 102 117 111 57 132 64 2 172 121 89 86 85 157 52 140 22 105 54 107 95 69 91 159 66 126 147 127 139 56 64 175 126 98 
65 85 49 96 103 84 96 106 102 89 165 136 70 28 184 112 181 59 26 163 132 84 170 101 38 71 82 38 21 51 124 175 107 125 161 89 139 86 82 46 84 57 82 87 37 80 177 44 151 109 85 103 117 99 153 72 152 107 53 17 79 102 173 173 
107 161 148 126 121 105 40 86 77 139 117 71 102 92 159 181 62 115 149 59 76 73 146 163 129 114 114 120 138 48 126 29 115 115 155 50 26 84 168 30 89 72 56 110 136 110 163 139 158 124 96 86 117 155 134 46 124 128 92 88 102 50 145 106 
71 188 102 24 126 76 144 183 138 159 28 175 73 77 75 59 115 76 103 129 45 67 82 79 114 93 92 119 79 178 99 82 116 94 110 152 154 71 86 124 93 121 74 51 93 118 88 154 97 105 89 129 65 48 64 108 61 113 96 165 60 109 105 36 
64 50 95 139 92 56 57 61 91 155 62 94 130 76 51 26 149 103 56 138 109 72 86 110 174 62 172 156 46 100 90 109 95 125 161 126 62 80 77 143 118 112 109 182 169 28 107 132 174 67 34 120 122 17 131 46 12 94 112 187 92 129 190 184 
77 133 66 82 129 100 63 121 80 186 90 134 59 103 75 163 59 129 138 112 66 121 121 83 96 118 81 74 89 95 93 34 157 108 136 155 111 78 145 92 81 119 46 158 49 164 123 108 63 49 72 166 105 83 124 123 55 90 64 78 11 152 121 38 
137 115 120 99 93 101 124 151 69 131 40 64 186 33 113 132 76 45 109 66 18 59 45 165 33 164 20 75 74 83 93 58 47 152 112 109 99 93 44 165 92 84 87 80 110 40 114 143 85 89 96 85 91 98 149 152 110 121 60 104 151 167 87 178 
162 77 112 135 86 137 89 45 101 83 49 110 88 69 178 84 73 67 72 121 59 142 14 24 107 145 183 126 156 129 81 135 92 55 119 88 109 66 78 89 107 92 116 115 118 115 140 94 56 70 100 79 93 84 97 101 129 152 42 162 82 100 91 57 
190 115 62 99 146 170 116 62 134 138 127 100 120 114 94 170 146 82 86 121 45 14 162 44 150 37 85 100 154 91 107 118 59 69 55 62 160 101 174 67 82 144 23 99 23 167 93 76 110 135 84 116 149 108 116 73 119 34 36 98 92 73 97 90 
31 138 118 145 90 145 111 99 62 65 82 97 95 132 96 101 163 79 110 83 165 24 44 136 17 46 148 66 166 182 42 184 49 82 99 150 95 174 66 71 91 95 120 107 114 170 137 13 48 128 86 59 75 136 71 112 184 41 70 140 105 76 94 82 
89 55 100 98 128 39 98 52 77 124 81 39 192 105 63 38 129 114 174 96 33 107 150 17 102 132 42 135 23 129 114 126 109 104 108 90 134 156 43 172 84 103 64 69 125 160 140 77 140 88 34 161 38 118 73 33 59 113 96 58 58 66 165 11 
150 53 111 119 152 123 18 107 115 143 145 95 155 156 105 71 114 93 62 118 164 145 37 46 132 44 57 137 122 136 116 109 167 113 55 84 112 108 59 114 124 173 150 13 100 78 60 54 159 163 84 85 103 144 88 138 39 141 69 91 106 93 114 103 
115 139 34 29 81 77 193 139 90 19 74 102 66 39 136 82 114 92 172 81 20 183 85 148 42 57 118 96 62 16 102 119 139 161 51 162 150 102 89 141 80 55 156 119 29 190 91 139 65 99 134 104 105 80 76 170 103 173 48 101 107 96 100 89 
115 128 29 92 57 117 49 61 47 18 167 68 101 88 90 38 120 119 156 74 75 126 100 66 135 137 96 114 173 145 134 63 97 130 78 58 102 167 116 122 116 154 67 113 55 171 183 52 114 166 65 65 54 52 85 103 85 147 59 171 60 116 73 104 
90 10 101 172 106 67 52 76 126 180 65 156 62 110 133 21 138 79 46 89 74 156 154 166 23 122 62 173 88 106 35 49 118 97 145 41 133 160 52 98 105 58 107 114 105 80 153 66 100 68 117 105 129 89 61 26 122 124 102 161 67 68 53 115 
134 141 103 100 43 107 175 39 113 102 88 108 187 89 42 51 48 178 100 95 83 129 91 182 129 136 16 145 106 104 73 137 110 105 66 129 109 98 164 137 159 16 113 143 103 69 12 133 93 141 110 68 80 120 152 132 130 144 141 82 128 134 95 110 
172 183 93 135 159 94 63 135 72 76 42 67 36 14 169 124 126 99 90 93 93 81 107 42 114 116 102 134 35 73 186 99 91 120 67 142 46 46 38 37 181 152 88 24 120 40 106 57 53 57 94 42 104 21 43 133 170 159 134 61 113 103 66 92 
73 14 96 102 125 62 145 31 100 153 108 159 116 103 102 175 29 82 109 34 58 135 118 184 126 109 119 63 49 137 99 2 74 25 152 112 84 113 128 175 167 131 139 97 145 176 25 48 190 114 78 62 96 62 127 124 134 156 51 99 87 158 105 112 
158 90 38 124 120 98 133 113 115 56 34 84 53 99 117 107 115 116 95 157 47 92 59 49 109 167 139 97 118 110 91 74 90 29 159 125 128 79 58 93 137 33 67 119 132 172 83 16 135 38 19 101 90 130 122 152 91 151 77 108 110 105 91 55 
103 76 55 150 84 174 94 84 158 117 90 116 69 102 111 125 115 94 125 108 152 55 69 82 104 113 161 130 97 105 120 25 29 124 171 61 149 27 106 105 58 161 143 79 91 113 29 129 88 116 98 37 71 164 145 96 57 103 111 137 167 138 120 107 
123 79 112 129 123 158 85 153 65 124 123 139 139 85 57 161 155 110 161 136 112 119 55 99 108 55 51 78 145 66 67 152 159 171 6 110 98 190 76 70 92 43 16 158 146 156 112 139 108 192 118 97 103 106 126 157 116 109 147 131 178 85 106 88 
127 172 87 64 142 174 107 141 160 179 16 76 77 50 132 89 50 152 126 155 109 88 62 150 90 84 162 58 41 129 142 112 125 61 110 20 90 73 85 164 130 104 51 65 93 84 104 110 152 121 61 111 138 112 137 88 176 121 41 104 173 90 122 135 
152 109 124 147 178 142 101 113 160 60 93 101 34 60 64 139 26 154 62 111 99 109 160 95 134 112 150 102 133 109 46 84 128 149 98 90 100 48 79 159 144 70 159 87 71 34 41 97 166 63 74 159 68 25 170 106 98 94 54 110 100 181 89 103 
83 75 107 121 61 141 125 70 34 79 74 168 27 59 2 86 84 71 80 78 93 66 101 174 156 108 102 167 160 98 46 113 79 27 190 73 48 26 91 171 169 74 130 98 59 60 179 104 87 116 154 107 57 44 51 137 156 79 44 103 49 60 47 126 
154 147 115 74 147 159 173 15 29 89 53 85 126 199 172 82 168 86 77 145 44 78 174 66 43 59 89 116 52 164 38 128 58 106 76 85 79 91 164 93 75 94 109 61 153 91 122 127 68 169 43 143 114 95 26 159 79 66 91 42 138 115 97 124 
95 91 79 74 93 76 84 118 82 75 118 72 78 92 121 46 30 124 143 92 165 89 67 71 172 114 141 122 98 137 37 175 93 105 70 164 159 171 93 6 79 86 133 49 123 84 136 79 115 108 99 93 82 74 168 146 20 84 169 102 89 138 140 113 
77 158 123 18 127 53 12 70 112 77 72 105 36 138 89 84 89 93 118 81 92 107 82 91 84 124 80 116 105 159 181 167 137 58 92 130 144 169 75 79 144 172 116 106 134 118 142 93 49 111 54 27 35 90 81 86 103 147 121 56 156 91 45 37 
180 60 159 131 122 22 73 135 12 93 76 77 28 121 86 57 72 121 112 119 84 92 144 95 103 173 55 154 58 16 152 131 33 161 43 104 70 74 94 86 172 102 125 129 92 108 134 81 90 47 51 56 83 132 55 149 74 16 138 156 133 150 85 101 
110 159 76 137 111 73 112 109 95 159 83 65 82 69 85 82 56 74 109 46 87 116 23 120 64 150 156 67 107 113 88 139 67 143 16 51 159 130 109 133 116 125 42 132 156 12 145 130 69 138 35 122 134 116 180 79 64 97 130 99 164 115 169 169 
167 86 45 115 48 121 107 145 86 108 50 133 96 25 157 87 110 51 182 158 80 115 99 107 69 13 119 113 114 143 24 97 119 79 158 65 87 98 61 49 106 129 132 128 30 160 114 34 76 31 75 100 83 115 136 47 93 183 131 43 27 79 54 94 
76 61 60 111 80 72 36 72 105 109 101 51 61 85 52 37 136 93 169 49 110 118 23 114 125 100 29 55 105 103 120 145 132 91 146 93 71 59 153 123 134 92 156 30 6 147 79 172 13 123 58 137 73 97 199 24 88 41 74 29 148 117 73 52 
101 35 43 118 61 90 155 122 140 75 169 78 113 135 140 80 110 118 28 164 40 115 167 170 160 78 190 171 80 69 40 176 172 113 156 84 34 60 91 84 118 108 12 160 147 64 92 124 51 98 101 79 120 87 101 137 58 70 92 126 67 51 161 68 
169 145 160 47 80 114 53 88 138 146 84 98 96 87 22 177 163 88 107 123 114 140 93 137 140 60 91 183 153 12 106 25 83 29 112 104 41 179 122 136 142 134 145 114 79 92 170 124 99 79 109 77 85 73 87 51 48 89 155 152 68 86 145 40 
103 68 95 151 181 63 149 83 92 72 76 129 11 124 105 44 139 154 132 108 143 94 76 13 77 54 139 52 66 133 57 48 16 129 139 110 97 104 127 79 93 81 130 34 172 124 124 138 116 71 10 18 40 78 132 118 47 44 168 92 102 122 36 81 
138 54 152 116 94 182 46 102 139 121 143 151 160 124 54 151 158 97 174 63 85 56 110 48 140 159 65 114 100 93 53 190 135 88 108 152 166 87 68 115 49 90 69 76 13 51 99 116 180 98 63 31 93 75 120 103 115 138 122 163 134 104 157 110 
104 94 108 140 30 140 169 91 43 121 111 145 164 63 107 109 124 105 67 49 89 70 135 128 88 163 99 166 68 141 57 114 38 116 192 121 63 116 169 108 111 47 138 31 123 98 79 71 98 110 153 88 61 107 102 123 163 55 142 190 62 164 114 100 
134 93 41 66 33 77 64 108 138 36 78 141 127 73 95 85 96 89 34 72 96 100 84 86 34 84 134 65 117 110 94 78 19 98 118 61 74 154 43 99 54 51 35 75 58 101 109 10 63 153 24 86 111 112 9 40 97 20 101 27 90 46 181 22 
105 151 82 61 54 150 124 157 138 53 153 64 188 79 69 103 86 129 120 166 85 79 116 59 161 85 104 65 105 68 42 62 101 37 97 111 159 107 143 93 27 56 122 100 137 79 77 18 31 88 86 158 86 139 39 78 102 92 87 138 81 50 61 41 
156 38 83 106 83 146 74 67 131 92 119 22 61 132 91 117 117 65 122 105 91 93 149 75 38 103 105 54 129 80 104 96 90 71 103 138 68 57 114 82 35 83 134 83 73 120 85 40 93 61 111 86 28 140 133 49 107 126 60 76 69 152 191 87 
139 134 125 159 113 79 111 185 50 153 51 78 111 84 159 99 155 48 17 83 98 84 108 136 118 144 80 52 89 120 21 62 130 164 106 112 25 44 95 74 90 132 116 115 97 87 73 78 75 107 112 139 140 14 41 67 85 150 120 160 128 161 126 73 
61 127 105 100 96 124 119 152 64 116 25 142 177 121 66 153 134 64 131 124 149 97 116 71 73 88 76 85 61 152 43 127 122 145 126 137 170 51 26 168 81 55 180 136 199 101 87 132 120 102 9 39 133 41 46 90 105 69 104 62 81 155 171 134 
132 105 79 78 69 108 121 76 69 90 138 51 47 119 126 72 46 108 46 123 152 101 73 112 33 138 170 103 26 132 133 124 152 96 157 88 106 137 159 146 86 149 79 47 24 137 51 118 103 123 40 78 49 67 90 164 169 26 96 64 53 116 162 154 
85 136 118 103 123 55 90 40 56 55 102 33 72 23 147 152 124 61 12 55 110 129 119 184 59 39 103 85 122 130 170 134 91 57 116 176 98 156 79 20 103 74 64 93 88 58 48 47 115 163 97 102 107 85 105 169 164 104 89 126 65 118 131 155 
90 96 125 41 117 97 150 78 134 122 74 101 70 97 127 107 128 113 94 90 121 152 34 41 113 141 173 147 124 144 159 156 151 103 109 121 94 79 66 84 147 16 97 183 41 70 89 44 138 55 20 92 126 150 69 26 104 82 87 50 89 110 113 46 
155 136 96 51 56 28 151 74 99 146 57 133 91 174 139 53 92 96 112 64 60 42 36 70 96 69 48 59 102 141 134 51 77 111 147 41 54 44 91 169 121 138 130 131 74 92 155 168 122 142 101 87 60 120 104 96 89 87 24 163 72 77 69 74 
23 44 30 64 72 89 133 126 39 72 90 69 109 159 56 17 88 165 187 78 104 162 98 140 58 91 101 171 161 82 61 99 108 137 131 104 110 103 42 102 56 156 99 43 29 126 152 92 163 190 27 138 76 160 62 64 126 50 163 32 18 150 68 104 
100 134 133 65 78 124 83 138 107 94 63 79 59 66 64 79 102 60 92 11 151 82 92 105 58 106 107 60 67 128 113 87 110 167 178 173 100 49 138 89 156 133 164 27 148 67 68 102 134 62 90 81 69 128 81 53 65 89 72 18 12 79 102 60 
37 91 91 80 76 84 53 81 161 120 64 139 30 94 175 102 50 109 129 152 167 100 73 76 66 93 96 116 68 134 103 158 105 138 85 90 181 60 115 138 91 150 115 79 117 51 86 122 104 164 46 50 152 161 155 116 118 110 77 150 79 198 188 104 
110 91 97 48 43 85 59 97 91 131 110 72 130 138 126 173 145 105 190 121 87 91 97 94 165 114 100 73 53 95 66 105 91 120 106 122 89 47 97 140 45 85 169 54 73 161 145 36 157 114 181 61 191 126 171 162 131 113 69 68 102 188 184 114 
95 98 130 96 85 118 113 43 57 180 98 98 94 38 98 173 106 36 184 38 178 57 90 82 11 103 89 104 115 110 92 112 55 107 88 135 103 126 124 113 37 101 169 94 52 68 40 81 110 100 22 41 87 73 134 154 155 46 74 104 60 104 114 102 