64 6.03374057249307 58.03046109346508 384 12568
14 1 74 8 79 54 73 40 54 47 99 75 83 75 93 38 90 87 77 62 96 2 20 10 92 85 65 84 82 33 53 59 87 100 20 100 97 40 15 27 20 76 20 49 56 7 61 69 52 20 37 40 2 88 40 40 12 44 45 69 32 75 70 100 
84 74 40 55 64 85 42 73 5 18 40 73 80 49 58 55 100 45 59 1 77 12 83 24 24 47 48 80 42 87 95 89 75 75 73 39 55 15 19 73 79 25 50 67 37 77 19 91 94 18 71 22 58 90 83 42 54 26 76 12 95 65 50 9 
47 91 82 20 58 46 30 16 5 35 32 89 18 33 86 35 76 67 16 58 46 90 25 82 75 99 55 73 37 80 37 7 38 77 2 82 3 95 11 48 32 87 58 43 25 90 18 71 91 56 29 9 68 7 49 5 51 31 13 3 40 94 40 98 
28 91 53 76 33 94 31 96 70 64 37 35 40 40 12 38 86 3 17 69 58 96 87 69 1 73 70 29 44 1 25 57 89 73 82 90 64 22 14 52 6 84 95 80 17 3 2 86 9 85 86 10 56 67 72 6 32 47 5 98 40 31 30 14 
95 22 13 1 39 6 58 99 79 81 2 9 34 48 55 70 3 75 39 97 82 19 75 80 5 58 37 46 2 90 84 63 19 92 37 74 21 53 16 26 90 34 73 28 84 19 80 92 87 89 56 59 52 54 67 94 27 2 14 69 22 88 83 80 
10 25 94 49 59 17 1 24 89 61 59 39 87 96 10 32 87 22 14 71 56 69 78 73 75 48 3 90 61 35 73 57 19 8 89 61 40 92 74 1 33 35 13 95 93 12 93 62 17 52 9 12 66 80 4 45 96 53 92 57 65 63 70 27 
77 40 46 42 21 10 25 25 83 51 33 77 12 38 6 44 1 9 33 11 100 13 2 81 31 32 5 85 7 2 11 79 29 95 64 77 33 8 2 69 6 47 8 89 32 22 47 69 54 77 51 78 52 11 35 8 78 53 7 29 65 64 55 78 
32 11 47 22 30 15 77 11 99 33 2 43 48 15 39 48 11 3 16 78 91 77 24 72 26 73 39 54 79 31 97 17 71 38 26 65 79 12 62 73 84 53 80 60 98 79 69 4 49 41 19 63 96 29 84 61 77 64 72 2 55 14 53 99 
94 36 82 18 27 90 11 52 88 78 70 72 87 8 11 19 28 21 13 94 86 12 44 26 58 44 99 57 45 27 32 21 85 51 7 56 91 84 88 98 25 12 28 92 32 80 1 99 35 84 44 78 98 90 33 43 40 93 58 57 28 91 53 9 
26 53 100 32 29 41 72 50 17 70 86 28 14 59 76 35 100 8 95 48 60 22 16 25 17 57 30 23 74 66 48 96 80 56 57 65 74 12 20 17 96 56 52 57 67 100 5 55 36 71 100 67 63 30 7 26 91 98 10 66 77 37 37 89 
86 96 2 25 14 26 10 60 6 78 21 94 93 88 60 72 11 87 21 28 48 25 70 26 67 89 43 1 73 34 5 46 87 60 76 86 2 45 39 79 17 75 73 80 87 8 6 68 69 7 32 19 44 26 93 81 17 38 8 2 63 100 84 76 
68 59 70 91 36 20 10 87 76 2 46 63 2 75 81 28 19 100 71 91 19 36 85 12 13 22 28 76 46 84 55 28 15 40 53 16 11 67 23 92 79 68 51 46 27 60 40 96 53 82 29 44 21 90 69 51 27 37 16 92 48 2 16 40 
31 30 99 39 36 61 25 12 31 84 58 5 54 4 74 32 75 62 85 24 83 71 100 17 61 10 81 69 31 46 41 41 55 81 70 74 38 72 66 81 50 23 65 52 15 68 88 22 17 87 6 46 4 73 27 88 45 56 22 51 47 98 29 85 
25 43 84 72 82 90 7 88 65 43 31 55 30 35 8 85 9 87 84 38 35 84 72 71 26 29 27 3 65 58 63 73 50 61 55 25 47 36 71 74 28 69 16 35 28 56 42 65 94 48 73 76 77 33 77 53 95 98 60 26 78 45 50 60 
66 41 76 27 57 48 16 28 64 67 64 98 7 42 33 3 41 19 78 17 83 78 13 40 56 32 38 15 5 28 54 5 6 36 49 53 46 66 25 45 72 72 44 9 58 25 59 4 49 7 8 43 40 49 57 28 38 52 83 32 15 49 45 8 
32 77 89 80 33 76 73 87 52 37 19 33 91 80 80 19 2 13 69 26 19 98 82 20 61 99 51 98 91 59 9 67 17 17 11 46 15 70 54 90 95 46 47 84 83 46 38 6 88 34 71 15 55 8 74 75 100 99 53 70 84 81 91 20 
65 5 82 32 20 73 20 31 38 20 61 63 35 61 47 20 33 47 27 99 5 19 86 77 60 14 59 1 95 63 12 57 18 56 2 35 28 10 5 59 44 21 2 95 73 79 61 15 76 49 60 88 46 5 11 81 17 28 26 65 25 81 2 82 
81 51 94 72 9 57 94 94 62 19 27 51 56 32 62 93 82 18 6 49 62 85 53 69 29 61 80 66 33 84 55 9 14 5 72 28 53 13 76 41 17 78 60 33 30 50 41 31 77 48 34 95 49 11 99 60 43 48 89 26 84 25 95 84 
96 37 49 11 42 11 96 59 96 32 96 68 31 18 65 49 96 100 42 52 27 10 16 62 17 91 37 70 35 17 7 32 81 91 61 34 96 99 10 100 8 4 36 67 89 47 46 94 74 98 16 3 28 82 10 81 14 26 86 10 38 61 4 20 
3 11 27 35 54 45 45 33 49 47 70 30 56 12 73 72 25 37 74 70 26 2 77 34 99 85 95 91 59 45 11 92 46 12 25 89 95 33 89 97 41 59 98 78 2 23 89 58 45 62 90 7 54 56 66 88 37 53 70 17 47 77 2 58 
38 52 99 96 100 4 48 73 7 97 95 88 11 10 76 9 37 46 4 10 49 1 96 46 41 76 52 78 75 88 18 83 17 47 16 23 36 21 2 60 74 68 71 60 92 12 10 38 26 81 91 66 35 35 95 71 57 80 12 89 14 81 56 3 
84 12 7 30 13 13 52 15 19 66 63 30 31 63 48 26 12 19 7 41 93 32 6 55 37 21 76 24 96 99 26 23 36 68 24 68 99 36 53 78 86 93 56 7 40 86 31 81 64 39 48 43 80 42 89 62 75 39 73 87 87 60 8 98 
90 3 3 66 19 2 66 28 22 81 39 29 32 20 99 3 82 28 18 6 62 79 55 22 43 33 84 48 87 93 23 39 78 14 66 17 4 57 13 41 6 67 56 55 35 30 89 64 39 29 49 7 61 40 38 32 13 78 1 19 77 75 81 91 
42 28 50 87 72 22 7 39 59 67 53 1 25 37 66 9 35 65 24 58 59 36 29 22 30 65 63 72 96 48 50 57 98 32 23 94 53 69 1 17 90 47 60 76 5 32 45 47 27 22 28 88 72 2 20 96 84 11 32 4 85 4 93 8 
44 39 55 38 54 96 63 26 52 13 90 88 79 44 43 30 49 75 2 99 19 68 46 28 46 31 9 67 3 6 99 14 5 18 5 97 6 58 60 45 73 73 90 74 41 82 23 100 87 9 65 87 57 58 24 69 45 57 25 49 10 24 42 65 
2 53 78 33 60 25 95 14 86 51 55 34 1 22 78 68 85 77 95 29 17 29 61 49 31 8 21 82 56 82 75 1 16 11 56 44 98 38 50 64 15 12 4 90 39 49 61 95 66 74 53 58 36 29 67 89 59 36 8 51 91 42 71 67 
76 63 62 80 72 11 13 28 92 61 6 96 13 20 7 64 26 17 61 59 23 46 62 61 90 64 99 18 65 79 54 86 29 27 85 20 28 72 100 64 91 45 48 42 4 49 17 73 31 59 24 3 35 5 23 45 12 86 14 36 82 83 27 56 
28 66 56 9 1 20 6 2 40 45 74 59 89 54 20 93 76 35 68 3 22 36 49 38 75 28 85 36 93 26 18 47 44 17 70 54 80 22 55 13 24 65 41 60 86 62 53 58 26 70 74 5 41 35 59 70 12 82 76 56 20 17 38 32 
21 14 21 34 12 15 90 66 77 70 80 69 65 86 19 33 57 83 28 45 13 48 88 63 56 8 95 90 27 48 74 62 8 15 44 42 26 70 7 33 62 32 7 20 63 74 10 2 88 84 7 57 17 52 69 34 83 24 70 84 55 50 68 75 
42 33 34 20 32 10 79 44 54 88 90 90 80 13 82 59 31 59 68 34 71 24 89 99 23 26 54 91 77 87 97 10 11 46 57 68 92 47 12 60 14 23 64 18 69 85 45 84 12 78 76 100 80 95 85 78 80 80 46 69 66 65 97 95 
61 31 73 71 56 71 66 8 18 30 28 49 5 72 13 12 34 52 17 14 39 73 64 7 6 54 11 7 43 33 61 8 26 99 73 58 79 60 55 60 64 4 57 60 77 79 64 38 53 4 3 82 57 7 72 74 71 73 35 18 50 54 52 28 
44 80 12 18 20 19 2 4 52 51 7 87 31 50 54 20 97 81 63 67 78 7 70 19 32 84 67 10 48 98 99 43 78 43 32 17 57 17 56 81 89 70 23 24 62 26 65 62 97 37 16 39 9 10 70 72 85 91 43 46 64 20 37 92 
43 54 28 62 19 89 22 2 89 43 71 33 69 88 61 41 62 74 19 33 43 41 24 42 50 43 45 24 26 46 74 18 93 100 28 56 64 88 18 21 57 23 46 51 67 63 93 8 99 14 44 36 11 59 92 20 26 58 57 79 20 92 50 44 
2 28 4 88 93 30 2 45 68 77 26 98 81 23 35 29 30 24 100 74 19 75 24 16 97 64 48 16 90 95 1 16 51 30 30 85 95 43 81 8 6 70 61 10 23 86 62 24 23 38 21 45 24 65 32 8 22 62 7 73 76 73 97 53 
35 70 55 27 44 5 83 45 53 58 34 33 94 14 78 27 81 50 51 44 69 1 76 68 99 57 55 25 30 16 89 36 88 94 33 18 49 33 85 27 49 9 78 12 39 100 85 57 53 41 33 84 54 67 29 1 82 30 91 48 41 35 71 29 
62 54 70 42 38 68 100 36 81 94 13 60 75 1 53 1 97 50 8 63 98 22 90 45 90 47 58 17 24 44 99 90 50 61 6 33 98 10 98 50 22 47 32 34 4 16 1 76 4 100 5 87 66 43 80 54 70 27 3 31 90 76 37 26 
93 98 92 99 26 78 77 91 6 25 15 8 9 39 59 1 87 3 79 82 94 100 63 70 99 91 37 45 100 57 18 36 80 36 13 2 51 54 13 34 59 57 6 3 36 89 76 82 66 92 56 44 91 95 35 76 62 75 10 85 54 99 6 71 
18 55 67 59 15 16 49 82 28 15 95 12 74 63 67 90 19 67 71 24 87 21 50 5 54 30 73 7 23 86 51 64 21 35 13 15 3 26 100 19 59 91 49 74 13 58 25 29 59 14 58 77 89 32 28 98 9 24 15 4 74 54 20 95 
58 56 21 21 95 48 55 29 99 32 51 5 1 6 12 52 33 41 65 31 1 74 7 95 36 12 55 6 79 71 77 4 99 65 33 25 100 55 47 59 47 99 97 66 84 83 17 76 46 86 5 63 88 64 95 100 38 89 18 97 62 67 39 39 
67 98 74 39 22 16 63 27 45 36 71 100 80 29 92 25 5 45 26 6 18 81 71 28 35 74 6 25 51 99 49 76 62 24 34 73 97 96 78 8 77 5 41 12 14 15 93 67 84 80 92 24 15 14 25 75 69 81 35 43 64 51 85 53 
9 94 28 26 67 72 74 88 90 29 44 44 50 47 91 76 86 25 22 45 88 17 67 63 20 91 73 49 14 5 57 66 51 48 21 89 19 79 1 40 68 3 52 60 18 35 25 67 50 12 78 67 43 74 77 15 30 63 7 30 56 26 60 97 
40 89 95 61 35 79 64 44 55 94 10 10 36 9 60 97 67 46 63 12 51 63 17 47 32 26 36 17 86 20 32 61 49 71 10 46 97 61 63 74 36 82 79 3 98 68 42 68 7 77 24 24 4 23 25 37 66 93 50 14 65 88 91 91 
11 87 12 49 22 52 18 66 10 44 43 33 41 34 17 67 89 22 98 43 77 27 41 79 89 18 93 39 78 9 65 19 98 100 89 2 28 7 30 15 88 41 5 62 54 11 68 31 9 70 65 64 50 6 92 1 32 100 92 83 1 69 52 97 
38 59 53 43 24 79 5 64 66 26 42 21 81 94 23 57 75 40 66 30 80 37 84 17 77 84 59 61 26 58 44 70 11 4 97 95 52 91 5 92 76 69 71 37 25 94 47 7 57 32 32 6 71 57 18 26 48 44 86 1 54 70 98 46 
39 42 41 77 41 62 88 97 93 68 96 78 6 38 61 58 40 36 28 37 56 59 64 75 87 25 40 90 48 43 97 29 61 92 49 46 95 34 14 90 5 68 12 43 5 89 19 69 99 14 84 30 36 23 66 40 8 63 63 36 53 7 33 77 
99 86 18 75 6 63 80 61 75 64 19 40 86 44 7 96 1 97 40 73 96 13 4 49 14 73 78 53 1 46 88 49 49 30 84 44 59 67 73 11 76 9 99 63 94 27 71 86 98 53 15 44 98 76 1 27 55 45 3 23 4 9 43 99 
80 54 64 60 32 71 96 87 47 10 95 2 7 57 89 98 69 77 5 1 64 48 37 88 86 36 40 26 53 87 56 58 96 47 58 76 83 67 94 34 41 50 23 65 3 90 42 88 13 68 68 19 22 84 64 61 41 39 59 11 41 17 82 86 
75 99 69 9 67 39 62 70 90 37 51 22 39 77 56 78 77 92 28 65 82 51 20 14 92 68 71 13 33 7 81 12 35 74 18 100 16 68 63 3 66 63 41 85 54 100 93 33 86 94 56 57 69 74 58 44 78 89 91 71 84 52 88 59 
1 89 88 65 83 36 87 27 23 76 37 32 56 76 82 3 29 10 88 30 5 45 45 92 55 30 59 61 54 22 20 67 82 97 31 69 62 7 86 9 6 74 98 31 49 39 20 93 26 73 82 100 30 90 11 23 44 80 38 100 85 30 81 68 
76 65 31 35 30 35 72 13 91 40 58 81 100 26 1 61 76 98 17 3 44 60 13 11 1 72 27 70 100 71 93 69 87 29 87 21 62 93 5 12 85 6 76 4 78 61 87 31 19 89 83 100 88 71 21 94 90 63 91 83 79 13 91 50 
47 92 95 80 6 34 77 24 17 14 45 1 65 91 92 76 52 67 85 52 3 5 37 89 1 87 24 47 22 38 7 40 59 54 17 4 66 81 43 61 46 34 14 66 50 33 2 68 17 39 69 87 95 20 10 9 35 22 23 26 8 73 18 58 
60 46 15 78 87 85 31 92 40 71 91 37 6 40 16 33 63 75 20 15 53 89 43 72 100 60 25 51 30 74 19 27 31 11 70 97 1 97 33 23 64 63 57 1 61 63 38 20 95 47 75 9 15 91 24 48 66 15 55 49 58 13 52 52 
2 36 65 55 7 44 91 41 26 61 89 86 87 72 70 95 100 14 48 48 42 92 48 1 92 94 52 69 12 36 93 17 71 3 66 6 89 82 87 8 68 27 31 27 26 79 1 10 85 44 30 91 90 52 8 80 39 59 37 68 27 12 19 46 
53 26 73 7 20 18 28 77 3 84 56 50 70 55 49 51 2 27 36 22 80 71 59 27 11 45 64 5 9 71 66 50 28 90 43 7 47 20 14 95 85 9 92 32 43 21 75 24 86 39 54 93 98 100 31 50 55 94 92 73 80 17 57 50 
94 25 23 81 67 48 83 1 85 88 52 100 100 82 94 18 79 51 61 20 68 58 88 46 48 59 16 31 67 52 99 75 73 20 92 22 96 56 81 93 99 62 62 15 25 76 78 57 79 86 56 20 39 91 80 95 39 8 75 61 35 64 76 91 
78 8 32 70 9 17 75 6 52 84 86 1 62 21 11 76 2 89 56 79 15 76 58 72 10 87 16 65 82 55 8 99 84 45 83 95 1 15 67 34 35 21 44 36 25 94 66 51 65 36 43 91 85 17 96 84 45 93 65 80 85 43 97 15 
38 51 66 79 76 69 13 23 67 16 81 57 8 52 9 81 5 10 97 42 28 23 98 19 43 2 61 12 47 58 54 49 81 79 62 77 42 65 4 61 33 100 84 56 87 70 93 45 3 75 62 61 59 55 50 2 67 100 72 76 49 85 88 14 
37 60 64 93 11 63 16 11 100 83 26 50 70 59 46 11 96 11 22 20 54 63 72 62 44 45 6 40 90 31 42 58 53 26 75 20 48 25 6 85 100 32 55 76 97 19 19 60 23 80 45 64 67 40 75 27 82 88 7 58 83 60 11 39 
21 22 52 24 91 20 37 95 82 94 83 27 38 4 61 95 89 9 96 90 9 75 83 10 39 47 90 58 56 59 36 12 98 7 45 87 66 27 9 59 7 99 51 84 33 74 98 53 96 75 70 62 26 62 13 63 18 95 33 18 52 26 98 62 
40 44 90 84 9 63 11 52 75 42 93 4 68 28 18 76 55 32 43 10 78 71 48 26 66 41 18 68 25 21 90 28 96 68 10 95 68 93 73 8 62 68 34 86 26 72 75 5 94 20 64 4 82 91 55 25 60 58 69 7 71 80 70 93 
62 18 65 18 40 97 22 54 21 78 73 23 80 83 64 5 8 47 99 24 30 15 98 66 8 33 67 8 35 53 1 37 85 52 20 18 70 97 76 13 77 89 86 30 26 26 53 31 6 47 31 96 24 95 97 48 28 74 14 77 76 85 59 29 
48 83 48 57 33 87 20 63 38 94 11 49 84 4 11 98 20 96 39 18 26 31 59 65 90 27 3 54 18 48 96 42 31 47 99 82 60 79 82 35 92 88 42 69 63 73 96 95 50 51 35 34 21 2 29 63 26 89 33 58 7 68 80 49 
57 36 14 2 8 44 49 33 58 64 98 18 17 27 28 81 2 74 48 9 36 41 14 72 1 99 85 20 16 75 83 90 67 39 48 74 31 53 27 75 96 58 89 71 22 73 93 62 73 94 8 29 36 91 52 56 12 27 91 20 34 4 92 81 
78 94 5 68 46 42 75 5 97 76 26 13 45 73 63 67 28 9 79 17 44 6 50 58 6 9 64 71 81 79 52 48 9 98 30 98 44 81 95 87 56 41 50 18 11 81 73 94 27 41 6 91 97 28 36 33 57 42 50 74 10 62 61 79 
0.6320812151827366 0.6523075814874228 0.814217895753736 0.7148796310468934 0.819780774632478 0.4227778172617512 0.17340345861557876 0.6494725903910594 0.2010112142805327 0.5700550152842414 0.7692745143456031 0.5441043198356632 0.27152110593144074 0.1004138698704865 0.2482194773900837 0.7679921192272358 0.05599730888094551 0.7382808599035205 0.5097235136075431 0.6767669194005175 0.11655419527183475 0.324030652827482 0.26624727096106504 0.6393127710647277 0.24944434991869996 0.5224374566975565 0.3678245155518239 0.4682487439069505 0.8484559634190025 0.536514158507525 0.5593144507510659 0.08784986225122554 0.4625597831259907 0.5244953140191786 0.09397785218795202 0.03303095145781049 0.48924278199187426 0.7998380457889596 0.5668740128734173 0.32310657901345563 0.5265372815427888 0.27979281268845985 0.3905381009279908 0.4930684431202405 0.299123881099963 0.35488561719960315 0.5526817923708554 0.08720955456376339 0.5488995878038521 0.6247150404797168 0.2559695954849283 0.3965120615133151 0.6189478591724218 0.6599888302404788 0.4934668084841237 0.18515711954504915 0.7589454324414593 0.5896141954389227 0.47501426744892267 0.50643544108543 0.6847529048138052 0.7089842185420235 0.38737839021019027 0.8307121491583322 
0.6523075814874228 0.10355572524114665 0.683255582808781 0.4013429336397303 0.5180326384040783 0.21817534484475665 0.5903948283767626 0.7011944939695194 0.554730447370477 0.3983525984749775 0.06835089460142946 0.538690503185982 0.5232938658249 0.33841384905156596 0.5739722652360622 0.3750421893723903 0.7019794945091336 0.7136459934582007 0.7351257358507597 0.5852417504678311 0.6925898460755462 0.4649770492077612 0.31326294572878155 0.4307905336053403 0.37723615949082856 0.43811759899525893 0.7846661087899405 0.7141591181040613 0.42674863295784726 0.32701352254006966 0.12895168450412559 0.4824277466700114 0.40335463820240536 0.9745119898736792 0.44534594116622095 0.6832370254826199 0.4331208407721813 0.5601104451682339 0.5476074064334198 0.5209576578689461 0.2949347163269506 0.4736151053792166 0.220088093854159 0.5217361370339766 0.7119751291798815 0.32642984085701554 0.5542636283341119 0.5054531840009495 0.7365128094269573 0.5677256718268789 0.4708648135736867 0.6459700314167962 0.7752003863671535 0.5619714254330584 0.6726299459805365 0.5167632047696363 0.8210443618145853 0.5059812624971334 0.4763990261944727 0.5032898617108126 0.5357511006725642 0.4748840349634418 0.7446562092312071 0.20392018760243547 
0.814217895753736 0.683255582808781 0.932290110051207 0.16185899330692077 0.49562598237046285 0.5767060394367794 0.18049483979019582 0.4817126504049272 0.22898063417450248 0.4893759945216011 0.2269069801202659 0.4140271876055401 0.5944040032781224 0.38220330629611216 0.6186472135739125 0.5907617129895243 0.3113182686588154 0.6532805531878848 0.7698075462054477 0.8179325752140394 0.30736564398344024 0.1863646789285449 0.5326428099313543 0.3200588553047894 0.5030677074790697 0.34461510409602514 0.23107744769149213 0.5572160380986542 0.6277130010794401 0.4815243004727736 0.5035261010630664 0.47289341448560407 0.4283570767442537 0.6982988333561724 0.7655289038619035 0.31258312274873046 0.46927453902181626 0.9038237435412126 0.5471191134244888 0.505883948345191 0.33012415086482977 0.6422825800221019 0.6430355756531061 0.38387054811399707 0.23492456150424917 0.4859108067692762 0.47964680704232493 0.432022722728012 0.403426084247547 0.7791830889321868 0.78894789665403 0.460104397805142 0.41413473429153097 0.7922612170801653 0.4287864320602609 0.2569678992143847 0.49344006592086204 0.45522033049294286 0.6459513968317181 0.23652481933926467 0.3316499284824761 0.295256901253818 0.3677167142864441 0.45653698681197147 
0.7148796310468934 0.4013429336397303 0.16185899330692077 0.03131116538815992 0.41657022736331556 0.9225155406006647 0.3014719935221932 0.5815792105255402 0.7170130621720969 0.5765839680994668 0.19057395324340948 0.6861940951506149 0.583576756140014 0.6150741812640113 0.33552441896148677 0.458424205610712 0.7380179892546783 0.45336289648563816 0.860276167320412 0.8942334501627373 0.7708356557295775 0.4291503506162147 0.5572563546239355 0.32561347304111793 0.5152555820683364 0.3275713332503561 0.6818021567117989 0.4415478763182378 0.5149616675116608 0.632761677655896 0.7999805060918898 0.7489111565585598 0.5209464464594478 0.7430780493646832 0.23853470867781024 0.7543294338143371 0.3791832384585754 0.15713564299338523 0.510923629463669 0.2570275211858653 0.20407925024229268 0.5087372775522971 0.730667688983087 0.5096590383469366 0.6447741663383413 0.05403414842337623 0.4159393725769647 0.7426516048570209 0.16034197273121104 0.35152428791017754 0.7206517717827481 0.20975087599585285 0.697506620225528 0.3738469783982853 0.5686079482976794 0.3752238955022599 0.3258863096747058 0.47173391810181037 0.5577310611796095 0.6994446879264649 0.42832153456293504 0.5750624657052039 0.6956155418420933 0.5139221792376348 
0.819780774632478 0.5180326384040783 0.49562598237046285 0.41657022736331556 0.2585306962039645 0.8437740041166999 0.19647807720919724 0.7893823610902306 0.3634173256792296 0.5923223921870153 0.35736148232567133 0.7740669846999088 0.30477609886866625 0.055514285185212564 0.9193654495187136 0.44364556577786274 0.30759018566536517 0.2545106933911193 0.6665893859540056 0.4760279680591441 0.41503612740849494 0.5888748694204894 0.8190660142137025 0.6223816830924798 0.6441132985232647 0.41615432064640046 0.28442936914940603 0.4877436158170413 0.2564179590568216 0.09146419508776737 0.3164700992805772 0.5944822152683558 0.712693099661651 0.7608945248500256 0.44497367432517754 0.364812469806218 0.7386851985693643 0.3863562813311855 0.08512864894064753 0.10823139823860678 0.6002103423295682 0.4435367691358151 0.49016506826581996 0.3973583759643394 0.3338972617569149 0.8553572251564411 0.18384238804604058 0.23343262308747115 0.6698632890543914 0.6283256774562807 0.5096558912356492 0.7502649580230052 0.2193360292394556 0.4466967215780781 0.9001264343798854 0.5948133462865399 0.6969572646592868 0.40399002206226403 0.3311170104110695 0.6379864051287026 0.44099193918830815 0.5028515743683716 0.4254956384037718 0.40337626940798704 
0.4227778172617512 0.21817534484475665 0.5767060394367794 0.9225155406006647 0.8437740041166999 0.10464109935278354 0.804370181912497 0.2659779662985306 0.4501624742441629 0.1348845463751973 0.6011564235538087 0.5594782805599883 0.5009415082840989 0.31618986340799554 0.9009869656024545 0.9089456918979759 0.3559583832487531 0.612554303371845 0.5213245415277674 0.7991475976291511 0.4530406823740563 0.7332692366149338 0.6674178992902663 0.42358833883408165 0.2511491692109097 0.5167588859226917 0.8137280139402219 0.6576694355080119 0.2108474962878336 0.500212084105813 0.5982029779038979 0.4556971137064887 0.9095725655963305 0.29511533040798493 0.046392428092898674 0.7144685335971348 0.6750746115329338 0.43395707005835615 0.6766834581503284 0.3853419646378169 0.4430192242398198 0.29969232197185314 0.2976083357873148 0.21464719588501108 0.6079337368468261 0.9802052099155473 0.2830599151281377 0.7245347438122074 0.6778223015098379 0.32826663984032534 0.7375419112047576 0.4453892540423119 0.28555942209381513 0.6256651787022931 0.7724128517650586 0.5127359776731668 0.9051526217949173 0.761835358381425 0.6903815800000126 0.63896565230674 0.4392026415775163 0.5741213036238574 0.7350455037777233 0.5520345843083572 
0.17340345861557876 0.5903948283767626 0.18049483979019582 0.3014719935221932 0.19647807720919724 0.804370181912497 0.4271884982773603 0.4710313824424085 0.31200039289820664 0.5036757007363133 0.22380638453518115 0.663188425127412 0.29413021284241836 0.5137130538308696 0.7130007992582746 0.7062724436022227 0.7262651154046651 0.26196796417747253 0.2948979348015674 0.2590886726179902 0.45073868306369613 0.37658473166777606 0.4786275591855998 0.31510695710911535 0.7688923949590369 0.38314117771640765 0.6577729777014976 0.7049654610091906 0.813967403960377 0.45355411299450293 0.6797837987364809 0.93786465662953 0.5313799988685727 0.663375460036089 0.11250520700002137 0.3693573494244623 0.23972014809533826 0.6428288516203773 0.17815148024268695 0.4628553367940201 0.3660229371919122 0.5060172605400328 0.733725621646019 0.2997512821609881 0.204449111949014 0.7614128979948447 0.6595359472253342 0.19714832813943578 0.530150392245442 0.7882127041299358 0.4068010178838554 0.06529386091290951 0.5733638343645506 0.41325748660333367 0.6116108317222312 0.765466210389496 0.1547667744624513 0.11456324691002528 0.6977236565534477 0.42761751859637986 0.7465409477735693 0.42669905366280986 0.20700218886495958 0.4616522636359611 
0.6494725903910594 0.7011944939695194 0.4817126504049272 0.5815792105255402 0.7893823610902306 0.2659779662985306 0.4710313824424085 0.5604369083604459 0.31572146174954513 0.7578189470486785 0.9041814198852296 0.6531314815983715 0.475149291164141 0.530590390594212 0.25091194862753075 0.3261841708768284 0.4703845289986537 0.757605854646136 0.45210010769805353 0.7110738039294378 0.47345871796738975 0.4260310844331691 0.6994393998942646 0.36681019798207715 0.6164282310412443 0.37502090822940526 0.45658718236022683 0.4675521384483553 0.47529007377985577 0.4227831473297055 0.29772829971207077 0.5526679657813471 0.6871297704948457 0.5304264745465156 0.7996791470947222 0.2946577908112665 0.37270573578739224 0.29397615191040094 0.38317592689276747 0.20032036713362272 0.3765911227573106 0.3211130975962998 0.13551727991141554 0.7478988461887282 0.567359850130122 0.9614569745250037 0.3704728959485651 0.43690964232307267 0.7706082234241531 0.5129056770967634 0.2102717572529605 0.5016143664598587 0.828256111420921 0.5363169073996336 0.8619999347425858 0.6010150473693083 0.537218844191084 0.5067791541822335 0.38916806579811575 0.24456125147230307 0.7462689402787812 0.5785341791016217 0.13516341818549704 0.6188706799266948 
0.2010112142805327 0.554730447370477 0.22898063417450248 0.7170130621720969 0.3634173256792296 0.4501624742441629 0.31200039289820664 0.31572146174954513 0.19108999852339748 0.12679826308938785 0.44517385567956663 0.3631088473752564 0.3145885636665111 0.5559625121139391 0.9196099172359589 0.344179166062058 0.4557237234784828 0.12300998622867576 0.4906938386690335 0.6224674334632341 0.4245071725474457 0.308009168274137 0.58005027070445 0.4793081576552248 0.16375309276216182 0.6598190735198792 0.2461892329292354 0.6191083642984304 0.42826434089357984 0.6253795106950724 0.3435253326213878 0.6288822013535618 0.75856671948499 0.7864426879579809 0.6734181116211911 0.47186954723856606 0.2600384307877058 0.30190308161678486 0.06464971992839469 0.3193831398839927 0.27344494104914624 0.6584801193415438 0.4489497253890467 0.10289750934888936 0.4659558445414617 0.2598376618446723 0.43150374863313473 0.22810548171919015 0.6817647582281807 0.4984350242638896 0.8229646074685024 0.43144270209848207 0.3578183293369871 0.22900752125977097 0.3868102307075601 0.30174760366739234 0.8312242505772691 0.4270915863503365 0.5773900911759373 0.9843030876982 0.3127284950150702 0.19922899174827258 0.406046328793693 0.6188428367561492 
0.5700550152842414 0.3983525984749775 0.4893759945216011 0.5765839680994668 0.5923223921870153 0.1348845463751973 0.5036757007363133 0.7578189470486785 0.12679826308938785 0.0398182222449619 0.6346681582120997 0.08032081858016171 0.47149682989876707 0.21672231610037207 0.06935668490803792 0.6105554176429315 0.4607898383579979 0.4729659909017487 0.37817743075219923 0.5556727517403683 0.7555217243262023 0.42227259335487277 0.6277081714711992 0.10641780868308914 0.8863483149481349 0.42662251356550124 0.3233504197636858 0.4021713721170345 0.4072117911003799 0.589031250818405 0.6743286584437009 0.38367401757909747 0.3756380086535006 0.45050397644959955 0.4656782428392896 0.25369594315205357 0.6336800185739386 0.6864772969392772 0.8423240517518868 0.47265673859100354 0.6811140441827492 0.16514674477954805 0.8288320485347385 0.3558784528603204 0.4494694958268164 0.03507600492883667 0.5752017360946153 0.35944704511385045 0.8482991079386601 0.37402537288573234 0.5390577089300791 0.18011240231554732 0.6532009093312809 0.565677868761727 0.46466164714009933 0.6910545201526657 0.5096370932993056 0.7694883273388886 0.4478478924104165 0.6975475423326932 0.49633965480721987 0.328938853566912 0.699052690883423 0.7498566154018641 
0.7692745143456031 0.06835089460142946 0.2269069801202659 0.19057395324340948 0.35736148232567133 0.6011564235538087 0.22380638453518115 0.9041814198852296 0.44517385567956663 0.6346681582120997 0.33334227620959356 0.6498136064800059 0.5896001108894595 0.5103907256546423 0.5002470797094816 0.786403862891911 0.2124148402622968 0.4731519570132156 0.5095185415599195 0.6934699507738811 0.8648604555231123 0.26002381574412603 0.19210368103682374 0.8473933967393534 0.34966689606478724 0.28630567273731267 0.6359819282448673 0.19123105945447932 0.45774662923401244 0.4933426409734195 0.18335633509076565 0.5212454527313666 0.5964994659190656 0.4289755258300078 0.5545539328139406 0.56412648900756 0.7403489415957536 0.5582439666287784 0.6408851426164139 0.6871854227499175 0.5238634866109584 0.6842080709211533 0.6777025447343616 0.1584811264446152 0.4004617592881918 0.7269536553625674 0.6076611459181845 0.5948182465654683 0.3280742688214123 0.5266853973710623 0.33600477267799594 0.5207110674213119 0.6730335664266852 0.7483893402128382 0.7916503575075716 0.6225988572916824 0.32721734838630756 0.2126567036364052 0.5568558834176005 0.6403908954378549 0.717285184479593 0.5011124758842331 0.7275886917668991 0.45495654046016804 
0.5441043198356632 0.538690503185982 0.4140271876055401 0.6861940951506149 0.7740669846999088 0.5594782805599883 0.663188425127412 0.6531314815983715 0.3631088473752564 0.08032081858016171 0.6498136064800059 0.13076457438612432 0.46859610022044157 0.7796626280630417 0.2360010872388998 0.3704373851503696 0.621874205218812 0.23678811656877846 0.4461454384117367 0.611893704487922 0.26346503151271217 0.6268753977541274 0.2453448257350705 0.5939497627929797 0.526817083389943 0.9154697209909286 0.37606987037984035 0.18555760454535958 0.1757927706762158 0.14924475199861215 0.45284657738790896 0.5274312581988838 0.5852856031685014 0.6811706240259696 0.7026262550635811 0.32469938287014094 0.705596855787176 0.487073910972134 0.2962342165710462 0.5627470765207458 0.3980777946391737 0.18499383525692026 0.5563088829367744 0.6670356142693596 0.7696668056101927 0.40838808660793896 0.2142315678077074 0.5974348158369638 0.5889908514653246 0.4127552999053178 0.19397324167956842 0.36485827381617975 0.5322363275355706 0.4768676977553163 0.11647515341414832 0.21597753469602815 0.507714212333662 0.4970147537869755 0.38013199216738697 0.2606609955422185 0.16024609600219752 0.2990605301275136 0.3701567569467877 0.9433434407090058 
0.27152110593144074 0.5232938658249 0.5944040032781224 0.583576756140014 0.30477609886866625 0.5009415082840989 0.29413021284241836 0.475149291164141 0.3145885636665111 0.47149682989876707 0.5896001108894595 0.46859610022044157 0.6821570506485924 0.25258656159002046 0.5349309197753092 0.39735586378602683 0.14279420763779133 0.650100231145772 0.5350543981468703 0.5006270054146045 0.06672915946291264 0.16692327979030314 0.34698892435218304 0.5270836989308401 0.7111426687067565 0.4327704815201494 0.6590073797261281 0.5320509624157563 0.3648642203263957 0.5639530006531025 0.4145283280299159 0.9459054656439583 0.5925406564927791 0.40320403120043863 0.21801168906999618 0.21718549664576176 0.34470106947447554 0.37553237565470055 0.4003362905173994 0.3831893485119531 0.5625023268972754 0.2723721912147683 0.46928429992820914 0.39704604296791096 0.3163583380733332 0.33539463895437555 0.45876721627928296 0.48964545734984216 0.37937654587074987 0.630131132408221 0.3438451996308372 0.2334689001330879 0.18956828987177676 0.5945581683229186 0.7136170545620903 0.6112130928286676 0.4953713480140877 0.38046472653133956 0.36005298288803783 0.5406842448248091 0.5583032030875914 0.5154443198423365 0.5366055943045945 0.4778038679637634 
0.1004138698704865 0.33841384905156596 0.38220330629611216 0.6150741812640113 0.055514285185212564 0.31618986340799554 0.5137130538308696 0.530590390594212 0.5559625121139391 0.21672231610037207 0.5103907256546423 0.7796626280630417 0.25258656159002046 0.7424225391955314 0.46400439309537084 0.34273554036072046 0.11616603076170912 0.5167767394861833 0.23589952677820614 0.4211269622816512 0.4905527783656883 0.5853052055843084 0.772613854792927 0.7759120356068404 0.3844532119490554 0.4691069461907156 0.07483901572834878 0.6762927433618418 0.5254279097898285 0.37077576718511984 0.44046286564976106 0.5424434189044867 0.8525013414240497 0.35866208801506055 0.46641272015429214 0.6839151895333881 0.3145592518485951 0.5800225563420257 0.41928092318710247 0.8400096248865176 0.2564849457696448 0.9116676753227285 0.6354630924215122 0.32441157897633266 0.5212694062139998 0.2248767544630541 0.6172943029093769 0.688570339581714 0.2691363043554873 0.3550941553718075 0.7477691328608633 0.6075907769929598 0.2319905993477272 0.4410670660373935 0.2096461286882858 0.9069151912669389 0.4656320706244921 0.6472177687531004 0.7516448058634534 0.46379173148070885 0.322269700030589 0.6257418244237395 0.16617287944742504 0.49301634726442234 
0.2482194773900837 0.5739722652360622 0.6186472135739125 0.33552441896148677 0.9193654495187136 0.9009869656024545 0.7130007992582746 0.25091194862753075 0.9196099172359589 0.06935668490803792 0.5002470797094816 0.2360010872388998 0.5349309197753092 0.46400439309537084 0.9693839807181613 0.49746386461324776 0.18051601249582294 0.1412325161940639 0.11189713544757673 0.667225355493763 0.2750815366962503 0.6973224740126047 0.3006131722615993 0.43263832383735146 0.5470182639597166 0.5285038994528626 0.3922294169521544 0.4874563315365027 0.6169063973456219 0.6832619977403196 0.30807063023802084 0.4820603319653023 0.6873858003554845 0.3561460153461198 0.5854737320079932 0.7348589281421073 0.6815374630035643 0.6290308404063341 0.18716848680193582 0.1442380372648489 0.6489732496794699 0.646992142559009 0.5961464208596596 0.46341724589201516 0.21798891947502297 0.24430518252484396 0.32601622134379155 0.8584179805030744 0.32390624381258015 0.8919281611281968 0.7771053084284725 0.27050987778331453 0.6407504352391307 0.393891937973111 0.25859635950632226 0.453502256619606 0.10756101138204671 0.7843908127517751 0.7987288223108919 0.36997566868271553 0.47980225490785217 0.44412231244098244 0.3268390703148426 0.39716176008465415 
0.7679921192272358 0.3750421893723903 0.5907617129895243 0.458424205610712 0.44364556577786274 0.9089456918979759 0.7062724436022227 0.3261841708768284 0.344179166062058 0.6105554176429315 0.786403862891911 0.3704373851503696 0.39735586378602683 0.34273554036072046 0.49746386461324776 0.5383022207673345 0.6929360954070665 0.3383821014188498 0.49930863243057183 0.49763854601634483 0.10236761554353363 0.5281908628810508 0.31235898637334725 0.339036676407437 0.8663598386808491 0.46674159483316585 0.5978924530456118 0.4030712185705751 0.5501555366855437 0.3153752704277534 0.5845982897105404 0.45121985787699087 0.4669363798018068 0.4109974731574889 0.4591680835846785 0.8369149586774264 0.6829720307790091 0.9127413119872716 0.7073046281890366 0.3217766617445077 0.4795773873835025 0.22233908818516235 0.3722061904660881 0.4174729246791174 0.4871600488066332 0.39982219885070464 0.5351617802994291 0.8547411387035966 0.2208832147458989 0.6447080069108884 0.48113794651586894 0.18764751559859738 0.029313336001966783 0.37395513046242945 0.2946113219878442 0.40334991675915877 0.35703986738238686 0.7091413831108488 0.3802280146363204 0.7700291123206215 0.503431061266072 0.6138307623897639 0.4629780084669246 0.2753010585920027 
0.05599730888094551 0.7019794945091336 0.3113182686588154 0.7380179892546783 0.30759018566536517 0.3559583832487531 0.7262651154046651 0.4703845289986537 0.4557237234784828 0.4607898383579979 0.2124148402622968 0.621874205218812 0.14279420763779133 0.11616603076170912 0.18051601249582294 0.6929360954070665 0.7068725313020292 0.3705584241305089 0.5966230380434424 0.32472291974992085 0.4708277741937299 0.6903033782732474 0.5599400043289018 0.27848329068237604 0.4418193741838896 0.5659526640271629 0.3127804820994522 0.11217219436848502 0.4535187273720297 0.46690378362086055 0.25254372386915935 0.7429545585176331 0.8101760454039528 0.4491925778047221 0.1911969135865944 0.6022735246932238 0.1753776406623212 0.7115614547538567 0.6113201227038021 0.6781138460351914 0.833770656050904 0.3107027402927461 0.29694481318853794 0.2319029927807455 0.18082213943580328 0.636479135135043 0.9141949070267268 0.1749877180345073 0.4549846872917115 0.16783072411492544 0.3976642788519885 0.47611065759211224 0.39673981707003375 0.4999825456705577 0.9138327327104159 0.7580131001369945 0.2722573676385201 0.3283814844145447 0.7316177026323327 0.8626050945924555 0.5169912052877441 0.838736730551435 0.5320432067428995 0.547227487879554 
0.7382808599035205 0.7136459934582007 0.6532805531878848 0.45336289648563816 0.2545106933911193 0.612554303371845 0.26196796417747253 0.757605854646136 0.12300998622867576 0.4729659909017487 0.4731519570132156 0.23678811656877846 0.650100231145772 0.5167767394861833 0.1412325161940639 0.3383821014188498 0.3705584241305089 0.8552365033658498 0.47659883491837574 0.050234744360234174 0.4424547940019939 0.5345610838371738 0.4347192113854636 0.5004722269361417 0.46952052418623175 0.4242688223644775 0.713395511118381 0.23815235257754408 0.11211650396982104 0.842307485940805 0.15050328306128674 0.5056372767673347 0.5516008616993766 0.4764927664275063 0.5691308327177214 0.5151522083162818 0.8797707255517385 0.4699585187522156 0.5824125723737719 0.6077176288106119 0.3625516316809882 0.5889861696783889 0.6157054553458396 0.37420595294196124 0.21747978159319598 0.6514728458371312 0.13669324900621777 0.691021902237417 0.6487760479129718 0.5427890583654118 0.19850369013687058 0.5089419638879202 0.9386557565234208 0.4753198012531701 0.6218556794060074 0.9118343443486001 0.3345490965372155 0.2666820014578913 0.12334240732492435 0.46773054195603836 0.9610723148715774 0.629905924379927 0.7479414988598647 0.3139705229474537 
0.5097235136075431 0.7351257358507597 0.7698075462054477 0.860276167320412 0.6665893859540056 0.5213245415277674 0.2948979348015674 0.45210010769805353 0.4906938386690335 0.37817743075219923 0.5095185415599195 0.4461454384117367 0.5350543981468703 0.23589952677820614 0.11189713544757673 0.49930863243057183 0.5966230380434424 0.47659883491837574 0.5578850594233364 0.33680459143758473 0.44911317847405163 0.15507853811247002 0.6820271321997631 0.4298954556756381 0.5816313151325692 0.2246313344695569 0.6540050253194174 0.21591794360277144 0.5059283935405409 0.49240225032896895 0.35277727603910536 0.5458234632016208 0.7462015547451482 0.24276062909864599 0.7196397923049997 0.932622583372845 0.3305973115964431 0.8300152467254462 0.7566933858326088 0.13288181180842612 0.5182540501511217 0.38145961470213263 0.39699389755148795 0.6005635041452465 0.7376415344809433 0.31934631294381816 0.5951052741294107 0.902466546236911 0.29295899083682386 0.779641642199354 0.8083026931856186 0.7409739000670961 0.6214568598059469 0.2677998602318118 0.31435208073148957 0.5710997857287827 0.4293305407437392 0.534809879352147 0.1378183224851653 0.6936992539327694 0.503654646274974 0.4495849113601054 0.6392770135609984 0.35279668947844717 
0.6767669194005175 0.5852417504678311 0.8179325752140394 0.8942334501627373 0.4760279680591441 0.7991475976291511 0.2590886726179902 0.7110738039294378 0.6224674334632341 0.5556727517403683 0.6934699507738811 0.611893704487922 0.5006270054146045 0.4211269622816512 0.667225355493763 0.49763854601634483 0.32472291974992085 0.050234744360234174 0.33680459143758473 0.5278440147474934 0.796916115819239 0.7995821628309153 0.29393726412289817 0.16031034678614053 0.5686431039946659 0.056417397829953475 0.761405562482203 0.5568695609506495 0.2923976005845578 0.7342546270322303 0.15564706675878637 0.4264658654066201 0.5799480352339231 0.4391552154542048 0.30149746184010173 0.2575692590101857 0.8100945904807269 0.4938210011816215 0.18486565052285236 0.7040028078189992 0.48560732506068893 0.21706105352824234 0.5532672561309757 0.31752648553642504 0.5197070215228288 0.21198886068704642 0.8561200856422106 0.42353026304801494 0.4229556004514327 0.6559400490955246 0.41629234350680777 0.6434077183583 0.12496320224345686 0.2608963303550188 0.16529163710928796 0.14990436773134386 0.3920563522530485 0.5721005864494143 0.5404588525570339 0.20826370660254379 0.8767149227909787 0.46344772928155514 0.40806285638336703 0.3770749967590663 
0.11655419527183475 0.6925898460755462 0.30736564398344024 0.7708356557295775 0.41503612740849494 0.4530406823740563 0.45073868306369613 0.47345871796738975 0.4245071725474457 0.7555217243262023 0.8648604555231123 0.26346503151271217 0.06672915946291264 0.4905527783656883 0.2750815366962503 0.10236761554353363 0.4708277741937299 0.4424547940019939 0.44911317847405163 0.796916115819239 0.42009119778005677 0.5579507871144735 0.7780632950280851 0.35617916303780267 0.579519334469653 0.37422471919371897 0.45674173663450435 0.721223654672781 0.3335142327394562 0.42460877946543546 0.6436593982425287 0.9345118692843428 0.43655587050062733 0.3414769805147991 0.35510093230702194 0.466316854368217 0.5789947154148627 0.497355522105677 0.6279965586805034 0.5735291642974769 0.760757376842248 0.6465366930703831 0.49557722360255335 0.35229399198909506 0.675870406569786 0.6456058600490903 0.47998402197021073 0.08785124883104861 0.4878464496877975 0.320640222180345 0.7177768440658893 0.4378110416272566 0.48892603974677307 0.25148053675015664 0.22458907133102024 0.49898227457939975 0.6137804702635627 0.7493640156565555 0.21335332883253988 0.4874495200169727 0.09292226150686217 0.29824545688278065 0.4940380877260084 0.3377030160090447 
0.324030652827482 0.4649770492077612 0.1863646789285449 0.4291503506162147 0.5888748694204894 0.7332692366149338 0.37658473166777606 0.4260310844331691 0.308009168274137 0.42227259335487277 0.26002381574412603 0.6268753977541274 0.16692327979030314 0.5853052055843084 0.6973224740126047 0.5281908628810508 0.6903033782732474 0.5345610838371738 0.15507853811247002 0.7995821628309153 0.5579507871144735 0.13017518535602002 0.19703162510140199 0.3886162210551087 0.608480437437104 0.13337169240342006 0.7966178547692263 0.33969943426027394 0.485020334197743 0.8409209522883284 0.1767623755587539 0.9273314606529132 0.3478780425809141 0.8487615445312735 0.662113537815002 0.8235616569361767 0.10381525295894667 0.9537059835997639 0.015856320869759022 0.33707122347792373 0.8175615066907264 0.6195321734736983 0.6473322627116641 0.4590954271066975 0.529355452355898 0.8334547869166775 0.5825522549154756 0.37290021512582516 0.7496026100360148 0.4777119149534672 0.7530271257423946 0.6692902512528454 0.27930805976328715 0.7031169397713422 0.0585127843891497 0.21435867658576618 0.4237973880883709 0.5270202131456754 0.2832213901842234 0.43463236589520743 0.6213604648274311 0.38929747859346386 0.37360684010092593 0.6517369496219806 
0.26624727096106504 0.31326294572878155 0.5326428099313543 0.5572563546239355 0.8190660142137025 0.6674178992902663 0.4786275591855998 0.6994393998942646 0.58005027070445 0.6277081714711992 0.19210368103682374 0.2453448257350705 0.34698892435218304 0.772613854792927 0.3006131722615993 0.31235898637334725 0.5599400043289018 0.4347192113854636 0.6820271321997631 0.29393726412289817 0.7780632950280851 0.19703162510140199 0.841751181626 0.40837685482110125 0.496574930176376 0.6053728039831874 0.3079681364955384 0.4050129060132571 0.3884828546277182 0.2791200255362682 0.7919601758258266 0.5193895916848508 0.6241119741516562 0.4008690567476358 0.7521235239998311 0.20586344982993393 0.21388546780100565 0.3559255111155724 0.661127667834565 0.6576115375872615 0.8075082047811108 0.3236771080112588 0.7046977642184276 0.5582103164164313 0.3872388923327752 0.47660103874038096 0.4962393814043892 0.2917363317311976 0.24210129907197803 0.3798705477458476 0.4994931360603299 0.6796974338242141 0.23428287750155385 0.6453076338828254 0.24247617689060175 0.47625027746041454 0.34171322131447207 0.8002665223105101 0.16087627131556037 0.37709208467815 0.6580743816377677 0.5229935043219414 0.4760484854173954 0.6833055128794276 
0.6393127710647277 0.4307905336053403 0.3200588553047894 0.32561347304111793 0.6223816830924798 0.42358833883408165 0.31510695710911535 0.36681019798207715 0.4793081576552248 0.10641780868308914 0.8473933967393534 0.5939497627929797 0.5270836989308401 0.7759120356068404 0.43263832383735146 0.339036676407437 0.27848329068237604 0.5004722269361417 0.4298954556756381 0.16031034678614053 0.35617916303780267 0.3886162210551087 0.40837685482110125 0.0728393398027174 0.30518236123006354 0.5797361077644418 0.646264838214027 0.4717571527593806 0.5818880678007275 0.6513592452009684 0.19859648582881118 0.2833507500960331 0.27943569351405395 0.6933596708450727 0.2244990190116013 0.1584301446476306 0.5956552420477437 0.5886309793929401 0.523255918685103 0.43243231979810914 0.5024413248534528 0.6573433382195386 0.5807681908735483 0.7702120410448324 0.7320554172315417 0.2854789018148926 0.5547980727216579 0.24209093405274523 0.6155888174261586 0.25933323873053965 0.7901195024100974 0.3993813971526943 0.38187992373548096 0.6694137790436072 0.6501038146428083 0.839842762371339 0.7118404753607193 0.4887289297964719 0.17302629193447222 0.3429505626008642 0.5075313149484432 0.20736332471202706 0.47964701637085816 0.6399989200889857 
0.24944434991869996 0.37723615949082856 0.5030677074790697 0.5152555820683364 0.6441132985232647 0.2511491692109097 0.7688923949590369 0.6164282310412443 0.16375309276216182 0.8863483149481349 0.34966689606478724 0.526817083389943 0.7111426687067565 0.3844532119490554 0.5470182639597166 0.8663598386808491 0.4418193741838896 0.46952052418623175 0.5816313151325692 0.5686431039946659 0.579519334469653 0.608480437437104 0.496574930176376 0.30518236123006354 0.8769730966379449 0.5625610639163997 0.549261237612475 0.4497951605928683 0.49845739980738263 0.8273047767557827 0.5245822859210194 0.8987870249875958 0.4682058693708725 0.3705127188328675 0.19447996080354574 0.17645186661951984 0.41602592104445957 0.5045687573516056 0.23867854843596426 0.5557442786203054 0.6224669072617355 0.2848402493465098 0.24760214943497244 0.8288497305393935 0.38510757734539813 0.4631907779094656 0.8469972647257724 0.7600124254274683 0.4341430784726506 0.5589822313006338 0.5031678089166183 0.6600570316345458 0.33256840293597945 0.7842988714406096 0.17444734762038672 0.3430508304312987 0.49852687752716185 0.6951364125604788 0.5167569204114018 0.6755998576954291 0.4135864544912717 0.1735162026468003 0.3837200851622692 0.3012277102260064 
0.5224374566975565 0.43811759899525893 0.34461510409602514 0.3275713332503561 0.41615432064640046 0.5167588859226917 0.38314117771640765 0.37502090822940526 0.6598190735198792 0.42662251356550124 0.28630567273731267 0.9154697209909286 0.4327704815201494 0.4691069461907156 0.5285038994528626 0.46674159483316585 0.5659526640271629 0.4242688223644775 0.2246313344695569 0.056417397829953475 0.37422471919371897 0.13337169240342006 0.6053728039831874 0.5797361077644418 0.5625610639163997 0.8080903057303845 0.6303147532971508 0.41958046344073746 0.4227492385450966 0.25157017387260006 0.689975922380977 0.5586521725691288 0.9300742066563477 0.7891949122371043 0.8234317608046995 0.4942633054589746 0.5828106570445426 0.332533258569369 0.41386201179655946 0.5849101829688663 0.7702791578626331 0.10535620492769698 0.6621774407624172 0.2545652762816729 0.8257007762437865 0.5073633617976643 0.5413587000753957 0.6344595535840265 0.803151538188033 0.48372071525397947 0.3994224572808222 0.6451299732395908 0.058103145960793356 0.2834762517041149 0.4233762702510235 0.15824115641814884 0.6773741266787254 0.5192199148919098 0.7218681358820089 0.27976776076361426 0.7295351699958511 0.5231398928578449 0.3278820030868636 0.3322001101650385 
0.3678245155518239 0.7846661087899405 0.23107744769149213 0.6818021567117989 0.28442936914940603 0.8137280139402219 0.6577729777014976 0.45658718236022683 0.2461892329292354 0.3233504197636858 0.6359819282448673 0.37606987037984035 0.6590073797261281 0.07483901572834878 0.3922294169521544 0.5978924530456118 0.3127804820994522 0.713395511118381 0.6540050253194174 0.761405562482203 0.45674173663450435 0.7966178547692263 0.3079681364955384 0.646264838214027 0.549261237612475 0.6303147532971508 0.3940795865156672 0.6384192535017019 0.6706447743463574 0.4931248848869707 0.6952452130118031 0.6334402782244384 0.12218251885688702 0.47530625994736875 0.35973137433142893 0.4188248652147785 0.9604220476770797 0.39032942608494253 0.5372464967132061 0.18659582706626165 0.5745393237296461 0.9099822297401572 0.643900400340115 0.7469319423638251 0.5100443886688649 0.6290995589740312 0.5443830121993647 0.546698961923781 0.3401173963756521 0.47547787337679664 0.8013417198554313 0.7883557535757737 0.5885066096468134 0.7762500597694239 0.6682737162064851 0.7336049586568854 0.2834171815718842 0.6429668506260604 0.392279517081606 0.45473522062279303 0.6868837889187107 0.783017385312079 0.6286679322470726 0.8849626128213672 
0.4682487439069505 0.7141591181040613 0.5572160380986542 0.4415478763182378 0.4877436158170413 0.6576694355080119 0.7049654610091906 0.4675521384483553 0.6191083642984304 0.4021713721170345 0.19123105945447932 0.18555760454535958 0.5320509624157563 0.6762927433618418 0.4874563315365027 0.4030712185705751 0.11217219436848502 0.23815235257754408 0.21591794360277144 0.5568695609506495 0.721223654672781 0.33969943426027394 0.4050129060132571 0.4717571527593806 0.4497951605928683 0.41958046344073746 0.6384192535017019 0.9979121963505666 0.29084392115268787 0.7929353086353776 0.4738525390061206 0.46126216454943686 0.502969478083874 0.9045001734637997 0.4452416458705021 0.7716456070828766 0.353883035153847 0.4190909859704655 0.2918406795335919 0.14352935625497742 0.18591585144438555 0.6066956758236204 0.44034296712467824 0.7550140047647554 0.3412120097604401 0.1040521729074107 0.7552515799087425 0.34045673886147604 0.7249495410986204 0.5169257067770622 0.3089886673631841 0.8069842957184439 0.721815781540037 0.3720389257229846 0.019596122464181964 0.5981964912658351 0.7529402230022315 0.42791436093998364 0.673694135196319 0.053482209195392705 0.9442179090337632 0.7469001862218773 0.38417795861869364 0.40868437803085006 
0.8484559634190025 0.42674863295784726 0.6277130010794401 0.5149616675116608 0.2564179590568216 0.2108474962878336 0.813967403960377 0.47529007377985577 0.42826434089357984 0.4072117911003799 0.45774662923401244 0.1757927706762158 0.3648642203263957 0.5254279097898285 0.6169063973456219 0.5501555366855437 0.4535187273720297 0.11211650396982104 0.5059283935405409 0.2923976005845578 0.3335142327394562 0.485020334197743 0.3884828546277182 0.5818880678007275 0.49845739980738263 0.4227492385450966 0.6706447743463574 0.29084392115268787 0.4705513918869023 0.21575163419778454 0.881083973094055 0.06983443708464943 0.3456218589247778 0.6259911011070014 0.8571148194679925 0.3925934405861209 0.34915541548367274 0.24344107162183065 0.15870497917543624 0.47943967318499786 0.334518737914153 0.256186666721733 0.33797458407019265 0.36707342739887827 0.5825657866159095 0.5603371618823636 0.48178267704443245 0.3815637175673046 0.6802731519170484 0.43845861643827116 0.5870501327782032 0.591107642513448 0.6845984421273357 0.9540660610036857 0.4485774932640082 0.5845050981379718 0.5583930246813957 0.5341913782122578 0.6501984748198375 0.3536421797871759 0.14738517970344778 0.5398929571055873 0.6803893822464424 0.22633741763604598 
0.536514158507525 0.32701352254006966 0.4815243004727736 0.632761677655896 0.09146419508776737 0.500212084105813 0.45355411299450293 0.4227831473297055 0.6253795106950724 0.589031250818405 0.4933426409734195 0.14924475199861215 0.5639530006531025 0.37077576718511984 0.6832619977403196 0.3153752704277534 0.46690378362086055 0.842307485940805 0.49240225032896895 0.7342546270322303 0.42460877946543546 0.8409209522883284 0.2791200255362682 0.6513592452009684 0.8273047767557827 0.25157017387260006 0.4931248848869707 0.7929353086353776 0.21575163419778454 0.8558124920982838 0.04983950409962579 0.4459974187941063 0.26223159659287665 0.3304162447578258 0.40107260844115766 0.5315444664783634 0.17657416587148328 0.49321246128107377 0.07999767031114213 0.5387925925996606 0.29166300986467447 0.7215063496768883 0.33219990018920476 0.6174097505957756 0.5799267903359229 0.48491054890822904 0.5023023613457653 0.4916182692328391 0.5099701755891342 0.393360177197283 0.6514537373791843 0.46283467600733524 0.5663056013630516 0.47803867090591695 0.5183605481921998 0.4426310261500445 0.2990324683475032 0.3131997867375203 0.39502817841903226 0.7461991486674084 0.197572419780989 0.748212378576441 0.38029965049560094 0.7197636327574981 
0.5593144507510659 0.12895168450412559 0.5035261010630664 0.7999805060918898 0.3164700992805772 0.5982029779038979 0.6797837987364809 0.29772829971207077 0.3435253326213878 0.6743286584437009 0.18335633509076565 0.45284657738790896 0.4145283280299159 0.44046286564976106 0.30807063023802084 0.5845982897105404 0.25254372386915935 0.15050328306128674 0.35277727603910536 0.15564706675878637 0.6436593982425287 0.1767623755587539 0.7919601758258266 0.19859648582881118 0.5245822859210194 0.689975922380977 0.6952452130118031 0.4738525390061206 0.881083973094055 0.04983950409962579 0.06748301578845961 0.128808508400578 0.27721795531689336 0.028551902228342585 0.5898756271759776 0.45353353516724443 0.3386371642223839 0.26728324303770296 0.7413123401057515 0.6936030577223827 0.2942400814248294 0.26507860652178433 0.6887131242828266 0.6623728320979685 0.3594865673075116 0.5540820433645706 0.8836264343312279 0.7993468763982456 0.455244766779899 0.8126628584991786 0.7315489124440662 0.5106338514682958 0.5484420246666486 0.6020900121149568 0.1634196284298699 0.26533378497140814 0.5638551670088371 0.3972403796335571 0.294101258719231 0.5191961773833158 0.3308400626118648 0.8142711183484769 0.08805568691529753 0.47707140374257767 
0.08784986225122554 0.4824277466700114 0.47289341448560407 0.7489111565585598 0.5944822152683558 0.4556971137064887 0.93786465662953 0.5526679657813471 0.6288822013535618 0.38367401757909747 0.5212454527313666 0.5274312581988838 0.9459054656439583 0.5424434189044867 0.4820603319653023 0.45121985787699087 0.7429545585176331 0.5056372767673347 0.5458234632016208 0.4264658654066201 0.9345118692843428 0.9273314606529132 0.5193895916848508 0.2833507500960331 0.8987870249875958 0.5586521725691288 0.6334402782244384 0.46126216454943686 0.06983443708464943 0.4459974187941063 0.128808508400578 0.08355215043238795 0.6853302516488694 0.5704384104679581 0.30683824038591373 0.9398553645098542 0.5548484438753913 0.7613334800673444 0.5533859994000009 0.8767926823689127 0.5463105358249057 0.5779458041355424 0.11880338092559756 0.18358619948249744 0.43223343644732176 0.19963925964092255 0.4824073497214369 0.8153277465948163 0.5829464094653217 0.7993419742833661 0.09756802150320393 0.40827402970620696 0.09501891976440435 0.14904418505450473 0.6018763123493704 0.36148109305497633 0.5406136246430447 0.9219543924677579 0.9011662328998638 0.238932498753628 0.4956605360895601 0.7089451556993429 0.8961209478814817 0.36869360213052255 
0.4625597831259907 0.40335463820240536 0.4283570767442537 0.5209464464594478 0.712693099661651 0.9095725655963305 0.5313799988685727 0.6871297704948457 0.75856671948499 0.3756380086535006 0.5964994659190656 0.5852856031685014 0.5925406564927791 0.8525013414240497 0.6873858003554845 0.4669363798018068 0.8101760454039528 0.5516008616993766 0.7462015547451482 0.5799480352339231 0.43655587050062733 0.3478780425809141 0.6241119741516562 0.27943569351405395 0.4682058693708725 0.9300742066563477 0.12218251885688702 0.502969478083874 0.3456218589247778 0.26223159659287665 0.27721795531689336 0.6853302516488694 0.49643241491499657 0.2433023494410793 0.44117650355807225 0.11118697573907638 0.3199684100352062 0.9754098128074398 0.7065833134530275 0.26392632119766346 0.21461481187665854 0.7015411944390536 0.6916065244342907 0.38485890716316584 0.8340321349410238 0.3394640692899677 0.2849159253468624 0.8169140090542815 0.6959389601270214 0.22941902769988676 0.24833152085920573 0.14532961621516421 0.6296147249229582 0.3854497377496569 0.6001442949894278 0.3508703416670532 0.4295092443812548 0.6395919095605157 0.7983337540725319 0.7540480498959052 0.5295392623906652 0.5426282319496232 0.3470314226283702 0.5061600086430003 
0.5244953140191786 0.9745119898736792 0.6982988333561724 0.7430780493646832 0.7608945248500256 0.29511533040798493 0.663375460036089 0.5304264745465156 0.7864426879579809 0.45050397644959955 0.4289755258300078 0.6811706240259696 0.40320403120043863 0.35866208801506055 0.3561460153461198 0.4109974731574889 0.4491925778047221 0.4764927664275063 0.24276062909864599 0.4391552154542048 0.3414769805147991 0.8487615445312735 0.4008690567476358 0.6933596708450727 0.3705127188328675 0.7891949122371043 0.47530625994736875 0.9045001734637997 0.6259911011070014 0.3304162447578258 0.028551902228342585 0.5704384104679581 0.2433023494410793 0.8650411677151967 0.5075424599903173 0.8712754217437468 0.6546871154040022 0.4885926129698796 0.3153122117391129 0.7216376125946721 0.40020454329809396 0.7017972946499603 0.1507425422637203 0.49274752914051356 0.6037903588240767 0.40335115546475114 0.6503426951506284 0.5650054624515923 0.6269356398361051 0.33024635468390956 0.5064666582779349 0.746841987448853 0.25481643185469083 0.5626199166648786 0.5756013221153184 0.5225090960797386 0.4943765640305206 0.5360855877893494 0.5606806245990196 0.8012190585523642 0.6122530545203768 0.6726305303625871 0.564370817191715 0.7769611720654016 
0.09397785218795202 0.44534594116622095 0.7655289038619035 0.23853470867781024 0.44497367432517754 0.046392428092898674 0.11250520700002137 0.7996791470947222 0.6734181116211911 0.4656782428392896 0.5545539328139406 0.7026262550635811 0.21801168906999618 0.46641272015429214 0.5854737320079932 0.4591680835846785 0.1911969135865944 0.5691308327177214 0.7196397923049997 0.30149746184010173 0.35510093230702194 0.662113537815002 0.7521235239998311 0.2244990190116013 0.19447996080354574 0.8234317608046995 0.35973137433142893 0.4452416458705021 0.8571148194679925 0.40107260844115766 0.5898756271759776 0.30683824038591373 0.44117650355807225 0.5075424599903173 0.16110270702992047 0.45525419069786677 0.43501244679287693 0.41448534033215095 0.18462023929477112 0.36620524801607435 0.64812038856666 0.16045994331630314 0.34178570145659687 0.3977428817968143 0.6970803798778223 0.3601493852695681 0.8689678385956607 0.6449101621781954 0.3657232318498633 0.5051608671731196 0.8462474300899068 0.30092224401134693 0.3919857673698028 0.48527446923301093 0.5502073501902445 0.8031227983011797 0.4970601889933126 0.23244843234743473 0.5405268730307747 0.5622642314425343 0.26722742350379913 0.5152418692816956 0.34943394826318563 0.5076620963903984 
0.03303095145781049 0.6832370254826199 0.31258312274873046 0.7543294338143371 0.364812469806218 0.7144685335971348 0.3693573494244623 0.2946577908112665 0.47186954723856606 0.25369594315205357 0.56412648900756 0.32469938287014094 0.21718549664576176 0.6839151895333881 0.7348589281421073 0.8369149586774264 0.6022735246932238 0.5151522083162818 0.932622583372845 0.2575692590101857 0.466316854368217 0.8235616569361767 0.20586344982993393 0.1584301446476306 0.17645186661951984 0.4942633054589746 0.4188248652147785 0.7716456070828766 0.3925934405861209 0.5315444664783634 0.45353353516724443 0.9398553645098542 0.11118697573907638 0.8712754217437468 0.45525419069786677 0.17644695976504432 0.40661013358049597 0.3916199813911002 0.33584492770883495 0.41794817502227066 0.42188116686408295 0.4241048325397901 0.14370043776522123 0.4865102591317363 0.9455022778405286 0.3580325380166296 0.35341628337184533 0.7796341649706215 0.3433703209330624 0.2052961421700667 0.679125792856657 0.36834328074824607 0.46808515487987895 0.5372872904145418 0.5686577139579941 0.4621514037511049 0.6627162447568394 0.8675014501326486 0.43585822190359524 0.3857282027579286 0.6886203787267952 0.3726598303353528 0.5534759005532831 0.8323512214324873 
0.48924278199187426 0.4331208407721813 0.46927453902181626 0.3791832384585754 0.7386851985693643 0.6750746115329338 0.23972014809533826 0.37270573578739224 0.2600384307877058 0.6336800185739386 0.7403489415957536 0.705596855787176 0.34470106947447554 0.3145592518485951 0.6815374630035643 0.6829720307790091 0.1753776406623212 0.8797707255517385 0.3305973115964431 0.8100945904807269 0.5789947154148627 0.10381525295894667 0.21388546780100565 0.5956552420477437 0.41602592104445957 0.5828106570445426 0.9604220476770797 0.353883035153847 0.34915541548367274 0.17657416587148328 0.3386371642223839 0.5548484438753913 0.3199684100352062 0.6546871154040022 0.43501244679287693 0.40661013358049597 0.6847760535416083 0.5127271597176797 0.633809844060482 0.6083358635316256 0.8263072458085486 0.7909921764501393 0.4316011934736447 0.7277055719077183 0.25874058609537876 0.36092231830625654 0.6839331450036817 0.5393664015208057 0.6992339751010006 0.730711998277481 0.5879660615899376 0.40427862372397755 0.3301998006475075 0.4566105337123231 0.07950073235060545 0.6600793444820967 0.6848750393129814 0.7439169987168364 0.9539441011115033 0.3645560662953483 0.45799387617717957 0.11890635062774979 0.9256319766261099 0.22963050374622396 
0.7998380457889596 0.5601104451682339 0.9038237435412126 0.15713564299338523 0.3863562813311855 0.43395707005835615 0.6428288516203773 0.29397615191040094 0.30190308161678486 0.6864772969392772 0.5582439666287784 0.487073910972134 0.37553237565470055 0.5800225563420257 0.6290308404063341 0.9127413119872716 0.7115614547538567 0.4699585187522156 0.8300152467254462 0.4938210011816215 0.497355522105677 0.9537059835997639 0.3559255111155724 0.5886309793929401 0.5045687573516056 0.332533258569369 0.39032942608494253 0.4190909859704655 0.24344107162183065 0.49321246128107377 0.26728324303770296 0.7613334800673444 0.9754098128074398 0.4885926129698796 0.41448534033215095 0.3916199813911002 0.5127271597176797 0.8931798899211405 0.30272272038798465 0.6276631333199281 0.16901322828821325 0.5868791117377028 0.7479743613319565 0.5496199853812901 0.21930401956001966 0.45073082679957494 0.6200266036350042 0.5605112979395461 0.650327902516431 0.4255731165398582 0.5687808570894561 0.47624152337691683 0.43906128928183946 0.4116233962633397 0.5311074490894487 0.524815133175089 0.8646047608705776 0.9817456842564299 0.5064016939794256 0.5552416273920469 0.4643101312214634 0.028618417486115655 0.6831137346894166 0.5517597404529786 
0.5668740128734173 0.5476074064334198 0.5471191134244888 0.510923629463669 0.08512864894064753 0.6766834581503284 0.17815148024268695 0.38317592689276747 0.06464971992839469 0.8423240517518868 0.6408851426164139 0.2962342165710462 0.4003362905173994 0.41928092318710247 0.18716848680193582 0.7073046281890366 0.6113201227038021 0.5824125723737719 0.7566933858326088 0.18486565052285236 0.6279965586805034 0.015856320869759022 0.661127667834565 0.523255918685103 0.23867854843596426 0.41386201179655946 0.5372464967132061 0.2918406795335919 0.15870497917543624 0.07999767031114213 0.7413123401057515 0.5533859994000009 0.7065833134530275 0.3153122117391129 0.18462023929477112 0.33584492770883495 0.633809844060482 0.30272272038798465 0.007090759046687545 0.6011591650245128 0.7673759414229416 0.3946156133940691 0.2812655163839784 0.345316118717726 0.7105381723054367 0.03784089172459015 0.24480710282253376 0.4763009748208145 0.49766249371514987 0.2269548353352453 0.5211071479152426 0.2474630315027469 0.9520330435518233 0.7882177002913873 0.5640444950517208 0.6196925897478781 0.27152916955113837 0.3900272876745911 0.856543157446628 0.9426405681218142 0.4478030615884534 0.5339159944755384 0.55756742887045 0.21436958618866864 
0.32310657901345563 0.5209576578689461 0.505883948345191 0.2570275211858653 0.10823139823860678 0.3853419646378169 0.4628553367940201 0.20032036713362272 0.3193831398839927 0.47265673859100354 0.6871854227499175 0.5627470765207458 0.3831893485119531 0.8400096248865176 0.1442380372648489 0.3217766617445077 0.6781138460351914 0.6077176288106119 0.13288181180842612 0.7040028078189992 0.5735291642974769 0.33707122347792373 0.6576115375872615 0.43243231979810914 0.5557442786203054 0.5849101829688663 0.18659582706626165 0.14352935625497742 0.47943967318499786 0.5387925925996606 0.6936030577223827 0.8767926823689127 0.26392632119766346 0.7216376125946721 0.36620524801607435 0.41794817502227066 0.6083358635316256 0.6276631333199281 0.6011591650245128 0.3294708096120146 0.4550872891306377 0.46380600438638614 0.16288917675188397 0.8641684378414961 0.7561762672088247 0.6675424853239327 0.8460471105062901 0.8042232587201859 0.6018925655873175 0.36732184525328304 0.644013386829331 0.5412997559606667 0.9702787917800375 0.856702165586311 0.6768492290264967 0.2196481917125544 0.3981432950232763 0.41276469054687087 0.38202706591277696 0.4943421880976685 0.5743477413988651 0.8724402428126754 0.7080822327687442 0.652747622494549 
0.5265372815427888 0.2949347163269506 0.33012415086482977 0.20407925024229268 0.6002103423295682 0.4430192242398198 0.3660229371919122 0.3765911227573106 0.27344494104914624 0.6811140441827492 0.5238634866109584 0.3980777946391737 0.5625023268972754 0.2564849457696448 0.6489732496794699 0.4795773873835025 0.833770656050904 0.3625516316809882 0.5182540501511217 0.48560732506068893 0.760757376842248 0.8175615066907264 0.8075082047811108 0.5024413248534528 0.6224669072617355 0.7702791578626331 0.5745393237296461 0.18591585144438555 0.334518737914153 0.29166300986467447 0.2942400814248294 0.5463105358249057 0.21461481187665854 0.40020454329809396 0.64812038856666 0.42188116686408295 0.8263072458085486 0.16901322828821325 0.7673759414229416 0.4550872891306377 0.3425399249717094 0.09356310168864501 0.48669994429722535 0.4899771171995582 0.7258080984528346 0.9195834827701295 0.647386884615454 0.5182631749802424 0.6861564284336998 0.7580383983551238 0.2829868800967508 0.7044555495995686 0.4220186226558358 0.7630432432629541 0.7123972186958893 0.791979729149089 0.5228873000371401 0.40962157169297664 0.5661475127682881 0.6905154350560867 0.8252913093303202 0.34524623816536965 0.5861723189341764 0.3970749468316443 
0.27979281268845985 0.4736151053792166 0.6422825800221019 0.5087372775522971 0.4435367691358151 0.29969232197185314 0.5060172605400328 0.3211130975962998 0.6584801193415438 0.16514674477954805 0.6842080709211533 0.18499383525692026 0.2723721912147683 0.9116676753227285 0.646992142559009 0.22233908818516235 0.3107027402927461 0.5889861696783889 0.38145961470213263 0.21706105352824234 0.6465366930703831 0.6195321734736983 0.3236771080112588 0.6573433382195386 0.2848402493465098 0.10535620492769698 0.9099822297401572 0.6066956758236204 0.256186666721733 0.7215063496768883 0.26507860652178433 0.5779458041355424 0.7015411944390536 0.7017972946499603 0.16045994331630314 0.4241048325397901 0.7909921764501393 0.5868791117377028 0.3946156133940691 0.46380600438638614 0.09356310168864501 0.13594600198918227 0.42694533324379563 0.2853167737110875 0.3132201841335829 0.5877832924100415 0.4690927865335909 0.16944724952163936 0.48484469333110997 0.588937750028782 0.5034003542422021 0.09546939090568074 0.47518766836219084 0.08986959973285819 0.327479541640769 0.9046215509638409 0.3983998872024991 0.9091314759193951 0.514845246275258 0.27337827684516414 0.42574456484232204 0.7528343411731222 0.6842555988562571 0.6462485543329959 
0.3905381009279908 0.220088093854159 0.6430355756531061 0.730667688983087 0.49016506826581996 0.2976083357873148 0.733725621646019 0.13551727991141554 0.4489497253890467 0.8288320485347385 0.6777025447343616 0.5563088829367744 0.46928429992820914 0.6354630924215122 0.5961464208596596 0.3722061904660881 0.29694481318853794 0.6157054553458396 0.39699389755148795 0.5532672561309757 0.49557722360255335 0.6473322627116641 0.7046977642184276 0.5807681908735483 0.24760214943497244 0.6621774407624172 0.643900400340115 0.44034296712467824 0.33797458407019265 0.33219990018920476 0.6887131242828266 0.11880338092559756 0.6916065244342907 0.1507425422637203 0.34178570145659687 0.14370043776522123 0.4316011934736447 0.7479743613319565 0.2812655163839784 0.16288917675188397 0.48669994429722535 0.42694533324379563 0.6221095324283618 0.35911771071727144 0.6048157486675889 0.41256935267036005 0.805376352362752 0.3148837263529161 0.1672402999151021 0.795398628010098 0.5575868387420544 0.7602936603301267 0.2618759646335977 0.7154358996948644 0.6057131992024243 0.6250667004298908 0.45043980060385025 0.46973607065901396 0.4801118885628432 0.42045540595371567 0.8551691083079245 0.6548593461583586 0.2561460187485348 0.2008019778317967 
0.4930684431202405 0.5217361370339766 0.38387054811399707 0.5096590383469366 0.3973583759643394 0.21464719588501108 0.2997512821609881 0.7478988461887282 0.10289750934888936 0.3558784528603204 0.1584811264446152 0.6670356142693596 0.39704604296791096 0.32441157897633266 0.46341724589201516 0.4174729246791174 0.2319029927807455 0.37420595294196124 0.6005635041452465 0.31752648553642504 0.35229399198909506 0.4590954271066975 0.5582103164164313 0.7702120410448324 0.8288497305393935 0.2545652762816729 0.7469319423638251 0.7550140047647554 0.36707342739887827 0.6174097505957756 0.6623728320979685 0.18358619948249744 0.38485890716316584 0.49274752914051356 0.3977428817968143 0.4865102591317363 0.7277055719077183 0.5496199853812901 0.345316118717726 0.8641684378414961 0.4899771171995582 0.2853167737110875 0.35911771071727144 0.47753627412627353 0.771323293550383 0.5445181049556658 0.817116245952391 0.5195879427391645 0.25743801124517046 0.40771760003417207 0.3699696876396236 0.06873608779198775 0.24453279090666374 0.47197455019033635 0.5568985909169675 0.4978009785030285 0.46428153989847015 0.46151922967970216 0.7874593305634958 0.3556190810087588 0.7930815336829586 0.18568672168454003 0.48846279763706923 0.42293368502192136 
0.299123881099963 0.7119751291798815 0.23492456150424917 0.6447741663383413 0.3338972617569149 0.6079337368468261 0.204449111949014 0.567359850130122 0.4659558445414617 0.4494694958268164 0.4004617592881918 0.7696668056101927 0.3163583380733332 0.5212694062139998 0.21798891947502297 0.4871600488066332 0.18082213943580328 0.21747978159319598 0.7376415344809433 0.5197070215228288 0.675870406569786 0.529355452355898 0.3872388923327752 0.7320554172315417 0.38510757734539813 0.8257007762437865 0.5100443886688649 0.3412120097604401 0.5825657866159095 0.5799267903359229 0.3594865673075116 0.43223343644732176 0.8340321349410238 0.6037903588240767 0.6970803798778223 0.9455022778405286 0.25874058609537876 0.21930401956001966 0.7105381723054367 0.7561762672088247 0.7258080984528346 0.3132201841335829 0.6048157486675889 0.771323293550383 0.9075438774014781 0.28270143608465187 0.4794623378218642 0.5780196213243567 0.22897342142640598 0.8197082068751155 0.22356145942549766 0.19041816915353132 0.2672401145547747 0.46487110679444066 0.792212688551683 0.13369455226352894 0.842087394179912 0.4665016873068968 0.18065220441990226 0.5210290863242535 0.5479726355076665 0.672082164863739 0.8523970793788621 0.5751480492825733 
0.35488561719960315 0.32642984085701554 0.4859108067692762 0.05403414842337623 0.8553572251564411 0.9802052099155473 0.7614128979948447 0.9614569745250037 0.2598376618446723 0.03507600492883667 0.7269536553625674 0.40838808660793896 0.33539463895437555 0.2248767544630541 0.24430518252484396 0.39982219885070464 0.636479135135043 0.6514728458371312 0.31934631294381816 0.21198886068704642 0.6456058600490903 0.8334547869166775 0.47660103874038096 0.2854789018148926 0.4631907779094656 0.5073633617976643 0.6290995589740312 0.1040521729074107 0.5603371618823636 0.48491054890822904 0.5540820433645706 0.19963925964092255 0.3394640692899677 0.40335115546475114 0.3601493852695681 0.3580325380166296 0.36092231830625654 0.45073082679957494 0.03784089172459015 0.6675424853239327 0.9195834827701295 0.5877832924100415 0.41256935267036005 0.5445181049556658 0.28270143608465187 0.7202090153809597 0.4888565635316378 0.47735721887528487 0.509408472766357 0.22131512882638193 0.7960823328475303 0.7803617755273524 0.8857253486702066 0.7484098120116195 0.7702248727253015 0.7197414777495958 0.8003479445865354 0.43806137840216786 0.7544160158415019 0.41327052324607005 0.3445399835536602 0.5712168847176979 0.28645267575014344 0.5245500259814944 
0.5526817923708554 0.5542636283341119 0.47964680704232493 0.4159393725769647 0.18384238804604058 0.2830599151281377 0.6595359472253342 0.3704728959485651 0.43150374863313473 0.5752017360946153 0.6076611459181845 0.2142315678077074 0.45876721627928296 0.6172943029093769 0.32601622134379155 0.5351617802994291 0.9141949070267268 0.13669324900621777 0.5951052741294107 0.8561200856422106 0.47998402197021073 0.5825522549154756 0.4962393814043892 0.5547980727216579 0.8469972647257724 0.5413587000753957 0.5443830121993647 0.7552515799087425 0.48178267704443245 0.5023023613457653 0.8836264343312279 0.4824073497214369 0.2849159253468624 0.6503426951506284 0.8689678385956607 0.35341628337184533 0.6839331450036817 0.6200266036350042 0.24480710282253376 0.8460471105062901 0.647386884615454 0.4690927865335909 0.805376352362752 0.817116245952391 0.4794623378218642 0.4888565635316378 0.503704398286835 0.7941829123130624 0.3125900738980926 0.9458072373433957 0.738790990628824 0.35447051198806523 0.6104043873166725 0.22152848471068903 0.5502559099137446 0.5496060718888427 0.6204556840891915 0.2251800814556118 0.4263176797700531 0.8860997390854081 0.740881718684317 0.4884341204176114 0.5859674936662261 0.3513651443773688 
0.08720955456376339 0.5054531840009495 0.432022722728012 0.7426516048570209 0.23343262308747115 0.7245347438122074 0.19714832813943578 0.43690964232307267 0.22810548171919015 0.35944704511385045 0.5948182465654683 0.5974348158369638 0.48964545734984216 0.688570339581714 0.8584179805030744 0.8547411387035966 0.1749877180345073 0.691021902237417 0.902466546236911 0.42353026304801494 0.08785124883104861 0.37290021512582516 0.2917363317311976 0.24209093405274523 0.7600124254274683 0.6344595535840265 0.546698961923781 0.34045673886147604 0.3815637175673046 0.4916182692328391 0.7993468763982456 0.8153277465948163 0.8169140090542815 0.5650054624515923 0.6449101621781954 0.7796341649706215 0.5393664015208057 0.5605112979395461 0.4763009748208145 0.8042232587201859 0.5182631749802424 0.16944724952163936 0.3148837263529161 0.5195879427391645 0.5780196213243567 0.47735721887528487 0.7941829123130624 0.7691126384994519 0.652384701873941 0.4454930634957137 0.9618019059294135 0.2622503582548459 0.3978116631392149 0.976532071236454 0.5331151412739212 0.12304534094865449 0.12499373842375144 0.8007448646023814 0.7377663132233596 0.3082163051004885 0.30331118015930914 0.4407411241593735 0.6057493622024943 0.5297774892383601 
0.5488995878038521 0.7365128094269573 0.403426084247547 0.16034197273121104 0.6698632890543914 0.6778223015098379 0.530150392245442 0.7706082234241531 0.6817647582281807 0.8482991079386601 0.3280742688214123 0.5889908514653246 0.37937654587074987 0.2691363043554873 0.32390624381258015 0.2208832147458989 0.4549846872917115 0.6487760479129718 0.29295899083682386 0.4229556004514327 0.4878464496877975 0.7496026100360148 0.24210129907197803 0.6155888174261586 0.4341430784726506 0.803151538188033 0.3401173963756521 0.7249495410986204 0.6802731519170484 0.5099701755891342 0.455244766779899 0.5829464094653217 0.6959389601270214 0.6269356398361051 0.3657232318498633 0.3433703209330624 0.6992339751010006 0.650327902516431 0.49766249371514987 0.6018925655873175 0.6861564284336998 0.48484469333110997 0.1672402999151021 0.25743801124517046 0.22897342142640598 0.509408472766357 0.3125900738980926 0.652384701873941 0.0059802308090826095 0.6345259360530903 0.9146808482622252 0.5671387144657102 0.7548950979681112 0.5465686722782016 0.7362652869934911 0.5338409768037917 0.8615444648296126 0.2798742968376265 0.5322104630019472 0.34774401548299444 0.779395821401731 0.31232395307821026 0.9111960141475732 0.5682932064162696 
0.6247150404797168 0.5677256718268789 0.7791830889321868 0.35152428791017754 0.6283256774562807 0.32826663984032534 0.7882127041299358 0.5129056770967634 0.4984350242638896 0.37402537288573234 0.5266853973710623 0.4127552999053178 0.630131132408221 0.3550941553718075 0.8919281611281968 0.6447080069108884 0.16783072411492544 0.5427890583654118 0.779641642199354 0.6559400490955246 0.320640222180345 0.4777119149534672 0.3798705477458476 0.25933323873053965 0.5589822313006338 0.48372071525397947 0.47547787337679664 0.5169257067770622 0.43845861643827116 0.393360177197283 0.8126628584991786 0.7993419742833661 0.22941902769988676 0.33024635468390956 0.5051608671731196 0.2052961421700667 0.730711998277481 0.4255731165398582 0.2269548353352453 0.36732184525328304 0.7580383983551238 0.588937750028782 0.795398628010098 0.40771760003417207 0.8197082068751155 0.22131512882638193 0.9458072373433957 0.4454930634957137 0.6345259360530903 0.4690529521141308 0.7738065483368608 0.903475826711715 0.33637184404229675 0.765342947799093 0.38074513900989687 0.4040726953617211 0.2972735813179087 0.8674126415574497 0.7881686514986217 0.5668203070723765 0.18694187594251332 0.48274064068919365 0.7127119899209317 0.63313209973036 
0.2559695954849283 0.4708648135736867 0.78894789665403 0.7206517717827481 0.5096558912356492 0.7375419112047576 0.4068010178838554 0.2102717572529605 0.8229646074685024 0.5390577089300791 0.33600477267799594 0.19397324167956842 0.3438451996308372 0.7477691328608633 0.7771053084284725 0.48113794651586894 0.3976642788519885 0.19850369013687058 0.8083026931856186 0.41629234350680777 0.7177768440658893 0.7530271257423946 0.4994931360603299 0.7901195024100974 0.5031678089166183 0.3994224572808222 0.8013417198554313 0.3089886673631841 0.5870501327782032 0.6514537373791843 0.7315489124440662 0.09756802150320393 0.24833152085920573 0.5064666582779349 0.8462474300899068 0.679125792856657 0.5879660615899376 0.5687808570894561 0.5211071479152426 0.644013386829331 0.2829868800967508 0.5034003542422021 0.5575868387420544 0.3699696876396236 0.22356145942549766 0.7960823328475303 0.738790990628824 0.9618019059294135 0.9146808482622252 0.7738065483368608 0.35398582970988235 0.383533455317072 0.14202373507157479 0.13883750854213084 0.8321812278956775 0.3559930797333575 0.7039926833571346 0.281725776667994 0.6193633012030739 0.6686320870296139 0.3524286606822364 0.34032565858095787 0.3018653799234311 0.5305190854232549 
0.3965120615133151 0.6459700314167962 0.460104397805142 0.20975087599585285 0.7502649580230052 0.4453892540423119 0.06529386091290951 0.5016143664598587 0.43144270209848207 0.18011240231554732 0.5207110674213119 0.36485827381617975 0.2334689001330879 0.6075907769929598 0.27050987778331453 0.18764751559859738 0.47611065759211224 0.5089419638879202 0.7409739000670961 0.6434077183583 0.4378110416272566 0.6692902512528454 0.6796974338242141 0.3993813971526943 0.6600570316345458 0.6451299732395908 0.7883557535757737 0.8069842957184439 0.591107642513448 0.46283467600733524 0.5106338514682958 0.40827402970620696 0.14532961621516421 0.746841987448853 0.30092224401134693 0.36834328074824607 0.40427862372397755 0.47624152337691683 0.2474630315027469 0.5412997559606667 0.7044555495995686 0.09546939090568074 0.7602936603301267 0.06873608779198775 0.19041816915353132 0.7803617755273524 0.35447051198806523 0.2622503582548459 0.5671387144657102 0.903475826711715 0.383533455317072 0.5754240796467363 0.6302341838196852 0.11967147624572694 0.4726325702081395 0.1029506208030948 0.23440389900581443 0.3633340993613853 0.14853447714673018 0.24005127543879323 0.8161117575601194 0.30582611853400465 0.5898756238380185 0.08723943325326666 
0.6189478591724218 0.7752003863671535 0.41413473429153097 0.697506620225528 0.2193360292394556 0.28555942209381513 0.5733638343645506 0.828256111420921 0.3578183293369871 0.6532009093312809 0.6730335664266852 0.5322363275355706 0.18956828987177676 0.2319905993477272 0.6407504352391307 0.029313336001966783 0.39673981707003375 0.9386557565234208 0.6214568598059469 0.12496320224345686 0.48892603974677307 0.27930805976328715 0.23428287750155385 0.38187992373548096 0.33256840293597945 0.058103145960793356 0.5885066096468134 0.721815781540037 0.6845984421273357 0.5663056013630516 0.5484420246666486 0.09501891976440435 0.6296147249229582 0.25481643185469083 0.3919857673698028 0.46808515487987895 0.3301998006475075 0.43906128928183946 0.9520330435518233 0.9702787917800375 0.4220186226558358 0.47518766836219084 0.2618759646335977 0.24453279090666374 0.2672401145547747 0.8857253486702066 0.6104043873166725 0.3978116631392149 0.7548950979681112 0.33637184404229675 0.14202373507157479 0.6302341838196852 0.9739219339951071 0.3987963457166383 0.36476510166073967 0.6604551247846072 0.22691942836712176 0.05552485236081883 0.5926796809322191 0.6033267788806844 0.6301452567044816 0.25044014413364374 0.35811745649401766 0.3576045632541231 
0.6599888302404788 0.5619714254330584 0.7922612170801653 0.3738469783982853 0.4466967215780781 0.6256651787022931 0.41325748660333367 0.5363169073996336 0.22900752125977097 0.565677868761727 0.7483893402128382 0.4768676977553163 0.5945581683229186 0.4410670660373935 0.393891937973111 0.37395513046242945 0.4999825456705577 0.4753198012531701 0.2677998602318118 0.2608963303550188 0.25148053675015664 0.7031169397713422 0.6453076338828254 0.6694137790436072 0.7842988714406096 0.2834762517041149 0.7762500597694239 0.3720389257229846 0.9540660610036857 0.47803867090591695 0.6020900121149568 0.14904418505450473 0.3854497377496569 0.5626199166648786 0.48527446923301093 0.5372872904145418 0.4566105337123231 0.4116233962633397 0.7882177002913873 0.856702165586311 0.7630432432629541 0.08986959973285819 0.7154358996948644 0.47197455019033635 0.46487110679444066 0.7484098120116195 0.22152848471068903 0.976532071236454 0.5465686722782016 0.765342947799093 0.13883750854213084 0.11967147624572694 0.3987963457166383 0.03516607363819668 0.27786592566567664 0.45470228004411006 0.3038773399386358 0.42369494396442653 0.3531210769544794 0.42762821055754646 0.5765662290817741 0.5798225808768089 0.6697362986839175 0.6444406707010325 
0.4934668084841237 0.6726299459805365 0.4287864320602609 0.5686079482976794 0.9001264343798854 0.7724128517650586 0.6116108317222312 0.8619999347425858 0.3868102307075601 0.46466164714009933 0.7916503575075716 0.11647515341414832 0.7136170545620903 0.2096461286882858 0.25859635950632226 0.2946113219878442 0.9138327327104159 0.6218556794060074 0.31435208073148957 0.16529163710928796 0.22458907133102024 0.0585127843891497 0.24247617689060175 0.6501038146428083 0.17444734762038672 0.4233762702510235 0.6682737162064851 0.019596122464181964 0.4485774932640082 0.5183605481921998 0.1634196284298699 0.6018763123493704 0.6001442949894278 0.5756013221153184 0.5502073501902445 0.5686577139579941 0.07950073235060545 0.5311074490894487 0.5640444950517208 0.6768492290264967 0.7123972186958893 0.327479541640769 0.6057131992024243 0.5568985909169675 0.792212688551683 0.7702248727253015 0.5502559099137446 0.5331151412739212 0.7362652869934911 0.38074513900989687 0.8321812278956775 0.4726325702081395 0.36476510166073967 0.27786592566567664 0.7352810359624423 0.5031013852582256 0.2938694347892141 0.5432506839681753 0.4288989907575865 0.4380975345198704 0.15321371598662625 0.5887172233660967 0.2970085739657294 0.34605658667851197 
0.18515711954504915 0.5167632047696363 0.2569678992143847 0.3752238955022599 0.5948133462865399 0.5127359776731668 0.765466210389496 0.6010150473693083 0.30174760366739234 0.6910545201526657 0.6225988572916824 0.21597753469602815 0.6112130928286676 0.9069151912669389 0.453502256619606 0.40334991675915877 0.7580131001369945 0.9118343443486001 0.5710997857287827 0.14990436773134386 0.49898227457939975 0.21435867658576618 0.47625027746041454 0.839842762371339 0.3430508304312987 0.15824115641814884 0.7336049586568854 0.5981964912658351 0.5845050981379718 0.4426310261500445 0.26533378497140814 0.36148109305497633 0.3508703416670532 0.5225090960797386 0.8031227983011797 0.4621514037511049 0.6600793444820967 0.524815133175089 0.6196925897478781 0.2196481917125544 0.791979729149089 0.9046215509638409 0.6250667004298908 0.4978009785030285 0.13369455226352894 0.7197414777495958 0.5496060718888427 0.12304534094865449 0.5338409768037917 0.4040726953617211 0.3559930797333575 0.1029506208030948 0.6604551247846072 0.45470228004411006 0.5031013852582256 0.1703055412024761 0.8567871052184935 0.5937053929271918 0.5297195352472952 0.5855951888610865 0.4684845828026232 0.6336772813353552 0.29055912188857974 0.350108029243226 
0.7589454324414593 0.8210443618145853 0.49344006592086204 0.3258863096747058 0.6969572646592868 0.9051526217949173 0.1547667744624513 0.537218844191084 0.8312242505772691 0.5096370932993056 0.32721734838630756 0.507714212333662 0.4953713480140877 0.4656320706244921 0.10756101138204671 0.35703986738238686 0.2722573676385201 0.3345490965372155 0.4293305407437392 0.3920563522530485 0.6137804702635627 0.4237973880883709 0.34171322131447207 0.7118404753607193 0.49852687752716185 0.6773741266787254 0.2834171815718842 0.7529402230022315 0.5583930246813957 0.2990324683475032 0.5638551670088371 0.5406136246430447 0.4295092443812548 0.4943765640305206 0.4970601889933126 0.6627162447568394 0.6848750393129814 0.8646047608705776 0.27152916955113837 0.3981432950232763 0.5228873000371401 0.3983998872024991 0.45043980060385025 0.46428153989847015 0.842087394179912 0.8003479445865354 0.6204556840891915 0.12499373842375144 0.8615444648296126 0.2972735813179087 0.7039926833571346 0.23440389900581443 0.22691942836712176 0.3038773399386358 0.2938694347892141 0.8567871052184935 0.2372920252305326 0.12713748878240938 0.18816484178531456 0.6780146099486608 0.601377281844577 0.6959775211320273 0.6582044138860415 0.8221830607082184 
0.5896141954389227 0.5059812624971334 0.45522033049294286 0.47173391810181037 0.40399002206226403 0.761835358381425 0.11456324691002528 0.5067791541822335 0.4270915863503365 0.7694883273388886 0.2126567036364052 0.4970147537869755 0.38046472653133956 0.6472177687531004 0.7843908127517751 0.7091413831108488 0.3283814844145447 0.2666820014578913 0.534809879352147 0.5721005864494143 0.7493640156565555 0.5270202131456754 0.8002665223105101 0.4887289297964719 0.6951364125604788 0.5192199148919098 0.6429668506260604 0.42791436093998364 0.5341913782122578 0.3131997867375203 0.3972403796335571 0.9219543924677579 0.6395919095605157 0.5360855877893494 0.23244843234743473 0.8675014501326486 0.7439169987168364 0.9817456842564299 0.3900272876745911 0.41276469054687087 0.40962157169297664 0.9091314759193951 0.46973607065901396 0.46151922967970216 0.4665016873068968 0.43806137840216786 0.2251800814556118 0.8007448646023814 0.2798742968376265 0.8674126415574497 0.281725776667994 0.3633340993613853 0.05552485236081883 0.42369494396442653 0.5432506839681753 0.5937053929271918 0.12713748878240938 0.16758305379928085 0.19290078469325445 0.8324306963602417 0.6657875156621651 0.2329120075571583 0.6515935894593073 0.5167117412661533 
0.47501426744892267 0.4763990261944727 0.6459513968317181 0.5577310611796095 0.3311170104110695 0.6903815800000126 0.6977236565534477 0.38916806579811575 0.5773900911759373 0.4478478924104165 0.5568558834176005 0.38013199216738697 0.36005298288803783 0.7516448058634534 0.7987288223108919 0.3802280146363204 0.7316177026323327 0.12334240732492435 0.1378183224851653 0.5404588525570339 0.21335332883253988 0.2832213901842234 0.16087627131556037 0.17302629193447222 0.5167569204114018 0.7218681358820089 0.392279517081606 0.673694135196319 0.6501984748198375 0.39502817841903226 0.294101258719231 0.9011662328998638 0.7983337540725319 0.5606806245990196 0.5405268730307747 0.43585822190359524 0.9539441011115033 0.5064016939794256 0.856543157446628 0.38202706591277696 0.5661475127682881 0.514845246275258 0.4801118885628432 0.7874593305634958 0.18065220441990226 0.7544160158415019 0.4263176797700531 0.7377663132233596 0.5322104630019472 0.7881686514986217 0.6193633012030739 0.14853447714673018 0.5926796809322191 0.3531210769544794 0.4288989907575865 0.5297195352472952 0.18816484178531456 0.19290078469325445 0.9245680069236125 0.48930678337745326 0.5004055393290994 0.6710702986513346 0.3983163431989109 0.5196066912342319 
0.50643544108543 0.5032898617108126 0.23652481933926467 0.6994446879264649 0.6379864051287026 0.63896565230674 0.42761751859637986 0.24456125147230307 0.9843030876982 0.6975475423326932 0.6403908954378549 0.2606609955422185 0.5406842448248091 0.46379173148070885 0.36997566868271553 0.7700291123206215 0.8626050945924555 0.46773054195603836 0.6936992539327694 0.20826370660254379 0.4874495200169727 0.43463236589520743 0.37709208467815 0.3429505626008642 0.6755998576954291 0.27976776076361426 0.45473522062279303 0.053482209195392705 0.3536421797871759 0.7461991486674084 0.5191961773833158 0.238932498753628 0.7540480498959052 0.8012190585523642 0.5622642314425343 0.3857282027579286 0.3645560662953483 0.5552416273920469 0.9426405681218142 0.4943421880976685 0.6905154350560867 0.27337827684516414 0.42045540595371567 0.3556190810087588 0.5210290863242535 0.41327052324607005 0.8860997390854081 0.3082163051004885 0.34774401548299444 0.5668203070723765 0.6686320870296139 0.24005127543879323 0.6033267788806844 0.42762821055754646 0.4380975345198704 0.5855951888610865 0.6780146099486608 0.8324306963602417 0.48930678337745326 0.35533294077021993 0.2855165167047224 0.15145194489707658 0.6152920784754079 0.1948129260556432 
0.6847529048138052 0.5357511006725642 0.3316499284824761 0.42832153456293504 0.44099193918830815 0.4392026415775163 0.7465409477735693 0.7462689402787812 0.3127284950150702 0.49633965480721987 0.717285184479593 0.16024609600219752 0.5583032030875914 0.322269700030589 0.47980225490785217 0.503431061266072 0.5169912052877441 0.9610723148715774 0.503654646274974 0.8767149227909787 0.09292226150686217 0.6213604648274311 0.6580743816377677 0.5075313149484432 0.4135864544912717 0.7295351699958511 0.6868837889187107 0.9442179090337632 0.14738517970344778 0.197572419780989 0.3308400626118648 0.4956605360895601 0.5295392623906652 0.6122530545203768 0.26722742350379913 0.6886203787267952 0.45799387617717957 0.4643101312214634 0.4478030615884534 0.5743477413988651 0.8252913093303202 0.42574456484232204 0.8551691083079245 0.7930815336829586 0.5479726355076665 0.3445399835536602 0.740881718684317 0.30331118015930914 0.779395821401731 0.18694187594251332 0.3524286606822364 0.8161117575601194 0.6301452567044816 0.5765662290817741 0.15321371598662625 0.4684845828026232 0.601377281844577 0.6657875156621651 0.5004055393290994 0.2855165167047224 0.11515103199222188 0.3759048306216125 0.7321064680054197 0.7333664604033399 
0.7089842185420235 0.4748840349634418 0.295256901253818 0.5750624657052039 0.5028515743683716 0.5741213036238574 0.42669905366280986 0.5785341791016217 0.19922899174827258 0.328938853566912 0.5011124758842331 0.2990605301275136 0.5154443198423365 0.6257418244237395 0.44412231244098244 0.6138307623897639 0.838736730551435 0.629905924379927 0.4495849113601054 0.46344772928155514 0.29824545688278065 0.38929747859346386 0.5229935043219414 0.20736332471202706 0.1735162026468003 0.5231398928578449 0.783017385312079 0.7469001862218773 0.5398929571055873 0.748212378576441 0.8142711183484769 0.7089451556993429 0.5426282319496232 0.6726305303625871 0.5152418692816956 0.3726598303353528 0.11890635062774979 0.028618417486115655 0.5339159944755384 0.8724402428126754 0.34524623816536965 0.7528343411731222 0.6548593461583586 0.18568672168454003 0.672082164863739 0.5712168847176979 0.4884341204176114 0.4407411241593735 0.31232395307821026 0.48274064068919365 0.34032565858095787 0.30582611853400465 0.25044014413364374 0.5798225808768089 0.5887172233660967 0.6336772813353552 0.6959775211320273 0.2329120075571583 0.6710702986513346 0.15145194489707658 0.3759048306216125 0.22491150190697207 0.44561772815633166 0.6012101713956597 
0.38737839021019027 0.7446562092312071 0.3677167142864441 0.6956155418420933 0.4254956384037718 0.7350455037777233 0.20700218886495958 0.13516341818549704 0.406046328793693 0.699052690883423 0.7275886917668991 0.3701567569467877 0.5366055943045945 0.16617287944742504 0.3268390703148426 0.4629780084669246 0.5320432067428995 0.7479414988598647 0.6392770135609984 0.40806285638336703 0.4940380877260084 0.37360684010092593 0.4760484854173954 0.47964701637085816 0.3837200851622692 0.3278820030868636 0.6286679322470726 0.38417795861869364 0.6803893822464424 0.38029965049560094 0.08805568691529753 0.8961209478814817 0.3470314226283702 0.564370817191715 0.34943394826318563 0.5534759005532831 0.9256319766261099 0.6831137346894166 0.55756742887045 0.7080822327687442 0.5861723189341764 0.6842555988562571 0.2561460187485348 0.48846279763706923 0.8523970793788621 0.28645267575014344 0.5859674936662261 0.6057493622024943 0.9111960141475732 0.7127119899209317 0.3018653799234311 0.5898756238380185 0.35811745649401766 0.6697362986839175 0.2970085739657294 0.29055912188857974 0.6582044138860415 0.6515935894593073 0.3983163431989109 0.6152920784754079 0.7321064680054197 0.44561772815633166 0.4290628870128419 0.6587819703737994 
0.8307121491583322 0.20392018760243547 0.45653698681197147 0.5139221792376348 0.40337626940798704 0.5520345843083572 0.4616522636359611 0.6188706799266948 0.6188428367561492 0.7498566154018641 0.45495654046016804 0.9433434407090058 0.4778038679637634 0.49301634726442234 0.39716176008465415 0.2753010585920027 0.547227487879554 0.3139705229474537 0.35279668947844717 0.3770749967590663 0.3377030160090447 0.6517369496219806 0.6833055128794276 0.6399989200889857 0.3012277102260064 0.3322001101650385 0.8849626128213672 0.40868437803085006 0.22633741763604598 0.7197636327574981 0.47707140374257767 0.36869360213052255 0.5061600086430003 0.7769611720654016 0.5076620963903984 0.8323512214324873 0.22963050374622396 0.5517597404529786 0.21436958618866864 0.652747622494549 0.3970749468316443 0.6462485543329959 0.2008019778317967 0.42293368502192136 0.5751480492825733 0.5245500259814944 0.3513651443773688 0.5297774892383601 0.5682932064162696 0.63313209973036 0.5305190854232549 0.08723943325326666 0.3576045632541231 0.6444406707010325 0.34605658667851197 0.350108029243226 0.8221830607082184 0.5167117412661533 0.5196066912342319 0.1948129260556432 0.7333664604033399 0.6012101713956597 0.6587819703737994 0.6773719064081619 