16 2.0754434714902548 12.77163368237519 348 2736
27 29 55 75 27 94 90 40 68 40 59 85 100 49 74 68 
29 76 69 36 12 76 44 56 72 43 35 63 97 45 67 5 
89 36 19 64 24 91 42 3 45 80 44 14 10 18 57 23 
43 97 80 82 5 72 64 50 55 99 68 72 86 28 26 13 
28 22 82 10 66 46 34 75 41 5 28 74 74 3 88 20 
61 77 47 74 3 14 13 65 98 7 33 7 43 40 64 55 
5 39 81 69 3 89 49 3 41 9 12 98 56 62 37 69 
56 65 21 83 40 73 49 81 30 44 50 83 55 31 24 75 
31 80 90 45 70 46 14 30 42 35 68 13 15 33 20 22 
38 9 55 82 84 84 16 44 24 7 31 35 4 43 29 86 
36 53 56 94 19 55 99 31 50 68 68 56 68 50 87 43 
24 9 51 77 1 10 11 71 36 76 28 48 54 26 3 52 
97 46 61 44 65 2 80 75 24 53 3 57 82 29 42 17 
100 51 59 100 55 52 51 92 27 38 16 53 6 17 58 89 
38 65 13 20 9 10 29 29 3 49 28 73 55 3 83 48 
63 59 7 41 64 25 84 5 62 68 48 44 94 11 54 13 
0.6670969718263379 0.25844881823196386 0.6772526237082755 0.6494177687335203 0.359066165677598 0.523048621562964 0.42460057928304545 0.628145394282116 0.5278385536548604 0.8122091712467014 0.600877983450529 0.6225374174350846 0.10510359848183315 0.7839478324594957 0.669024442583505 0.5998025689774182 
0.25844881823196386 0.7952867460143481 0.2133210146231464 0.39470355860248446 0.6138910231426279 0.4003624063062107 0.455368949888382 0.4558406939224531 0.6802729366781431 0.7431731446990992 0.7665409769444294 0.29307328699364277 0.02952364290945747 0.6097285278957791 0.7946419291817173 0.2591177286282044 
0.6772526237082755 0.2133210146231464 0.24062851548652509 0.4832178786925532 0.18500286791474718 0.16432910519502625 0.783967040033394 0.6136041811637852 0.34158003280439353 0.5469202647438536 0.5214601437253112 0.5693262915402746 0.056994305870004924 0.6654022872690242 0.3553226135791612 0.6488843949395078 
0.6494177687335203 0.39470355860248446 0.4832178786925532 0.14955071739857684 0.4737721313786949 0.45794045164682906 0.13995406664757998 0.4238109233903254 0.4858430255950668 0.2676706331575594 0.48621251435978774 0.7297334283593854 0.6182677562367827 0.4317475242446003 0.02691341806582881 0.7227758110426893 
0.359066165677598 0.6138910231426279 0.18500286791474718 0.4737721313786949 0.7326795697080457 0.8107478692969206 0.2873667646819066 0.7176669476855815 0.5745236308246517 0.44936542148849656 0.4542557538444651 0.560178611318904 0.6373630094220697 0.19432941462932712 0.31402514579031693 0.5830919216344759 
0.523048621562964 0.4003624063062107 0.16432910519502625 0.45794045164682906 0.8107478692969206 0.11255763963903198 0.4349407433011199 0.11092435664564665 0.8330292847930807 0.5962191913680512 0.03309391912861942 0.41832340289461456 0.5804664988724302 0.5481102631151086 0.18262805133238258 0.19414546692993362 
0.42460057928304545 0.455368949888382 0.783967040033394 0.13995406664757998 0.2873667646819066 0.4349407433011199 0.8446273063395748 0.34278841966949053 0.4874102841651242 0.2845632752124155 0.5920825613983018 0.5058772541664172 0.6322564974401153 0.7109643834783408 0.514652799708798 0.8784417270245521 
0.628145394282116 0.4558406939224531 0.6136041811637852 0.4238109233903254 0.7176669476855815 0.11092435664564665 0.34278841966949053 0.10111800810256333 0.6987916726468213 0.4781032191182809 0.46071314561389787 0.6702404901044224 0.589933497029537 0.6007195547691543 0.8871847770746055 0.019860997625131827 
0.5278385536548604 0.6802729366781431 0.34158003280439353 0.4858430255950668 0.5745236308246517 0.8330292847930807 0.4874102841651242 0.6987916726468213 0.31418104245937406 0.35044225249268685 0.5587394029713422 0.3894802539871022 0.24986874373492374 0.40196859383908795 0.5089406288734329 0.2385648290742569 
0.8122091712467014 0.7431731446990992 0.5469202647438536 0.2676706331575594 0.44936542148849656 0.5962191913680512 0.2845632752124155 0.4781032191182809 0.35044225249268685 0.398807664327681 0.6486044996396274 0.7355193739532349 0.614269371160521 0.38135150645312854 0.39689285274463415 0.7555817842218677 
0.600877983450529 0.7665409769444294 0.5214601437253112 0.48621251435978774 0.4542557538444651 0.03309391912861942 0.5920825613983018 0.46071314561389787 0.5587394029713422 0.6486044996396274 0.5496616099278061 0.5875038136798477 0.3920598445959996 0.8826668172768011 0.5221647979412974 0.4760389285910832 
0.6225374174350846 0.29307328699364277 0.5693262915402746 0.7297334283593854 0.560178611318904 0.41832340289461456 0.5058772541664172 0.6702404901044224 0.3894802539871022 0.7355193739532349 0.5875038136798477 0.01285413150429826 0.1933110358853669 0.9427467706306247 0.1939650014085988 0.8022450131897692 
0.10510359848183315 0.02952364290945747 0.056994305870004924 0.6182677562367827 0.6373630094220697 0.5804664988724302 0.6322564974401153 0.589933497029537 0.24986874373492374 0.614269371160521 0.3920598445959996 0.1933110358853669 0.4668246847805495 0.2621909403827332 0.6159423971767518 0.1459114611873687 
0.7839478324594957 0.6097285278957791 0.6654022872690242 0.4317475242446003 0.19432941462932712 0.5481102631151086 0.7109643834783408 0.6007195547691543 0.40196859383908795 0.38135150645312854 0.8826668172768011 0.9427467706306247 0.2621909403827332 0.8414660050296933 0.341144305340766 0.8155170248063727 
0.669024442583505 0.7946419291817173 0.3553226135791612 0.02691341806582881 0.31402514579031693 0.18262805133238258 0.514652799708798 0.8871847770746055 0.5089406288734329 0.39689285274463415 0.5221647979412974 0.1939650014085988 0.6159423971767518 0.341144305340766 0.42606514648545946 0.7691473800089035 
0.5998025689774182 0.2591177286282044 0.6488843949395078 0.7227758110426893 0.5830919216344759 0.19414546692993362 0.8784417270245521 0.019860997625131827 0.2385648290742569 0.7555817842218677 0.4760389285910832 0.8022450131897692 0.1459114611873687 0.8155170248063727 0.7691473800089035 0.4308248438549266 