64
92 82 8 68 32 68 80 86 86 90 46 4 56 2 55 12 97 91 83 99 70 6 60 34 79 38 7 32 61 2 25 27 63 33 74 29 64 92 84 89 72 12 30 95 88 72 93 79 59 21 48 31 67 30 34 60 97 19 23 35 76 34 97 42 
66 64 72 69 73 12 82 76 29 52 40 43 29 82 82 29 87 31 67 92 74 38 49 19 28 84 10 41 53 88 96 12 31 38 12 84 59 95 7 34 14 49 2 3 13 31 25 56 67 47 84 71 65 93 43 78 90 60 19 52 70 6 74 21 
12 70 23 52 56 27 21 45 60 13 63 11 46 95 89 69 40 75 20 98 99 81 6 48 38 74 50 91 69 86 11 20 1 39 92 9 49 100 72 73 71 95 77 91 56 67 31 75 7 81 75 38 67 56 74 29 21 26 7 84 57 88 27 21 
61 86 100 11 14 50 73 19 67 59 18 79 93 33 57 26 100 71 50 53 66 31 39 57 89 39 75 91 97 91 23 57 43 29 43 97 28 61 64 18 41 49 94 57 70 47 51 79 25 44 14 53 64 5 9 77 4 33 68 30 53 3 46 9 
28 82 9 65 16 93 53 46 31 16 84 54 43 75 36 85 41 70 3 40 11 42 65 14 93 38 62 32 62 9 7 83 65 75 30 90 30 64 75 6 53 25 54 81 89 76 97 14 84 94 70 42 61 45 94 13 64 75 66 34 12 79 2 41 
69 55 82 45 36 7 45 22 52 16 33 79 15 21 86 68 98 65 72 5 100 97 76 41 99 79 29 66 86 53 55 81 94 80 100 30 40 82 12 81 39 4 38 67 50 73 1 36 11 14 38 75 23 25 92 24 37 18 95 76 52 88 13 47 
52 14 2 43 73 25 79 11 9 35 17 75 86 100 60 12 25 39 73 64 84 58 67 78 58 8 74 7 29 50 100 72 18 53 85 47 99 71 46 58 8 9 58 50 76 53 93 83 38 48 70 17 28 14 24 50 58 72 98 66 10 18 54 59 
63 90 57 77 26 97 31 80 10 85 19 88 50 68 92 4 98 75 27 63 16 56 87 19 70 90 56 37 25 10 52 55 28 4 45 64 55 28 22 58 17 76 51 93 39 67 75 96 66 3 81 76 48 20 66 24 4 4 41 12 95 75 20 90 
73 98 35 99 38 19 84 55 16 82 82 76 70 74 19 67 14 61 78 46 23 71 5 31 1 21 26 48 42 11 31 43 4 63 70 78 9 91 34 46 22 87 82 73 66 2 64 36 66 10 39 47 20 48 23 28 38 53 28 73 30 31 42 40 
37 9 52 95 39 59 54 36 13 38 70 80 5 43 44 51 17 51 35 54 82 96 41 46 9 19 43 63 96 67 12 47 95 15 25 100 61 26 90 76 28 19 68 39 20 2 6 84 19 43 52 58 11 47 29 41 33 38 12 53 70 85 84 38 
34 56 62 3 76 12 56 13 8 36 24 2 4 86 78 25 28 75 54 11 82 91 1 52 6 19 49 59 43 40 29 30 77 73 6 8 92 34 13 95 45 50 65 90 99 42 59 59 38 17 73 29 56 7 92 31 62 1 7 20 88 47 88 87 
92 28 14 44 51 57 73 62 1 71 25 42 92 37 54 95 38 10 28 32 12 27 36 41 12 76 17 81 72 26 48 4 79 88 43 15 27 26 31 12 38 27 96 38 46 30 93 74 33 8 80 40 62 62 1 69 26 52 38 11 36 13 73 71 
97 11 16 80 76 74 55 66 99 40 96 76 38 57 71 3 68 6 44 7 91 76 1 4 98 8 86 95 89 83 35 34 76 34 71 97 100 27 29 96 89 3 95 99 5 59 77 83 55 72 83 13 8 78 80 60 99 8 78 57 72 94 82 22 
66 34 82 30 95 55 95 29 35 76 21 18 94 1 84 2 82 15 24 35 98 80 77 91 8 19 95 52 63 31 78 45 91 66 82 80 96 10 78 48 83 25 42 33 2 39 80 24 88 79 50 64 83 66 67 4 95 65 29 95 74 75 73 77 
52 49 93 99 83 93 64 8 25 2 5 5 6 48 89 44 43 77 85 36 65 86 60 94 67 69 33 11 14 38 6 7 29 12 55 31 46 77 31 98 41 31 12 33 87 60 100 71 18 9 52 68 92 27 21 8 32 74 30 67 65 54 9 33 
39 31 76 66 77 54 68 76 69 8 100 82 70 49 83 60 52 8 54 17 40 11 17 87 91 25 38 88 33 56 16 28 46 2 39 25 36 53 49 85 21 1 45 65 9 56 99 60 4 44 77 85 64 9 74 82 45 40 17 27 5 93 95 76 
40 70 53 16 57 31 68 75 31 55 50 75 76 9 8 93 54 86 45 54 96 51 49 60 17 65 72 30 24 66 21 84 56 71 63 12 50 61 29 73 96 86 85 8 96 39 45 16 33 86 54 12 61 27 44 92 27 2 99 72 10 40 76 92 
38 88 29 37 43 28 29 99 16 53 3 52 29 23 93 62 17 73 16 67 5 20 30 53 38 76 36 63 4 88 31 90 36 82 85 59 25 45 24 18 81 75 98 13 25 97 90 71 7 87 11 15 48 39 30 50 41 82 92 19 36 33 71 16 
76 16 70 5 63 63 94 1 66 100 60 94 60 64 1 74 51 9 39 24 51 1 9 11 77 12 31 25 29 65 66 19 46 80 46 76 18 21 45 20 74 57 18 100 65 100 52 25 1 92 65 58 42 42 91 11 75 55 18 43 50 49 86 36 
26 22 20 51 71 59 44 91 52 23 93 46 63 79 38 34 52 45 53 33 21 6 37 73 42 58 32 5 40 92 47 75 72 11 1 4 75 45 44 55 26 34 60 86 32 5 46 28 37 54 19 52 53 28 67 64 55 45 6 43 69 80 48 33 
48 29 49 3 80 60 31 6 32 64 22 86 72 3 14 63 78 17 64 80 14 88 58 10 70 74 65 93 70 12 6 45 28 44 56 62 61 90 21 94 98 95 67 31 16 81 77 32 80 16 25 35 32 43 53 82 34 40 82 5 51 14 81 59 
18 54 39 49 51 83 26 63 90 41 63 33 9 21 91 74 81 100 39 56 65 12 57 73 100 29 51 31 42 88 56 7 51 23 35 20 23 51 41 35 22 64 97 69 87 85 91 7 48 85 22 16 56 84 78 54 66 7 65 85 10 80 9 40 
91 35 94 84 65 97 44 71 85 7 65 51 3 37 65 12 26 3 63 54 4 6 100 16 69 73 39 57 27 100 86 77 66 55 28 73 50 8 84 20 47 83 65 74 89 76 82 85 26 77 27 40 40 37 35 89 32 77 62 16 61 38 40 92 
12 48 18 19 50 43 87 96 81 95 76 41 55 84 20 79 35 83 98 94 15 39 51 76 84 86 8 25 65 34 56 39 69 49 16 92 58 41 5 91 86 72 73 20 93 40 73 23 74 30 51 90 65 82 96 77 46 92 46 78 8 43 4 41 
67 30 77 45 95 74 45 23 61 83 94 58 51 8 19 97 46 60 46 40 26 30 87 95 37 97 90 13 32 70 10 67 98 45 33 53 6 21 5 71 30 50 19 81 56 3 80 9 28 73 31 67 29 72 21 14 44 50 27 52 74 48 51 20 
27 36 58 16 14 72 42 2 55 38 84 27 15 90 73 12 1 67 68 93 61 55 15 25 66 60 71 3 90 88 67 56 98 48 24 21 51 5 78 82 97 82 59 84 70 71 9 36 5 41 2 47 13 29 19 96 18 70 22 13 84 22 60 35 
56 56 99 70 12 48 57 63 59 84 40 74 7 5 55 75 69 73 12 27 22 5 69 32 73 19 28 35 16 61 44 60 28 44 8 88 75 93 54 95 93 17 7 61 30 25 88 39 16 66 67 83 13 81 86 5 44 57 83 38 34 7 58 88 
98 38 73 54 26 30 60 21 13 12 29 27 85 71 95 68 95 86 33 70 48 56 70 18 92 54 64 76 61 57 70 64 40 77 74 38 9 12 85 19 92 10 78 83 37 25 94 77 61 22 18 16 22 65 69 93 64 80 87 97 59 7 25 28 
6 69 26 51 27 55 51 78 83 59 80 40 64 77 40 46 9 35 4 32 77 7 45 18 31 48 32 100 30 5 63 55 48 41 19 47 47 17 19 94 78 18 70 53 1 33 58 100 42 68 5 22 68 40 87 24 24 45 12 69 92 85 74 37 
27 55 97 26 74 55 27 29 37 89 52 58 53 79 27 58 31 22 45 60 62 83 82 54 44 32 64 52 11 40 89 3 63 34 42 38 71 37 80 9 24 55 68 48 95 10 91 84 12 94 5 74 72 2 62 68 15 60 73 87 34 13 25 98 
69 23 19 40 16 1 35 69 77 85 73 65 67 11 80 66 63 50 98 44 91 72 73 34 9 62 52 60 93 23 86 60 59 44 85 36 79 71 93 66 46 77 11 93 29 51 53 62 65 100 59 40 27 58 5 60 29 52 15 19 24 10 14 21 
50 90 100 67 96 93 31 90 89 94 84 21 87 44 82 92 78 70 8 60 69 40 16 25 26 33 86 44 27 47 58 99 37 90 78 88 80 6 3 8 68 41 22 65 23 1 71 5 30 38 37 56 4 12 84 81 4 29 74 62 45 15 86 77 
19 69 17 10 95 4 51 57 30 24 44 46 30 35 80 48 65 24 34 86 25 3 41 29 29 70 29 31 31 22 22 45 28 25 63 62 21 55 84 8 8 18 60 43 45 50 11 90 56 14 1 2 91 49 16 29 28 72 96 54 34 20 52 97 
97 99 64 71 84 97 42 54 71 70 85 21 87 62 80 16 54 86 99 37 25 28 13 56 72 43 60 84 46 73 44 53 40 80 14 71 1 82 20 77 57 68 86 43 91 91 63 46 23 45 68 29 75 94 53 74 63 80 36 47 7 73 62 37 
62 76 12 77 49 47 61 72 9 8 29 39 35 24 9 82 8 52 85 37 57 100 18 81 11 25 19 70 5 81 72 40 43 80 5 15 84 20 51 44 74 68 35 48 92 91 1 14 39 51 87 15 86 36 23 35 56 70 84 100 8 81 100 28 
26 59 29 76 58 11 66 93 30 59 51 4 58 11 19 2 44 87 74 15 70 56 98 23 27 86 14 17 49 55 29 16 17 72 71 52 9 80 51 53 10 54 65 71 32 55 13 54 51 3 55 61 29 36 20 8 10 29 76 72 53 68 61 19 
29 87 64 41 92 13 36 29 5 48 94 56 91 32 43 94 31 75 17 96 53 80 88 98 90 39 75 2 60 64 64 81 35 60 61 38 51 36 53 66 79 74 98 40 46 26 100 67 58 84 45 90 14 5 69 47 50 31 84 27 35 73 82 68 
97 45 78 44 87 90 100 77 65 55 83 28 8 12 71 77 16 31 28 95 32 5 41 83 48 68 58 4 51 95 5 53 59 79 45 82 33 89 4 55 30 33 58 25 33 79 26 93 38 4 21 83 27 73 27 25 43 55 76 34 8 3 51 17 
29 75 47 4 48 49 44 27 64 1 21 47 2 57 61 73 95 31 5 89 69 24 16 94 27 53 74 40 71 61 93 38 57 74 6 64 13 6 47 32 3 85 39 94 77 59 16 62 12 16 50 9 95 3 100 23 7 62 1 79 65 62 26 56 
9 52 84 27 91 83 96 73 20 68 26 71 20 97 35 40 83 61 36 35 32 24 69 69 70 28 12 59 25 20 32 61 54 96 12 69 13 18 15 4 89 91 74 94 82 55 19 1 52 16 26 19 19 61 92 74 95 22 20 53 59 51 5 65 
92 83 61 75 10 34 1 2 65 81 83 60 44 10 83 44 91 13 54 45 22 48 61 36 62 92 89 90 57 29 83 82 77 4 94 36 82 46 40 6 99 55 47 2 10 66 55 22 89 81 17 77 86 37 45 78 56 13 63 52 93 63 52 80 
49 18 51 89 33 37 45 69 2 26 11 61 35 45 48 2 87 95 58 85 48 59 56 82 41 28 28 77 45 9 68 24 38 40 85 23 50 31 67 12 16 49 61 23 71 63 88 5 72 59 62 67 70 70 81 100 67 53 42 90 19 8 48 15 
88 38 48 85 66 76 78 9 34 98 16 20 30 69 17 49 15 78 68 51 19 57 51 17 79 55 76 45 21 33 58 11 92 77 20 12 60 86 41 48 2 30 39 32 96 35 100 59 36 45 12 51 63 85 23 20 49 66 12 48 65 89 96 61 
47 42 51 55 81 54 37 33 45 53 3 38 94 18 80 44 72 59 41 27 84 25 84 23 25 62 70 15 25 68 34 90 24 11 50 31 36 63 17 20 74 78 81 92 77 92 45 56 39 67 91 58 66 52 9 34 62 99 100 70 41 16 81 56 
86 37 32 79 44 10 41 68 29 11 9 8 65 80 10 98 100 64 72 40 36 36 82 6 87 9 68 69 19 45 81 95 29 73 37 12 51 10 49 92 72 46 48 49 100 55 45 41 52 47 2 40 43 91 71 66 55 79 40 49 83 93 40 74 
100 29 72 35 10 56 81 17 24 81 20 70 81 39 41 68 8 68 1 29 90 59 36 69 65 28 46 55 15 32 44 31 59 90 21 92 20 72 98 55 41 3 50 4 57 71 87 26 80 47 48 90 63 37 97 38 73 89 85 27 29 9 25 95 
66 62 70 82 43 49 48 22 95 100 30 63 27 50 53 18 51 3 30 74 9 6 41 46 24 49 92 13 69 45 87 27 43 61 59 30 16 49 93 37 75 15 75 11 95 76 72 92 62 73 69 69 1 9 61 54 8 70 19 1 50 43 8 85 
90 68 55 87 30 65 10 37 21 24 11 18 11 92 59 46 84 41 17 39 32 41 86 3 9 5 43 56 91 97 77 99 63 55 16 4 77 51 59 21 14 24 53 77 43 31 17 23 66 26 97 18 69 86 82 15 73 50 4 65 76 6 33 5 
47 67 38 86 88 65 45 93 51 60 79 55 100 3 31 77 53 91 89 77 5 37 11 75 10 32 15 96 14 41 1 53 17 26 79 18 32 9 77 65 16 33 28 12 53 71 22 80 36 12 88 88 9 56 80 50 30 19 56 67 17 6 34 52 
67 11 20 22 60 17 46 54 34 48 10 50 24 88 62 60 20 64 75 14 14 27 21 18 41 100 23 92 25 43 35 16 47 73 96 87 17 23 53 67 44 39 63 95 14 2 27 73 40 12 26 57 78 31 78 91 38 47 19 18 97 4 53 27 
23 61 53 64 92 79 93 38 74 30 95 70 73 61 56 65 27 44 39 46 25 59 6 6 54 24 43 82 67 42 7 82 31 70 7 30 75 7 18 72 45 10 26 1 20 33 9 55 29 96 61 86 98 87 99 33 4 70 69 36 7 54 95 42 
73 3 22 18 6 16 66 36 62 100 10 48 87 68 67 27 29 8 17 91 35 27 39 85 95 92 78 48 84 80 25 70 16 62 24 76 60 17 45 61 37 57 48 16 85 85 60 86 70 45 40 81 56 85 5 56 1 46 12 30 15 6 62 63 
21 47 36 55 82 88 73 64 17 56 28 41 13 98 61 28 6 30 60 71 62 36 62 97 94 41 86 42 92 65 89 43 71 75 22 15 10 86 72 65 14 4 73 66 99 61 3 77 100 47 96 46 7 77 73 79 3 86 82 100 26 80 12 83 
24 85 20 47 95 79 77 100 44 83 98 61 97 81 74 43 100 40 76 29 63 45 63 1 85 56 88 92 29 51 10 13 5 65 55 56 94 16 45 17 79 100 76 46 90 34 42 17 13 5 81 57 26 80 1 56 37 33 90 34 33 9 65 26 
25 88 36 40 70 1 24 92 82 15 62 31 44 28 16 96 20 69 90 93 43 1 74 9 80 29 80 15 80 57 26 25 49 52 15 28 70 58 98 33 44 87 43 62 98 69 6 7 12 39 100 25 89 10 60 57 44 88 64 76 90 61 10 91 
13 50 18 26 71 2 66 55 37 97 99 44 87 26 21 38 22 73 53 82 52 83 49 20 17 94 79 81 71 32 94 58 56 100 91 38 21 74 84 60 73 77 5 65 41 16 21 17 46 2 45 87 81 30 2 83 32 92 66 92 74 47 46 70 
69 6 63 93 16 5 94 67 46 89 83 27 13 73 48 10 72 56 33 23 33 6 97 91 57 98 63 65 72 47 8 98 79 49 90 25 69 11 32 86 99 21 90 88 32 92 42 82 100 90 59 78 45 42 10 71 99 86 59 87 78 51 33 77 
22 90 1 72 9 69 99 60 77 8 55 42 55 98 5 42 99 91 87 30 45 79 43 18 7 47 9 37 39 41 72 36 36 6 28 68 76 78 63 76 88 65 16 26 97 3 80 80 59 30 42 83 83 9 2 66 81 35 26 32 76 71 5 41 
87 49 87 32 69 63 10 54 13 1 17 89 45 5 92 56 74 98 90 55 54 26 69 59 77 97 91 33 48 93 33 63 11 52 69 91 30 81 81 49 62 83 20 61 7 83 21 31 98 93 58 86 28 48 77 83 61 41 76 68 53 23 32 45 
15 6 82 51 3 96 16 13 7 99 41 38 43 35 87 9 53 61 11 85 93 52 60 45 38 62 51 18 88 33 59 26 67 85 5 5 73 12 91 55 9 39 58 81 92 6 76 5 42 56 1 1 8 92 86 11 64 80 70 62 20 38 22 98 
50 45 31 91 42 88 3 84 80 20 80 69 95 21 98 21 99 81 45 2 95 6 23 60 14 61 30 66 8 72 88 9 10 25 63 52 10 26 45 5 84 93 10 35 27 89 57 63 81 81 13 95 4 44 85 45 8 42 100 87 9 83 98 77 
38 47 76 17 72 18 85 3 22 50 44 66 70 60 90 67 8 88 22 58 48 67 17 39 17 27 95 94 31 42 50 87 96 38 1 5 2 6 92 95 32 27 93 10 16 69 79 36 18 73 19 53 52 61 39 30 65 88 16 92 79 88 63 84 
68 81 52 61 90 24 91 4 98 39 97 51 44 59 2 86 1 69 32 35 17 90 66 22 67 61 57 57 22 8 48 40 21 1 87 11 53 97 54 56 27 34 50 34 67 63 82 56 21 35 51 27 24 6 67 10 3 37 61 92 69 72 45 82 
98 89 65 25 17 17 62 15 69 30 52 29 71 21 77 25 89 48 97 55 8 48 41 18 68 65 6 13 84 9 93 4 19 74 67 36 81 54 71 97 23 56 61 32 90 38 33 35 66 57 54 23 77 80 18 33 30 58 28 72 73 41 12 13 
6 30 109 78 141 119 112 138 157 103 174 77 71 82 122 139 108 98 170 159 171 91 102 12 107 166 62 179 57 100 135 117 119 81 131 122 136 35 105 88 155 60 96 132 130 146 149 166 163 185 101 58 179 111 48 122 88 49 76 109 163 39 102 82 
30 130 157 7 166 15 101 94 74 72 93 139 158 110 135 144 126 102 158 141 46 123 188 147 59 110 74 69 128 96 118 158 128 107 47 43 53 14 137 126 70 142 75 87 97 107 79 181 156 84 139 156 80 75 117 118 129 76 37 146 74 105 151 126 
109 157 184 44 78 136 127 93 46 130 104 113 80 149 158 50 37 121 123 62 180 96 150 22 102 79 100 14 100 74 25 53 103 139 81 144 114 141 100 90 69 99 94 43 94 174 85 98 65 119 175 86 121 83 101 162 187 93 167 31 83 140 90 123 
78 7 44 134 82 95 65 96 80 38 57 91 124 81 115 113 135 24 87 149 52 41 96 158 81 122 94 98 91 173 131 63 148 116 69 69 56 56 56 85 155 84 143 69 75 186 109 180 117 108 36 170 51 157 99 91 68 172 105 114 162 49 123 73 
141 166 78 82 106 74 109 69 100 99 79 65 35 45 145 171 53 95 66 88 70 52 131 73 100 110 127 165 129 29 127 19 106 107 179 122 37 133 107 82 156 106 90 131 108 74 113 108 72 63 150 75 98 137 96 29 142 101 125 86 116 108 9 113 
119 15 136 95 74 18 78 93 121 116 123 114 136 173 145 134 19 84 128 54 97 138 75 43 88 124 154 138 115 57 108 89 84 98 103 80 117 136 116 104 105 98 147 59 23 162 34 99 86 117 139 72 116 11 130 67 92 125 152 174 126 180 75 21 
112 101 127 65 109 78 18 113 97 66 82 53 142 125 157 120 31 117 46 101 144 94 115 107 90 99 64 114 126 139 80 157 176 83 28 105 84 145 52 145 125 92 120 66 130 26 110 56 93 148 63 25 166 72 13 97 107 135 167 47 181 50 180 121 
138 94 93 96 69 93 113 182 137 141 138 105 110 58 85 38 125 178 119 175 96 65 43 43 44 98 91 160 63 143 119 56 73 57 105 67 106 94 50 45 67 98 97 130 57 93 107 56 120 139 101 79 124 85 83 153 122 99 134 109 95 78 57 44 
157 74 46 80 100 121 97 137 188 100 75 125 106 167 39 29 154 151 134 38 109 109 109 41 96 47 96 94 95 93 103 77 85 171 67 103 130 98 198 133 116 81 93 75 85 108 147 49 140 76 30 63 73 117 136 90 185 61 178 96 142 122 13 163 
103 72 130 38 99 116 66 141 100 28 60 135 64 67 65 134 51 67 56 115 178 72 112 166 81 165 105 106 103 79 118 84 74 27 83 34 81 135 131 59 87 66 103 73 110 123 121 108 109 15 129 149 94 117 147 80 118 169 46 68 21 101 10 97 
174 93 104 57 79 123 82 138 75 60 154 137 143 124 78 77 104 165 156 78 70 166 148 123 82 106 95 67 71 131 83 41 103 119 105 84 39 169 119 153 153 166 143 162 148 105 104 137 129 105 37 51 81 58 100 82 77 119 107 166 165 114 156 116 
77 139 113 91 65 114 53 105 125 135 137 102 165 33 69 14 36 77 97 93 15 92 156 93 91 155 127 133 163 90 110 117 112 108 137 38 130 92 74 141 162 51 90 80 136 106 65 97 112 114 85 89 79 101 112 100 72 27 144 51 124 119 21 172 
71 158 80 124 35 136 142 110 106 64 143 165 104 157 87 100 73 74 42 116 120 93 58 90 87 43 187 108 101 113 35 20 77 66 40 111 64 84 82 110 39 58 95 144 73 143 82 119 134 80 99 45 115 60 137 80 13 158 20 54 144 119 59 123 
82 110 149 81 45 173 125 58 167 67 124 33 157 174 171 163 91 108 117 92 165 149 139 110 79 190 47 104 100 127 102 90 37 95 35 48 98 60 109 145 106 149 76 89 87 53 98 143 142 130 146 179 31 155 39 92 78 92 127 48 113 61 94 119 
122 135 158 115 145 145 157 85 39 65 78 69 87 171 26 39 98 90 137 91 61 82 103 69 21 106 60 132 89 97 136 78 94 81 87 51 85 77 104 125 188 47 113 53 139 164 114 77 10 97 109 175 16 35 95 154 72 93 144 77 107 128 94 72 
139 144 50 113 171 134 120 38 29 134 77 14 100 163 39 94 143 160 133 106 144 146 162 69 119 98 81 27 21 88 104 107 102 50 141 108 80 139 106 68 120 47 40 78 41 79 71 100 67 130 109 122 123 95 128 135 97 167 109 64 64 76 110 95 
108 126 37 135 53 19 31 125 154 51 104 36 73 91 98 143 94 44 76 143 89 122 73 20 90 142 84 79 39 93 18 115 113 81 83 123 195 48 146 169 85 101 41 56 178 84 124 138 125 148 63 89 125 134 98 139 38 6 93 100 130 95 34 91 
98 102 121 24 95 84 117 178 151 67 165 77 74 108 90 160 44 86 104 124 111 145 84 51 29 69 53 68 161 46 79 101 82 122 106 169 78 96 95 110 148 75 141 100 168 34 168 106 126 99 115 56 101 97 60 129 106 122 83 92 129 125 93 138 
170 158 123 87 66 128 46 119 134 56 156 97 42 117 137 133 76 104 30 127 120 64 89 60 130 78 97 103 101 69 80 98 54 109 88 47 160 175 175 91 91 22 178 64 118 135 153 45 103 125 96 89 137 88 77 116 128 98 107 61 55 88 182 116 
159 141 62 149 88 54 101 175 38 115 78 93 116 92 91 106 143 124 127 42 131 106 60 163 108 82 159 141 166 148 79 143 162 114 76 117 78 111 101 95 90 94 103 130 35 35 80 136 77 111 114 92 86 160 128 85 138 77 101 178 43 62 115 126 
171 46 180 52 70 97 144 96 109 178 70 15 120 165 61 144 89 111 120 131 80 54 81 154 93 153 122 72 145 157 135 36 141 23 96 89 99 114 97 101 108 36 117 129 107 163 135 133 146 72 94 20 103 57 109 127 114 131 185 78 59 79 76 82 
91 123 96 41 52 138 94 65 109 72 166 92 93 149 82 146 122 145 64 106 54 138 40 166 153 124 116 51 97 100 53 98 133 112 106 170 115 105 26 170 177 65 135 43 81 158 122 187 87 89 110 157 151 102 50 101 82 114 135 86 156 109 173 59 
102 188 150 96 131 75 115 43 109 112 148 156 58 139 103 162 73 84 89 60 81 40 14 71 146 152 133 35 122 92 109 63 45 36 190 66 143 134 42 157 69 117 153 137 83 122 102 97 115 144 93 119 137 150 58 135 121 152 113 86 18 93 115 147 
12 147 22 158 73 43 107 43 41 166 123 93 90 110 69 69 20 51 60 163 154 166 71 158 107 178 119 92 27 86 8 106 130 98 101 59 92 74 122 115 148 58 138 126 82 133 35 77 115 109 137 66 98 100 35 180 123 52 112 113 87 178 165 116 
107 59 102 81 100 88 90 44 96 81 82 91 87 79 21 119 90 29 130 108 93 153 146 107 154 80 157 139 42 163 113 116 63 132 60 103 189 136 125 142 83 150 98 153 64 65 121 123 57 90 145 78 169 71 87 138 67 102 96 99 159 89 123 193 
166 110 79 122 110 124 99 98 47 165 106 155 43 190 106 98 142 69 78 82 153 124 152 178 80 144 70 87 152 66 50 157 142 162 82 36 112 133 52 167 79 85 51 139 76 77 96 93 164 109 80 97 14 135 103 134 137 164 128 106 134 106 135 81 
62 74 100 94 127 154 64 91 96 105 95 127 187 47 60 81 84 53 97 159 122 116 133 119 157 70 158 170 81 90 144 78 79 96 58 129 146 34 61 112 126 197 157 140 138 123 92 97 79 118 28 112 26 92 133 88 45 143 108 129 102 81 51 99 
179 69 14 98 165 138 114 160 94 106 67 133 108 104 132 27 79 68 103 141 72 51 35 92 139 87 170 108 101 80 87 117 27 103 172 31 31 88 138 104 114 84 119 45 86 62 132 115 88 60 118 71 150 104 48 62 26 92 99 118 107 97 131 152 
57 128 100 91 129 115 126 63 95 103 71 163 101 100 89 21 39 161 101 166 145 97 122 27 42 152 81 101 124 129 119 40 161 105 41 68 111 144 133 88 139 112 92 115 142 56 106 189 66 122 165 168 80 72 137 136 125 103 44 131 96 93 130 66 
100 96 74 173 29 57 139 143 93 79 131 90 113 127 97 88 93 46 69 148 157 100 92 86 163 66 90 80 129 178 79 154 63 61 111 61 70 43 63 108 112 109 144 7 115 83 155 191 144 73 10 160 131 165 34 100 114 80 87 131 78 129 92 28 
135 118 25 131 127 108 80 119 103 118 83 110 35 102 136 104 18 79 80 79 135 53 109 8 113 50 144 87 119 79 108 69 116 104 125 117 140 150 61 36 96 80 125 86 53 71 141 77 31 121 105 130 26 101 59 128 64 74 101 19 78 107 93 29 
117 158 53 63 19 89 157 56 77 84 41 117 20 90 78 107 115 101 98 143 36 98 63 106 116 157 78 117 40 154 69 200 64 101 153 69 90 34 170 108 141 115 76 31 138 73 12 93 71 115 43 59 55 93 143 128 181 72 61 131 113 149 152 153 
119 128 103 148 106 84 176 73 85 74 103 112 77 37 94 102 113 82 54 162 141 133 45 130 63 142 79 27 161 63 116 64 26 94 54 95 98 135 31 99 104 38 135 67 109 47 83 121 133 108 148 96 145 75 55 88 109 169 77 42 125 93 124 168 
81 107 139 116 107 98 83 57 171 27 119 108 66 95 81 50 81 122 109 114 23 112 36 98 132 162 96 103 105 61 104 101 94 126 178 146 160 125 176 67 72 143 165 44 95 31 84 99 119 125 55 33 149 139 106 167 89 73 56 126 145 72 74 132 
131 47 81 69 179 103 28 105 67 83 105 137 40 35 87 141 83 106 88 76 96 106 190 101 60 82 58 172 41 111 125 153 54 178 158 55 99 147 80 90 136 135 138 86 107 148 129 55 149 25 64 174 106 157 172 141 30 131 137 70 57 90 71 123 
122 43 144 69 122 80 105 67 103 34 84 38 111 48 51 108 123 169 47 117 89 170 66 59 103 36 129 31 68 61 117 69 95 146 55 4 22 112 163 132 7 176 63 138 90 17 150 132 41 117 99 97 160 33 122 137 90 87 74 137 80 138 106 106 
136 53 114 56 37 117 84 106 130 81 39 130 64 98 85 80 195 78 160 78 99 115 143 92 189 112 146 31 111 70 140 90 98 160 99 22 160 118 64 107 27 135 147 45 77 182 142 112 121 88 117 117 164 88 86 107 71 72 79 164 59 64 77 42 
35 14 141 56 133 136 145 94 98 135 169 92 84 60 77 139 48 96 175 111 114 105 134 74 136 133 34 88 144 43 150 34 135 125 147 112 118 78 88 63 91 102 40 157 135 42 169 74 46 74 74 61 48 164 73 45 118 150 114 125 89 89 164 178 
105 137 100 56 107 116 52 50 198 131 119 74 82 109 104 106 146 95 175 101 97 26 42 122 125 52 61 138 133 63 61 170 31 176 80 163 64 88 16 112 63 93 144 106 32 39 100 94 65 97 77 64 39 127 183 82 87 51 91 99 145 123 116 24 
88 126 90 85 82 104 145 45 133 59 153 141 110 145 125 68 169 110 91 95 101 170 157 115 142 167 112 104 88 108 36 108 99 67 90 132 107 63 112 186 47 26 119 45 164 65 67 29 81 173 150 179 80 192 165 78 89 34 46 40 99 92 111 91 
155 70 69 155 156 105 125 67 116 87 153 162 39 106 188 120 85 148 91 90 108 177 69 148 83 79 126 114 139 112 96 141 104 72 136 7 27 91 63 47 26 160 138 69 118 51 116 138 169 71 37 134 116 170 154 58 174 35 28 79 86 199 112 127 
60 142 99 84 106 98 92 98 81 66 166 51 58 149 47 47 101 75 22 94 36 65 117 58 150 85 197 84 112 109 80 115 38 143 135 176 135 102 93 26 160 20 91 105 116 73 87 141 167 104 125 121 91 93 145 172 77 135 117 153 130 26 87 131 
96 75 94 143 90 147 120 97 93 103 143 90 95 76 113 40 41 141 178 103 117 135 153 138 98 51 157 119 92 144 125 76 135 165 138 63 147 40 144 119 138 91 102 83 96 117 96 155 12 165 123 101 108 146 129 93 112 130 40 95 131 85 170 90 
132 87 43 69 131 59 66 130 75 73 162 80 144 89 53 78 56 100 64 130 129 43 137 126 153 139 140 45 115 7 86 31 67 44 86 138 45 157 106 45 69 105 83 4 49 142 110 135 99 116 123 155 22 35 62 115 175 15 74 134 22 30 109 164 
130 97 94 75 108 23 130 57 85 110 148 136 73 87 139 41 178 168 118 35 107 81 83 82 64 76 138 86 142 115 53 138 109 95 107 90 77 135 32 164 118 116 96 49 6 173 155 8 119 47 156 30 41 114 132 144 84 103 119 132 148 82 42 109 
146 107 174 186 74 162 26 93 108 123 105 106 143 53 164 79 84 34 135 35 163 158 122 133 65 77 123 62 56 83 71 73 47 31 148 17 182 42 39 65 51 73 117 142 173 124 106 171 128 29 128 81 56 172 88 77 78 122 117 124 115 81 71 161 
149 79 85 109 113 34 110 107 147 121 104 65 82 98 114 71 124 168 153 80 135 122 102 35 121 96 92 132 106 155 141 12 83 84 129 150 142 169 100 67 116 87 96 110 155 106 182 131 118 198 106 98 137 78 47 38 79 13 107 60 128 156 132 110 
166 181 98 180 108 99 56 56 49 108 137 97 119 143 77 100 138 106 45 136 133 187 97 77 123 93 97 115 189 191 77 93 121 99 55 132 112 74 94 29 138 141 155 135 8 171 131 156 156 145 14 125 125 126 126 70 30 158 44 110 97 104 44 162 
163 156 65 117 72 86 93 120 140 109 129 112 134 142 10 67 125 126 103 77 146 87 115 115 57 164 79 88 66 144 31 71 133 119 149 41 121 46 65 81 169 167 12 99 119 128 118 156 40 106 161 93 123 120 90 39 63 116 103 95 116 114 146 164 
185 84 119 108 63 117 148 139 76 15 105 114 80 130 97 130 148 99 125 111 72 89 144 109 90 109 118 60 122 73 121 115 108 125 25 117 88 74 97 173 71 104 165 116 47 29 198 145 106 42 54 95 55 98 83 132 155 114 98 99 16 41 117 46 
101 139 175 36 150 139 63 101 30 129 37 85 99 146 109 109 63 115 96 114 94 110 93 137 145 80 28 118 165 10 105 43 148 55 64 99 117 74 77 150 37 125 123 123 156 128 106 14 161 54 118 99 187 110 87 128 79 109 152 127 165 123 132 65 
58 156 86 170 75 72 25 79 63 149 51 89 45 179 175 122 89 56 89 92 20 157 119 66 78 97 112 71 168 160 130 59 96 33 174 97 117 61 64 179 134 121 101 155 30 81 98 125 93 95 99 128 55 56 168 98 131 135 25 179 80 167 30 104 
179 80 121 51 98 116 166 124 73 94 81 79 115 31 16 123 125 101 137 86 103 151 137 98 169 14 26 150 80 131 26 55 145 149 106 160 164 48 39 80 116 91 108 22 41 56 137 125 123 55 187 55 118 59 97 185 114 165 107 47 63 85 52 19 
111 75 83 157 137 11 72 85 117 117 58 101 60 155 35 95 134 97 88 160 57 102 150 100 71 135 92 104 72 165 101 93 75 139 157 33 88 164 127 192 170 93 146 35 114 172 78 126 120 98 110 56 59 32 99 177 171 134 152 130 73 39 37 95 
48 117 101 99 96 130 13 83 136 147 100 112 137 39 95 128 98 60 77 128 109 50 58 35 87 103 133 48 137 34 59 143 55 106 172 122 86 73 183 165 154 145 129 62 132 88 47 126 90 83 87 168 97 99 146 86 144 92 103 59 47 65 193 114 
122 118 162 91 29 67 97 153 90 80 82 100 80 92 154 135 139 129 116 85 127 101 135 180 138 134 88 62 136 100 128 128 88 167 141 137 107 45 82 78 58 172 93 115 144 77 38 70 39 132 128 98 185 177 86 78 25 121 36 89 99 119 58 94 
88 129 187 68 142 92 107 122 185 118 77 72 13 78 72 97 38 106 128 138 114 82 121 123 67 137 45 26 125 114 64 181 109 89 30 90 71 118 87 89 174 77 112 175 84 78 79 30 63 155 79 131 114 171 144 25 78 90 53 79 33 85 162 160 
49 76 93 172 101 125 135 99 61 169 119 27 158 92 93 167 6 122 98 77 131 114 152 52 102 164 143 92 103 80 74 72 169 73 131 87 72 150 51 34 35 135 130 15 103 122 13 158 116 114 109 135 165 134 92 121 90 12 45 60 55 68 106 42 
76 37 167 105 125 152 167 134 178 46 107 144 20 127 144 109 93 83 107 101 185 135 113 112 96 128 108 99 44 87 101 61 77 56 137 74 79 114 91 46 28 117 40 74 119 117 107 44 103 98 152 25 107 152 103 36 53 45 14 108 63 97 102 93 
109 146 31 114 86 174 47 109 96 68 166 51 54 48 77 64 100 92 61 178 78 86 86 113 99 106 129 118 131 131 19 131 42 126 70 137 164 125 99 40 79 153 95 134 132 124 60 110 95 99 127 179 47 130 59 89 79 60 108 38 128 179 61 111 
163 74 83 162 116 126 181 95 142 21 165 124 144 113 107 64 130 129 55 43 59 156 18 87 159 134 102 107 96 78 78 113 125 145 57 80 59 89 145 99 86 130 131 22 148 115 128 97 116 16 165 80 63 73 47 99 33 55 63 128 44 128 94 73 
39 105 140 49 108 180 50 78 122 101 114 119 119 61 128 76 95 125 88 62 79 109 93 178 89 106 81 97 93 129 107 149 93 72 90 138 64 89 123 92 199 26 85 30 82 81 156 104 114 41 123 167 85 39 65 119 85 68 97 179 128 8 97 127 
102 151 90 123 9 75 180 57 13 10 156 21 59 94 94 110 34 93 182 115 76 173 115 165 123 135 51 131 130 92 93 152 124 74 71 106 77 164 116 111 112 87 170 109 42 71 132 44 146 117 132 30 52 37 193 58 162 106 102 61 94 97 4 167 
82 126 123 73 113 21 121 44 163 97 116 172 123 119 72 95 91 138 116 126 82 59 147 116 193 81 99 152 66 28 29 153 168 132 123 106 42 178 24 91 127 131 90 164 109 161 110 162 164 46 65 104 19 95 114 94 160 42 93 111 73 127 167 52 