32
76 93 88 57 5 84 46 94 9 74 27 92 80 33 18 12 6 50 47 94 78 50 24 33 40 74 21 67 11 59 52 15 
7 6 97 3 64 84 66 55 5 11 10 23 10 39 38 47 8 45 72 47 24 28 5 77 32 23 91 75 72 96 8 29 
61 60 88 25 83 35 64 42 70 10 36 26 5 77 77 66 18 95 22 45 56 9 12 77 10 55 84 17 2 71 91 47 
30 53 37 79 49 99 76 44 81 36 35 11 19 39 62 56 68 63 92 12 9 12 43 25 69 53 78 12 4 59 50 15 
81 15 12 78 57 8 35 40 95 70 41 2 30 19 79 39 70 51 21 96 29 83 8 52 3 8 74 21 41 76 16 91 
96 55 14 65 33 9 65 39 38 30 70 94 71 38 47 39 14 68 33 52 57 42 70 97 45 33 73 87 86 25 55 72 
94 89 7 35 64 12 76 49 95 2 44 15 30 100 88 93 86 67 63 78 63 67 93 41 39 44 47 99 22 94 89 10 
76 30 19 44 60 69 67 96 8 27 58 27 97 4 40 63 62 64 81 3 52 4 31 19 34 24 13 89 16 61 52 14 
12 46 89 85 4 83 68 41 46 84 8 73 69 4 62 19 61 12 59 75 18 52 67 16 82 8 82 5 88 46 23 54 
13 88 64 57 61 97 92 61 17 33 31 15 21 96 54 55 19 32 44 54 32 92 23 78 88 21 65 74 56 25 46 44 
67 52 75 72 91 51 32 34 30 12 25 29 7 73 42 76 54 50 69 20 15 68 39 24 49 80 47 89 84 76 69 33 
30 29 20 45 45 12 4 7 38 24 98 69 65 95 51 70 48 16 48 91 18 8 3 76 95 4 11 100 67 42 55 13 
94 38 57 72 10 29 76 89 27 49 15 56 91 6 88 64 29 87 51 19 3 24 67 13 10 7 96 44 44 17 61 21 
75 44 74 92 44 79 16 19 38 67 74 26 6 73 71 42 19 73 34 84 9 68 27 29 23 5 94 7 59 55 11 83 
13 66 4 79 45 24 46 55 43 53 43 91 89 9 57 74 52 13 33 72 63 44 87 61 93 81 72 50 2 20 24 52 
28 28 1 82 78 99 67 74 32 81 94 30 37 11 96 72 96 73 82 9 39 79 87 12 75 77 58 94 31 54 41 65 
15 49 8 74 55 97 85 22 68 74 61 38 13 54 92 79 9 14 79 66 4 30 33 38 53 30 57 10 34 46 95 70 
100 91 19 93 80 34 86 32 9 52 56 32 4 53 97 90 24 81 43 23 97 3 99 5 56 56 14 48 70 71 66 42 
98 34 46 57 68 46 27 44 39 33 60 52 88 32 11 82 63 75 4 48 21 71 77 63 60 68 23 49 100 61 70 50 
38 73 90 3 47 48 71 36 41 1 99 2 24 8 39 10 73 90 58 69 82 7 88 94 24 38 21 47 99 43 12 12 
50 2 56 41 23 92 67 32 49 54 15 10 80 88 53 44 13 30 21 54 23 3 61 30 97 34 96 8 26 60 93 90 
39 59 94 37 75 44 27 68 41 68 12 69 75 27 78 88 84 68 97 91 5 18 79 96 8 47 27 18 48 66 34 81 
90 44 48 20 83 77 72 96 68 36 88 88 62 92 21 50 77 30 1 38 2 100 14 81 22 64 43 23 73 10 69 5 
78 14 35 73 34 47 43 19 18 61 67 40 52 5 88 70 60 61 30 1 23 43 28 71 34 38 70 14 42 93 51 35 
35 25 98 1 22 87 100 67 37 55 13 58 50 67 73 30 53 23 36 36 45 6 55 71 61 53 79 29 6 20 39 4 
85 5 63 57 56 22 45 37 98 77 59 73 82 62 67 33 8 31 21 61 89 91 35 46 45 97 62 17 81 36 50 2 
2 37 76 20 19 87 77 61 44 50 14 79 73 100 88 14 72 2 15 99 37 77 70 81 11 29 89 29 67 15 36 74 
91 76 9 37 90 19 50 69 23 27 38 55 42 15 64 4 38 100 36 15 83 14 19 28 64 5 55 5 20 43 96 71 
86 51 89 2 92 13 66 83 49 41 84 5 97 28 43 63 22 47 1 18 25 88 48 89 86 45 36 96 93 17 14 91 
90 82 73 50 40 9 97 26 94 28 98 10 37 33 39 52 41 35 15 65 20 92 66 96 6 37 40 69 16 40 28 32 
15 41 70 48 49 15 30 62 33 34 23 8 81 37 52 61 78 58 95 54 70 68 56 100 36 22 14 46 56 24 80 68 
69 84 6 59 97 47 68 71 89 61 79 7 23 35 79 48 50 49 22 83 65 42 40 59 67 63 88 31 15 45 46 68 
150 123 121 58 145 165 80 84 132 124 114 133 117 112 99 78 41 153 122 114 97 147 173 180 107 47 44 181 43 40 44 57 
123 108 34 49 110 148 94 143 111 88 170 116 137 78 96 127 169 44 86 129 134 83 88 137 128 65 26 114 50 87 142 106 
121 34 134 111 149 111 176 101 133 137 100 124 90 66 106 99 156 119 125 134 25 93 89 112 144 75 100 59 48 102 118 120 
58 49 111 108 110 134 38 84 98 193 72 85 146 156 131 89 83 29 169 119 53 130 110 45 88 157 105 142 17 128 85 176 
145 110 149 110 84 76 70 157 41 90 33 144 92 94 87 146 146 198 129 120 90 34 186 76 27 110 110 137 47 122 83 166 
165 148 111 134 76 102 179 94 136 45 96 94 172 126 114 45 57 79 22 148 74 92 127 155 67 188 70 74 136 50 116 107 
80 94 176 38 70 179 194 152 65 135 72 107 74 40 78 92 16 101 103 93 94 112 66 3 126 75 79 70 98 98 89 100 
84 143 101 84 157 94 152 136 84 50 61 78 79 135 101 175 129 27 149 142 118 123 126 133 171 115 109 48 128 119 128 135 
132 111 133 98 41 136 65 84 2 118 15 132 26 107 81 68 100 41 76 152 83 10 110 133 90 29 94 120 74 112 137 169 
124 88 137 193 90 45 135 50 118 192 128 49 49 88 132 115 157 110 167 75 76 143 169 56 22 141 44 72 184 66 70 98 
114 170 100 72 33 96 72 61 15 128 72 106 121 28 138 187 39 45 138 105 197 137 23 74 123 105 117 93 99 65 40 114 
133 116 124 85 144 94 107 78 132 49 106 70 159 74 149 49 49 122 62 73 91 92 60 166 128 17 126 73 31 99 190 86 
117 137 90 146 92 172 74 79 26 49 121 159 162 130 82 193 134 172 150 172 54 33 155 24 97 68 75 104 37 69 142 97 
112 78 66 156 94 126 40 135 107 88 28 74 130 192 82 120 58 80 58 103 43 112 31 53 56 176 142 107 104 63 84 124 
99 96 106 131 87 114 78 101 81 132 138 149 82 82 98 135 132 99 158 92 96 138 105 78 97 116 80 110 100 29 155 126 
78 127 99 89 146 45 92 175 68 115 187 49 193 120 135 72 25 145 106 93 125 92 156 107 69 69 39 131 121 131 91 110 
41 169 156 83 146 57 16 129 100 157 39 49 134 58 132 25 170 97 93 132 113 100 56 60 181 98 105 135 166 116 151 124 
153 44 119 29 198 79 101 27 41 110 45 122 172 80 99 145 97 182 81 73 73 69 71 132 113 109 143 64 31 119 93 21 
122 86 125 169 129 22 103 149 76 167 138 62 150 58 158 106 93 81 192 97 58 72 130 128 66 47 96 139 25 125 140 176 
114 129 134 119 120 148 93 142 152 75 105 73 172 103 92 93 132 73 97 172 60 37 19 104 94 129 28 73 189 72 104 109 
97 134 25 53 90 74 94 118 83 76 197 91 54 43 96 125 113 73 58 60 122 85 104 73 23 136 156 19 33 74 165 27 
147 83 93 130 34 92 112 123 10 143 137 92 33 112 138 92 100 69 72 37 85 120 127 140 169 14 59 103 99 92 30 119 
173 88 89 110 186 127 66 126 110 169 23 60 155 31 105 156 56 71 130 19 104 127 110 19 105 95 151 30 188 148 34 68 
180 137 112 45 76 155 3 133 133 56 74 166 24 53 78 107 60 132 128 104 73 140 19 58 15 71 37 43 147 48 149 97 
107 128 144 88 27 67 126 171 90 22 123 128 97 56 97 69 181 113 66 94 23 169 105 15 146 76 75 125 10 154 91 150 
47 65 75 157 110 188 75 115 29 141 105 17 68 176 116 69 98 109 47 129 136 14 95 71 76 38 94 14 69 129 111 83 
44 26 100 105 110 70 79 109 94 44 117 126 75 142 80 39 105 143 96 28 156 59 151 37 75 94 186 129 112 100 101 105 
181 114 59 142 137 74 70 48 120 72 93 73 104 107 110 131 135 64 139 73 19 103 30 43 125 14 129 34 124 52 135 54 
43 50 48 17 47 136 98 128 74 184 99 31 37 104 100 121 166 31 25 189 33 99 188 147 10 69 112 124 132 53 70 97 
40 87 102 128 122 50 98 119 112 66 65 99 69 63 29 131 116 119 125 72 74 92 148 48 154 129 100 52 53 8 70 180 
44 142 118 85 83 116 89 128 137 70 40 190 142 84 155 91 151 93 140 104 165 30 34 149 91 111 101 135 70 70 126 145 
57 106 120 176 166 107 100 135 169 98 114 86 97 124 126 110 124 21 176 109 27 119 68 97 150 83 105 54 97 180 145 50 