64
91 85 89 68 85 28 36 8 20 75 98 87 44 21 78 97 61 49 48 37 34 14 45 90 7 48 95 16 72 5 82 16 4 67 95 57 77 73 65 6 84 13 3 52 43 61 7 11 82 11 91 15 21 92 91 97 55 14 46 85 4 14 10 15 
98 28 43 20 3 76 53 27 71 100 6 34 82 91 45 67 91 45 35 77 36 34 100 19 79 40 85 59 70 61 80 81 81 15 52 2 4 74 7 91 78 48 40 41 14 80 3 38 32 79 95 49 39 55 45 95 22 3 82 59 88 35 3 39 
17 33 44 55 62 100 51 91 97 79 3 57 94 71 94 93 25 13 90 34 25 13 12 81 3 46 14 26 27 89 35 63 96 61 57 78 41 99 89 76 91 56 90 75 54 69 46 93 51 4 38 18 78 72 37 80 13 24 100 7 87 97 50 55 
62 23 20 55 37 58 48 53 11 71 63 89 33 37 47 100 26 79 22 96 63 92 84 85 2 72 4 72 64 5 67 29 4 80 32 6 19 10 19 59 67 26 30 1 83 42 22 3 12 87 45 52 64 12 18 78 79 32 30 70 26 84 48 91 
29 1 55 34 83 55 1 100 92 43 62 46 71 96 99 10 51 35 89 25 60 37 44 95 12 26 25 33 51 44 25 96 72 26 82 38 67 31 19 75 81 28 42 95 67 46 15 71 73 29 61 22 15 10 17 91 93 54 73 38 28 72 69 97 
46 89 18 77 15 81 9 13 9 36 82 33 91 7 41 99 4 93 23 65 24 8 80 65 43 18 11 14 86 60 76 81 83 42 14 45 25 8 95 10 78 99 40 14 2 82 95 86 89 69 65 8 16 87 89 8 20 2 1 92 66 26 91 73 
39 78 58 8 15 27 74 19 12 53 98 29 79 98 49 73 2 54 69 64 91 51 75 98 40 16 23 90 67 9 99 60 18 2 87 96 44 49 19 82 1 82 80 79 100 25 67 4 84 51 63 74 9 77 41 36 31 55 63 19 26 9 38 59 
5 59 20 48 32 91 74 66 45 82 16 22 92 11 21 19 78 91 36 16 70 63 57 3 29 65 38 22 47 71 41 21 78 100 92 24 64 1 76 32 46 71 67 55 18 90 90 80 5 70 67 96 64 52 68 55 3 33 91 19 73 46 2 56 
17 70 93 75 54 6 19 76 33 39 57 1 30 79 5 19 5 85 43 59 93 88 65 80 56 8 81 81 34 56 14 100 99 25 90 44 91 45 76 52 51 43 82 49 55 29 9 90 85 19 90 96 13 34 52 2 88 32 20 71 66 61 63 57 
4 44 24 20 46 15 80 93 26 89 62 17 50 55 30 95 18 12 100 14 72 48 46 72 48 6 39 26 92 25 18 11 8 78 85 8 65 13 92 12 57 19 23 60 42 11 56 81 4 47 87 23 40 56 82 74 61 52 68 72 58 55 66 74 
99 80 93 44 53 30 88 88 53 39 31 78 87 7 84 86 66 15 8 29 74 54 17 63 38 18 38 33 6 65 2 4 91 30 36 89 93 43 33 56 68 16 73 97 32 54 47 94 28 9 14 22 80 75 3 89 44 86 97 16 63 62 18 29 
4 87 20 56 66 95 72 81 86 45 98 69 66 32 38 37 70 25 21 28 2 67 85 32 50 49 52 89 19 3 67 64 40 97 47 14 97 73 98 68 7 69 46 95 4 76 75 36 37 11 99 33 11 81 24 58 27 2 41 51 21 10 21 2 
11 46 100 69 77 77 87 83 54 51 61 59 39 95 87 63 41 52 8 17 28 68 44 99 19 56 57 18 70 78 23 25 11 21 73 98 63 71 51 65 41 40 77 94 39 69 67 9 100 55 43 4 6 10 30 87 49 10 32 82 74 81 75 74 
58 95 27 92 91 2 78 84 10 78 87 19 65 65 67 43 72 69 38 10 33 36 49 33 96 6 92 92 18 91 70 15 42 58 36 12 73 86 59 25 55 6 90 60 100 68 29 67 73 11 20 7 55 84 52 4 51 27 65 5 52 61 22 15 
90 59 72 58 84 26 29 77 4 34 72 82 79 89 52 61 74 20 62 60 44 70 28 32 90 6 70 23 40 45 96 90 3 11 53 100 36 13 42 28 62 24 22 72 55 24 56 67 69 78 39 46 77 7 65 7 30 79 17 86 88 74 73 83 
88 31 35 69 38 83 74 100 98 63 23 7 2 20 21 62 76 63 52 92 87 4 95 45 20 64 13 56 75 32 52 59 96 71 24 99 22 89 4 20 56 88 43 9 57 73 84 87 89 68 61 28 91 11 9 15 54 8 36 64 56 99 92 99 
22 29 58 9 83 14 43 27 31 58 8 88 45 19 73 8 69 24 36 5 82 29 83 1 10 51 98 43 63 64 45 25 64 25 68 78 69 25 40 70 72 7 47 67 53 72 90 79 18 88 80 90 78 42 45 9 85 100 91 83 39 13 90 70 
53 76 39 15 80 42 24 71 65 20 25 83 28 64 22 77 44 34 14 56 17 2 60 66 58 18 74 64 37 55 92 89 46 63 1 69 38 50 69 27 39 50 69 43 7 35 22 78 2 23 10 97 71 51 15 73 46 74 45 8 25 40 15 37 
48 21 66 58 66 21 92 63 93 64 71 90 62 87 43 93 12 87 41 81 84 60 56 100 5 59 93 49 50 46 98 37 21 43 49 49 34 68 32 73 27 10 97 25 91 61 14 96 13 53 6 3 26 37 35 2 41 70 91 40 69 39 97 59 
29 7 98 49 95 27 57 77 92 81 37 47 67 30 45 27 90 75 15 23 86 65 17 84 4 90 26 28 89 81 34 84 38 92 91 56 71 19 28 5 31 67 25 12 4 74 34 95 21 78 62 23 43 47 81 10 56 10 59 38 57 63 38 17 
23 53 75 19 62 68 76 36 81 4 86 55 65 71 60 94 73 7 20 9 93 8 13 5 56 76 87 95 77 19 60 22 75 8 38 91 55 86 77 30 47 72 23 47 6 12 10 79 64 29 98 58 59 71 22 48 80 22 50 35 7 88 34 62 
30 20 46 78 1 94 84 49 2 62 21 13 58 34 85 69 34 34 60 79 87 96 14 17 21 32 60 16 71 19 19 36 17 1 22 79 11 59 43 78 60 71 47 33 47 80 88 35 72 65 7 52 13 16 57 90 4 51 3 22 37 53 15 59 
68 26 74 24 47 38 47 42 11 6 64 31 90 77 30 55 16 77 7 45 78 67 89 49 99 15 63 88 100 38 12 7 92 3 25 19 46 47 22 54 58 53 25 79 92 43 27 86 39 4 61 80 17 50 67 42 39 46 29 54 82 71 73 3 
21 98 36 53 97 42 28 56 72 37 46 50 64 63 66 56 87 35 34 88 88 98 44 34 30 49 4 1 50 59 65 52 28 46 43 46 77 49 16 16 56 78 64 47 4 64 54 74 99 31 76 62 57 28 82 20 37 14 98 38 24 87 21 41 
76 51 85 41 86 14 41 45 24 48 22 83 80 52 25 60 95 9 14 29 88 5 7 34 24 80 84 56 62 31 31 6 9 66 34 57 49 83 63 98 21 17 45 22 93 28 37 92 1 21 51 42 61 76 95 97 75 5 58 11 91 59 70 20 
11 40 48 61 55 98 46 18 7 7 81 2 24 9 5 34 17 68 21 80 54 56 97 40 63 38 58 50 34 23 23 53 31 94 45 12 13 84 52 95 18 70 66 58 73 79 86 21 72 6 47 87 59 75 46 54 91 92 11 58 74 76 42 68 
15 10 84 65 91 73 21 51 69 94 81 30 72 44 78 83 32 94 76 69 34 48 12 3 19 72 26 56 83 42 73 83 82 16 64 67 70 96 1 14 15 54 61 36 10 37 36 87 54 76 22 28 51 100 4 32 87 98 14 22 12 29 54 31 
81 7 48 49 86 25 93 18 85 62 38 70 86 51 73 10 16 61 47 57 85 36 27 66 34 58 5 4 80 51 84 66 49 85 23 18 11 6 11 68 16 47 88 36 19 63 68 36 100 5 19 70 89 60 58 99 87 67 100 63 77 45 61 32 
84 32 3 57 87 37 18 91 10 13 13 64 73 38 82 33 6 28 13 45 45 98 24 36 15 3 14 4 23 22 4 37 38 23 46 40 19 43 77 72 26 69 34 88 89 55 49 43 97 48 70 3 56 98 68 47 53 76 12 43 89 81 98 28 
83 7 51 75 59 21 27 88 34 55 55 95 79 24 23 91 36 79 11 57 100 10 98 81 39 3 23 62 100 20 93 98 86 50 82 76 26 84 73 69 50 48 22 17 35 89 71 96 95 98 71 54 30 9 40 1 28 24 43 11 57 31 57 22 
57 61 60 61 16 70 56 6 58 66 64 19 2 23 23 66 60 46 88 7 35 81 9 59 86 49 85 59 74 62 55 94 22 11 19 65 95 82 31 29 67 31 70 99 72 99 12 75 94 18 53 89 71 33 22 56 70 11 29 29 9 97 8 44 
47 49 79 33 87 58 77 84 72 21 26 42 9 35 7 40 96 69 71 99 12 86 79 92 50 15 54 12 34 31 60 95 74 17 85 50 77 72 36 41 90 46 57 64 26 1 82 80 81 20 88 64 66 36 69 1 5 50 3 93 30 46 73 58 
20 10 46 85 22 39 21 42 77 65 90 35 79 58 96 62 90 81 54 56 61 53 60 8 27 35 6 68 15 84 11 38 53 38 46 94 24 54 25 23 71 39 35 90 68 62 13 38 40 12 8 5 89 24 26 98 66 32 86 37 59 74 50 94 
19 33 95 66 32 28 100 22 96 65 62 60 78 20 75 57 5 8 37 40 88 89 9 54 63 57 67 15 41 36 43 96 60 26 21 85 4 39 57 74 43 29 27 50 65 73 85 70 34 98 43 95 70 37 18 44 94 13 21 48 16 31 75 74 
69 48 26 44 79 56 12 58 43 68 42 62 67 44 29 73 92 61 82 35 54 78 77 64 19 86 71 11 14 34 44 77 44 89 44 51 1 27 62 44 43 68 96 46 84 62 13 88 8 47 86 28 88 19 20 43 44 69 82 96 59 38 78 80 
34 15 36 73 32 33 43 99 75 77 56 38 42 78 26 6 42 55 44 65 64 56 98 36 57 73 65 94 34 46 18 87 82 73 53 48 47 13 10 94 12 78 78 35 73 44 9 100 58 49 11 19 94 17 29 23 57 60 84 70 6 85 9 19 
67 13 58 77 44 54 88 97 92 94 1 9 46 3 90 24 72 43 90 27 20 78 18 68 49 6 25 33 2 31 5 80 62 78 36 69 10 35 100 98 4 43 94 95 37 64 74 46 68 15 55 26 96 36 92 100 33 74 65 57 55 26 41 51 
87 34 89 22 30 33 94 87 40 47 56 38 30 66 66 47 80 15 65 48 52 66 27 99 92 1 9 5 70 48 79 94 66 77 27 37 1 1 36 98 8 16 7 74 5 73 46 86 24 93 67 20 22 5 87 17 87 1 8 77 60 63 76 14 
20 80 91 90 22 25 18 94 8 30 40 42 43 17 62 72 75 60 13 31 32 82 44 10 47 10 62 15 58 6 89 64 73 17 31 45 89 46 22 64 19 10 55 67 29 8 94 12 56 70 79 47 82 99 86 63 26 34 92 10 72 24 86 25 
75 76 100 10 11 14 86 53 61 2 66 79 28 96 91 20 35 68 50 83 84 69 31 1 80 13 61 7 29 19 40 43 21 88 19 14 59 61 18 52 60 26 62 9 51 93 47 49 35 88 73 32 34 27 100 49 83 30 94 7 5 76 99 85 
60 98 70 78 63 63 61 99 82 59 34 91 36 30 72 69 60 28 21 85 26 27 81 82 30 21 40 86 40 77 55 90 35 42 56 54 48 73 23 78 90 28 23 94 98 83 64 38 82 91 52 59 7 18 98 25 38 90 53 57 6 26 96 46 
34 19 43 25 3 93 87 78 56 47 42 83 28 38 34 24 64 51 96 11 60 12 56 85 75 83 13 24 14 51 15 12 14 78 36 43 9 19 94 42 32 78 100 55 9 86 25 69 75 28 97 34 51 29 15 49 84 94 73 64 11 65 73 76 
35 79 73 6 17 19 4 79 5 70 42 19 43 8 98 6 11 42 81 28 31 19 36 85 33 4 88 8 19 58 79 88 42 51 88 93 93 3 82 79 33 73 77 70 16 26 21 47 60 29 64 83 43 64 17 24 23 32 62 80 100 86 56 2 
74 55 59 15 23 78 49 41 51 41 12 39 62 73 13 71 98 64 86 58 22 85 98 54 45 12 82 21 20 49 8 95 97 35 58 80 28 39 63 11 27 10 74 64 42 31 76 16 60 30 78 85 85 91 96 19 74 12 68 36 62 78 42 62 
3 1 58 94 35 5 42 89 25 10 94 33 70 89 8 47 42 46 94 81 56 16 75 75 11 77 1 99 39 99 30 87 5 82 19 51 22 75 31 11 57 98 79 73 82 65 27 2 29 75 100 73 29 44 80 85 43 51 69 67 36 52 26 36 
63 32 19 14 26 96 68 94 53 32 15 1 39 94 37 96 27 37 82 68 55 90 38 73 82 68 25 68 95 68 66 63 15 78 100 88 54 48 55 45 73 43 33 35 72 64 4 17 15 96 56 58 78 91 19 46 56 57 13 91 97 80 16 28 
84 94 51 34 80 50 22 38 14 62 67 11 80 66 72 81 69 73 93 49 36 8 68 59 19 83 97 63 6 2 82 12 54 51 72 69 35 7 64 89 87 39 44 78 100 93 12 37 65 37 71 44 65 15 100 45 94 50 42 28 26 76 83 15 
39 21 14 88 48 42 73 39 87 47 15 91 30 52 12 81 12 53 55 29 45 17 13 21 36 4 46 61 48 80 32 81 59 75 65 33 13 85 93 76 8 30 13 9 12 93 9 80 19 37 56 61 4 12 14 58 27 7 63 75 47 81 17 55 
10 92 38 62 57 15 73 10 44 84 8 74 56 41 29 71 10 46 32 74 15 1 17 98 18 47 28 42 56 65 70 45 21 99 63 61 13 99 96 73 38 21 8 73 92 55 32 6 92 12 80 42 1 99 60 43 36 29 31 91 37 1 51 74 
90 18 6 95 48 6 91 20 10 67 55 62 92 73 78 48 94 59 17 87 71 62 8 91 27 47 36 51 93 22 62 46 26 1 49 53 9 32 99 35 30 37 85 35 90 57 41 84 98 75 61 91 37 60 63 24 62 95 1 59 46 43 56 8 
14 17 11 68 97 68 93 42 52 29 9 40 84 5 38 38 63 64 67 78 73 46 8 14 64 48 71 10 28 87 59 68 95 52 59 59 33 64 62 56 22 97 88 50 17 85 27 75 16 91 39 36 26 75 55 88 69 31 46 24 32 88 70 67 
38 95 8 84 50 27 64 65 72 64 56 47 11 22 38 93 17 33 42 13 42 17 48 71 7 19 20 16 67 64 34 34 65 2 21 16 77 53 32 74 2 65 32 80 92 20 16 46 37 96 78 81 15 59 13 20 28 17 13 16 76 92 38 79 
43 7 17 85 16 65 45 8 19 30 26 21 94 14 18 29 98 50 90 71 16 33 33 16 61 1 85 95 45 28 70 76 88 52 2 86 39 53 31 96 72 48 79 58 9 33 56 36 74 21 83 70 47 5 58 26 42 89 18 53 48 63 79 34 
93 55 87 49 83 55 87 29 30 90 9 93 47 14 1 5 48 9 18 74 51 18 91 2 90 14 93 68 88 24 6 48 27 2 96 5 87 98 23 40 15 64 35 96 72 34 20 45 95 65 10 37 23 93 93 25 47 62 42 1 6 85 78 28 
20 72 47 15 32 49 22 56 33 71 40 46 23 77 68 26 96 71 89 13 85 23 86 70 63 61 75 95 39 42 58 85 43 80 39 55 68 80 88 100 61 99 100 98 57 23 43 76 6 76 54 23 45 46 42 61 44 28 70 89 100 15 67 37 
34 36 97 64 49 72 35 43 79 94 11 1 21 60 12 51 51 31 8 81 42 45 11 48 70 47 93 34 47 97 99 58 25 6 23 12 55 94 2 7 49 59 29 89 59 4 87 28 77 65 50 34 57 37 56 75 12 100 21 23 73 73 90 20 
75 90 62 17 94 37 28 37 18 91 94 7 91 9 75 85 15 42 93 90 57 10 44 38 2 47 65 72 18 33 76 93 34 50 49 72 19 18 42 35 66 61 74 62 52 41 77 31 38 4 76 19 40 74 5 70 14 81 2 87 32 60 56 32 
15 22 93 72 82 26 61 63 36 82 21 61 72 83 61 14 70 13 71 76 2 52 84 97 49 32 92 61 63 70 66 92 21 57 46 9 15 47 5 89 2 71 63 38 87 53 26 30 64 14 35 23 4 32 40 78 44 41 85 16 72 92 52 77 
38 61 79 44 49 39 89 32 94 96 77 96 40 80 3 38 21 83 42 59 7 22 3 1 33 78 81 14 8 14 37 28 13 29 50 89 5 28 29 85 16 5 85 64 6 35 26 88 88 7 97 36 13 43 10 43 12 84 69 7 94 35 72 4 
63 32 86 90 98 5 73 10 27 22 91 20 20 80 46 85 64 58 16 89 66 83 81 59 50 29 38 65 70 38 93 66 86 51 26 22 44 19 28 38 81 11 95 22 93 32 28 55 74 90 30 26 52 47 82 9 61 8 79 34 46 21 34 85 
94 50 1 71 26 80 82 60 60 15 17 23 56 49 53 2 16 40 91 98 64 35 76 71 19 79 30 100 70 27 27 13 77 69 72 97 1 93 15 46 69 46 9 37 75 18 64 11 75 83 73 33 76 67 40 56 42 48 48 45 7 59 82 29 
66 78 44 17 51 91 73 32 76 33 49 84 98 3 94 22 69 52 20 43 47 5 34 58 4 17 48 49 91 90 5 81 69 68 26 72 68 9 40 88 84 89 67 39 99 54 99 2 30 47 21 96 15 25 21 63 85 29 76 79 70 4 97 89 
40 28 29 61 86 53 23 31 72 15 4 13 10 35 90 77 51 74 23 17 77 1 45 78 67 78 71 84 75 9 10 37 54 75 96 51 26 88 7 49 70 21 92 46 88 100 64 51 2 20 60 77 62 75 49 21 78 74 85 73 44 79 36 34 
89 36 40 45 45 70 78 19 46 24 44 79 68 91 23 7 34 81 48 38 39 12 8 30 75 69 25 49 62 68 38 57 11 75 48 97 83 27 16 69 32 7 61 98 23 17 94 5 19 96 67 67 17 67 74 54 84 36 34 44 1 59 58 44 
128 90 129 99 131 47 30 147 89 137 68 145 74 195 15 65 128 136 73 73 62 84 176 95 97 116 133 120 79 76 82 47 157 101 38 97 46 124 98 177 86 189 100 123 143 127 76 76 60 59 78 123 135 85 48 108 92 84 105 60 90 37 91 91 
90 64 101 119 126 140 66 90 60 129 75 126 87 58 108 147 74 52 92 24 83 177 49 126 111 149 98 175 52 102 79 48 178 89 23 111 137 34 86 133 69 60 125 42 8 52 92 69 153 28 163 57 88 162 160 24 67 111 167 139 53 184 85 40 
129 101 10 149 105 70 136 162 191 59 139 71 149 53 112 129 167 58 75 167 28 46 110 102 151 153 67 129 60 127 130 112 81 122 44 85 111 79 53 118 166 121 141 134 103 137 126 127 99 98 129 156 146 132 84 152 141 110 97 90 103 104 43 154 
99 119 149 66 99 175 131 30 40 95 89 116 102 115 168 129 152 56 51 31 82 168 35 140 95 138 47 150 93 78 92 57 84 164 150 13 120 128 166 75 132 153 65 143 106 72 82 95 144 70 173 126 105 143 132 55 55 71 157 140 134 108 59 124 
131 126 105 99 24 117 125 96 53 96 93 155 103 140 134 161 138 64 14 63 72 97 136 37 90 68 114 104 69 161 105 43 94 107 86 98 80 113 81 159 117 93 115 60 122 57 122 67 159 128 40 29 55 82 17 113 114 68 98 137 117 54 115 82 
47 140 70 175 117 156 91 105 131 107 158 154 104 80 135 59 86 68 112 183 81 103 98 128 50 122 115 98 150 164 43 131 59 109 129 137 68 118 137 124 89 134 72 174 91 126 91 134 158 79 90 28 83 109 99 24 144 160 87 162 160 154 126 149 
30 66 136 131 125 91 40 104 73 80 98 136 46 115 85 102 73 10 108 119 100 62 103 85 56 112 85 134 195 118 108 91 116 129 52 127 98 111 79 123 26 171 127 43 68 128 135 67 114 138 96 120 115 101 100 78 110 145 134 28 69 9 152 81 
147 90 162 30 96 105 104 114 89 40 39 92 121 143 152 117 150 38 176 54 141 41 173 37 140 34 126 139 113 180 182 121 141 100 127 68 182 94 158 61 135 54 94 107 119 93 109 32 138 76 144 52 147 80 137 19 96 156 78 92 41 65 53 154 
89 60 191 40 53 131 73 89 36 145 13 161 117 67 15 98 96 94 94 93 18 101 149 150 133 103 128 80 40 133 101 133 15 96 82 109 120 90 80 81 99 134 93 89 165 98 93 136 182 80 157 109 106 131 61 94 138 96 113 93 117 124 96 94 
137 129 59 95 96 107 80 40 145 92 80 131 129 52 86 92 111 21 104 119 106 73 84 122 97 115 110 87 50 146 140 27 173 117 50 189 119 179 13 45 45 19 90 83 73 87 91 12 118 42 158 50 80 44 34 101 72 39 111 117 118 136 77 81 
68 75 139 89 93 158 98 39 13 80 118 85 152 156 78 109 73 151 122 72 151 92 112 69 25 57 72 121 88 98 111 75 104 47 100 121 145 134 177 121 44 122 124 68 123 57 194 81 184 118 38 58 109 90 101 89 71 100 28 153 96 150 125 81 
145 126 71 116 155 154 136 92 161 131 85 34 119 148 83 175 147 128 106 104 85 28 73 71 87 41 134 48 97 72 95 73 17 157 120 166 83 76 200 74 125 97 96 166 88 91 152 72 161 159 149 53 117 104 58 110 48 110 117 111 133 87 131 136 
74 87 149 102 103 104 46 121 117 129 152 119 32 53 45 128 48 66 26 122 156 86 117 129 131 97 164 122 58 124 59 85 83 94 104 136 84 43 94 166 46 133 68 90 162 69 58 69 179 68 86 59 47 176 130 96 158 114 65 74 134 120 118 70 
195 58 53 115 140 80 115 143 67 52 156 148 53 70 144 96 138 104 153 71 109 156 47 84 103 165 54 97 109 110 16 41 42 99 76 176 89 88 35 32 145 103 38 135 126 151 167 161 152 147 125 88 137 123 116 83 164 43 40 147 66 134 52 65 
15 108 112 168 134 135 85 152 15 86 78 83 45 144 186 151 46 94 68 87 84 55 131 64 85 89 102 107 27 134 164 94 104 152 110 166 157 157 76 48 147 38 105 42 95 108 35 49 166 105 74 114 132 129 65 119 173 100 92 73 105 101 128 126 
65 147 129 129 161 59 102 117 98 92 109 175 128 96 151 140 111 109 67 59 122 196 49 185 51 62 77 86 100 139 99 138 33 154 34 55 111 92 130 186 162 87 134 81 62 35 89 91 143 89 114 137 107 72 63 167 32 87 127 83 115 139 74 144 
128 74 167 152 138 86 73 150 96 111 73 147 48 138 46 111 118 111 113 64 75 100 87 104 106 88 41 100 144 46 100 35 26 16 151 88 64 171 161 127 131 128 104 62 103 95 32 63 98 92 75 146 116 101 74 93 164 163 171 107 49 59 119 63 
136 52 58 56 64 68 10 38 94 21 151 128 66 104 94 109 111 76 109 167 110 163 81 91 136 159 119 69 158 42 44 56 106 94 113 27 91 112 55 81 102 76 8 166 108 179 72 98 98 144 38 54 86 101 116 77 62 86 104 126 188 48 71 67 
73 92 75 51 14 112 108 176 94 104 122 106 26 153 68 67 113 109 106 40 100 84 173 131 129 150 56 158 83 113 111 47 197 140 111 117 122 91 97 19 150 45 98 162 52 135 74 120 87 80 179 132 107 96 97 127 115 13 75 63 91 155 107 64 
73 24 167 31 63 183 119 54 93 119 72 104 122 71 87 59 64 167 40 116 92 95 124 152 111 161 139 68 131 133 150 93 146 36 94 54 82 150 99 96 109 121 114 71 91 146 34 98 152 132 52 128 87 106 142 137 151 86 157 66 69 97 122 73 
62 83 28 82 72 81 100 141 18 106 151 85 156 109 84 122 75 110 100 92 194 104 39 27 68 105 108 117 131 72 139 139 63 80 143 67 63 27 108 147 139 156 88 61 41 147 73 67 62 99 92 162 71 157 83 52 123 116 142 135 182 67 82 89 
84 177 46 168 97 103 62 41 101 73 92 28 86 156 55 196 100 163 84 95 104 22 145 69 157 87 119 143 122 127 76 54 49 103 75 104 88 163 117 94 106 61 87 155 46 57 77 24 166 53 129 133 171 156 98 140 159 115 138 189 51 26 136 38 
176 49 110 35 136 98 103 173 149 84 112 73 117 47 131 49 87 81 173 124 39 145 14 109 135 174 107 88 66 139 118 96 70 41 159 80 30 48 100 82 99 87 44 90 38 163 146 35 130 112 89 72 33 72 101 103 111 120 77 77 121 83 164 157 
95 126 102 140 37 128 85 37 150 122 69 71 129 84 64 185 104 91 131 152 27 69 109 198 95 155 69 138 88 117 59 87 23 108 152 96 137 151 133 75 85 32 122 29 83 113 134 72 54 111 104 75 71 105 137 174 111 128 30 142 112 82 132 86 
97 111 151 95 90 50 56 140 133 97 25 87 131 103 85 51 106 136 129 111 68 157 135 95 178 98 84 95 172 116 96 87 96 67 59 117 56 148 175 195 85 111 133 14 102 153 87 74 95 169 174 117 130 105 170 74 136 70 118 137 85 125 137 161 
116 149 153 138 68 122 112 34 103 115 57 41 97 165 89 62 88 159 150 161 105 87 174 155 98 170 131 71 75 109 91 142 15 148 48 81 165 88 85 77 61 55 102 143 11 165 30 72 23 64 147 175 105 73 95 88 129 95 82 134 146 24 178 157 
133 98 67 47 114 115 85 126 128 110 72 134 164 54 102 77 41 119 56 139 108 119 107 69 84 131 34 105 121 63 124 132 134 86 55 116 46 82 196 94 48 175 159 66 108 65 131 71 129 172 98 117 58 25 81 136 177 97 149 118 125 117 126 88 
120 175 129 150 104 98 134 139 80 87 121 48 122 97 107 86 100 69 158 68 117 143 88 138 95 71 105 118 169 104 46 61 145 98 104 145 124 88 103 99 105 77 119 149 149 150 171 108 103 45 61 114 122 111 66 74 108 102 141 54 27 50 112 54 
79 52 60 93 69 150 195 113 40 50 88 97 58 109 27 100 144 158 83 131 131 122 66 88 172 75 121 169 24 72 72 122 131 47 177 133 52 137 62 176 116 127 139 107 156 95 162 100 135 35 96 102 82 108 134 84 146 58 141 9 128 174 162 106 
76 102 127 78 161 164 118 180 133 146 98 72 124 110 134 139 46 42 113 133 72 127 139 117 116 109 63 104 72 68 43 81 126 48 118 123 31 144 132 24 103 63 38 90 62 91 148 47 114 118 153 124 140 82 33 88 151 164 179 61 92 117 92 123 
82 79 130 92 105 43 108 182 101 140 111 95 59 16 164 99 100 44 111 150 139 76 118 59 96 91 124 46 72 43 108 62 163 90 91 67 91 170 190 123 128 76 79 104 143 95 121 84 169 79 62 81 121 86 89 108 106 22 116 116 43 155 82 45 
47 48 112 57 43 131 91 121 133 27 75 73 85 41 94 138 35 56 47 93 139 54 96 87 87 142 132 61 122 81 62 150 89 72 135 104 131 88 137 87 125 90 88 93 158 109 90 153 117 119 169 128 132 94 103 43 78 32 57 165 64 101 87 175 
157 178 81 84 94 59 116 141 15 173 104 17 83 42 104 33 26 106 197 146 63 49 70 23 96 15 134 145 131 126 163 89 28 112 128 156 112 88 80 91 176 91 59 60 89 133 104 134 79 89 153 138 175 166 189 98 126 160 59 138 125 68 152 164 
101 89 122 164 107 109 129 100 96 117 47 157 94 99 152 154 16 94 140 36 80 103 41 108 67 148 86 98 47 48 90 72 112 104 139 166 176 19 7 99 78 13 88 75 120 177 138 10 82 142 88 81 92 67 102 83 120 116 52 85 105 23 123 43 
38 23 44 150 86 129 52 127 82 50 100 120 104 76 110 34 151 113 111 94 143 75 159 152 59 48 55 104 177 118 91 135 128 139 90 94 44 51 87 115 81 106 52 152 122 69 59 113 82 86 75 77 99 84 84 142 55 27 132 57 63 131 108 125 
97 111 85 13 98 137 127 68 109 189 121 166 136 176 166 55 88 27 117 54 67 104 80 96 117 81 116 145 133 123 67 104 156 166 94 82 104 154 115 89 115 139 127 30 156 20 156 98 100 110 85 143 87 82 96 42 86 65 77 74 109 97 167 78 
46 137 111 120 80 68 98 182 120 119 145 83 84 89 157 111 64 91 122 82 63 88 30 137 56 165 46 124 52 31 91 131 112 176 44 104 40 53 93 51 183 170 100 111 60 159 117 111 87 96 158 86 41 78 64 80 145 128 176 81 66 97 43 143 
124 34 79 128 113 118 111 94 90 179 134 76 43 88 157 92 171 112 91 150 27 163 48 151 148 88 82 88 137 144 170 88 88 19 51 154 53 176 154 144 105 113 79 172 117 15 119 82 128 71 149 76 65 150 9 84 85 128 42 114 130 95 109 154 
98 86 53 166 81 137 79 158 80 13 177 200 94 35 76 130 161 55 97 99 108 117 100 133 175 85 196 103 62 132 190 137 80 7 87 115 93 154 48 147 172 110 60 127 37 158 47 164 119 49 65 101 179 73 162 77 44 60 87 118 114 148 90 74 
177 133 118 75 159 124 123 61 81 45 121 74 166 32 48 186 127 81 19 96 147 94 82 75 195 77 94 99 176 24 123 87 91 99 115 89 51 144 147 78 51 76 102 188 135 100 99 125 150 35 185 116 31 80 82 100 141 23 133 84 125 90 110 99 
86 69 166 132 117 89 26 135 99 45 44 125 46 145 147 162 131 102 150 109 139 106 99 85 85 61 48 105 116 103 128 125 176 78 81 115 183 105 172 51 20 65 146 98 163 119 47 180 52 132 61 95 58 130 100 71 168 164 115 25 23 168 151 62 
189 60 121 153 93 134 171 54 134 19 122 97 133 103 38 87 128 76 45 121 156 61 87 32 111 55 175 77 127 63 76 90 91 13 106 139 170 113 110 76 65 160 105 145 42 156 49 153 55 147 129 188 19 156 32 122 137 109 109 97 192 109 80 186 
100 125 141 65 115 72 127 94 93 90 124 96 68 38 105 134 104 8 98 114 88 87 44 122 133 102 159 119 139 38 79 88 59 88 52 127 100 79 60 102 146 105 106 127 66 97 52 10 111 98 56 70 78 89 139 101 75 75 173 96 147 166 111 182 
123 42 134 143 60 174 43 107 89 83 68 166 90 135 42 81 62 166 162 71 61 155 90 29 14 143 66 149 107 90 104 93 60 75 152 30 111 172 127 188 98 145 127 176 109 103 151 93 50 64 85 63 113 178 145 84 97 65 66 129 96 85 96 125 
143 8 103 106 122 91 68 119 165 73 123 88 162 126 95 62 103 108 52 91 41 46 38 83 102 11 108 149 156 62 143 158 89 120 122 156 60 117 37 135 163 42 66 109 6 67 53 104 69 159 92 94 62 80 169 66 83 105 102 91 124 112 118 115 
127 52 137 72 57 126 128 93 98 87 57 91 69 151 108 35 95 179 135 146 147 57 163 113 153 165 65 150 95 91 95 109 133 177 69 20 159 15 158 100 119 156 97 103 67 68 128 53 179 36 121 43 139 128 113 71 125 124 139 39 185 127 45 118 
76 92 126 82 122 91 135 109 93 91 194 152 58 167 35 89 32 72 74 34 73 77 146 134 87 30 131 171 162 148 121 90 104 138 59 156 117 119 47 99 47 49 52 151 53 128 124 98 88 111 123 9 75 58 129 11 113 100 113 56 54 124 69 102 
76 69 127 95 67 134 67 32 136 12 81 72 69 161 49 91 63 98 120 98 67 24 35 72 74 72 71 108 100 47 84 153 134 10 113 98 111 82 164 125 180 153 10 93 104 53 98 18 88 97 94 183 76 40 129 24 107 146 66 106 117 118 123 107 
60 153 99 144 159 158 114 138 182 118 184 161 179 152 166 143 98 98 87 152 62 166 130 54 95 23 129 103 135 114 169 117 79 82 82 100 87 128 119 150 52 55 111 50 69 179 88 88 166 186 121 149 121 72 30 61 69 70 53 92 77 97 57 108 
59 28 98 70 128 79 138 76 80 42 118 159 68 147 105 89 92 144 80 132 99 53 112 111 169 64 172 45 35 118 79 119 89 142 86 110 96 71 49 35 132 147 98 64 159 36 111 97 186 14 90 141 105 44 127 69 130 157 132 40 62 75 86 65 
78 163 129 173 40 90 96 144 157 158 38 149 86 125 74 114 75 38 179 52 92 129 89 104 174 147 98 61 96 153 62 169 153 88 75 85 158 149 65 185 61 129 56 85 92 121 123 94 121 90 34 107 143 39 102 76 178 103 116 139 139 110 83 186 
123 57 156 126 29 28 120 52 109 50 58 53 59 88 114 137 146 54 132 128 162 133 72 75 117 175 117 114 102 124 81 128 138 81 77 143 86 76 101 116 95 188 70 63 94 43 9 183 149 141 107 32 151 67 84 113 9 169 100 58 124 109 117 41 
135 88 146 105 55 83 115 147 106 80 109 117 47 137 132 107 116 86 107 87 71 171 33 71 130 105 58 122 82 140 121 132 175 92 99 87 41 65 179 31 58 19 78 113 62 139 75 76 121 105 143 151 40 37 84 123 92 139 100 129 99 101 93 152 
85 162 132 143 82 109 101 80 131 44 90 104 176 123 129 72 101 101 96 106 157 156 72 105 105 73 25 111 108 82 86 94 166 67 84 82 78 150 73 80 130 156 89 178 80 128 58 40 72 44 39 67 37 52 42 70 67 57 107 103 103 149 41 110 
48 160 84 132 17 99 100 137 61 34 101 58 130 116 65 63 74 116 97 142 83 98 101 137 170 95 81 66 134 33 89 103 189 102 84 96 64 9 162 82 100 32 139 145 169 113 129 129 30 127 102 84 84 42 164 54 101 142 51 98 67 163 152 108 
108 24 152 55 113 24 78 19 94 101 89 110 96 83 119 167 93 77 127 137 52 140 103 174 74 88 136 74 84 88 108 43 98 83 142 42 80 84 77 100 71 122 101 84 66 71 11 24 61 69 76 113 123 70 54 110 20 86 133 34 139 41 192 168 
92 67 141 55 114 144 110 96 138 72 71 48 158 164 173 32 164 62 115 151 123 159 111 111 136 129 177 108 146 151 106 78 126 120 55 86 145 85 44 141 168 137 75 97 83 125 113 107 69 130 178 9 92 67 101 20 176 76 132 118 91 115 99 184 
84 111 110 71 68 160 145 156 96 39 100 110 114 43 100 87 163 86 13 86 116 115 120 128 70 95 97 102 58 164 22 32 160 116 27 65 128 128 60 23 164 109 75 65 105 124 100 146 70 157 103 169 139 57 142 86 76 200 115 113 178 106 125 150 
105 167 97 157 98 87 134 78 113 111 28 117 65 40 92 127 171 104 75 157 142 138 77 30 118 82 149 141 141 179 116 57 59 52 132 77 176 42 87 133 115 109 173 66 102 139 113 66 53 132 116 100 100 107 51 133 132 115 48 61 165 152 59 160 
60 139 90 140 137 162 28 92 93 117 153 111 74 147 73 83 107 126 63 66 135 189 77 142 137 134 118 54 9 61 116 165 138 85 57 74 81 114 118 84 25 97 96 129 91 39 56 106 92 40 139 58 129 103 98 34 118 113 61 140 172 139 66 185 
90 53 103 134 117 160 69 41 117 118 96 133 134 66 105 115 49 188 91 69 182 51 121 112 85 146 125 27 128 92 43 64 125 105 63 109 66 130 114 125 23 192 147 96 124 185 54 117 77 62 139 124 99 103 67 139 91 178 165 172 164 50 111 113 
37 184 104 108 54 154 9 65 124 136 150 87 120 134 101 139 59 48 155 97 67 26 83 82 125 24 117 50 174 117 155 101 68 23 131 97 97 95 148 90 168 109 166 85 112 127 124 118 97 75 110 109 101 149 163 41 115 106 152 139 50 170 144 93 
91 85 43 59 115 126 152 53 96 77 125 131 118 52 128 74 119 71 107 122 82 136 164 132 137 178 126 112 162 92 82 87 152 123 108 167 43 109 90 110 151 80 111 96 118 45 69 123 57 86 83 117 93 41 152 192 99 125 59 66 111 144 110 141 
91 40 154 124 82 149 81 154 94 81 81 136 70 65 126 144 63 67 64 73 89 38 157 86 161 157 88 54 106 123 45 175 164 43 125 78 143 154 74 99 62 186 182 125 115 118 102 107 108 65 186 41 152 110 108 168 184 150 160 185 113 93 141 52 