64 6.763056732679355 56.998642808207435 370 12520
7 91 54 65 39 95 25 99 96 72 37 41 84 11 51 44 85 87 48 28 25 70 100 20 96 12 9 64 28 63 90 85 15 55 14 76 25 13 6 86 83 1 20 56 89 6 70 58 3 66 73 24 99 16 83 80 26 93 85 64 88 31 95 81 
99 56 14 25 13 70 61 32 40 86 31 65 13 5 97 28 11 36 4 50 8 59 85 10 19 81 100 70 34 13 63 3 68 65 4 34 10 48 57 14 60 63 75 52 12 44 81 30 58 1 62 78 85 11 53 72 24 5 61 42 56 3 70 90 
86 71 97 85 35 76 10 54 34 54 44 65 84 5 72 86 76 77 11 67 77 61 3 48 40 56 74 83 24 68 36 4 14 1 39 23 32 87 24 53 4 87 30 60 45 28 83 67 76 37 86 89 73 11 64 57 80 7 68 88 48 75 45 46 
19 54 93 30 38 43 89 73 71 84 82 60 82 22 12 53 54 31 41 37 86 27 86 41 86 22 5 91 45 82 92 60 23 3 69 43 62 55 73 30 42 18 83 29 37 55 24 80 17 87 45 44 8 89 65 82 67 61 44 96 28 10 68 41 
36 76 34 93 62 68 81 13 52 51 48 5 66 33 48 27 19 51 88 63 98 98 70 58 49 59 51 37 81 33 30 72 89 91 23 60 19 25 75 33 54 73 65 74 53 66 4 33 31 36 69 18 33 98 48 32 46 16 14 84 25 17 29 62 
41 80 59 46 2 46 43 22 58 78 23 39 100 65 68 77 59 36 64 85 72 97 97 2 22 83 76 85 70 46 87 18 22 52 69 93 84 4 14 78 97 80 68 41 33 82 58 74 47 41 82 64 92 91 68 33 25 1 42 3 13 31 20 56 
56 88 41 96 91 86 2 45 31 23 46 55 42 20 2 9 1 65 36 50 54 97 86 10 55 37 9 12 18 43 80 70 85 5 51 26 8 23 89 44 65 7 53 17 96 37 26 6 97 94 72 96 31 30 79 37 14 17 94 25 94 28 57 63 
37 53 34 17 78 48 75 74 13 60 89 97 11 29 93 31 48 91 15 84 97 3 93 63 50 44 51 33 51 98 41 87 69 55 84 28 3 81 69 69 28 9 10 27 90 47 81 57 35 59 80 10 14 80 31 26 26 20 72 72 32 18 48 34 
98 32 6 92 66 97 63 45 19 25 34 71 10 18 71 6 86 68 42 23 60 72 83 61 6 76 66 52 80 2 9 56 3 55 10 79 31 73 91 86 38 33 65 47 69 19 74 81 26 45 90 17 62 18 26 43 49 19 22 8 60 59 99 32 
36 48 39 34 76 68 54 77 48 58 63 34 89 19 67 36 88 93 68 39 30 83 71 26 81 68 49 57 52 5 79 52 67 45 52 95 27 46 76 22 99 29 79 98 76 58 20 41 99 64 89 3 30 91 1 55 91 31 43 35 56 61 67 74 
33 76 30 75 24 66 76 95 92 89 51 33 44 96 22 91 89 25 88 64 66 52 35 33 66 19 40 96 33 57 25 8 49 71 89 82 90 55 84 51 2 51 37 3 99 6 42 40 68 43 24 27 20 30 20 58 94 71 23 11 9 27 14 6 
100 66 5 90 74 37 87 11 45 43 72 69 13 88 74 47 99 35 43 67 23 26 92 49 27 68 35 35 46 13 20 49 63 40 28 30 73 14 53 34 11 40 13 56 19 77 87 60 47 56 100 86 64 100 56 42 39 58 50 66 96 93 2 85 
4 92 45 77 68 69 97 58 56 32 59 56 22 48 28 96 22 11 67 57 98 85 80 15 81 67 9 36 53 66 93 87 56 67 7 91 46 93 9 42 100 87 33 19 76 94 90 4 79 83 30 13 5 61 12 85 5 59 88 78 13 30 4 27 
79 15 43 16 13 72 10 7 24 92 80 2 99 82 42 57 60 27 57 83 33 38 67 20 56 52 18 19 49 94 93 61 40 41 39 59 82 80 16 77 35 97 97 86 10 12 16 19 43 55 78 40 46 90 17 75 61 3 89 3 35 68 95 75 
15 28 5 13 40 54 33 97 62 62 88 65 81 89 46 85 20 75 4 14 4 80 81 17 21 7 58 50 16 35 68 24 2 87 36 44 4 98 47 1 29 34 33 92 18 96 32 97 49 59 14 40 79 40 83 13 49 75 11 5 97 61 30 83 
44 99 5 47 75 81 86 42 96 48 100 66 67 21 17 42 49 31 10 77 21 4 75 63 16 82 33 57 2 41 100 9 95 24 95 64 97 45 72 6 28 71 52 30 77 77 68 22 55 80 40 22 13 72 1 24 93 96 70 41 100 20 12 72 
46 71 46 100 78 44 6 4 23 66 84 82 93 44 31 37 94 93 75 76 35 26 69 97 29 52 90 98 8 96 38 61 53 71 62 9 94 66 36 34 27 2 53 55 58 63 75 82 78 70 65 18 19 70 23 22 24 51 58 13 18 10 48 81 
16 80 73 80 74 26 96 94 39 90 29 72 38 16 22 2 65 63 49 79 1 67 49 75 43 87 17 72 46 6 81 77 16 21 5 24 62 22 75 89 32 37 50 4 89 91 35 14 92 85 61 60 20 47 95 81 73 96 4 26 9 29 59 4 
21 1 80 94 82 98 93 74 90 92 4 8 20 88 90 47 55 90 51 6 42 2 28 98 43 52 99 75 84 6 66 33 2 4 37 2 82 34 39 22 25 99 6 64 10 14 94 56 56 81 51 85 70 97 14 95 88 58 29 28 82 84 70 58 
97 87 96 86 96 43 81 98 42 30 73 48 17 2 83 7 31 89 35 40 100 77 62 35 42 64 91 89 1 75 23 68 88 49 29 55 4 33 45 99 93 7 80 79 90 87 72 22 66 85 71 62 32 60 85 19 40 74 20 53 15 2 42 91 
6 66 90 62 89 29 15 95 75 68 100 15 49 32 41 68 74 69 11 49 34 81 16 18 71 86 82 94 56 85 10 68 72 61 27 49 76 100 88 61 96 55 72 68 95 59 95 97 42 38 60 36 46 6 64 69 40 85 59 73 1 73 98 32 
78 29 18 77 76 99 27 23 82 86 25 85 39 87 37 89 82 69 91 87 58 31 67 29 57 12 97 86 34 8 63 50 40 18 2 23 47 25 33 73 3 35 5 62 27 45 75 13 26 33 29 53 5 21 13 41 77 6 32 55 41 76 13 4 
64 64 53 58 46 1 97 48 77 23 42 17 33 29 17 85 5 51 52 13 2 25 7 54 87 68 47 29 16 91 77 36 61 56 80 9 14 87 6 40 78 28 90 45 94 59 51 59 80 30 45 67 55 46 12 26 86 76 36 59 26 68 90 18 
88 51 26 40 4 6 56 85 68 19 93 54 54 81 43 57 13 85 83 54 26 36 17 57 75 14 72 13 12 94 79 82 55 95 94 83 96 71 1 34 34 98 43 89 66 78 47 43 75 40 81 20 36 4 98 32 10 16 31 88 53 90 11 38 
53 18 90 32 21 43 65 60 1 84 55 74 15 99 64 50 27 30 98 61 26 86 9 50 12 77 82 5 36 100 82 26 70 82 44 59 21 24 57 36 35 37 80 82 3 95 73 78 89 12 61 27 42 72 68 19 54 68 60 100 63 15 79 89 
91 28 58 90 73 40 93 4 4 31 3 95 20 3 98 100 22 55 62 26 12 21 25 1 37 30 32 24 91 57 64 95 60 23 100 25 45 85 12 64 41 1 55 43 79 9 11 53 51 86 77 43 90 88 30 48 62 8 95 93 16 28 50 27 
77 96 86 41 45 83 90 64 93 11 94 4 86 5 7 53 100 76 18 19 73 51 32 88 82 72 25 75 65 42 57 18 91 30 30 42 44 90 58 32 67 98 94 24 1 3 58 97 60 34 6 85 56 46 5 44 28 40 20 4 75 9 61 79 
79 92 44 54 86 63 41 58 49 65 16 39 59 13 79 61 39 20 25 32 65 74 75 85 75 28 37 12 95 8 53 100 28 82 92 26 29 74 49 32 90 15 63 13 32 25 46 19 8 47 62 56 22 8 68 3 24 82 95 97 46 3 87 69 
14 46 99 61 89 30 23 14 46 90 77 20 86 49 36 12 67 91 45 60 1 85 56 81 72 85 15 37 37 8 100 11 51 41 53 1 88 54 38 53 36 83 93 87 2 15 69 17 76 34 52 33 24 24 8 82 26 41 25 96 30 73 30 84 
68 56 77 92 29 58 7 64 30 27 100 6 47 72 99 73 51 56 40 4 41 61 61 54 20 72 86 81 93 44 24 32 75 15 67 89 71 43 76 57 68 77 81 99 82 39 84 37 67 60 62 23 81 44 63 87 47 64 69 84 1 26 26 89 
9 86 32 98 57 100 84 84 91 92 32 48 67 98 67 18 75 62 92 92 83 96 64 93 18 45 28 61 41 92 64 31 53 19 97 46 6 7 12 50 54 7 19 2 4 73 39 2 91 49 55 54 70 78 68 46 79 26 21 57 38 100 71 54 
50 53 30 2 46 84 73 73 71 50 28 17 21 44 49 29 87 5 100 56 59 58 92 20 91 83 46 92 81 98 74 10 97 41 31 19 95 24 97 45 7 7 94 37 69 29 92 64 10 92 27 83 9 84 84 36 39 80 98 14 85 81 93 26 
63 84 37 19 32 3 62 39 5 92 81 93 29 52 87 11 9 15 46 1 78 79 27 5 33 77 72 30 51 24 18 73 81 68 71 88 90 69 8 89 60 24 79 13 1 69 99 28 56 79 68 42 11 36 39 85 88 91 79 100 77 24 60 58 
68 33 23 69 70 50 21 85 87 57 33 99 67 92 61 90 87 15 20 86 89 58 22 92 36 84 94 76 64 5 55 10 79 60 96 64 81 53 7 28 94 99 48 59 27 95 47 89 78 82 99 33 63 29 55 91 99 65 22 3 83 93 44 74 
99 83 92 89 7 69 45 82 11 44 73 58 20 64 11 40 87 31 96 81 56 41 83 83 50 10 45 72 17 25 73 53 100 46 91 95 84 71 28 85 64 26 54 47 62 49 9 16 11 37 50 69 30 95 72 65 26 96 9 27 55 36 23 22 
92 54 89 33 23 26 45 66 75 57 81 26 50 66 23 66 31 7 86 48 52 12 9 47 97 23 41 79 95 88 45 21 15 26 57 7 66 81 97 91 82 35 7 82 87 84 19 28 21 16 94 49 8 12 94 8 88 67 84 84 9 50 10 64 
45 12 52 1 32 52 28 35 53 31 53 51 79 53 25 89 79 86 20 35 89 80 12 45 12 58 60 73 80 23 5 96 75 59 96 94 6 21 34 5 4 97 76 78 74 75 8 65 84 18 58 100 79 53 8 36 18 24 13 77 90 8 49 12 
11 97 100 30 50 16 11 91 27 56 14 91 21 77 36 30 32 37 95 62 56 73 83 91 61 61 22 5 33 73 92 86 94 51 53 76 44 96 58 18 15 50 80 84 62 8 15 93 17 13 14 21 98 54 41 58 18 27 34 1 14 96 11 97 
90 25 11 69 61 57 78 92 68 62 50 55 24 23 50 76 49 63 75 53 85 27 62 33 21 26 2 25 61 21 35 25 17 30 11 2 68 12 52 53 60 32 89 8 1 52 21 37 5 18 73 15 83 24 67 5 81 76 70 30 25 6 47 68 
60 10 16 93 39 11 57 97 68 81 14 74 13 34 21 39 62 44 91 30 25 75 17 43 48 49 89 25 59 8 42 81 10 34 78 30 26 6 96 21 57 100 68 17 81 77 70 49 44 97 35 79 63 67 7 8 4 97 73 62 42 1 48 57 
37 79 4 52 20 82 9 49 11 69 30 7 82 58 78 45 58 91 74 84 30 98 55 90 94 74 46 82 29 30 86 72 23 56 29 67 16 37 81 78 79 84 64 20 40 1 73 16 40 69 69 11 9 97 93 37 2 75 90 11 71 6 31 79 
73 93 14 11 77 45 100 7 49 8 71 34 91 64 95 39 33 15 56 1 18 76 16 83 34 9 3 61 6 24 87 9 39 97 11 96 60 83 71 5 53 29 87 85 78 71 19 1 28 4 69 80 80 58 52 70 94 16 56 61 17 61 39 41 
70 62 96 9 32 38 8 72 40 78 41 77 51 13 89 86 76 55 69 98 72 82 10 14 12 70 4 25 26 32 38 6 48 90 54 100 63 36 25 45 97 70 1 26 69 26 6 77 60 28 63 6 69 26 38 49 92 32 37 50 44 51 1 18 
17 18 29 26 20 70 57 23 35 100 41 69 48 65 57 48 73 2 96 33 39 10 59 11 65 75 72 21 55 82 14 41 76 18 56 98 34 72 80 78 52 87 16 1 27 81 13 44 99 58 13 4 19 17 37 53 90 49 25 100 48 20 24 50 
37 21 73 89 73 98 82 22 54 85 71 6 81 55 24 42 65 88 52 32 15 39 95 86 77 72 54 59 58 54 77 60 58 40 48 6 33 55 83 56 94 31 53 76 67 27 3 31 29 54 13 96 73 66 26 9 2 95 49 21 81 73 65 70 
34 50 38 79 46 39 66 43 93 37 82 14 48 71 75 41 62 81 33 83 44 72 58 7 51 64 44 69 16 29 1 61 89 37 77 66 2 59 77 86 72 39 60 11 1 86 97 69 58 21 7 64 76 40 7 86 45 51 70 70 36 38 34 57 
29 46 1 65 42 25 36 60 34 97 68 1 26 76 27 91 52 4 56 9 96 32 5 13 66 29 37 15 55 70 37 31 85 18 65 80 74 93 47 84 23 54 86 79 3 37 35 67 81 24 8 24 21 11 11 96 28 87 15 20 64 61 39 16 
36 3 68 24 19 39 8 99 75 18 96 18 13 29 83 52 39 54 67 92 83 89 43 84 53 26 1 90 30 75 24 99 69 25 13 62 16 75 11 51 87 59 47 15 18 7 39 83 72 91 70 30 37 45 47 24 50 53 90 40 73 56 33 28 
10 31 68 42 92 46 88 83 97 93 70 14 15 65 27 88 33 55 41 40 55 47 70 12 11 19 97 47 3 15 78 40 25 18 35 30 59 81 71 34 10 4 98 97 62 45 35 95 92 23 70 34 23 54 54 64 4 35 95 16 32 98 65 36 
25 66 22 51 62 87 21 53 97 76 29 67 7 93 61 12 21 13 18 99 77 40 19 28 89 52 64 81 84 83 35 4 25 11 31 89 15 73 18 38 99 42 88 47 52 65 68 14 14 66 44 99 17 100 83 3 86 39 59 84 71 22 31 75 
5 51 23 47 76 80 61 67 88 40 11 7 7 63 93 75 52 20 4 84 67 29 53 27 5 73 10 37 27 48 83 63 45 76 46 81 90 22 23 19 66 34 100 4 71 92 40 36 30 1 67 29 88 85 2 41 82 83 12 40 88 59 54 31 
59 75 93 63 5 65 98 85 38 4 78 26 80 53 17 23 14 17 84 61 80 36 29 2 66 19 38 85 14 82 50 52 23 21 5 76 81 18 97 34 28 45 62 20 72 60 42 85 88 67 13 96 33 78 76 91 41 10 62 6 45 72 7 79 
13 2 98 6 15 68 38 11 13 87 34 29 53 37 70 41 59 22 26 66 100 85 16 22 51 26 70 82 84 75 13 19 94 6 92 4 66 8 8 26 62 66 59 66 86 73 47 64 25 42 32 18 10 87 15 36 4 43 40 100 74 66 21 86 
6 17 11 93 90 38 74 31 99 53 12 72 41 27 73 64 29 59 37 70 46 56 63 52 76 90 7 28 13 52 50 76 63 79 97 9 54 77 68 53 99 38 22 6 67 4 78 15 87 30 10 69 44 20 65 45 37 6 96 43 44 41 12 95 
88 54 43 28 36 56 68 27 5 51 33 70 89 28 89 23 6 59 73 12 18 34 67 10 22 68 21 52 44 22 72 73 20 67 5 57 20 81 72 98 53 51 36 25 100 43 81 31 40 74 62 92 60 88 67 44 64 20 58 67 50 55 100 55 
27 12 12 40 13 37 63 15 14 8 58 19 6 66 48 11 88 84 31 47 45 4 12 69 80 13 4 52 37 20 19 31 85 52 88 51 22 77 33 36 40 13 78 54 27 34 23 53 16 44 80 93 46 63 1 58 61 55 7 30 48 21 76 50 
81 79 1 66 32 89 30 6 19 59 11 14 69 20 97 55 89 78 87 18 82 56 99 86 56 75 73 93 22 50 38 83 1 5 44 97 77 72 2 68 65 15 78 74 22 96 73 83 47 38 92 79 5 73 68 43 46 44 53 76 78 28 40 21 
56 71 81 4 100 100 48 3 53 39 53 11 27 3 64 70 8 82 38 39 66 99 19 11 22 41 41 9 11 67 39 32 51 5 70 76 70 70 92 83 52 39 47 62 9 76 62 59 87 69 6 44 58 90 21 17 45 17 86 29 11 59 13 44 
14 3 59 22 59 79 91 69 83 52 3 93 85 9 22 98 54 70 80 99 28 32 76 16 7 60 71 7 20 79 19 13 22 65 93 92 56 86 14 82 51 93 85 63 59 37 69 14 39 76 14 84 40 30 94 26 90 100 97 35 100 53 3 30 
86 75 98 52 25 45 96 18 25 29 66 11 90 63 12 21 84 19 49 45 1 24 91 41 28 20 72 49 2 62 74 57 15 89 68 98 76 96 50 75 78 63 94 61 25 56 41 7 74 20 74 7 55 14 68 7 23 35 91 14 86 47 32 51 
90 71 58 65 54 84 86 78 69 11 83 97 45 48 92 5 71 68 34 63 4 27 46 30 99 57 93 80 41 75 23 51 44 31 21 53 72 13 39 15 81 3 14 1 79 25 71 17 9 20 68 95 52 65 81 77 40 2 50 42 82 5 73 41 
64 31 32 18 80 44 84 25 32 100 15 37 81 91 20 47 66 92 51 28 10 93 65 61 48 16 42 17 87 39 99 26 2 77 40 43 7 98 62 98 75 99 82 52 56 88 2 78 43 20 24 62 10 1 71 11 81 8 25 28 31 46 8 23 
36 44 4 27 8 71 14 65 50 54 39 33 6 73 37 22 98 94 98 42 55 20 41 14 39 90 92 46 44 51 51 84 72 72 16 80 87 27 30 66 16 29 86 33 29 49 9 18 26 19 96 64 7 43 69 73 23 29 70 8 100 8 24 35 
97 76 56 81 62 49 85 2 64 13 45 88 53 75 90 72 24 74 32 27 28 28 78 11 96 71 95 76 75 99 94 26 58 52 55 90 91 52 43 79 9 64 76 19 76 16 15 37 43 16 38 83 96 15 22 85 88 17 70 91 75 97 54 78 
0.39356073719782003 0.8270451973205037 0.5225585158326398 0.3641683966507386 0.6157589787670794 0.5226503845693765 0.6293975832487035 0.5149989410322764 0.7640724796423948 0.3608520745437516 0.4104621750124316 0.6480731894887368 0.7108792960709502 0.2800069417473208 0.515624797691201 0.7321863995828102 0.28965047863015836 0.5632462020612841 0.37067705346135627 0.5888676659964519 0.30294913428080883 0.8805606910909853 0.5200328216271821 0.8343501149213655 0.36708707434301047 0.41870128682830604 0.030066410745403227 0.5300424640737051 0.26184843144506526 0.888569217876201 0.6535634263115331 0.5190420374711298 0.6211213900237605 0.39649034435898567 0.5544409506526212 0.7949593694976613 0.43016553970449734 0.6471430245572167 0.0671306577094431 0.8007081803537532 0.4080653683744007 0.6450678789767608 0.3267370125884294 0.29268458185074087 0.8185680178495883 0.4461730221732237 0.45922254397890266 0.17605639470561124 0.226479244955113 0.38751031808972985 0.3692132037836321 0.6029991126603189 0.6819304852248972 0.5028201906751428 0.18753108290056475 0.6743523534407826 0.35673752678609727 0.7550175763450073 0.3692521276421243 0.6569160405295416 0.10429181009449395 0.2650671907019432 0.03201117964212463 0.52344007471841 
0.8270451973205037 0.8478699107516906 0.37085202631023023 0.521263627090619 0.45669646861030294 0.7370978924822387 0.41485583729279457 0.08273404765400949 0.4023057766763691 0.35886005370570445 0.5898589870648561 0.726151188094624 0.38985019079616173 0.6212826615604805 0.60024793666468 0.8146681356585095 0.4765012301824303 0.46972011895166843 0.42589255183695973 0.476232226483596 0.38298511685079867 0.7887498986915065 0.4461121636479047 0.8308086036496697 0.6995010320069095 0.40014030623474295 0.490055287931374 0.463630609037385 0.7584287012356982 0.5034588096994113 0.5729725138120783 0.82687940861936 0.8321252346269131 0.6432681131962583 0.7600702780093828 0.5451975309832449 0.7036151400755004 0.6240336005291329 0.7254037166425509 0.22795547412257333 0.5969223538529784 0.4902019960973509 0.48261880405044827 0.3339774925606048 0.1012953580175932 0.20347873092861307 0.24124873648830925 0.29919108137676703 0.6735418234395908 0.8375947434427173 0.5340992701511562 0.6060710209850391 0.5162191856305083 0.48908488722333393 0.22473034168795292 0.3885967563789665 0.2224285371262073 0.7021095963076774 0.8367432440480844 0.6024771243735124 0.6075886754300432 0.6981943969045954 0.37627327244985104 0.6932783038532212 
0.5225585158326398 0.37085202631023023 0.4289303330144244 0.05002112642174367 0.8850468568321341 0.5691989748488252 0.5937539151170182 0.4010199310211992 0.6294438867363541 0.5002011621698832 0.7073393826193524 0.712392645980306 0.5262840021642645 0.24119700205405592 0.22220818578933288 0.6865764496353297 0.022224433653803166 0.6125345474979662 0.24830951832013254 0.4337200607546965 0.534006134784927 0.8678361288559899 0.6446291982465032 0.5266177738422253 0.4245107621665138 0.5467213611056718 0.34988703309604074 0.22977970776234619 0.33478129700614684 0.43684751030970476 0.46523992667844927 0.4834309233739873 0.2589608239650121 0.40986277926753245 0.1158708832660178 0.6553496788125158 0.5921711055536797 0.4640148885134171 0.9912627266649152 0.49449075798624875 0.28678355613942036 0.5032973834919696 0.43020449408546907 0.8793592192425197 0.5006116821373721 0.5805700481292052 0.5087641783381847 0.6623584449112851 0.7258331894972212 0.647796823685445 0.06122963556803951 0.2167223254982545 0.8453867699647122 0.5132687731274748 0.2513218849996261 0.48656147565640584 0.5137382936185879 0.5543489174862951 0.6690871985848448 0.3167713681797456 0.29068578267838646 0.3597349932375846 0.18484408249857648 0.6363363082220941 
0.3641683966507386 0.521263627090619 0.05002112642174367 0.3619700129700395 0.2660251477472615 0.2167880502222193 0.14448215751618498 0.7205522326678047 0.452929434563281 0.7051315787618093 0.5309433592036998 0.5025589194283098 0.46055159929324097 0.5764771499514003 0.650462367704793 0.49053183709630416 0.6261806487188442 0.1517351836621858 0.16162854403089416 0.6183115678112852 0.6294653333835999 0.5152242355626412 0.6165433957029814 0.3964332076446019 0.6784609409370727 0.693940429536884 0.6168104469796232 0.47893786279116973 0.5636444195991421 0.6603029254648978 0.8175878093932945 0.19819025823720987 0.4148920248154701 0.6941750651971885 0.6378715671538674 0.5192474403943047 0.4136950109613902 0.5749142973167276 0.45059130309068113 0.27884189778831714 0.9036121116938587 0.7025069479563281 0.6238540260574468 0.43824277342123663 0.22436162297901968 0.6132104219382907 0.5133164643629483 0.7323877320056285 0.6219972020425442 0.8210195884726157 0.24980545916211877 0.10853029917010748 0.3305750442863663 0.55039475974709 0.47599025147277885 0.571020193423462 0.36144290165652404 0.33168306505471895 0.8885095292888383 0.337351458917447 0.45997164162121046 0.020920975035204625 0.9707530799661528 0.3946753154522868 
0.6157589787670794 0.45669646861030294 0.8850468568321341 0.2660251477472615 0.695847422948812 0.7824268914690395 0.022437350590628513 0.6072293027494509 0.2768204331200851 0.3456011698448359 0.27864616117574853 0.31901154533575654 0.8801955820502816 0.045558186913940035 0.24621994405820757 0.6719448338190989 0.4167019134578736 0.6072997579255447 0.34623689083294734 0.4615802026987851 0.6334932354861755 0.3207839108572376 0.216563134853269 0.5857951623157389 0.3738530840678751 0.8542626709001733 0.6379625557493241 0.515319181769968 0.21721722012715372 0.2592361457287268 0.5099556783970276 0.5376138510294344 0.49629904887446336 0.609785441596314 0.5949430593212974 0.6003033247531457 0.7742390184355745 0.7913726944125126 0.2746752652755623 0.46727598247131086 0.6167943060234851 0.578927178142845 0.27747463951808926 0.7532883662721243 0.731696930599507 0.7581615741936722 0.4282220486729109 0.1590515259659923 0.5813013680525491 0.7983679438968407 0.5493502979413954 0.15942283948662106 0.8383725381324092 0.40681150552827855 0.6574328207967415 0.31877465691365847 0.48752482625325366 0.6107748488684634 0.45019997172906306 0.7645937511741843 0.47149801215643017 0.5070368133709182 0.5078055130568491 0.4908750323065032 
0.5226503845693765 0.7370978924822387 0.5691989748488252 0.2167880502222193 0.7824268914690395 0.8634489794119361 0.43570281162548746 0.1722866357525787 0.8703546269827905 0.4477724020904853 0.2784280630094809 0.287942152948545 0.206021371985804 0.19969640635336977 0.36542811890785304 0.64562186580966 0.5374269105096428 0.7010311156971133 0.6880938710985363 0.34101191970878714 0.7608338560199024 0.08399811734947227 0.31684401417424735 0.6166437785145432 0.6862412244806342 0.5546856644628962 0.5894898424187591 0.760631359593628 0.889026209577494 0.4720863795394365 0.7813544806371145 0.4763070418513807 0.32822987685458854 0.19144692342344904 0.3605779167452291 0.2735863907843443 0.5057154161466733 0.8281612083451242 0.6578981449880942 0.5694431714510741 0.3493085689013171 0.9307257228823497 0.6473835097493776 0.7342385950899037 0.8255778581880235 0.8163070229302055 0.5286448865077924 0.22151258396681345 0.8830800877131129 0.5491290886429898 0.6507194133051186 0.7084228455480707 0.527463046422963 0.21556920654078165 0.8759172958319137 0.6779364989950889 0.50564745396242 0.5095194549720514 0.38028037809307286 0.718909910227187 0.5429977564538137 0.2287676075238652 0.47740483489826435 0.21298927067952605 
0.6293975832487035 0.41485583729279457 0.5937539151170182 0.14448215751618498 0.022437350590628513 0.43570281162548746 0.3465177678835184 0.5905047286708851 0.4671735294943934 0.14668445091579896 0.44860247947109366 0.5793775200677184 0.6943229434771646 0.34391920125047915 0.6365463045645895 0.48719734983131757 0.5207026110169859 0.7746826033937944 0.5485349227675129 0.6090060366782034 0.6866776445211922 0.7372188302205267 0.6170805506428938 0.77844224394597 0.045944797415327865 0.28211457473072454 0.2927715963534994 0.333321500608156 0.3088781005261606 0.3628720410069857 0.7409791075947076 0.6272402421931345 0.6205845546689805 0.3043660643790718 0.3536608904997769 0.5175108440168319 0.7196304607995166 0.49088652894356816 0.2298082990645962 0.27937976361634487 0.5743367820165586 0.4147491098746096 0.18219477655942073 0.83615909192106 0.7424055171972941 0.4485671588283408 0.13155370156767116 0.4693918961626201 0.4248426555941041 0.6171373003996714 0.4005082743776875 0.4905801621605148 0.622905678751873 0.6807317179312153 0.8007063513883785 0.4157925745224346 0.2861216772095175 0.4630225957052516 0.06670544275440066 0.836047140734789 0.8700456710421662 0.85601754043485 0.6013112192536638 0.6030940413083145 
0.5149989410322764 0.08273404765400949 0.4010199310211992 0.7205522326678047 0.6072293027494509 0.1722866357525787 0.5905047286708851 0.8823366763830179 0.5745021685538871 0.3456215532355398 0.5619439040126948 0.4923389501947233 0.6232524679390359 0.25301967883770193 0.6946408671352526 0.36194323662800443 0.4175061962113139 0.3607792055239519 0.42622467360705385 0.739818829451692 0.1809626195162113 0.36132651285736556 0.398988168993193 0.05999420535652544 0.5100467500633641 0.8746153140899109 0.6347851378005285 0.5107387917214057 0.6562737707686599 0.4470566259208681 0.6426889006118374 0.07860554130234326 0.4584916656284437 0.4917592193507407 0.828586240797484 0.40641492802379486 0.5415867655113257 0.6772501436829368 0.6934235240058704 0.7643939518355258 0.6655183108749989 0.6121117971169896 0.49749996091018395 0.528302071474672 0.6236166866575044 0.28793749707161875 0.36989210179781656 0.6757448633707123 0.23859131535126776 0.14733587971100054 0.7449024499422436 0.3802070552676725 0.23364452026784738 0.6119620558926573 0.6693303503706545 0.3649314839208132 0.40208863656326227 0.626115249373913 0.5108271454043773 0.3978902698929096 0.44530304226589734 0.558508820229048 0.9203605951090965 0.6346049211229581 
0.7640724796423948 0.4023057766763691 0.6294438867363541 0.452929434563281 0.2768204331200851 0.8703546269827905 0.4671735294943934 0.5745021685538871 0.15060966143935672 0.12295163313291607 0.7883476364670557 0.36411051259677857 0.23867619083317754 0.6658211785794854 0.9815872535868088 0.4857485471364253 0.5288308009688897 0.6970963884126564 0.40696168180827713 0.5362700864543906 0.578060232176256 0.4712893677178834 0.30813370045217053 0.47123842176826397 0.7130981332984117 0.1529133843440919 0.6921789450870128 0.5456909112714554 0.12347093664590736 0.8647380260074056 0.6458758235796653 0.4075226542489599 0.5135188091926888 0.5475237372426378 0.07495893463045339 0.6073964867465351 0.7360904358688349 0.4733367225476895 0.6359332783019688 0.3840652834425751 0.8671980798044485 0.5863667080714074 0.6727751274364835 0.2950741321674218 0.03791405040464624 0.5559781401751 0.2851648458872432 0.6665534395821153 0.32196482247748953 0.18583097595704678 0.5899463144746002 0.8909430183593852 0.4982321543755407 0.1816346931679359 0.7288749287432621 0.8074576195987098 0.3057576767230018 0.34526587422900984 0.4190102409767368 0.5256943655369484 0.11238119220045983 0.654065737733951 0.6255140539578568 0.7212976636568098 
0.3608520745437516 0.35886005370570445 0.5002011621698832 0.7051315787618093 0.3456011698448359 0.4477724020904853 0.14668445091579896 0.3456215532355398 0.12295163313291607 0.3588567668211511 0.5218953981425258 0.6373610541130237 0.5073825774551912 0.5318484170231186 0.1310254806320551 0.14651509623758419 0.6834392646086997 0.6876073609663569 0.5066785756798176 0.16266916805027237 0.47286628394838587 0.8490196101103444 0.7324729474012411 0.30553230088105876 0.2988243925661775 0.36456545987261557 0.3874647760517081 0.4509098720036951 0.4111878900735742 0.5377366807450376 0.822200973667202 0.7433019858086444 0.5784217659958326 0.5469072910503717 0.7270298241658737 0.6346089841700981 0.3460365897282255 0.22668003191549563 0.6598057198622764 0.1602673943573299 0.6075209815819644 0.8824541893902005 0.5552751813343692 0.39626845602382227 0.7256373210377459 0.3186708231669373 0.5811546239106866 0.028891772138461724 0.5911452416416327 0.5524576892374802 0.6722317724515422 0.5030185291505249 0.20578882265177745 0.09201458767584414 0.6980322814063126 0.7970539567774 0.9011828251992329 0.4886891532322746 0.701661733780481 0.6840686717158043 0.5678340317953496 0.36731464835864214 0.11437591968502792 0.8608734388004425 
0.4104621750124316 0.5898589870648561 0.7073393826193524 0.5309433592036998 0.27864616117574853 0.2784280630094809 0.44860247947109366 0.5619439040126948 0.7883476364670557 0.5218953981425258 0.31156474754012475 0.32520613926828623 0.7932614043768467 0.19342660844268184 0.07181648208144509 0.6162403921647757 0.7062506089107807 0.46722049847824115 0.3138914168305967 0.4336702012643617 0.6493718395163919 0.9125020049497252 0.40376604256429033 0.18752168838926747 0.10233341854077149 0.5644953147171272 0.4856039788451351 0.3444189964934652 0.3284218390020673 0.6012792881879964 0.8188111472357572 0.2330525665756501 0.4605596949006591 0.8300970366289746 0.5319003547360515 0.5016586373493943 0.4389528725636536 0.18901748824932085 0.5124474584471788 0.6798120034269808 0.09515690376629043 0.5453749252833735 0.4673733027401148 0.6329491413141758 0.5810741865524198 0.43603000913339457 0.8196292016002353 0.11244343281523322 0.4703399884473322 0.9277419191838672 0.11787246017407171 0.4441874617906021 0.7523635381572463 0.8610962187312805 0.5694844168392907 0.3554988324529735 0.18640078082312678 0.7086699385873674 0.6643825834940048 0.7802864131448345 0.7446973495717188 0.6426517471616642 0.7004354741086807 0.5186004397666656 
0.6480731894887368 0.726151188094624 0.712392645980306 0.5025589194283098 0.31901154533575654 0.287942152948545 0.5793775200677184 0.4923389501947233 0.36411051259677857 0.6373610541130237 0.32520613926828623 0.3092705237050092 0.4747411923282278 0.8234695258474847 0.2214368774099082 0.2746896584651583 0.5087700659307416 0.5973970367599419 0.5910794786088497 0.289811925373904 0.6193557830168528 0.48074182352835315 0.4566729395207216 0.41055890806648665 0.34106374109667026 0.31840450359322775 0.43101209965128634 0.5317881536445214 0.6117920824472651 0.3153036535075766 0.37773691520105396 0.8272909060191795 0.3125230034342061 0.6777819431214688 0.31372242950850404 0.5527407981701058 0.5192391142693789 0.4430928268352202 0.4330058018510301 0.5952068627790248 0.2082817505083932 0.48760744099767284 0.5288096434190892 0.1751635158618094 0.4164253740987597 0.23312400785940718 0.051284779256124347 0.3775711529539228 0.5080187828525848 0.5555529046464789 0.2843167654709248 0.6918199533961569 0.6480696052553414 0.6339647337401753 0.16386921326398163 0.6055680024242829 0.8005842944390019 0.5328705853294917 0.5954784432331857 0.4455293690361039 0.8501300043434656 0.4897925771255246 0.6204121242293531 0.5016231939053107 
0.7108792960709502 0.38985019079616173 0.5262840021642645 0.46055159929324097 0.8801955820502816 0.206021371985804 0.6943229434771646 0.6232524679390359 0.23867619083317754 0.5073825774551912 0.7932614043768467 0.4747411923282278 0.7167472981000909 0.1977388282101471 0.3963771575954361 0.3494290566743281 0.9538237682946249 0.9013720830319579 0.36643268061976175 0.900789454446794 0.33090161438179416 0.5713799546126419 0.769932461067932 0.3730977482460016 0.5177503667984642 0.5306937965292 0.5625823246061781 0.7012773237591515 0.35641729862136334 0.7671831173646151 0.5167830401968375 0.911334877839525 0.6311273373753385 0.6138860541609614 0.7765783915786266 0.7204610886274092 0.47305385743266076 0.5871554670366224 0.46194234310887394 0.16795903857935868 0.6807300324475691 0.49063136743961794 0.6814280663797831 0.5400255205799074 0.538697359923942 0.6975703102405294 0.6477813030157028 0.770386233884971 0.44027010438755537 0.9151695417434332 0.6187932120931792 0.9483995849785956 0.26519332593288286 0.567881178406084 0.7994461790369564 0.4226689357759348 0.4069494390532821 0.29307989779229204 0.504366764004267 0.3911865033068869 0.6954489996874098 0.37051655057972666 0.39127849238879275 0.7822824633324017 
0.2800069417473208 0.6212826615604805 0.24119700205405592 0.5764771499514003 0.045558186913940035 0.19969640635336977 0.34391920125047915 0.25301967883770193 0.6658211785794854 0.5318484170231186 0.19342660844268184 0.8234695258474847 0.1977388282101471 0.7258390466708715 0.23067693903236952 0.40567860850124315 0.31366608562284826 0.5787861421512708 0.6091173438525519 0.5757768007013648 0.527854248623048 0.2838185306090141 0.3666812271970066 0.5139218472015592 0.4181514083976805 0.3675596738671941 0.6509926427899879 0.650014122199696 0.4925590819433482 0.5274298768175025 0.6430555359519243 0.622864481873495 0.5098554251011822 0.4532660680035703 0.4162401041759146 0.7109746885799849 0.6097696545284819 0.14905178666030888 0.44555634545978823 0.4981700769488126 0.5730120296885381 0.4930791570223083 0.4039241742290406 0.1695044038480707 0.6398647211452961 0.5802985136363026 0.4530547893611071 0.40617396790892196 0.775097215655511 0.2987453980650755 0.35446731672866777 0.49096012710458337 0.8575823451115455 0.709751427096506 0.49737304071912075 0.31630927869080006 0.3975098435691728 0.5116588446281887 0.4869637424341556 0.4305263240894995 0.7471267709963632 0.22571454778784705 0.7642601927154387 0.7794013100994974 
0.515624797691201 0.60024793666468 0.22220818578933288 0.650462367704793 0.24621994405820757 0.36542811890785304 0.6365463045645895 0.6946408671352526 0.9815872535868088 0.1310254806320551 0.07181648208144509 0.2214368774099082 0.3963771575954361 0.23067693903236952 0.23036388945457786 0.6374936793061476 0.6991497284793453 0.44691637210655966 0.6911262141352128 0.6362405549175957 0.7691709251715304 0.5993183922424075 0.7121590349582816 0.5085904879760657 0.8142778082003809 0.23577012701311534 0.39462078618212904 0.6825235021941172 0.6398375789120244 0.5907139247032485 0.2782802295090759 0.42937160787447415 0.51140051500636 0.23195704663589822 0.4652080524517676 0.582638849176673 0.8648423643505865 0.5755671986145656 0.5660677736308408 0.5183028595728233 0.5194538717213759 0.5283525505162613 0.6325288472429613 0.3223178397571308 0.431572649326033 0.5412161278562465 0.6939059973235785 0.31699017216148484 0.7578485294224759 0.8523287464266784 0.6850051227105045 0.10614821511128952 0.23028514620712742 0.7017265508530677 0.3060321179303213 0.8915005185911726 0.26650779991161266 0.5938701360364391 0.7005316790766312 0.23148742108992554 0.4893714812662771 0.5546630411217437 0.6967534446050903 0.3074802483273062 
0.7321863995828102 0.8146681356585095 0.6865764496353297 0.49053183709630416 0.6719448338190989 0.64562186580966 0.48719734983131757 0.36194323662800443 0.4857485471364253 0.14651509623758419 0.6162403921647757 0.2746896584651583 0.3494290566743281 0.40567860850124315 0.6374936793061476 0.5776474995757248 0.3167246049457282 0.3436260332111997 0.46012156939791454 0.3816285101562934 0.8795270906289876 0.660944740358929 0.506754278868841 0.22236871441374684 0.8096009365865425 0.4604417484535806 0.25947276825565896 0.18737499183256567 0.5202029193613976 0.1778497641435271 0.669887997954111 0.6934366033159621 0.2715557797468736 0.31793494531778393 0.7526441360007233 0.8181175639156233 0.40114390562881613 0.4237500615166645 0.5960862496829383 0.428950196397691 0.44989604938738287 0.5976824390324966 0.9058183557565602 0.6405299095110648 0.34455456287695746 0.5448019145217262 0.9046420716368031 0.4706255891127922 0.4602245949951734 0.22635868700030104 0.2960616955490404 0.12610678961817612 0.227634351332758 0.9128275877861528 0.7196226517477616 0.2868175012892366 0.11403552221607494 0.2238698346730193 0.41822388662916327 0.8053760833337942 0.39949067948597883 0.4500231365352159 0.07400402195545325 0.5311365615965812 
0.28965047863015836 0.4765012301824303 0.022224433653803166 0.6261806487188442 0.4167019134578736 0.5374269105096428 0.5207026110169859 0.4175061962113139 0.5288308009688897 0.6834392646086997 0.7062506089107807 0.5087700659307416 0.9538237682946249 0.31366608562284826 0.6991497284793453 0.3167246049457282 0.8900979643976846 0.3385547536511607 0.11892024468366902 0.5278052959303108 0.5293954415750016 0.25786563355980063 0.6656210957959219 0.6660122069985155 0.3247104359138634 0.5755891651817993 0.8108958776056577 0.8292836763625513 0.8416934617620494 0.5353429304974371 0.35947061247570417 0.8019411169990235 0.535193781351367 0.31073154556265525 0.3964878313261611 0.2254838474248123 0.4803999759216096 0.48096298049161756 0.11645425420968142 0.35838566307403 0.651285322706974 0.5724956930337439 0.6575132421628315 0.491808487227324 0.4348006502446497 0.7181207791515801 0.5193795240130785 0.3596528313730272 0.46539075813924413 0.3738950167566741 0.1779969076911922 0.28990128561780476 0.3873150124580969 0.11850244480128314 0.6686230700288176 0.5504208296167061 0.5754848608231555 0.5057036994495852 0.261087916534004 0.23968731734465853 0.4123490805695675 0.7483504767299292 0.11914841189396891 0.650116580125055 
0.5632462020612841 0.46972011895166843 0.6125345474979662 0.1517351836621858 0.6072997579255447 0.7010311156971133 0.7746826033937944 0.3607792055239519 0.6970963884126564 0.6876073609663569 0.46722049847824115 0.5973970367599419 0.9013720830319579 0.5787861421512708 0.44691637210655966 0.3436260332111997 0.3385547536511607 0.9453404545702038 0.5586154061536779 0.4879132590356268 0.5516045378899279 0.4320461049428981 0.10211910581570044 0.5943853447380986 0.44801262749026144 0.25271029399972067 0.8874438667083433 0.5445024534635796 0.3913610870733055 0.30602427256995113 0.3425296904523763 0.6718107316387338 0.3863513453923378 0.8921274191531089 0.5612503221213936 0.3513626054804503 0.48506711165210126 0.3056941300600219 0.6267454300947871 0.2018600328260362 0.46370171431563456 0.4834968635361471 0.43208364758606216 0.5411372124991878 0.24663183876903538 0.4070901288225212 0.22326003608922435 0.712609378948232 0.3303150186770719 0.6226630681692258 0.6473023069235024 0.5132170581106459 0.7869704392932493 0.6561303370717909 0.31432123865353856 0.4880559528733833 0.719566129175031 0.3322159703512273 0.789919765113178 0.7313377214160326 0.7925545484109164 0.24064499610667867 0.6362608362275245 0.863929687799344 
0.37067705346135627 0.42589255183695973 0.24830951832013254 0.16162854403089416 0.34623689083294734 0.6880938710985363 0.5485349227675129 0.42622467360705385 0.40696168180827713 0.5066785756798176 0.3138914168305967 0.5910794786088497 0.36643268061976175 0.6091173438525519 0.6911262141352128 0.46012156939791454 0.11892024468366902 0.5586154061536779 0.43179056578289365 0.40905275145422193 0.38196074114474265 0.5492811419178389 0.47573990523398646 0.2811603790794595 0.41909982378706034 0.6357147322576608 0.5767489221165116 0.552241597202232 0.5849269683856724 0.7254382097133139 0.6280752334189657 0.48742875669783947 0.3496178552352837 0.4225488340220609 0.6487485972432427 0.4521995596913002 0.39644869548968936 0.16041172691263067 0.17274913153647753 0.4973623378407395 0.22644725258105386 0.6052192135131993 0.6959704216268684 0.4994550922250072 0.7585806076868865 0.30414589758509303 0.3529226127264992 0.5235936944198476 0.5172672097203797 0.31903750101258127 0.4397615312500866 0.520584507910536 0.5825211766829153 0.7843955147082026 0.21054461381835565 0.5568426402812416 0.5350025189012 0.09003701612329612 0.2904811099119054 0.5146786294641255 0.6881096019952028 0.513802608903789 0.32098295051208753 0.37393820166699604 
0.5888676659964519 0.476232226483596 0.4337200607546965 0.6183115678112852 0.4615802026987851 0.34101191970878714 0.6090060366782034 0.739818829451692 0.5362700864543906 0.16266916805027237 0.4336702012643617 0.289811925373904 0.900789454446794 0.5757768007013648 0.6362405549175957 0.3816285101562934 0.5278052959303108 0.4879132590356268 0.40905275145422193 0.5010802853076958 0.6926602529839339 0.8063393960712558 0.7139793364056919 0.3614176109678466 0.3516128996107134 0.3342500498452031 0.5734948183151014 0.13646235927751876 0.09320601896437047 0.7512817373365317 0.6019663933002215 0.2501415650986534 0.2518116153225087 0.5126811802948466 0.821645897791933 0.5284891143711828 0.3258403128944955 0.4806733597044955 0.6990211163974174 0.5262737532789636 0.6337282989509798 0.5719067048402203 0.6312044493907736 0.7863355944009998 0.15724872495232717 0.6290652288483803 0.5531442043536307 0.4565143936653994 0.5659920736531048 0.23748440293313766 0.6564903404329844 0.7255807673793153 0.5386191802776323 0.6750307068579205 0.5601317158458304 0.15567870393901395 0.6871297780934167 0.5909971564499839 0.4036129718808078 0.7822121900966277 0.5048786833392612 0.44836316883379107 0.7207083801042287 0.6515418525774423 
0.30294913428080883 0.38298511685079867 0.534006134784927 0.6294653333835999 0.6334932354861755 0.7608338560199024 0.6866776445211922 0.1809626195162113 0.578060232176256 0.47286628394838587 0.6493718395163919 0.6193557830168528 0.33090161438179416 0.527854248623048 0.7691709251715304 0.8795270906289876 0.5293954415750016 0.5516045378899279 0.38196074114474265 0.6926602529839339 0.17328418277429558 0.5785748538759099 0.21349998934537784 0.4180741995903712 0.4043080386173917 0.18641019283922355 0.34933274699437045 0.5393456964465811 0.9038477474675009 0.5333884269790587 0.8469566615289179 0.6795748435669544 0.38390217023140427 0.756370120410645 0.605684542808504 0.6344734409865583 0.5205261964241663 0.5827404169174493 0.5192749813338233 0.5294195389023644 0.3343532685195709 0.48876647474448515 0.6262124021431035 0.9432974334534744 0.6072667991023871 0.17336424712843612 0.273636591077364 0.5742105283683241 0.298937927255731 0.7965836757807233 0.25572451317646305 0.6726823268256685 0.4618223825703936 0.6125670479990334 0.47886685726368033 0.4942482215905869 0.4158391529947193 0.49472018585959293 0.17392595897879004 0.6145389219356996 0.18133971606960875 0.8671209033403042 0.5053331767227782 0.6007871804048792 
0.8805606910909853 0.7887498986915065 0.8678361288559899 0.5152242355626412 0.3207839108572376 0.08399811734947227 0.7372188302205267 0.36132651285736556 0.4712893677178834 0.8490196101103444 0.9125020049497252 0.48074182352835315 0.5713799546126419 0.2838185306090141 0.5993183922424075 0.660944740358929 0.25786563355980063 0.4320461049428981 0.5492811419178389 0.8063393960712558 0.5785748538759099 0.833231632551496 0.7173203400511978 0.49909327679963084 0.651634687558974 0.28432456678534324 0.5078170651600737 0.6305089340617582 0.5164188795993363 0.360664752841731 0.17269830448292262 0.7919246498638809 0.5122287379671739 0.7503798413546865 0.652859071213729 0.4346268533820638 0.13624701440620335 0.746711640946415 0.45699156031408716 0.14498097595090548 0.7117926474630698 0.4649836723515039 0.53176157698245 0.5428633866234398 0.7721100190865023 0.56677275089909 0.6416550424323351 0.7597701871975974 0.3750161833956072 0.6258473463031817 0.4023265026567104 0.5298648362911257 0.852826507135859 0.6046343009339433 0.4626202087474552 0.38879950759940735 0.6198311281996526 0.47454814542288404 0.37493175515547356 0.3094598609514555 0.3633986270079177 0.3667897920142456 0.3900035264067503 0.3602908776996879 
0.5200328216271821 0.4461121636479047 0.6446291982465032 0.6165433957029814 0.216563134853269 0.31684401417424735 0.6170805506428938 0.398988168993193 0.30813370045217053 0.7324729474012411 0.40376604256429033 0.4566729395207216 0.769932461067932 0.3666812271970066 0.7121590349582816 0.506754278868841 0.6656210957959219 0.10211910581570044 0.47573990523398646 0.7139793364056919 0.21349998934537784 0.7173203400511978 0.8824483573162405 0.2677806837690798 0.576098521731532 0.3222771655859569 0.14237832688879482 0.4514124210765964 0.592491410962191 0.12101168689569664 0.6826542032694672 0.22182972943223778 0.27419004770100436 0.5689944466099902 0.3133416868686646 0.3423540872516703 0.5893223904296014 0.7656808210763916 0.28991525769171117 0.8200557474900829 0.0804064153344844 0.5485639056628617 0.11274015947875343 0.5478735703870088 0.941028805394994 0.1950508368347167 0.6376112114194132 0.4497693751260296 0.2330118179629252 0.34369770948923667 0.44347376817711054 0.7640897226798281 0.3729688599690191 0.6241119002250398 0.9141823013402066 0.15194670598519472 0.39550166911417595 0.3186167197440687 0.5332321107495007 0.6538638094673859 0.4121957710339585 0.33520663251928884 0.6155546683357886 0.18418781559591224 
0.8343501149213655 0.8308086036496697 0.5266177738422253 0.3964332076446019 0.5857951623157389 0.6166437785145432 0.77844224394597 0.05999420535652544 0.47123842176826397 0.30553230088105876 0.18752168838926747 0.41055890806648665 0.3730977482460016 0.5139218472015592 0.5085904879760657 0.22236871441374684 0.6660122069985155 0.5943853447380986 0.2811603790794595 0.3614176109678466 0.4180741995903712 0.49909327679963084 0.2677806837690798 0.692105406783381 0.6925066928681156 0.9058322873763751 0.6519757923357887 0.5672226942084635 0.7709276811328469 0.28629338040750046 0.5241379523865095 0.28960295489414983 0.5311143764297218 0.28805217165640323 0.6625856913049434 0.934322189924075 0.743897698241296 0.29397734059343217 0.4519306751857778 0.8001071909049038 0.19057866191506584 0.7759884222034762 0.8245981831865776 0.44582825880302457 0.4457352379211608 0.6169158006570548 0.2864837913115868 0.17069524907010286 0.8848499326666714 0.46360411988571465 0.2010290779353886 0.04477718081356241 0.5874293954821632 0.4486461828894013 0.6741643375625503 0.6368998630822373 0.5878615230378319 0.2192109426440193 0.3967245582650932 0.46972143733312854 0.4413946894068588 0.43795719814144635 0.21039651108450125 0.7447360607906456 
0.36708707434301047 0.6995010320069095 0.4245107621665138 0.6784609409370727 0.3738530840678751 0.6862412244806342 0.045944797415327865 0.5100467500633641 0.7130981332984117 0.2988243925661775 0.10233341854077149 0.34106374109667026 0.5177503667984642 0.4181514083976805 0.8142778082003809 0.8096009365865425 0.3247104359138634 0.44801262749026144 0.41909982378706034 0.3516128996107134 0.4043080386173917 0.651634687558974 0.576098521731532 0.6925066928681156 0.12058712426786766 0.6134926530608005 0.29139795455081213 0.15574995673034842 0.5094223659728356 0.7484114478332784 0.9109647820354329 0.380109464198406 0.4629303907628256 0.606831570898988 0.7678289057394421 0.6828925154304815 0.8755918117504395 0.45732388799920065 0.4682049739617559 0.8456830435180331 0.4109806929025046 0.943661081428996 0.5263754565583054 0.4651965687957521 0.8846569947269689 0.24232008415601364 0.7409981441457816 0.43271440900058206 0.6347989303917059 0.1268114335418123 0.9666143277446515 0.7934448819587354 0.6033894393839117 0.5254212388162808 0.570510383344538 0.5471770135220633 0.38348078458569207 0.3663275996930876 0.8716068327500468 0.4902765109030649 0.36757734721916385 0.24144084729620063 0.2785217036222198 0.2102016415865266 
0.41870128682830604 0.40014030623474295 0.5467213611056718 0.693940429536884 0.8542626709001733 0.5546856644628962 0.28211457473072454 0.8746153140899109 0.1529133843440919 0.36456545987261557 0.5644953147171272 0.31840450359322775 0.5306937965292 0.3675596738671941 0.23577012701311534 0.4604417484535806 0.5755891651817993 0.25271029399972067 0.6357147322576608 0.3342500498452031 0.18641019283922355 0.28432456678534324 0.3222771655859569 0.9058322873763751 0.6134926530608005 0.38647163946610774 0.48347054872783385 0.5501052154298935 0.9281558197683167 0.5909910470975563 0.2975509990171414 0.5112188803742901 0.8159367413077661 0.46797683738278434 0.19774403049480344 0.6877815193776943 0.591673048052086 0.5538536988469569 0.46147108486343724 0.6255401525392772 0.2447294077508923 0.35813340400001076 0.2582466463758551 0.4551091065181838 0.40135548261572906 0.8382276989074601 0.7510670945731612 0.4767417086567382 0.2870209107305091 0.5887472391058609 0.3376106185229087 0.34837870440206825 0.3377394153095989 0.0626823053162428 0.47619620101591575 0.48572949969674845 0.539138439191768 0.765103957928328 0.6510827619944561 0.5728334989745327 0.27473674035707013 0.45803605126288005 0.4991415421843917 0.5387419019334424 
0.030066410745403227 0.490055287931374 0.34988703309604074 0.6168104469796232 0.6379625557493241 0.5894898424187591 0.2927715963534994 0.6347851378005285 0.6921789450870128 0.3874647760517081 0.4856039788451351 0.43101209965128634 0.5625823246061781 0.6509926427899879 0.39462078618212904 0.25947276825565896 0.8108958776056577 0.8874438667083433 0.5767489221165116 0.5734948183151014 0.34933274699437045 0.5078170651600737 0.14237832688879482 0.6519757923357887 0.29139795455081213 0.48347054872783385 0.15253795229003897 0.5039465105885266 0.44578734605003273 0.3083887364299431 0.38662922333912425 0.7298377539129403 0.390252928659499 0.4363505587254798 0.6549917505275064 0.5849001845833257 0.48835175645598866 0.46318816475655833 0.6841601801824424 0.6542533399234102 0.7547212228035393 0.35830017272844794 0.4288800160468513 0.19777447630038814 0.4276019712855175 0.3600419183958869 0.28864773804990923 0.4788955366100104 0.5424563883935618 0.2154753166138706 0.8928674653014074 0.5643223883152445 0.7213369584830541 0.1595254889125889 0.4305411821984916 0.422835197113395 0.6591879383506904 0.5451874510425043 0.3988230112150225 0.6711118489632804 0.41261686329454983 0.6916016629782076 0.41811848868524226 0.28235192069003706 
0.5300424640737051 0.463630609037385 0.22977970776234619 0.47893786279116973 0.515319181769968 0.760631359593628 0.333321500608156 0.5107387917214057 0.5456909112714554 0.4509098720036951 0.3444189964934652 0.5317881536445214 0.7012773237591515 0.650014122199696 0.6825235021941172 0.18737499183256567 0.8292836763625513 0.5445024534635796 0.552241597202232 0.13646235927751876 0.5393456964465811 0.6305089340617582 0.4514124210765964 0.5672226942084635 0.15574995673034842 0.5501052154298935 0.5039465105885266 0.28797626692499634 0.6902233908962504 0.5958509952136672 0.2048274719106537 0.8447881211034838 0.2879749149850256 0.5515717846836178 0.16025200606456347 0.17610905703971624 0.7344345232307923 0.3670270944435068 0.8779717939906366 0.6240892027284417 0.6314906602106607 0.6124634766779447 0.5275995810695993 0.534246838418593 0.8586119599159199 0.7398711253903546 0.36483200527457316 0.46538845070015966 0.5555653019710298 0.43792445183429396 0.6226867042689019 0.4759067236291766 0.6575972739715534 0.37508158486964294 0.7855963592408777 0.15243441518405548 0.4569060911118062 0.8967514502011149 0.14232967263822743 0.3349083635911801 0.4238068449803702 0.22297975734247039 0.6738840254500935 0.13249341784123536 
0.26184843144506526 0.7584287012356982 0.33478129700614684 0.5636444195991421 0.21721722012715372 0.889026209577494 0.3088781005261606 0.6562737707686599 0.12347093664590736 0.4111878900735742 0.3284218390020673 0.6117920824472651 0.35641729862136334 0.4925590819433482 0.6398375789120244 0.5202029193613976 0.8416934617620494 0.3913610870733055 0.5849269683856724 0.09320601896437047 0.9038477474675009 0.5164188795993363 0.592491410962191 0.7709276811328469 0.5094223659728356 0.9281558197683167 0.44578734605003273 0.6902233908962504 0.616489821000971 0.8858002551049066 0.5370313856419843 0.4362807655938269 0.5038939074200193 0.4809524088613429 0.5457996763884809 0.6330830514345471 0.6828997867990474 0.553723423397324 0.9098486494887192 0.568181149974412 0.47509614628649993 0.07095229440542561 0.6000898755717858 0.5070306212898603 0.6012759469730826 0.6674725925182521 0.4549994783508722 0.40112940045203965 0.695327144107675 0.11766113910262421 0.5295614604229189 0.6397488090109438 0.29588113411778827 0.49249477569937955 0.5244140043975478 0.43899245811494947 0.6055220843822812 0.5088039646996435 0.6179425340264513 0.6922322463756496 0.5236605660289946 0.3320390325126152 0.1040884420489484 0.4274690284749046 
0.888569217876201 0.5034588096994113 0.43684751030970476 0.6603029254648978 0.2592361457287268 0.4720863795394365 0.3628720410069857 0.4470566259208681 0.8647380260074056 0.5377366807450376 0.6012792881879964 0.3153036535075766 0.7671831173646151 0.5274298768175025 0.5907139247032485 0.1778497641435271 0.5353429304974371 0.30602427256995113 0.7254382097133139 0.7512817373365317 0.5333884269790587 0.360664752841731 0.12101168689569664 0.28629338040750046 0.7484114478332784 0.5909910470975563 0.3083887364299431 0.5958509952136672 0.8858002551049066 0.5877442339587946 0.9033523922920549 0.7611543837994179 0.3542423379049429 0.8860371146964967 0.43976327798168935 0.5722641939639869 0.8908063871573304 0.4797195134033537 0.7283765064632117 0.8826851133964377 0.5471842354691385 0.8088340204137485 0.6200755145885165 0.6213338588589752 0.5020767459524881 0.4265937735045227 0.580434920404669 0.6961638994075158 0.5366157152053388 0.2999856796582499 0.2893373804578617 0.3561336525738693 0.9249399225178256 0.8272428340166018 0.6942930381318198 0.6000225788233813 0.4410884526571461 0.44397213016713766 0.8305554111286733 0.6326776296343194 0.33282914921052115 0.4146253692888731 0.7166603160241187 0.7755020178626938 
0.6535634263115331 0.5729725138120783 0.46523992667844927 0.8175878093932945 0.5099556783970276 0.7813544806371145 0.7409791075947076 0.6426889006118374 0.6458758235796653 0.822200973667202 0.8188111472357572 0.37773691520105396 0.5167830401968375 0.6430555359519243 0.2782802295090759 0.669887997954111 0.35947061247570417 0.3425296904523763 0.6280752334189657 0.6019663933002215 0.8469566615289179 0.17269830448292262 0.6826542032694672 0.5241379523865095 0.9109647820354329 0.2975509990171414 0.38662922333912425 0.2048274719106537 0.5370313856419843 0.9033523922920549 0.603697101397631 0.6564827168573159 0.7792574073290828 0.2798117173842359 0.6266900874287736 0.7940033031102831 0.03444290445966308 0.33092979686014456 0.41294567912109964 0.5654495618064013 0.6814733869313345 0.15795363571432713 0.641194870922299 0.3934355756274167 0.1918593295822097 0.5306816136549544 0.20789468068631145 0.5524839169364636 0.40989352720887473 0.5403118531238008 0.34233004420042856 0.8615253210549918 0.088874674299458 0.37678966245432827 0.5937216196712379 0.39545359685205134 0.6299801797291187 0.5603572400713861 0.6740364108991168 0.6552202902004883 0.47563705781306614 0.5375171492868298 0.212901668341702 0.5044623469805726 
0.5190420374711298 0.82687940861936 0.4834309233739873 0.19819025823720987 0.5376138510294344 0.4763070418513807 0.6272402421931345 0.07860554130234326 0.4075226542489599 0.7433019858086444 0.2330525665756501 0.8272909060191795 0.911334877839525 0.622864481873495 0.42937160787447415 0.6934366033159621 0.8019411169990235 0.6718107316387338 0.48742875669783947 0.2501415650986534 0.6795748435669544 0.7919246498638809 0.22182972943223778 0.28960295489414983 0.380109464198406 0.5112188803742901 0.7298377539129403 0.8447881211034838 0.4362807655938269 0.7611543837994179 0.6564827168573159 0.4217684557866338 0.5906099599204937 0.716012573608283 0.5187283770623361 0.24630902009319028 0.577453147533834 0.6343357078855275 0.7901017241914537 0.43935635502460274 0.5454421832230545 0.73384395240273 0.12887404496567728 0.3610613663642273 0.7281968698448615 0.4899326700643981 0.8838572127039865 0.5059340445424165 0.8459163207919274 0.7140039259686743 0.5214729470781327 0.5283393099795165 0.5529233931362187 0.055646970233899196 0.1653055052782324 0.24696824286814428 0.371836294184445 0.49794868886007615 0.6612060926170698 0.3363748926691864 0.48660150270070934 0.5572757815862474 0.42154902071717615 0.7347561464527353 
0.6211213900237605 0.8321252346269131 0.2589608239650121 0.4148920248154701 0.49629904887446336 0.32822987685458854 0.6205845546689805 0.4584916656284437 0.5135188091926888 0.5784217659958326 0.4605596949006591 0.3125230034342061 0.6311273373753385 0.5098554251011822 0.51140051500636 0.2715557797468736 0.535193781351367 0.3863513453923378 0.3496178552352837 0.2518116153225087 0.38390217023140427 0.5122287379671739 0.27419004770100436 0.5311143764297218 0.4629303907628256 0.8159367413077661 0.390252928659499 0.2879749149850256 0.5038939074200193 0.3542423379049429 0.7792574073290828 0.5906099599204937 0.6928370458895945 0.544971281952418 0.5128484070257542 0.7739311969905516 0.6568321393999861 0.6561890890456497 0.31637956833979797 0.3425925527954599 0.3758490560850311 0.5551963793236221 0.40073516099602247 0.7388176964815614 0.29540872298476717 0.5205175766982675 0.44954873759928815 0.8062352075208725 0.2558718300691824 0.4169154155707713 0.6596377621378327 0.2335908398111577 0.3589856460933861 0.6496738990755605 0.273517606319869 0.5365996008181497 0.8311717033803407 0.4093361912218968 0.7546856361156615 0.5404683328874169 0.5878500985605366 0.28319986749737286 0.3141063396735363 0.675863064818073 
0.39649034435898567 0.6432681131962583 0.40986277926753245 0.6941750651971885 0.609785441596314 0.19144692342344904 0.3043660643790718 0.4917592193507407 0.5475237372426378 0.5469072910503717 0.8300970366289746 0.6777819431214688 0.6138860541609614 0.4532660680035703 0.23195704663589822 0.31793494531778393 0.31073154556265525 0.8921274191531089 0.4225488340220609 0.5126811802948466 0.756370120410645 0.7503798413546865 0.5689944466099902 0.28805217165640323 0.606831570898988 0.46797683738278434 0.4363505587254798 0.5515717846836178 0.4809524088613429 0.8860371146964967 0.2798117173842359 0.716012573608283 0.544971281952418 0.6437969399530866 0.24310325267844818 0.9071045046910284 0.12219731824299213 0.32781398034209563 0.4430082400414986 0.4519792906695391 0.6485435672926076 0.2565497510387886 0.5161123491385078 0.3037089920566795 0.7864332790036375 0.4613042948904921 0.9076215383749237 0.4281494381398233 0.9039168761646155 0.1707600500199143 0.5750269693210543 0.17269208107334427 0.42084796725753426 0.632426068621232 0.4808700357293188 0.27146808273170225 0.6760761090714296 0.5080704581582385 0.38627367598718765 0.7919102777123109 0.6197526540734808 0.5617419957640872 0.3312486885751843 0.4668935835986066 
0.5544409506526212 0.7600702780093828 0.1158708832660178 0.6378715671538674 0.5949430593212974 0.3605779167452291 0.3536608904997769 0.828586240797484 0.07495893463045339 0.7270298241658737 0.5319003547360515 0.31372242950850404 0.7765783915786266 0.4162401041759146 0.4652080524517676 0.7526441360007233 0.3964878313261611 0.5612503221213936 0.6487485972432427 0.821645897791933 0.605684542808504 0.652859071213729 0.3133416868686646 0.6625856913049434 0.7678289057394421 0.19774403049480344 0.6549917505275064 0.16025200606456347 0.5457996763884809 0.43976327798168935 0.6266900874287736 0.5187283770623361 0.5128484070257542 0.24310325267844818 0.23264611365458276 0.6360676464937964 0.38562384853361503 0.46887431958865905 0.43264553782842624 0.5461293755144576 0.4799418702857818 0.5750327317414186 0.5384708279100068 0.5587723622145604 0.7066651589900247 0.3615073230987534 0.29124427232116085 0.6713258668015917 0.5558245087085567 0.18711602051702436 0.23225655247997018 0.6346910779274471 0.46570266115037046 0.5872134298726246 0.8413940389717671 0.5565291406786494 0.3922796130876938 0.2300955603399884 0.5611146680848245 0.721552644408872 0.7840328108171253 0.1772040048262402 0.3088755424099848 0.5104900286871106 
0.7949593694976613 0.5451975309832449 0.6553496788125158 0.5192474403943047 0.6003033247531457 0.2735863907843443 0.5175108440168319 0.40641492802379486 0.6073964867465351 0.6346089841700981 0.5016586373493943 0.5527407981701058 0.7204610886274092 0.7109746885799849 0.582638849176673 0.8181175639156233 0.2254838474248123 0.3513626054804503 0.4521995596913002 0.5284891143711828 0.6344734409865583 0.4346268533820638 0.3423540872516703 0.934322189924075 0.6828925154304815 0.6877815193776943 0.5849001845833257 0.17610905703971624 0.6330830514345471 0.5722641939639869 0.7940033031102831 0.24630902009319028 0.7739311969905516 0.9071045046910284 0.6360676464937964 0.551764972641285 0.72956516953695 0.2970627129657128 0.7650808718513226 0.5468724017206812 0.8039154781736603 0.5100221511002837 0.8949178320961981 0.33609777990993095 0.18266918259888082 0.4867011515531924 0.4738028160861893 0.8151272344662605 0.5282732403793808 0.26024446212841434 0.2593759394360832 0.38685481637204633 0.17635564127636016 0.8024154403464501 0.5764909671437873 0.5195462807212679 0.5472191024282617 0.9080808367078418 0.5825425227081155 0.7288343714631662 0.3437629254364288 0.46794243769874083 0.6670255929980387 0.350650840593374 
0.43016553970449734 0.7036151400755004 0.5921711055536797 0.4136950109613902 0.7742390184355745 0.5057154161466733 0.7196304607995166 0.5415867655113257 0.7360904358688349 0.3460365897282255 0.4389528725636536 0.5192391142693789 0.47305385743266076 0.6097696545284819 0.8648423643505865 0.40114390562881613 0.4803999759216096 0.48506711165210126 0.39644869548968936 0.3258403128944955 0.5205261964241663 0.13624701440620335 0.5893223904296014 0.743897698241296 0.8755918117504395 0.591673048052086 0.48835175645598866 0.7344345232307923 0.6828997867990474 0.8908063871573304 0.03444290445966308 0.577453147533834 0.6568321393999861 0.12219731824299213 0.38562384853361503 0.72956516953695 0.7436656412512549 0.47695610637763153 0.46733915852909297 0.039583481338489324 0.7836223610315501 0.43515013219985926 0.27644933919384745 0.7813826545240954 0.3478272746974685 0.4132148574917055 0.841518324774887 0.4405392027777509 0.5272000940953536 0.7478588647346933 0.5908300585605213 0.46416651521738655 0.6741560135563767 0.29861839926540673 0.12106464852962023 0.7453405505038487 0.5539619777587628 0.7332223458734268 0.22100386159406005 0.544847939791426 0.09835875201068539 0.48115792905091603 0.8612570708265674 0.8510953780182293 
0.6471430245572167 0.6240336005291329 0.4640148885134171 0.5749142973167276 0.7913726944125126 0.8281612083451242 0.49088652894356816 0.6772501436829368 0.4733367225476895 0.22668003191549563 0.18901748824932085 0.4430928268352202 0.5871554670366224 0.14905178666030888 0.5755671986145656 0.4237500615166645 0.48096298049161756 0.3056941300600219 0.16041172691263067 0.4806733597044955 0.5827404169174493 0.746711640946415 0.7656808210763916 0.29397734059343217 0.45732388799920065 0.5538536988469569 0.46318816475655833 0.3670270944435068 0.553723423397324 0.4797195134033537 0.33092979686014456 0.6343357078855275 0.6561890890456497 0.32781398034209563 0.46887431958865905 0.2970627129657128 0.47695610637763153 0.22175330822649242 0.4410578806858548 0.19935397941732408 0.5954623352273094 0.7369075118145698 0.3750946755609005 0.19849763840425427 0.7419175249684821 0.453348066161368 0.9651968947342392 0.10721053386771212 0.5791620754477185 0.3538738357450319 0.15472945326264714 0.33824037657873 0.13860749678512785 0.31468462323999075 0.5309169305809197 0.17490200586745652 0.374026576843339 0.21465732448547908 0.7249793915156206 0.4006544699157019 0.4801558609753871 0.8295839798035598 0.4296760146142623 0.27219625161486477 
0.0671306577094431 0.7254037166425509 0.9912627266649152 0.45059130309068113 0.2746752652755623 0.6578981449880942 0.2298082990645962 0.6934235240058704 0.6359332783019688 0.6598057198622764 0.5124474584471788 0.4330058018510301 0.46194234310887394 0.44555634545978823 0.5660677736308408 0.5960862496829383 0.11645425420968142 0.6267454300947871 0.17274913153647753 0.6990211163974174 0.5192749813338233 0.45699156031408716 0.28991525769171117 0.4519306751857778 0.4682049739617559 0.46147108486343724 0.6841601801824424 0.8779717939906366 0.9098486494887192 0.7283765064632117 0.41294567912109964 0.7901017241914537 0.31637956833979797 0.4430082400414986 0.43264553782842624 0.7650808718513226 0.46733915852909297 0.4410578806858548 0.05727788250387811 0.608766601453381 0.2941504269629049 0.48239806816361813 0.6227317911762388 0.45226132945484826 0.311236565483234 0.2514122270135653 0.6336579527528344 0.18494779009893703 0.33092986348163816 0.3944873166386095 0.24761001800281035 0.3936175858751872 0.26082280835353067 0.4865891245398828 0.5957231884557426 0.6445411257324043 0.3509997514162405 0.3264247595520842 0.5980487560284977 0.5142475052151074 0.2752363012994123 0.5353737135282917 0.6138862333568609 0.753884378316213 
0.8007081803537532 0.22795547412257333 0.49449075798624875 0.27884189778831714 0.46727598247131086 0.5694431714510741 0.27937976361634487 0.7643939518355258 0.3840652834425751 0.1602673943573299 0.6798120034269808 0.5952068627790248 0.16795903857935868 0.4981700769488126 0.5183028595728233 0.428950196397691 0.35838566307403 0.2018600328260362 0.4973623378407395 0.5262737532789636 0.5294195389023644 0.14498097595090548 0.8200557474900829 0.8001071909049038 0.8456830435180331 0.6255401525392772 0.6542533399234102 0.6240892027284417 0.568181149974412 0.8826851133964377 0.5654495618064013 0.43935635502460274 0.3425925527954599 0.4519792906695391 0.5461293755144576 0.5468724017206812 0.039583481338489324 0.19935397941732408 0.608766601453381 0.16314892903587586 0.603839489524701 0.6771360810720112 0.845041974526644 0.3825893949069972 0.22158304157697678 0.7899823397071049 0.12475870975372982 0.8108659786879566 0.4493152148219657 0.370333980617556 0.38154943322594737 0.2603768254138737 0.4549777622695113 0.32332114224407493 0.310122042355101 0.28838216614180867 0.32858830856173793 0.5930636196388188 0.5414519120025157 0.6718765196242038 0.37260596108900984 0.4729660270215163 0.8046556928822253 0.22497052663595363 
0.4080653683744007 0.5969223538529784 0.28678355613942036 0.9036121116938587 0.6167943060234851 0.3493085689013171 0.5743367820165586 0.6655183108749989 0.8671980798044485 0.6075209815819644 0.09515690376629043 0.2082817505083932 0.6807300324475691 0.5730120296885381 0.5194538717213759 0.44989604938738287 0.651285322706974 0.46370171431563456 0.22644725258105386 0.6337282989509798 0.3343532685195709 0.7117926474630698 0.0804064153344844 0.19057866191506584 0.4109806929025046 0.2447294077508923 0.7547212228035393 0.6314906602106607 0.47509614628649993 0.5471842354691385 0.6814733869313345 0.5454421832230545 0.3758490560850311 0.6485435672926076 0.4799418702857818 0.8039154781736603 0.7836223610315501 0.5954623352273094 0.2941504269629049 0.603839489524701 0.6577792538369828 0.5388945395144265 0.23433488031557764 0.5811619116428894 0.3475198210382407 0.36207624505964653 0.6063868704034605 0.5673229674604737 0.5950142758948367 0.8576534391081657 0.8315055610551461 0.858122293014677 0.6938830385510635 0.6474416691085103 0.43231009928017106 0.29194398769351115 0.6455486611677701 0.17014687631624192 0.4271376491889693 0.5095557359831895 0.34717544265868866 0.4774682660074753 0.2877685075801701 0.3808366073688694 
0.6450678789767608 0.4902019960973509 0.5032973834919696 0.7025069479563281 0.578927178142845 0.9307257228823497 0.4147491098746096 0.6121117971169896 0.5863667080714074 0.8824541893902005 0.5453749252833735 0.48760744099767284 0.49063136743961794 0.4930791570223083 0.5283525505162613 0.5976824390324966 0.5724956930337439 0.4834968635361471 0.6052192135131993 0.5719067048402203 0.48876647474448515 0.4649836723515039 0.5485639056628617 0.7759884222034762 0.943661081428996 0.35813340400001076 0.35830017272844794 0.6124634766779447 0.07095229440542561 0.8088340204137485 0.15795363571432713 0.73384395240273 0.5551963793236221 0.2565497510387886 0.5750327317414186 0.5100221511002837 0.43515013219985926 0.7369075118145698 0.48239806816361813 0.6771360810720112 0.5388945395144265 0.8274686880881459 0.6104766644071324 0.443149852765243 0.8741628469544775 0.6262485338591959 0.8485842149347447 0.7075250623473772 0.5604389816913609 0.582923320408913 0.369364780293774 0.36033130331077584 0.4369770825872379 0.479630901749054 0.5601291803702355 0.8239168904704333 0.4222845682137648 0.5429185993856254 0.8515514753947337 0.733400837126051 0.6646570062797961 0.7741800153571566 0.66814667321788 0.7907511476596798 
0.3267370125884294 0.48261880405044827 0.43020449408546907 0.6238540260574468 0.27747463951808926 0.6473835097493776 0.18219477655942073 0.49749996091018395 0.6727751274364835 0.5552751813343692 0.4673733027401148 0.5288096434190892 0.6814280663797831 0.4039241742290406 0.6325288472429613 0.9058183557565602 0.6575132421628315 0.43208364758606216 0.6959704216268684 0.6312044493907736 0.6262124021431035 0.53176157698245 0.11274015947875343 0.8245981831865776 0.5263754565583054 0.2582466463758551 0.4288800160468513 0.5275995810695993 0.6000898755717858 0.6200755145885165 0.641194870922299 0.12887404496567728 0.40073516099602247 0.5161123491385078 0.5384708279100068 0.8949178320961981 0.27644933919384745 0.3750946755609005 0.6227317911762388 0.845041974526644 0.23433488031557764 0.6104766644071324 0.050690891768839896 0.18395173873025805 0.3571617420942206 0.4146109175419962 0.5907174719220124 0.8404898302595747 0.6186570196256547 0.7210640111692276 0.7527901212592369 0.48038003802287454 0.5551363815404153 0.7810303986353466 0.33303642346743206 0.8742043657424621 0.5524708445351926 0.5424751530946275 0.4737795370647966 0.753203590533464 0.3624730812765678 0.42344988243023546 0.2528625138219529 0.382350879248299 
0.29268458185074087 0.3339774925606048 0.8793592192425197 0.43824277342123663 0.7532883662721243 0.7342385950899037 0.83615909192106 0.528302071474672 0.2950741321674218 0.39626845602382227 0.6329491413141758 0.1751635158618094 0.5400255205799074 0.1695044038480707 0.3223178397571308 0.6405299095110648 0.491808487227324 0.5411372124991878 0.4994550922250072 0.7863355944009998 0.9432974334534744 0.5428633866234398 0.5478735703870088 0.44582825880302457 0.4651965687957521 0.4551091065181838 0.19777447630038814 0.534246838418593 0.5070306212898603 0.6213338588589752 0.3934355756274167 0.3610613663642273 0.7388176964815614 0.3037089920566795 0.5587723622145604 0.33609777990993095 0.7813826545240954 0.19849763840425427 0.45226132945484826 0.3825893949069972 0.5811619116428894 0.443149852765243 0.18395173873025805 0.6180127905223483 0.9160521673947123 0.6938238175434197 0.5655819675503616 0.6845923657487791 0.8124377944576802 0.6050061548291138 0.686760371015187 0.4336947011901243 0.7021614553802307 0.7276581102393791 0.44081345447924686 0.7383253546854144 0.8011003700093793 0.867807031179328 0.18576209697665402 0.36532619556056184 0.7580512031532551 0.5851968931347697 0.9398581139746315 0.822033160053653 
0.8185680178495883 0.1012953580175932 0.5006116821373721 0.22436162297901968 0.731696930599507 0.8255778581880235 0.7424055171972941 0.6236166866575044 0.03791405040464624 0.7256373210377459 0.5810741865524198 0.4164253740987597 0.538697359923942 0.6398647211452961 0.431572649326033 0.34455456287695746 0.4348006502446497 0.24663183876903538 0.7585806076868865 0.15724872495232717 0.6072667991023871 0.7721100190865023 0.941028805394994 0.4457352379211608 0.8846569947269689 0.40135548261572906 0.4276019712855175 0.8586119599159199 0.6012759469730826 0.5020767459524881 0.1918593295822097 0.7281968698448615 0.29540872298476717 0.7864332790036375 0.7066651589900247 0.18266918259888082 0.3478272746974685 0.7419175249684821 0.311236565483234 0.22158304157697678 0.3475198210382407 0.8741628469544775 0.3571617420942206 0.9160521673947123 0.274725207971411 0.543114505631801 0.4789638672897377 0.4672001210491406 0.4465691938318238 0.6505771630032238 0.1341832073508541 0.24626739968970462 0.9360442300660292 0.4198320743431952 0.44741277687707987 0.44287926206485523 0.5494771298661714 0.6598719052913785 0.5968741639322636 0.48249821861801406 0.7969333410787585 0.3141185875821282 0.6165680017462349 0.5437050173397644 
0.4461730221732237 0.20347873092861307 0.5805700481292052 0.6132104219382907 0.7581615741936722 0.8163070229302055 0.4485671588283408 0.28793749707161875 0.5559781401751 0.3186708231669373 0.43603000913339457 0.23312400785940718 0.6975703102405294 0.5802985136363026 0.5412161278562465 0.5448019145217262 0.7181207791515801 0.4070901288225212 0.30414589758509303 0.6290652288483803 0.17336424712843612 0.56677275089909 0.1950508368347167 0.6169158006570548 0.24232008415601364 0.8382276989074601 0.3600419183958869 0.7398711253903546 0.6674725925182521 0.4265937735045227 0.5306816136549544 0.4899326700643981 0.5205175766982675 0.4613042948904921 0.3615073230987534 0.4867011515531924 0.4132148574917055 0.453348066161368 0.2514122270135653 0.7899823397071049 0.36207624505964653 0.6262485338591959 0.4146109175419962 0.6938238175434197 0.543114505631801 0.2960815244331282 0.7973612655364123 0.4967502372265982 0.3152769000300863 0.5608353151178084 0.3286628919470911 0.3896312769631885 0.8404770255474652 0.2536320774867137 0.7292465150136106 0.4835688865517317 0.724460195540674 0.12149532454957507 0.4464152741620019 0.6587719738618641 0.4538463510218071 0.49081036200334155 0.44232278094703176 0.7378894519736774 
0.45922254397890266 0.24124873648830925 0.5087641783381847 0.5133164643629483 0.4282220486729109 0.5286448865077924 0.13155370156767116 0.36989210179781656 0.2851648458872432 0.5811546239106866 0.8196292016002353 0.051284779256124347 0.6477813030157028 0.4530547893611071 0.6939059973235785 0.9046420716368031 0.5193795240130785 0.22326003608922435 0.3529226127264992 0.5531442043536307 0.273636591077364 0.6416550424323351 0.6376112114194132 0.2864837913115868 0.7409981441457816 0.7510670945731612 0.28864773804990923 0.36483200527457316 0.4549994783508722 0.580434920404669 0.20789468068631145 0.8838572127039865 0.44954873759928815 0.9076215383749237 0.29124427232116085 0.4738028160861893 0.841518324774887 0.9651968947342392 0.6336579527528344 0.12475870975372982 0.6063868704034605 0.8485842149347447 0.5907174719220124 0.5655819675503616 0.4789638672897377 0.7973612655364123 0.5246636865017342 0.6627318279307032 0.7356340166958744 0.06701265309378107 0.39518556315628767 0.38699717365110076 0.3049902415183243 0.3096698895764088 0.9695903947273596 0.9069514546173815 0.2625323599247379 0.3689424921253361 0.4682432002414543 0.5409102957600286 0.677880475402754 0.23814685144406794 0.38180885366220835 0.6516676541976145 
0.17605639470561124 0.29919108137676703 0.6623584449112851 0.7323877320056285 0.1590515259659923 0.22151258396681345 0.4693918961626201 0.6757448633707123 0.6665534395821153 0.028891772138461724 0.11244343281523322 0.3775711529539228 0.770386233884971 0.40617396790892196 0.31699017216148484 0.4706255891127922 0.3596528313730272 0.712609378948232 0.5235936944198476 0.4565143936653994 0.5742105283683241 0.7597701871975974 0.4497693751260296 0.17069524907010286 0.43271440900058206 0.4767417086567382 0.4788955366100104 0.46538845070015966 0.40112940045203965 0.6961638994075158 0.5524839169364636 0.5059340445424165 0.8062352075208725 0.4281494381398233 0.6713258668015917 0.8151272344662605 0.4405392027777509 0.10721053386771212 0.18494779009893703 0.8108659786879566 0.5673229674604737 0.7075250623473772 0.8404898302595747 0.6845923657487791 0.4672001210491406 0.4967502372265982 0.6627318279307032 0.14605405097194013 0.4461067522576234 0.42434070600025864 0.8388716490329986 0.20671989514552003 0.38840621528111546 0.9095579395041581 0.6128344603115736 0.4648513529778522 0.33481301296708554 0.6253409789971204 0.8174567896928018 0.4837775121190716 0.25955539002743766 0.27767284980852236 0.7520942047876089 0.7603881580380663 
0.226479244955113 0.6735418234395908 0.7258331894972212 0.6219972020425442 0.5813013680525491 0.8830800877131129 0.4248426555941041 0.23859131535126776 0.32196482247748953 0.5911452416416327 0.4703399884473322 0.5080187828525848 0.44027010438755537 0.775097215655511 0.7578485294224759 0.4602245949951734 0.46539075813924413 0.3303150186770719 0.5172672097203797 0.5659920736531048 0.298937927255731 0.3750161833956072 0.2330118179629252 0.8848499326666714 0.6347989303917059 0.2870209107305091 0.5424563883935618 0.5555653019710298 0.695327144107675 0.5366157152053388 0.40989352720887473 0.8459163207919274 0.2558718300691824 0.9039168761646155 0.5558245087085567 0.5282732403793808 0.5272000940953536 0.5791620754477185 0.33092986348163816 0.4493152148219657 0.5950142758948367 0.5604389816913609 0.6186570196256547 0.8124377944576802 0.4465691938318238 0.3152769000300863 0.7356340166958744 0.4461067522576234 0.4249854219378735 0.5331591230283284 0.4172524988827416 0.6780449833688842 0.18882850439254695 0.42077680327451 0.7587059272023076 0.32963798386210763 0.5280964749531118 0.522499275282809 0.756601003615681 0.5195557056343886 0.3453613162376258 0.363914214431599 0.3813832446404288 0.3741357325466482 
0.38751031808972985 0.8375947434427173 0.647796823685445 0.8210195884726157 0.7983679438968407 0.5491290886429898 0.6171373003996714 0.14733587971100054 0.18583097595704678 0.5524576892374802 0.9277419191838672 0.5555529046464789 0.9151695417434332 0.2987453980650755 0.8523287464266784 0.22635868700030104 0.3738950167566741 0.6226630681692258 0.31903750101258127 0.23748440293313766 0.7965836757807233 0.6258473463031817 0.34369770948923667 0.46360411988571465 0.1268114335418123 0.5887472391058609 0.2154753166138706 0.43792445183429396 0.11766113910262421 0.2999856796582499 0.5403118531238008 0.7140039259686743 0.4169154155707713 0.1707600500199143 0.18711602051702436 0.26024446212841434 0.7478588647346933 0.3538738357450319 0.3944873166386095 0.370333980617556 0.8576534391081657 0.582923320408913 0.7210640111692276 0.6050061548291138 0.6505771630032238 0.5608353151178084 0.06701265309378107 0.42434070600025864 0.5331591230283284 0.3300117134068691 0.5068820619026757 0.14944611122643076 0.5521461240308143 0.6653297268041097 0.4156135620665335 0.2728542966235207 0.8510171268420437 0.2757360153872445 0.4048445986426946 0.6014093883800935 0.4724202673284126 0.5398135348955155 0.4713278401046607 0.844655707803869 
0.3692132037836321 0.5340992701511562 0.06122963556803951 0.24980545916211877 0.5493502979413954 0.6507194133051186 0.4005082743776875 0.7449024499422436 0.5899463144746002 0.6722317724515422 0.11787246017407171 0.2843167654709248 0.6187932120931792 0.35446731672866777 0.6850051227105045 0.2960616955490404 0.1779969076911922 0.6473023069235024 0.4397615312500866 0.6564903404329844 0.25572451317646305 0.4023265026567104 0.44347376817711054 0.2010290779353886 0.9666143277446515 0.3376106185229087 0.8928674653014074 0.6226867042689019 0.5295614604229189 0.2893373804578617 0.34233004420042856 0.5214729470781327 0.6596377621378327 0.5750269693210543 0.23225655247997018 0.2593759394360832 0.5908300585605213 0.15472945326264714 0.24761001800281035 0.38154943322594737 0.8315055610551461 0.369364780293774 0.7527901212592369 0.686760371015187 0.1341832073508541 0.3286628919470911 0.39518556315628767 0.8388716490329986 0.4172524988827416 0.5068820619026757 0.48379754554725873 0.2358943181335223 0.5691485050725953 0.4414955711360882 0.2492745862193051 0.8450817598151823 0.5128997909590801 0.5215048749011347 0.22717767219789747 0.6025252271754349 0.42031884199725905 0.47030011512440173 0.7639460457437763 0.5122416791381328 
0.6029991126603189 0.6060710209850391 0.2167223254982545 0.10853029917010748 0.15942283948662106 0.7084228455480707 0.4905801621605148 0.3802070552676725 0.8909430183593852 0.5030185291505249 0.4441874617906021 0.6918199533961569 0.9483995849785956 0.49096012710458337 0.10614821511128952 0.12610678961817612 0.28990128561780476 0.5132170581106459 0.520584507910536 0.7255807673793153 0.6726823268256685 0.5298648362911257 0.7640897226798281 0.04477718081356241 0.7934448819587354 0.34837870440206825 0.5643223883152445 0.4759067236291766 0.6397488090109438 0.3561336525738693 0.8615253210549918 0.5283393099795165 0.2335908398111577 0.17269208107334427 0.6346910779274471 0.38685481637204633 0.46416651521738655 0.33824037657873 0.3936175858751872 0.2603768254138737 0.858122293014677 0.36033130331077584 0.48038003802287454 0.4336947011901243 0.24626739968970462 0.3896312769631885 0.38699717365110076 0.20671989514552003 0.6780449833688842 0.14944611122643076 0.2358943181335223 0.8789361979192633 0.7875265945576456 0.4758599799845021 0.40559305942856183 0.46904443012529945 0.756814237114066 0.5770515834388763 0.5032960017001894 0.21426056466454202 0.8665183854452396 0.2906650489522906 0.5449481811252662 0.31196791084729864 
0.6819304852248972 0.5162191856305083 0.8453867699647122 0.3305750442863663 0.8383725381324092 0.527463046422963 0.622905678751873 0.23364452026784738 0.4982321543755407 0.20578882265177745 0.7523635381572463 0.6480696052553414 0.26519332593288286 0.8575823451115455 0.23028514620712742 0.227634351332758 0.3873150124580969 0.7869704392932493 0.5825211766829153 0.5386191802776323 0.4618223825703936 0.852826507135859 0.3729688599690191 0.5874293954821632 0.6033894393839117 0.3377394153095989 0.7213369584830541 0.6575972739715534 0.29588113411778827 0.9249399225178256 0.088874674299458 0.5529233931362187 0.3589856460933861 0.42084796725753426 0.46570266115037046 0.17635564127636016 0.6741560135563767 0.13860749678512785 0.26082280835353067 0.4549777622695113 0.6938830385510635 0.4369770825872379 0.5551363815404153 0.7021614553802307 0.9360442300660292 0.8404770255474652 0.3049902415183243 0.38840621528111546 0.18882850439254695 0.5521461240308143 0.5691485050725953 0.7875265945576456 0.07885497543012787 0.705111626460124 0.925908180517466 0.28151295940724036 0.16511807926019217 0.4865653003995304 0.23930413198415196 0.711154766126751 0.47787132923744546 0.38821174067428615 0.391727253913841 0.4069361443409354 
0.5028201906751428 0.48908488722333393 0.5132687731274748 0.55039475974709 0.40681150552827855 0.21556920654078165 0.6807317179312153 0.6119620558926573 0.1816346931679359 0.09201458767584414 0.8610962187312805 0.6339647337401753 0.567881178406084 0.709751427096506 0.7017265508530677 0.9128275877861528 0.11850244480128314 0.6561303370717909 0.7843955147082026 0.6750307068579205 0.6125670479990334 0.6046343009339433 0.6241119002250398 0.4486461828894013 0.5254212388162808 0.0626823053162428 0.1595254889125889 0.37508158486964294 0.49249477569937955 0.8272428340166018 0.37678966245432827 0.055646970233899196 0.6496738990755605 0.632426068621232 0.5872134298726246 0.8024154403464501 0.29861839926540673 0.31468462323999075 0.4865891245398828 0.32332114224407493 0.6474416691085103 0.479630901749054 0.7810303986353466 0.7276581102393791 0.4198320743431952 0.2536320774867137 0.3096698895764088 0.9095579395041581 0.42077680327451 0.6653297268041097 0.4414955711360882 0.4758599799845021 0.705111626460124 0.23779011081356094 0.8816202200910572 0.8019206337544584 0.5786033071036505 0.3354878985402631 0.6225886141102663 0.5202087492656862 0.5659885558023279 0.6775846216905286 0.30331417417043666 0.3466900006876699 
0.18753108290056475 0.22473034168795292 0.2513218849996261 0.47599025147277885 0.6574328207967415 0.8759172958319137 0.8007063513883785 0.6693303503706545 0.7288749287432621 0.6980322814063126 0.5694844168392907 0.16386921326398163 0.7994461790369564 0.49737304071912075 0.3060321179303213 0.7196226517477616 0.6686230700288176 0.31432123865353856 0.21054461381835565 0.5601317158458304 0.47886685726368033 0.4626202087474552 0.9141823013402066 0.6741643375625503 0.570510383344538 0.47619620101591575 0.4305411821984916 0.7855963592408777 0.5244140043975478 0.6942930381318198 0.5937216196712379 0.1653055052782324 0.273517606319869 0.4808700357293188 0.8413940389717671 0.5764909671437873 0.12106464852962023 0.5309169305809197 0.5957231884557426 0.310122042355101 0.43231009928017106 0.5601291803702355 0.33303642346743206 0.44081345447924686 0.44741277687707987 0.7292465150136106 0.9695903947273596 0.6128344603115736 0.7587059272023076 0.4156135620665335 0.2492745862193051 0.40559305942856183 0.925908180517466 0.8816202200910572 0.49552845658185374 0.7301885236469565 0.44652697829266147 0.5697940181925161 0.5575599846713427 0.30268160106009095 0.4343971988864686 0.8815832992554703 0.7723824110558144 0.4759129223421427 
0.6743523534407826 0.3885967563789665 0.48656147565640584 0.571020193423462 0.31877465691365847 0.6779364989950889 0.4157925745224346 0.3649314839208132 0.8074576195987098 0.7970539567774 0.3554988324529735 0.6055680024242829 0.4226689357759348 0.31630927869080006 0.8915005185911726 0.2868175012892366 0.5504208296167061 0.4880559528733833 0.5568426402812416 0.15567870393901395 0.4942482215905869 0.38879950759940735 0.15194670598519472 0.6368998630822373 0.5471770135220633 0.48572949969674845 0.422835197113395 0.15243441518405548 0.43899245811494947 0.6000225788233813 0.39545359685205134 0.24696824286814428 0.5365996008181497 0.27146808273170225 0.5565291406786494 0.5195462807212679 0.7453405505038487 0.17490200586745652 0.6445411257324043 0.28838216614180867 0.29194398769351115 0.8239168904704333 0.8742043657424621 0.7383253546854144 0.44287926206485523 0.4835688865517317 0.9069514546173815 0.4648513529778522 0.32963798386210763 0.2728542966235207 0.8450817598151823 0.46904443012529945 0.28151295940724036 0.8019206337544584 0.7301885236469565 0.13888949640041537 0.4641748030855176 0.5413903861892808 0.6241339942033135 0.5520154088012397 0.38684295377129035 0.42226470994401527 0.6282679385558657 0.17302565650567836 
0.35673752678609727 0.2224285371262073 0.5137382936185879 0.36144290165652404 0.48752482625325366 0.50564745396242 0.2861216772095175 0.40208863656326227 0.3057576767230018 0.9011828251992329 0.18640078082312678 0.8005842944390019 0.4069494390532821 0.3975098435691728 0.26650779991161266 0.11403552221607494 0.5754848608231555 0.719566129175031 0.5350025189012 0.6871297780934167 0.4158391529947193 0.6198311281996526 0.39550166911417595 0.5878615230378319 0.38348078458569207 0.539138439191768 0.6591879383506904 0.4569060911118062 0.6055220843822812 0.4410884526571461 0.6299801797291187 0.371836294184445 0.8311717033803407 0.6760761090714296 0.3922796130876938 0.5472191024282617 0.5539619777587628 0.374026576843339 0.3509997514162405 0.32858830856173793 0.6455486611677701 0.4222845682137648 0.5524708445351926 0.8011003700093793 0.5494771298661714 0.724460195540674 0.2625323599247379 0.33481301296708554 0.5280964749531118 0.8510171268420437 0.5128997909590801 0.756814237114066 0.16511807926019217 0.5786033071036505 0.44652697829266147 0.4641748030855176 0.2184502028171511 0.2522480721995473 0.27871309639528546 0.7014585073280717 0.505887216446538 0.4020680676341496 0.8044090819966261 0.6192022920769786 
0.7550175763450073 0.7021095963076774 0.5543489174862951 0.33168306505471895 0.6107748488684634 0.5095194549720514 0.4630225957052516 0.626115249373913 0.34526587422900984 0.4886891532322746 0.7086699385873674 0.5328705853294917 0.29307989779229204 0.5116588446281887 0.5938701360364391 0.2238698346730193 0.5057036994495852 0.3322159703512273 0.09003701612329612 0.5909971564499839 0.49472018585959293 0.47454814542288404 0.3186167197440687 0.2192109426440193 0.3663275996930876 0.765103957928328 0.5451874510425043 0.8967514502011149 0.5088039646996435 0.44397213016713766 0.5603572400713861 0.49794868886007615 0.4093361912218968 0.5080704581582385 0.2300955603399884 0.9080808367078418 0.7332223458734268 0.21465732448547908 0.3264247595520842 0.5930636196388188 0.17014687631624192 0.5429185993856254 0.5424751530946275 0.867807031179328 0.6598719052913785 0.12149532454957507 0.3689424921253361 0.6253409789971204 0.522499275282809 0.2757360153872445 0.5215048749011347 0.5770515834388763 0.4865653003995304 0.3354878985402631 0.5697940181925161 0.5413903861892808 0.2522480721995473 0.8691247757929143 0.693569978350255 0.6306960638694794 0.33425727304436476 0.6208750898926564 0.4435328302685312 0.5271113207892036 
0.3692521276421243 0.8367432440480844 0.6690871985848448 0.8885095292888383 0.45019997172906306 0.38028037809307286 0.06670544275440066 0.5108271454043773 0.4190102409767368 0.701661733780481 0.6643825834940048 0.5954784432331857 0.504366764004267 0.4869637424341556 0.7005316790766312 0.41822388662916327 0.261087916534004 0.789919765113178 0.2904811099119054 0.4036129718808078 0.17392595897879004 0.37493175515547356 0.5332321107495007 0.3967245582650932 0.8716068327500468 0.6510827619944561 0.3988230112150225 0.14232967263822743 0.6179425340264513 0.8305554111286733 0.6740364108991168 0.6612060926170698 0.7546856361156615 0.38627367598718765 0.5611146680848245 0.5825425227081155 0.22100386159406005 0.7249793915156206 0.5980487560284977 0.5414519120025157 0.4271376491889693 0.8515514753947337 0.4737795370647966 0.18576209697665402 0.5968741639322636 0.4464152741620019 0.4682432002414543 0.8174567896928018 0.756601003615681 0.4048445986426946 0.22717767219789747 0.5032960017001894 0.23930413198415196 0.6225886141102663 0.5575599846713427 0.6241339942033135 0.27871309639528546 0.693569978350255 0.28001695434115303 0.5613421118201007 0.5081096190009384 0.6011655261109831 0.4375450218866719 0.4707226394601466 
0.6569160405295416 0.6024771243735124 0.3167713681797456 0.337351458917447 0.7645937511741843 0.718909910227187 0.836047140734789 0.3978902698929096 0.5256943655369484 0.6840686717158043 0.7802864131448345 0.4455293690361039 0.3911865033068869 0.4305263240894995 0.23148742108992554 0.8053760833337942 0.23968731734465853 0.7313377214160326 0.5146786294641255 0.7822121900966277 0.6145389219356996 0.3094598609514555 0.6538638094673859 0.46972143733312854 0.4902765109030649 0.5728334989745327 0.6711118489632804 0.3349083635911801 0.6922322463756496 0.6326776296343194 0.6552202902004883 0.3363748926691864 0.5404683328874169 0.7919102777123109 0.721552644408872 0.7288343714631662 0.544847939791426 0.4006544699157019 0.5142475052151074 0.6718765196242038 0.5095557359831895 0.733400837126051 0.753203590533464 0.36532619556056184 0.48249821861801406 0.6587719738618641 0.5409102957600286 0.4837775121190716 0.5195557056343886 0.6014093883800935 0.6025252271754349 0.21426056466454202 0.711154766126751 0.5202087492656862 0.30268160106009095 0.5520154088012397 0.7014585073280717 0.6306960638694794 0.5613421118201007 0.26495812699273014 0.619690548178482 0.15553746523167256 0.1633443737758366 0.153862141680858 
0.10429181009449395 0.6075886754300432 0.29068578267838646 0.45997164162121046 0.47149801215643017 0.5429977564538137 0.8700456710421662 0.44530304226589734 0.11238119220045983 0.5678340317953496 0.7446973495717188 0.8501300043434656 0.6954489996874098 0.7471267709963632 0.4893714812662771 0.39949067948597883 0.4123490805695675 0.7925545484109164 0.6881096019952028 0.5048786833392612 0.18133971606960875 0.3633986270079177 0.4121957710339585 0.4413946894068588 0.36757734721916385 0.27473674035707013 0.41261686329454983 0.4238068449803702 0.5236605660289946 0.33282914921052115 0.47563705781306614 0.48660150270070934 0.5878500985605366 0.6197526540734808 0.7840328108171253 0.3437629254364288 0.09835875201068539 0.4801558609753871 0.2752363012994123 0.37260596108900984 0.34717544265868866 0.6646570062797961 0.3624730812765678 0.7580512031532551 0.7969333410787585 0.4538463510218071 0.677880475402754 0.25955539002743766 0.3453613162376258 0.4724202673284126 0.42031884199725905 0.8665183854452396 0.47787132923744546 0.5659885558023279 0.4343971988864686 0.38684295377129035 0.505887216446538 0.33425727304436476 0.5081096190009384 0.619690548178482 0.74104702244017 0.549425607355039 0.20963385954466252 0.7325211149681365 
0.2650671907019432 0.6981943969045954 0.3597349932375846 0.020920975035204625 0.5070368133709182 0.2287676075238652 0.85601754043485 0.558508820229048 0.654065737733951 0.36731464835864214 0.6426517471616642 0.4897925771255246 0.37051655057972666 0.22571454778784705 0.5546630411217437 0.4500231365352159 0.7483504767299292 0.24064499610667867 0.513802608903789 0.44836316883379107 0.8671209033403042 0.3667897920142456 0.33520663251928884 0.43795719814144635 0.24144084729620063 0.45803605126288005 0.6916016629782076 0.22297975734247039 0.3320390325126152 0.4146253692888731 0.5375171492868298 0.5572757815862474 0.28319986749737286 0.5617419957640872 0.1772040048262402 0.46794243769874083 0.48115792905091603 0.8295839798035598 0.5353737135282917 0.4729660270215163 0.4774682660074753 0.7741800153571566 0.42344988243023546 0.5851968931347697 0.3141185875821282 0.49081036200334155 0.23814685144406794 0.27767284980852236 0.363914214431599 0.5398135348955155 0.47030011512440173 0.2906650489522906 0.38821174067428615 0.6775846216905286 0.8815832992554703 0.42226470994401527 0.4020680676341496 0.6208750898926564 0.6011655261109831 0.15553746523167256 0.549425607355039 0.8394993905526238 0.5072301254237884 0.5390525636803294 
0.03201117964212463 0.37627327244985104 0.18484408249857648 0.9707530799661528 0.5078055130568491 0.47740483489826435 0.6013112192536638 0.9203605951090965 0.6255140539578568 0.11437591968502792 0.7004354741086807 0.6204121242293531 0.39127849238879275 0.7642601927154387 0.6967534446050903 0.07400402195545325 0.11914841189396891 0.6362608362275245 0.32098295051208753 0.7207083801042287 0.5053331767227782 0.3900035264067503 0.6155546683357886 0.21039651108450125 0.2785217036222198 0.4991415421843917 0.41811848868524226 0.6738840254500935 0.1040884420489484 0.7166603160241187 0.212901668341702 0.42154902071717615 0.3141063396735363 0.3312486885751843 0.3088755424099848 0.6670255929980387 0.8612570708265674 0.4296760146142623 0.6138862333568609 0.8046556928822253 0.2877685075801701 0.66814667321788 0.2528625138219529 0.9398581139746315 0.6165680017462349 0.44232278094703176 0.38180885366220835 0.7520942047876089 0.3813832446404288 0.4713278401046607 0.7639460457437763 0.5449481811252662 0.391727253913841 0.30331417417043666 0.7723824110558144 0.6282679385558657 0.8044090819966261 0.4435328302685312 0.4375450218866719 0.1633443737758366 0.20963385954466252 0.5072301254237884 0.024361337655118942 0.46772695482659055 
0.52344007471841 0.6932783038532212 0.6363363082220941 0.3946753154522868 0.4908750323065032 0.21298927067952605 0.6030940413083145 0.6346049211229581 0.7212976636568098 0.8608734388004425 0.5186004397666656 0.5016231939053107 0.7822824633324017 0.7794013100994974 0.3074802483273062 0.5311365615965812 0.650116580125055 0.863929687799344 0.37393820166699604 0.6515418525774423 0.6007871804048792 0.3602908776996879 0.18418781559591224 0.7447360607906456 0.2102016415865266 0.5387419019334424 0.28235192069003706 0.13249341784123536 0.4274690284749046 0.7755020178626938 0.5044623469805726 0.7347561464527353 0.675863064818073 0.4668935835986066 0.5104900286871106 0.350650840593374 0.8510953780182293 0.27219625161486477 0.753884378316213 0.22497052663595363 0.3808366073688694 0.7907511476596798 0.382350879248299 0.822033160053653 0.5437050173397644 0.7378894519736774 0.6516676541976145 0.7603881580380663 0.3741357325466482 0.844655707803869 0.5122416791381328 0.31196791084729864 0.4069361443409354 0.3466900006876699 0.4759129223421427 0.17302565650567836 0.6192022920769786 0.5271113207892036 0.4707226394601466 0.153862141680858 0.7325211149681365 0.5390525636803294 0.46772695482659055 0.20202815316181566 