32
61 49 60 57 22 76 45 1 61 38 92 11 35 99 7 84 95 80 74 22 96 75 17 72 46 74 63 86 63 44 80 67 
74 79 3 61 62 83 23 49 26 15 14 59 98 64 45 75 93 4 14 72 75 14 94 95 54 1 100 4 28 49 73 83 
30 62 85 63 96 15 99 23 9 85 29 50 94 93 57 2 15 27 21 78 78 41 34 16 30 76 84 89 20 87 94 96 
79 72 92 36 16 65 84 88 19 9 50 4 66 40 3 21 80 27 73 69 4 40 88 12 15 56 1 50 65 5 65 61 
20 9 11 26 71 11 62 67 55 81 62 17 87 57 97 51 77 68 66 56 37 42 70 95 5 61 97 88 3 55 83 67 
88 42 91 9 39 63 46 65 50 44 29 70 22 93 15 70 65 80 53 18 92 61 38 77 27 94 11 6 46 75 1 27 
21 48 23 16 44 3 25 69 34 15 12 69 32 37 53 95 66 7 72 67 49 64 79 10 67 27 26 66 37 62 9 73 
38 9 6 61 44 88 96 35 7 49 31 47 76 7 61 31 80 64 18 40 63 77 81 16 65 44 57 47 33 68 7 75 
22 99 24 75 64 62 4 11 44 30 13 56 81 73 82 8 88 15 96 66 26 67 94 57 4 85 18 49 6 45 97 56 
66 21 34 73 52 19 61 16 64 22 50 43 88 15 34 13 78 81 63 72 42 87 33 44 95 71 19 20 84 32 41 51 
44 50 14 83 30 34 95 31 88 52 17 85 98 25 2 28 11 96 95 16 44 31 90 33 10 50 42 52 91 42 100 57 
71 28 95 52 74 95 58 25 24 60 7 62 17 40 50 67 32 11 54 70 90 55 87 65 100 82 96 82 62 31 18 56 
8 96 31 18 8 33 35 76 58 1 49 13 61 66 21 59 59 12 33 57 12 71 59 65 45 48 80 5 50 48 40 23 
56 24 1 57 89 96 32 41 66 82 97 18 16 85 15 47 42 80 60 26 49 94 54 72 43 45 90 91 3 88 23 55 
37 78 20 96 67 33 95 50 24 23 52 60 1 12 67 24 85 42 33 67 85 13 91 60 49 71 25 3 21 45 90 45 
100 55 92 78 26 83 93 89 13 46 6 89 56 14 100 30 31 5 84 89 78 65 46 14 66 73 22 84 44 83 7 59 
96 100 84 79 3 21 40 7 84 68 47 96 47 32 20 71 17 30 42 97 95 64 48 78 87 68 96 9 72 85 93 14 
69 94 55 77 70 29 73 2 99 69 81 97 35 43 46 24 94 54 29 89 78 54 59 6 12 30 26 93 22 5 25 20 
40 44 12 94 92 90 38 90 57 31 59 36 83 43 67 93 32 75 60 57 67 34 39 81 29 45 77 55 59 67 4 35 
17 82 46 38 14 97 45 56 99 65 25 66 86 17 66 41 11 3 85 10 3 85 57 23 84 84 79 2 48 17 39 32 
93 53 7 18 86 16 9 7 46 55 7 70 96 7 13 17 87 77 19 39 14 26 44 20 1 59 42 99 40 94 73 22 
89 5 79 43 59 79 62 30 15 5 34 64 22 52 8 42 5 44 70 13 89 52 78 56 59 54 24 38 20 34 81 86 
62 10 34 39 48 23 80 15 2 69 56 100 37 91 53 92 70 23 30 9 64 84 63 18 21 19 71 44 13 60 40 83 
98 18 34 70 84 3 80 57 47 71 20 7 79 19 42 13 20 77 20 45 43 47 25 100 99 100 2 51 19 97 18 14 
47 77 98 46 78 9 45 35 53 27 70 56 27 92 44 86 73 33 23 53 94 5 17 32 5 44 75 27 40 25 24 69 
72 52 88 46 73 40 5 74 48 44 11 57 33 7 40 34 99 89 80 46 94 11 4 54 85 68 3 17 87 38 34 20 
92 82 81 32 98 70 58 37 76 60 71 80 52 28 87 11 37 50 22 92 48 73 37 92 63 13 86 8 8 8 71 84 
61 57 94 55 74 29 76 39 23 24 29 34 82 39 5 43 37 41 25 84 82 22 86 16 34 54 78 81 43 42 92 46 
17 15 74 2 26 63 5 46 78 52 3 49 52 20 89 90 73 31 87 27 48 1 38 29 37 17 36 55 40 16 50 81 
87 88 87 30 49 37 86 47 43 90 42 78 7 33 53 100 36 80 2 61 72 73 58 32 5 19 90 35 32 55 53 79 
76 57 49 20 50 91 64 98 36 42 46 70 19 29 70 90 79 45 82 10 50 70 64 21 66 59 94 65 43 2 10 40 
94 62 6 77 73 36 98 62 15 12 26 51 25 35 64 41 36 29 2 71 89 2 94 58 33 40 39 49 22 99 76 50 
104 128 139 25 143 75 55 75 71 79 68 119 50 109 149 84 96 84 84 142 51 53 128 111 94 54 91 91 74 35 112 173 
128 126 131 169 95 45 149 94 113 99 145 133 139 85 150 31 114 47 165 70 74 130 105 43 96 101 54 76 124 88 122 112 
139 131 176 90 58 149 144 56 61 108 91 153 109 57 135 12 98 112 177 88 142 91 74 25 123 39 87 125 121 145 45 61 
25 169 90 106 153 66 138 159 136 103 32 121 94 121 5 24 127 93 181 27 156 136 101 181 89 157 105 110 118 110 53 93 
143 95 58 153 106 76 18 159 114 41 125 159 115 98 97 125 54 177 114 14 3 132 103 41 145 117 133 64 56 71 93 108 
75 45 149 66 76 48 96 87 49 194 64 177 145 174 36 188 175 103 138 54 108 56 149 98 81 114 149 112 58 125 21 128 
55 149 144 138 18 96 66 91 95 77 74 138 97 161 103 116 108 127 102 149 95 54 62 90 109 131 106 161 138 131 123 188 
75 94 56 159 159 87 91 196 97 121 186 156 50 104 107 86 19 99 31 136 76 114 162 81 180 55 136 42 156 75 45 105 
71 113 61 136 114 49 95 97 140 126 115 106 143 86 154 126 170 50 111 95 65 138 108 67 125 134 111 167 103 83 122 121 
79 99 108 103 41 194 77 121 126 104 122 108 66 165 101 26 119 74 140 159 104 101 97 172 195 114 77 125 118 99 24 142 
68 145 91 32 125 64 74 186 115 122 172 103 68 125 89 25 39 107 34 142 109 71 134 41 89 156 129 25 142 138 127 113 
119 133 153 121 159 177 138 156 106 108 103 32 57 101 82 94 81 75 134 126 87 101 45 144 132 167 176 86 123 54 77 136 
50 139 109 94 115 145 97 50 143 66 68 57 176 89 197 37 187 42 113 21 65 94 97 141 120 20 32 160 86 57 150 155 
109 85 57 121 98 174 161 104 86 165 125 101 89 96 130 170 140 90 61 152 122 132 54 109 179 52 123 31 99 64 89 51 
149 150 135 5 97 36 103 107 154 101 89 82 197 130 24 126 102 137 103 96 22 58 120 122 54 122 121 74 79 136 170 86 
84 31 12 24 125 188 116 86 126 26 25 94 37 170 126 150 6 71 129 107 61 49 180 36 188 92 140 30 181 86 104 103 
96 114 98 127 54 175 108 19 170 119 39 81 187 140 102 6 46 108 133 98 88 80 142 142 77 108 89 126 175 31 87 137 
84 47 112 93 177 103 127 99 50 74 107 75 42 90 137 71 108 30 79 129 107 152 52 58 54 75 101 183 114 188 18 168 
84 165 177 181 114 138 102 31 111 140 34 134 113 61 103 129 133 79 140 160 46 110 91 159 57 91 92 106 78 62 102 69 
142 70 88 27 14 54 149 136 95 159 142 126 21 152 96 107 98 129 160 90 194 44 180 115 103 103 147 145 149 84 99 156 
51 74 142 156 3 108 95 76 65 104 109 87 65 122 22 61 88 107 46 194 86 64 55 162 90 116 81 85 51 113 117 142 
53 130 91 136 132 56 54 114 138 101 71 101 94 132 58 49 80 152 110 44 64 150 83 120 122 58 73 57 111 72 133 96 
128 105 74 101 103 149 62 162 108 97 134 45 97 54 120 180 142 52 91 180 55 83 78 79 50 91 64 98 86 46 76 83 
111 43 25 181 41 98 90 81 67 172 41 144 141 109 122 36 142 58 159 115 162 120 79 58 19 109 57 173 25 127 162 87 
94 96 123 89 145 81 109 180 125 195 89 132 120 179 54 188 77 54 57 103 90 122 50 19 24 175 42 28 120 161 125 113 
54 101 39 157 117 114 131 55 134 114 156 167 20 52 122 92 108 75 91 103 116 58 91 109 175 82 149 152 63 152 44 165 
91 54 87 105 133 149 106 136 111 77 129 176 32 123 121 140 89 101 92 147 81 73 64 57 42 149 92 107 60 18 103 97 
91 76 125 110 64 112 161 42 167 125 25 86 160 31 74 30 126 183 106 145 85 57 98 173 28 152 107 32 108 89 15 62 
74 124 121 118 56 58 138 156 103 118 142 123 86 99 79 181 175 114 78 149 51 111 86 25 120 63 60 108 26 100 136 65 
35 88 145 110 71 125 131 75 83 99 138 54 57 64 136 86 31 188 62 84 113 72 46 127 161 152 18 89 100 50 47 66 
112 122 45 53 93 21 123 45 122 24 127 77 150 89 170 104 87 18 102 99 117 133 76 162 125 44 103 15 136 47 34 183 
173 112 61 93 108 128 188 105 121 142 113 136 155 51 86 103 137 168 69 156 142 96 83 87 113 165 97 62 65 66 183 16 