64 5.282393263079785 58.508147761274586 450 12586
12 29 63 25 11 33 21 80 54 5 45 14 8 27 58 27 17 21 57 51 26 6 15 3 36 32 62 33 33 55 94 82 48 94 10 49 4 82 13 40 36 38 13 26 70 36 88 98 67 73 19 51 80 93 14 8 32 38 27 28 69 29 24 88 
35 96 68 40 35 81 69 30 32 67 58 83 55 56 38 79 11 84 43 88 27 35 70 74 33 9 91 25 50 30 9 44 45 16 66 34 74 5 48 34 43 31 5 43 59 37 41 35 73 15 82 98 73 91 78 49 72 51 86 86 88 5 85 18 
23 95 70 67 80 40 46 66 10 68 99 61 18 3 19 32 56 75 35 54 50 97 93 42 51 38 12 61 24 36 8 51 48 53 23 55 99 70 99 21 71 8 64 29 8 54 36 90 71 31 86 13 64 19 34 90 88 61 90 20 91 29 80 58 
89 23 18 83 58 61 17 43 61 29 18 100 70 43 97 8 81 37 52 95 91 81 99 57 69 22 62 68 3 2 47 73 77 55 100 84 65 50 39 92 45 84 62 56 84 92 86 24 70 88 9 50 53 34 14 74 9 42 79 68 38 78 88 21 
37 3 44 65 44 53 34 15 87 42 84 55 2 62 70 17 66 72 7 100 54 65 26 60 4 44 59 74 92 29 18 82 24 97 96 48 32 7 62 71 76 84 99 19 86 22 67 17 17 31 49 27 23 99 30 78 24 9 24 23 37 39 27 100 
23 57 20 92 88 30 7 74 30 77 91 40 73 16 3 38 96 92 27 77 35 71 63 75 10 44 91 44 76 39 66 34 6 27 99 92 38 4 6 27 61 72 73 82 36 84 26 2 11 37 89 49 34 45 83 80 83 81 10 59 20 55 17 54 
3 75 25 84 15 35 59 38 14 6 62 98 60 61 8 19 55 32 56 85 23 14 64 65 95 59 73 93 91 3 80 11 59 5 13 2 73 39 91 7 46 21 7 81 21 3 30 16 20 90 19 77 46 48 40 44 44 69 45 77 66 1 68 91 
55 72 76 66 32 94 71 92 76 79 37 73 27 30 95 35 31 37 28 9 38 81 50 34 81 42 26 100 40 13 35 44 1 76 47 74 92 51 78 95 6 64 99 87 80 23 78 74 43 99 55 84 67 25 52 90 67 46 8 19 78 13 52 55 
35 88 5 28 83 57 36 39 6 60 55 21 40 20 56 95 68 28 45 75 33 52 87 19 70 52 72 71 49 96 56 15 84 93 71 82 44 28 50 3 92 98 26 82 27 28 88 50 57 59 91 72 82 25 61 60 18 10 54 62 71 14 27 34 
91 26 61 16 71 48 29 14 33 25 64 80 23 41 8 77 69 13 54 44 93 18 3 96 31 21 29 49 72 55 36 64 90 1 57 91 73 80 84 84 48 48 38 61 95 86 90 60 46 81 16 87 59 97 95 31 24 32 20 13 50 27 60 26 
85 39 18 62 55 31 64 88 67 15 75 77 63 3 84 18 35 2 99 22 3 90 18 88 48 69 99 12 18 69 55 47 69 16 64 65 67 41 79 44 81 9 36 29 10 49 23 47 44 42 49 57 13 91 77 41 82 9 35 10 41 38 59 77 
32 15 61 38 56 29 93 43 87 11 66 27 60 45 43 61 74 23 70 83 47 44 12 96 82 95 70 13 33 82 17 72 49 31 44 43 83 36 42 78 33 84 78 93 16 64 24 84 32 8 79 59 78 66 66 88 6 16 22 77 77 17 61 68 
29 79 43 33 60 80 76 91 7 65 7 71 98 87 19 9 81 80 47 33 64 17 80 8 65 76 52 15 65 62 42 76 42 31 25 52 37 85 49 89 31 56 6 83 89 54 16 2 100 12 12 98 57 61 23 88 75 64 84 49 50 3 95 87 
76 3 83 80 22 78 80 58 44 39 69 65 12 94 52 32 8 100 65 52 20 54 13 21 1 55 81 99 15 38 83 27 84 94 39 66 5 61 96 72 59 19 58 42 19 77 98 27 56 72 71 64 3 90 2 15 78 52 48 69 35 81 80 29 
53 68 23 3 35 59 64 13 62 7 23 35 93 37 78 42 91 14 52 4 39 6 38 77 65 15 60 69 46 60 23 34 42 76 5 45 57 99 17 3 45 26 24 78 67 8 95 34 1 49 6 35 96 84 60 19 3 2 1 93 85 83 21 7 
61 77 25 17 60 50 55 79 14 9 35 12 35 58 13 89 85 64 44 7 73 86 89 19 92 63 8 74 89 53 51 63 76 72 4 27 2 31 43 55 32 81 14 18 58 30 91 27 14 95 34 95 80 25 99 76 8 7 33 48 3 43 59 64 
50 21 86 64 61 59 9 87 92 8 78 32 9 18 7 32 77 46 27 41 6 91 90 19 68 46 30 62 66 76 39 57 18 27 32 57 95 80 49 93 36 49 47 96 69 80 90 71 39 10 97 65 56 28 3 26 58 34 4 77 67 78 25 10 
79 13 59 93 41 31 99 97 78 94 70 29 16 92 16 75 61 36 66 73 24 51 20 91 34 36 97 90 91 67 9 3 87 92 56 47 38 3 12 12 5 43 6 83 21 44 83 20 75 34 66 83 3 84 53 23 45 66 54 63 14 95 31 85 
61 77 12 8 54 40 77 25 8 98 59 7 53 68 36 65 66 32 29 79 57 21 85 33 58 47 13 5 13 80 65 43 56 70 96 2 27 1 47 15 82 28 85 95 67 32 3 31 67 86 10 62 78 54 62 45 44 41 52 57 31 18 24 9 
76 89 67 16 25 56 61 58 3 77 76 96 42 83 92 91 40 18 95 40 33 70 70 88 4 20 3 76 81 76 47 5 74 20 10 74 82 35 52 99 41 84 72 29 29 19 26 60 46 88 91 12 59 18 53 21 89 24 86 10 20 11 47 70 
32 65 61 92 76 28 54 30 72 72 67 71 98 61 29 89 92 54 6 81 29 94 7 52 32 78 28 93 68 20 21 58 23 18 44 19 92 85 88 57 90 61 99 86 51 92 14 65 34 39 78 61 63 40 23 91 6 8 17 67 29 48 32 75 
20 13 73 56 86 84 69 86 85 31 60 100 49 18 98 48 77 38 12 96 99 89 76 97 25 65 18 71 46 62 58 67 86 14 67 87 2 34 11 67 13 76 42 21 86 51 77 5 71 57 43 48 26 9 89 62 85 17 58 10 43 90 75 99 
55 8 56 19 30 33 22 62 62 60 33 80 1 37 9 69 79 99 55 33 88 13 30 22 10 77 92 73 69 11 36 52 71 27 55 96 46 28 72 88 31 88 32 27 100 88 91 56 77 92 27 59 56 24 18 48 43 60 76 29 60 88 50 69 
54 78 55 18 76 36 38 52 87 32 98 62 37 2 8 19 64 96 76 49 59 67 29 11 62 74 79 45 76 22 34 91 67 88 30 69 71 21 78 38 100 76 98 22 49 41 14 88 33 53 69 98 70 75 90 84 18 49 10 12 60 46 16 28 
68 45 5 33 72 46 61 16 8 100 61 32 98 86 49 75 31 59 73 70 25 34 82 21 35 59 49 17 100 94 17 66 12 1 69 43 16 45 9 17 53 53 62 13 28 98 11 68 80 63 96 21 66 15 79 38 99 15 52 60 6 43 16 34 
36 13 42 85 20 86 41 50 92 61 18 10 61 43 37 69 12 24 48 25 32 31 5 100 33 88 6 49 33 78 28 67 68 68 10 86 57 49 34 38 53 91 95 75 46 65 77 48 83 76 81 41 21 3 87 41 51 37 43 47 12 81 56 22 
20 51 90 9 69 36 70 48 45 49 88 13 84 49 87 98 44 13 2 2 2 61 37 54 74 20 43 35 56 64 93 81 57 12 56 57 26 77 96 70 37 27 57 17 91 28 31 64 35 78 21 5 92 2 2 82 80 72 10 59 62 95 98 5 
67 49 84 43 95 97 56 3 33 27 98 27 94 13 59 1 29 3 28 99 75 73 73 83 97 40 98 74 45 11 30 78 82 92 40 51 18 67 71 20 86 74 33 99 32 83 34 26 7 47 73 70 67 66 74 6 44 1 80 94 4 55 48 19 
38 77 97 6 98 33 16 40 41 45 37 23 14 5 42 45 80 34 54 59 70 100 32 53 95 14 40 93 31 31 12 89 35 9 33 25 93 27 11 12 17 49 47 63 93 40 99 93 73 50 12 12 11 41 91 91 97 14 67 87 55 69 69 58 
36 66 10 86 81 54 46 47 43 95 69 60 12 59 81 69 12 57 85 17 82 50 99 28 47 95 40 34 99 48 99 24 6 55 81 45 88 94 32 76 89 42 85 80 100 99 47 29 75 56 23 5 38 74 28 53 94 13 46 69 81 74 25 49 
85 12 73 6 23 62 92 95 63 10 54 71 47 78 62 23 30 82 35 2 7 86 16 43 70 64 14 91 15 50 95 68 91 96 16 67 49 94 45 20 54 11 16 35 92 70 45 49 27 11 56 50 93 50 89 64 34 85 93 61 14 29 67 45 
91 26 13 40 22 63 63 26 79 69 16 7 20 8 34 81 40 56 91 34 36 63 23 49 57 8 7 59 99 78 5 73 70 30 82 52 35 20 50 37 41 29 12 68 29 81 26 41 5 96 18 72 99 29 81 79 66 40 48 55 31 82 64 66 
73 57 23 36 11 24 45 45 23 46 15 71 64 99 74 7 41 68 99 100 14 66 58 46 16 86 11 46 50 79 30 73 40 7 4 61 13 51 47 28 36 49 5 88 37 94 42 94 33 48 57 60 10 22 63 33 97 73 66 48 22 53 65 97 
86 72 22 80 96 42 2 19 71 6 5 98 55 7 11 93 2 92 41 45 31 17 79 30 54 70 98 47 81 62 40 10 41 81 73 53 36 23 83 36 13 15 68 12 6 99 80 37 33 20 84 81 64 99 34 8 74 100 17 47 88 4 45 71 
92 50 89 69 67 55 40 66 73 76 91 47 93 17 69 63 88 9 36 98 55 2 91 6 96 91 35 93 29 89 1 13 17 7 35 99 68 1 20 35 35 2 26 40 1 39 51 18 98 75 47 95 8 64 88 84 15 38 39 36 91 12 100 50 
56 38 79 58 99 52 8 64 37 56 20 33 54 17 46 13 66 78 16 74 39 61 73 41 62 61 36 34 7 5 80 80 45 54 6 80 62 41 16 71 1 29 19 19 46 47 36 50 83 44 4 6 75 91 81 17 14 73 71 76 12 37 51 85 
99 24 56 64 66 93 82 36 93 13 39 92 95 21 72 90 32 57 47 26 36 30 78 67 71 82 57 79 69 1 29 27 41 96 78 31 38 71 88 29 72 27 37 79 6 78 74 87 89 64 50 15 88 12 48 36 37 95 5 74 58 37 92 50 
91 91 20 38 77 50 42 60 17 89 29 33 44 66 26 18 32 3 68 84 41 99 47 65 49 76 72 17 63 20 8 50 26 64 67 63 23 54 81 58 65 34 92 80 95 32 39 80 63 96 74 73 34 17 99 44 36 50 30 99 62 98 69 92 
58 84 1 67 89 27 36 87 71 16 30 12 65 92 63 75 13 94 84 59 79 14 18 12 62 11 45 34 13 77 55 65 66 49 39 35 14 94 53 34 37 77 40 92 29 5 52 54 70 70 69 3 46 64 66 100 42 88 59 82 21 1 27 75 
47 16 99 90 19 7 42 11 86 92 49 90 59 50 89 34 92 60 82 92 57 22 2 86 19 66 56 19 73 18 63 41 59 31 85 8 80 47 97 37 48 27 78 37 84 37 80 67 43 45 73 70 95 5 39 5 41 55 85 66 88 63 77 32 
48 44 28 45 5 18 19 70 21 20 37 97 47 73 44 91 2 56 20 33 25 58 10 71 30 72 39 27 36 2 23 72 85 63 29 85 61 83 17 35 41 65 49 58 44 59 76 93 81 44 34 47 29 64 81 12 68 18 10 62 2 55 30 19 
7 100 11 92 73 22 74 84 48 71 11 91 37 14 29 17 95 26 98 76 32 35 46 24 12 22 33 33 12 69 62 43 99 29 89 17 78 12 89 37 36 13 7 90 34 95 45 49 42 5 60 68 81 57 94 44 85 38 77 53 61 36 17 14 
60 69 55 90 24 1 99 19 100 49 16 3 49 78 87 59 84 54 66 82 42 66 89 53 5 24 48 56 86 6 15 9 56 100 57 38 82 77 33 26 93 94 3 92 10 3 85 4 26 28 15 30 26 64 84 48 37 34 38 75 66 72 18 91 
64 47 99 16 44 83 71 40 50 28 55 39 29 19 95 14 5 77 68 80 63 19 80 24 6 93 15 69 56 44 15 81 72 99 65 86 76 39 66 55 90 16 24 44 6 60 11 21 69 89 96 73 64 40 54 62 84 37 76 29 64 98 71 37 
71 90 18 92 57 4 22 94 70 47 76 72 70 63 96 8 30 26 27 89 37 89 92 80 30 92 27 22 19 58 26 2 94 100 69 5 2 75 18 52 75 31 85 87 53 50 85 68 65 92 23 26 80 86 17 75 89 35 34 40 96 22 85 62 
28 58 90 80 89 23 29 82 100 97 36 66 31 54 52 20 59 15 41 5 1 34 73 10 7 91 53 16 81 34 7 100 89 78 27 13 69 6 89 79 93 61 80 40 27 16 19 41 46 51 63 93 37 49 77 58 43 65 48 21 97 27 20 58 
12 79 52 57 48 48 64 53 32 40 19 86 45 8 11 15 40 76 22 17 2 73 83 79 23 52 68 91 11 39 57 40 31 25 46 6 52 99 92 32 33 48 29 43 26 16 61 4 24 59 68 35 73 82 21 60 99 27 90 84 8 35 20 15 
61 44 18 74 27 87 59 48 39 64 12 78 3 59 73 35 10 14 31 62 66 68 20 37 22 30 73 70 84 60 77 52 90 25 59 43 98 46 76 47 50 74 12 11 37 48 92 98 51 44 12 29 6 1 90 97 55 77 28 25 48 23 22 58 
23 69 65 43 15 67 58 8 85 51 18 84 33 82 19 61 42 73 40 44 85 35 64 22 17 78 77 83 31 80 25 17 47 98 44 46 23 82 61 52 96 56 76 28 71 96 92 63 87 21 70 54 22 84 12 56 27 56 43 67 89 79 1 88 
73 4 84 37 50 77 35 98 13 59 70 15 87 45 51 94 47 86 46 41 32 92 24 70 77 71 36 98 21 29 12 66 66 1 68 35 51 30 63 12 48 52 78 79 16 25 36 87 90 94 39 13 28 72 97 7 4 68 63 49 30 99 81 74 
36 60 97 86 10 17 7 69 14 67 85 95 35 19 24 22 74 33 69 59 64 55 85 98 18 56 86 88 78 14 46 38 24 21 44 98 93 59 64 10 73 3 5 95 51 6 4 99 48 79 28 55 99 15 15 38 6 68 62 98 79 61 97 69 
35 61 42 88 49 27 1 67 94 97 71 67 26 22 37 92 24 48 61 13 26 70 71 85 71 93 76 27 74 87 70 79 56 64 2 29 90 70 72 12 51 27 42 3 10 24 82 6 5 78 18 5 17 52 20 24 90 57 39 77 64 47 85 93 
85 19 42 7 35 29 53 49 94 99 9 55 64 5 36 32 52 3 55 12 38 85 29 17 43 75 40 80 95 43 86 46 68 51 30 47 3 82 92 21 46 33 86 49 9 60 95 91 52 96 45 84 2 57 66 87 10 93 80 70 91 99 33 12 
95 32 82 45 54 4 72 85 51 5 41 26 22 59 73 26 3 64 75 19 100 25 67 79 70 29 41 22 88 71 58 12 12 52 58 81 42 29 57 66 7 5 71 20 70 25 44 80 50 55 99 78 2 40 60 45 54 89 61 61 33 17 88 91 
87 30 97 44 29 32 93 65 7 44 65 54 74 100 43 60 21 62 35 59 35 65 98 87 40 54 45 36 51 93 67 55 62 24 7 51 5 69 94 83 100 79 34 53 37 80 67 95 93 57 10 34 83 43 35 3 17 95 57 30 74 95 11 80 
10 95 74 45 20 13 36 90 70 4 9 31 80 5 21 86 73 61 18 89 25 88 82 60 20 71 71 21 57 3 71 29 62 32 35 94 45 63 61 93 18 59 17 2 24 20 45 63 88 69 73 89 88 84 44 31 95 85 11 31 23 83 84 29 
12 4 95 99 68 31 48 6 47 34 60 20 28 33 52 22 86 47 40 30 13 13 75 78 4 32 29 11 86 25 55 71 30 78 30 84 22 58 32 52 20 44 85 88 53 80 73 2 13 37 95 27 18 76 68 98 63 41 27 42 68 14 93 5 
37 22 2 74 88 14 24 21 54 40 56 54 1 20 54 1 3 39 91 81 41 10 55 57 90 13 41 14 52 69 32 27 74 55 37 2 5 26 76 79 81 84 31 12 82 86 40 92 15 76 13 5 63 53 20 39 1 68 39 73 16 17 95 17 
40 86 94 11 80 88 45 6 4 77 75 32 2 1 13 90 82 86 16 17 100 84 3 10 66 22 56 25 70 6 28 42 66 30 90 40 86 52 18 18 14 71 40 51 51 2 67 71 93 58 96 8 82 26 45 55 63 2 83 73 5 66 21 13 
91 57 87 27 22 59 66 27 20 1 13 79 85 67 57 2 93 24 37 27 90 73 10 47 85 67 87 51 62 53 13 62 94 68 22 50 56 71 23 59 55 87 7 98 89 22 100 89 34 86 66 50 23 43 10 44 61 81 97 10 69 91 38 63 
9 95 46 24 44 78 31 61 47 55 13 35 72 26 82 79 93 65 31 16 9 55 19 74 74 66 83 5 95 79 44 95 99 6 52 10 4 82 39 66 26 30 1 12 54 48 74 4 9 49 29 99 61 89 20 77 44 88 100 84 4 22 47 57 
20 59 84 85 84 48 97 83 7 58 25 54 44 92 27 4 69 94 27 67 1 48 22 52 33 97 75 42 25 21 11 54 49 5 69 91 93 48 59 18 93 15 16 40 37 72 57 30 34 36 38 43 9 100 82 58 20 41 99 24 23 4 40 38 
93 74 66 98 43 54 66 41 72 72 17 53 25 37 100 83 100 38 9 90 2 98 58 95 2 48 16 63 32 59 53 18 79 66 52 5 96 98 92 93 39 74 92 17 79 88 78 42 75 4 58 32 3 22 69 43 83 70 87 13 29 44 10 22 
55 49 54 36 60 40 58 7 92 85 74 37 20 85 34 98 63 49 73 18 71 91 77 75 91 12 85 79 60 63 11 7 77 92 17 9 64 9 19 68 48 94 39 85 82 45 79 26 61 37 13 71 16 97 48 39 66 57 8 38 72 85 46 51 
0.6084613204268181 0.7442857789747749 0.3805314173424132 0.36184894640306886 0.6064345321080995 0.13599316195199695 0.5130414102408423 0.16846264338430866 0.42247337249106853 0.8785166182585464 0.1511844822136456 0.5088026063602036 0.32084335754868026 0.6514861121405116 0.4152928303532968 0.7730405688620894 0.4576287006585212 0.7154443999456241 0.8757318698693024 0.45874674988844133 0.7880726361753069 0.5267477748415195 0.5164033209905995 0.6874268789732014 0.33156466243398136 0.4952580383443954 0.34784918879940946 0.5783347972797614 0.5164587249447509 0.5959471273583895 0.5403035879464664 0.1887253500221021 0.6768166224470952 0.4308959556644952 0.7033014552112593 0.6376614432557528 0.18912871031543055 0.6430142848800047 0.3846227204030861 0.3668746362572283 0.5863866860488953 0.8565480593653094 0.16590503674569418 0.3748375023057338 0.433158284746171 0.37698161190169155 0.6662294717563869 0.2714790364720953 0.38226248809597024 0.9081759497181314 0.4851297635707927 0.1554196463595629 0.16002531833770406 0.27509737286950436 0.5728085395359834 0.5665795696926665 0.6217154335600645 0.5110035706831282 0.5940592178178298 0.6606057978059241 0.6118954413331852 0.4262877328530573 0.4570247201248055 0.5871209738018477 
0.7442857789747749 0.6133254945798678 0.4827931996573978 0.6175909273751796 0.24567617520905272 0.4689395887135921 0.7223348973612334 0.7180008383978594 0.6805989815087139 0.35443101050202586 0.40093429018676363 0.38781478474591013 0.3723912325656996 0.6011362935853282 0.25797074388514096 0.15968805821681997 0.29558899462275817 0.23166385912536813 0.5879608273229544 0.3750275835975259 0.806111045802296 0.4369821226991567 0.5042489000371373 0.34520755821960236 0.6485894545617799 0.36872787637779475 0.44956092603076486 0.50734291628031 0.26022989961969045 0.2550073852027396 0.7376831842209043 0.4068438372331504 0.8723778918295462 0.6221783428930221 0.9452461512241457 0.569674261189311 0.05595083048586741 0.38578711455374187 0.17319937515845496 0.6205062199705313 0.11432493441727898 0.8493106613055124 0.732680568328827 0.45094109048989633 0.8053677733559212 0.6109893387465469 0.8371288080180066 0.842776282305336 0.4330467346065565 0.6506391720727869 0.7605769348866537 0.4360431455269303 0.47915624091981895 0.6599935567628106 0.7044055049124993 0.6811051154717446 0.2873340339793193 0.5736350337160412 0.161034569803359 0.6473939965740938 0.1458557880555672 0.25186967895142387 0.5955054620519923 0.9871206430380787 
0.3805314173424132 0.4827931996573978 0.8751737386299739 0.13768330207310603 0.09775624369330427 0.5164205532836841 0.16010034693327324 0.561531802306672 0.02991517120818632 0.5819102317433307 0.7498626771797557 0.44726265217304145 0.49827688226401173 0.5088214889481802 0.5514466395158721 0.5029165224787049 0.7714823844371945 0.7209071268108564 0.8211957524865148 0.42719159395737677 0.2537881425658623 0.5108028964549831 0.5200916508620739 0.6208119973548665 0.5326578580847158 0.8457391088756812 0.4186407956183075 0.6071995053071306 0.5024550363834078 0.5096471943459278 0.7957934663389312 0.882182201546327 0.5696355604565821 0.16475068708776086 0.42375047912337005 0.4675336333538099 0.372572521254348 0.8795891375474347 0.6348387808589524 0.4815490287812432 0.5342987249722655 0.5492793661997639 0.6778414306349044 0.10487710670402728 0.23081654041415195 0.5955736405733005 0.4289306439775082 0.4744008679615826 0.5600380628655859 0.5847662354758159 0.6274603412780048 0.3037696287651312 0.19689879785858094 0.640865113793068 0.7663699011437336 0.25176571319817553 0.3930605984820279 0.6783392631656971 0.5579142966049104 0.12345076324146054 0.5899889513718853 0.6469648322765281 0.3110259431551033 0.8442983893417962 
0.36184894640306886 0.6175909273751796 0.13768330207310603 0.3983729093169164 0.16776971921159883 0.5108295074381538 0.8236683832103162 0.5850208469497602 0.8809149050192158 0.729403928694692 0.5357150354144574 0.7607836535109506 0.5936995772932498 0.5266280694948565 0.6836110995888405 0.14789376963841394 0.5915312491018219 0.6503841665763223 0.046667401016590615 0.2554669108291315 0.6881319894492064 0.7301331552176785 0.2898544784516033 0.16995422261198673 0.7028311441519877 0.281702569474547 0.46422021768035465 0.26646940621310894 0.7357473845796172 0.5160984058621552 0.4532560776788733 0.7505896056573959 0.5129493006923672 0.46004902837705985 0.22680315938725026 0.7420929583603431 0.6983208080066684 0.31597506694062666 0.7228909038573834 0.6244613628162701 0.4342467414518576 0.39233828863719006 0.25159832201034593 0.5278140498406971 0.050679547788211765 0.5524262652672316 0.517236978877387 0.6335469988331623 0.4338389101782917 0.5634998979695913 0.12636229891945627 0.40154097782197634 0.3695391357042611 0.4319898323824413 0.597431511954055 0.6372766282893033 0.40556389445412033 0.49468355170175654 0.4150224882514042 0.3094235553319116 0.4120980936565169 0.6829445704213495 0.6950626979628258 0.6907476870694993 
0.6064345321080995 0.24567617520905272 0.09775624369330427 0.16776971921159883 0.744329066717776 0.4276941185846113 0.44237836836617295 0.6480416624408204 0.4822029418455722 0.6850153352061592 0.5099815607349197 0.6215593502038015 0.5071170375797318 0.36049541258732515 0.25206481634737155 0.6137446228576531 0.32303673114340775 0.23160524475877176 0.4795873046382807 0.3393277225458706 0.5128682945585546 0.1878859079697322 0.5187717211853436 0.5176362247018925 0.6496609397352962 0.8042083802403455 0.4296096031719266 0.6846264208122498 0.33025541714794654 0.680461879326806 0.5268889767291078 0.7890734215650053 0.4409559762558144 0.4693931218147559 0.6988971020307753 0.5402697796706887 0.4277621505344887 0.33042023010874 0.42202905949971425 0.4811558236634178 0.43794488544279536 0.6116647770356161 0.7595116857326334 0.48830113649138357 0.751981108695648 0.8135510688258227 0.5212799726159947 0.2788969203278811 0.9143324469742737 0.6282024710228367 0.8218201646023553 0.3034681028281809 0.37953614537428904 0.7003451570182049 0.25204620475498335 0.8457625331682752 0.8042557875784144 0.4834189012730651 0.8543805195217439 0.3930952654093152 0.7142444007636246 0.14847341432006989 0.18956570239825216 0.4015739221021354 
0.13599316195199695 0.4689395887135921 0.5164205532836841 0.5108295074381538 0.4276941185846113 0.8869441409257914 0.2321813641544458 0.5057051487283651 0.41481726454684875 0.4182009682884041 0.7259747617340497 0.7058240002349998 0.48900327294437207 0.33783792091215015 0.34292616244993557 0.5257817935611232 0.7144406063367282 0.4077762103446429 0.3801225883843311 0.8944203341051977 0.14618291136126005 0.30851985159797546 0.2642391345273151 0.5976851802577896 0.5346939039179088 0.4591182709940707 0.3274602528375435 0.6869189239563371 0.57135056645227 0.38761524866534247 0.5472761948590913 0.3692460297608623 0.11765070124555993 0.3766177967521242 0.4877638232349061 0.11435599910175609 0.568032482555768 0.3806759513250276 0.43991271079201133 0.3122740377434917 0.619529453932828 0.3272746656752865 0.3933335354855751 0.36707664076007523 0.8810572112856763 0.5257977478792568 0.30566502193636547 0.39610654040139176 0.9166543402736418 0.5834839691433671 0.8385770756815576 0.7080021968568886 0.352226634868302 0.577394749987904 0.8902486568062081 0.5787998820434471 0.43866698242598123 0.043576479797802714 0.269407191689118 0.3557158322132894 0.4372816087193406 0.6411249637267393 0.4279940164257605 0.4008067387860897 
0.5130414102408423 0.7223348973612334 0.16010034693327324 0.8236683832103162 0.44237836836617295 0.2321813641544458 0.328532625386008 0.2693165268730038 0.5307727490024174 0.6227836644710807 0.3451140741453939 0.4405619480396603 0.44228493851755146 0.6568635830512939 0.23260065898507376 0.08934324865643445 0.7226900017548313 0.6609431598116068 0.4385354806404132 0.2441788789749143 0.5636403266146521 0.314904749082024 0.19370235958586945 0.4904523346015845 0.6207966940620471 0.11751614443150876 0.5113383892169912 0.8163540856034297 0.37326295627199935 0.7334534454576473 0.634103602543824 0.29580120209047484 0.3797659699592312 0.10198225339306649 0.6347880352030495 0.26417804009399726 0.33902981508921304 0.545723545996409 0.5338317689520938 0.3547979233433766 0.25696723893240647 0.7419172981701707 0.5480271041955684 0.31460272018956975 0.657724026575385 0.4124231412505814 0.8650782966082382 0.9208763086085737 0.2264407675188277 0.26467939511848715 0.25987574578208866 0.6722034856399413 0.06003678726402151 0.46750853735124204 0.6795449154804984 0.46590141423230697 0.41818339243725855 0.6622044466625658 0.5770816769456999 0.7363439428473795 0.6366938257972903 0.29022744767772335 0.6774187523072417 0.21039566325289905 
0.16846264338430866 0.7180008383978594 0.561531802306672 0.5850208469497602 0.6480416624408204 0.5057051487283651 0.2693165268730038 0.5450202629918295 0.362974857494625 0.349180336317486 0.6043550864086363 0.2576862809144952 0.1471546122573017 0.42754494835365536 0.2092441241879296 0.23253335169081246 0.5544967797891784 0.5149641557686528 0.4932455818553795 0.1801757622815197 0.6688179214771577 0.6868020031757833 0.44850948163563065 0.6792550516640008 0.29474123483527115 0.6307004788077525 0.3802126144639518 0.28721810096130285 0.5945212014599648 0.7785170774425565 0.20315102533581275 0.48063278427800454 0.4108975706879762 0.8445532903066935 0.15558306418922907 0.4336780112896884 0.38097366508902997 0.43980501966337876 0.29400509061871005 0.2952954401024553 0.37054081914788123 0.8695530803585444 0.37991396059213584 0.60715293027558 0.8449583625318855 0.4424517132201613 0.5868674428650082 0.3001072120880201 0.40591750305032187 0.8009946182790115 0.9716178947646061 0.3256100990738317 0.5030629360123198 0.2739021254169937 0.8146641064665401 0.6633270591647209 0.4312410586756773 0.6212308374197718 0.312842592725248 0.3815104625004257 0.8441541186340478 0.414396448825957 0.3991084232362097 0.5203689393509194 
0.42247337249106853 0.6805989815087139 0.02991517120818632 0.8809149050192158 0.4822029418455722 0.41481726454684875 0.5307727490024174 0.362974857494625 0.4340439700650306 0.9095051849856548 0.515312115010707 0.4842688194312703 0.5319166241622886 0.42070383234951503 0.8189914086305907 0.27474744384381805 0.5311060382564721 0.07752685067560344 0.8411255177224657 0.6319403729937234 0.5669483657174409 0.8174137889091195 0.14425762435654876 0.5207631407467077 0.6239369200485972 0.6819627115299065 0.4116973274062118 0.1869496576653475 0.27472504182876795 0.8484845918487787 0.7731040386961261 0.950039858886176 0.4214233686128785 0.5062787797220087 0.2860914927929635 0.20597589241492198 0.721771851015059 0.4569502405702085 0.830535502911716 0.45443334650802664 0.5511072043867803 0.7148952961145534 0.1984731269722303 0.36067211866368587 0.4760904552310722 0.33298232641589093 0.3728700077130055 0.5809031386045362 0.6473110715472694 0.3019241458641804 0.7545539601802578 0.11849951457675961 0.2015239853119663 0.5075312851044755 0.324889927857153 0.8405838339594166 0.3709962004192804 0.5429425527514069 0.4937377644628965 0.7896629558490798 0.5010969396895812 0.30828187949234864 0.650908603252403 0.4042829219366311 
0.8785166182585464 0.35443101050202586 0.5819102317433307 0.729403928694692 0.6850153352061592 0.4182009682884041 0.6227836644710807 0.349180336317486 0.9095051849856548 0.7653639508638387 0.7246968194844617 0.255165837052833 0.38220560548233007 0.14964309363735395 0.490533121789283 0.3841427237860356 0.6034790972855482 0.5353414473871413 0.0753381560160411 0.49358572599257705 0.2883577689188283 0.5888866513051938 0.4052168114928029 0.4337813799472784 0.5207848927214841 0.622755658513555 0.3271162943284751 0.4966771105340981 0.24931681004491613 0.6811536110515135 0.6299868829547851 0.29706030128294236 0.6697396632851005 0.4032476427806873 0.6941455256360214 0.766913288374349 0.7118221774879028 0.5059795873602533 0.3420489118987835 0.6017282218600445 0.6202782370925329 0.30961508677616173 0.5732601988226096 0.3977211429178481 0.21832202663604017 0.36852060851919605 0.3835554376072703 0.130872989021877 0.6118867080486659 0.42188673055195647 0.864966100663205 0.8693555702406325 0.31056763191280673 0.4301418770331123 0.467859482502459 0.9383123509844957 0.5161383080265428 0.5267980673907784 0.11557577051778078 0.5573312790723091 0.681297065729876 0.8669944577959245 0.871556218220646 0.6725728096198916 
0.1511844822136456 0.40093429018676363 0.7498626771797557 0.5357150354144574 0.5099815607349197 0.7259747617340497 0.3451140741453939 0.6043550864086363 0.515312115010707 0.7246968194844617 0.9858529066653073 0.4600121792243623 0.7773989535322905 0.3618048257224486 0.37318721341522154 0.9422640384321106 0.6537710498341089 0.5456248553260008 0.43187718256021823 0.696878280658261 0.5603829739700519 0.3159992518562177 0.6619038204935634 0.1531212747518494 0.8357228813693471 0.3643293995630824 0.8950680905645569 0.43860798105282267 0.40163464673733373 0.3248269172269784 0.251549006129062 0.18291961050879135 0.507385503768062 0.4514423345248452 0.32802548828729516 0.3481331306102366 0.30039123258263034 0.3509061333781194 0.3812655816490635 0.6004517725155867 0.7799689277895433 0.19408409590768783 0.2128712734333683 0.7697235453159064 0.6890152657865416 0.9319622327470503 0.17524558292240028 0.5901291854761253 0.18972529829644486 0.4545633582919827 0.5487353165511506 0.7575207073810137 0.6776242293431778 0.9330037843431785 0.20764670658758677 0.3165976371669578 0.5243392824082238 0.30980130925320903 0.5618205243108814 0.3464856954762083 0.31563673230405387 0.25308201565297894 0.14423899639866383 0.31354236877667635 
0.5088026063602036 0.38781478474591013 0.44726265217304145 0.7607836535109506 0.6215593502038015 0.7058240002349998 0.4405619480396603 0.2576862809144952 0.4842688194312703 0.255165837052833 0.4600121792243623 0.7671265044255449 0.36487319574548593 0.494434197255057 0.5802776760322084 0.4011044316624158 0.774319936612432 0.33981585464521785 0.5037836859684388 0.4036543818406391 0.5638067468978631 0.46714333309688677 0.5485361794374357 0.3085682292440767 0.8722356766016397 0.49778446022821565 0.7238854545418767 0.4480047376235769 0.6486600150883928 0.6343412630513863 0.2641811642707679 0.6063111579460565 0.4352059066212764 0.5871975926096453 0.8710767153229351 0.5569302722563716 0.5763102244569074 0.6412520620728412 0.5853923404179951 0.47456031514962715 0.636834221581301 0.3179813571714114 0.5079830880751097 0.4782251414174021 0.428879334046503 0.19351381930272654 0.42242876698126547 0.39299876920527 0.6621156305893723 0.5234597564120613 0.5285668537291097 0.44711581309310217 0.6832013436730733 0.2454397204631924 0.28215097789724175 0.4916950574893107 0.4352687435127408 0.4946305999852066 0.4380193438139893 0.6021416907065649 0.39029538337812436 0.5600662829566465 0.5920631389812505 0.760081340964232 
0.32084335754868026 0.3723912325656996 0.49827688226401173 0.5936995772932498 0.5071170375797318 0.48900327294437207 0.44228493851755146 0.1471546122573017 0.5319166241622886 0.38220560548233007 0.7773989535322905 0.36487319574548593 0.49000018887625985 0.5438142452820236 0.3149444231406215 0.19525702432070674 0.5557422437906967 0.4670337786287934 0.8236980477453801 0.6428618009098646 0.6662939953940603 0.3707389309254876 0.35949933371137566 0.4912605680154424 0.7335830073050474 0.7887641694690888 0.1860973258195911 0.6274113295309041 0.5584559816230058 0.3756032552300049 0.5609948907949364 0.47918240734591355 0.1650478569197576 0.4110325650269376 0.8284897627317644 0.6444884408918341 0.7522427994764388 0.49373513298891064 0.2721918757330764 0.42902717229790954 0.20198531683892246 0.4417452192250371 0.10255275846699674 0.5255305058908748 0.5698541226963181 0.6160962916764023 0.41621407872647154 0.5283256372908349 0.8542609469654927 0.4987614947075515 0.5264686636215147 0.8509021707522856 0.25062454196418193 0.9503286359438943 0.5347942681329807 0.5981127139628383 0.37909501609553475 0.6384078427347055 0.5001802146131932 0.5100036666982852 0.8402916686676056 0.19016571505368884 0.34406609864510884 0.5312283871414394 
0.6514861121405116 0.6011362935853282 0.5088214889481802 0.5266280694948565 0.36049541258732515 0.33783792091215015 0.6568635830512939 0.42754494835365536 0.42070383234951503 0.14964309363735395 0.3618048257224486 0.494434197255057 0.5438142452820236 0.784963736005819 0.8295824041577118 0.48465364153300067 0.6710485467139436 0.4624862240853651 0.5548631022517625 0.5556496269051651 0.7402965505178735 0.43328065845365604 0.11820959705373074 0.09088869151942824 0.9151864116344239 0.22583568259418874 0.8823351020953216 0.24839103454628886 0.6197722057993984 0.5894237557768556 0.6175387625984614 0.3643836963168602 0.5486879684643312 0.2629267021272393 0.3591572183221379 0.5531963563468261 0.8446032290934702 0.6915508939732868 0.27918437222240794 0.7987512031389601 0.6063663635423835 0.9734646591713388 0.5071746280246108 0.5028284945909198 0.6656398840010225 0.5287103622939335 0.7003559813730873 0.617918351709341 0.46545973752842107 0.7699619306276105 0.1899505295863576 0.733868244466958 0.7514229851672349 0.2575885995227543 0.8540004788707665 0.5445272382157234 0.3833888413208909 0.506140218033371 0.5036761632100104 0.23592620048383856 0.7978680270926701 0.39961649662423976 0.33314049810209034 0.24770609860690485 
0.4152928303532968 0.25797074388514096 0.5514466395158721 0.6836110995888405 0.25206481634737155 0.34292616244993557 0.23260065898507376 0.2092441241879296 0.8189914086305907 0.490533121789283 0.37318721341522154 0.5802776760322084 0.3149444231406215 0.8295824041577118 0.6240230161094231 0.12440563383916337 0.7915590624849357 0.4796189616771245 0.0499064820526503 0.4468882524863555 0.34793582751253277 0.31985472991040087 0.6027829371957278 0.7088568388604544 0.5094266889102834 0.4922140044321501 0.48026408485194333 0.20768701209158036 0.7258105957308076 0.3220860586237604 0.41446908071003263 0.29191926414307484 0.4505308540843873 0.5107225340341567 0.6658150370476072 0.6098878371762091 0.9574705091923369 0.25137535787604953 0.8764243202370223 0.7130964377313169 0.4212167847207623 0.4373788179797322 0.6703759091912391 0.03516012279097386 0.2660766737859106 0.5947764795608923 0.5234841047940977 0.22064589920847882 0.8907309363832625 0.555216973074603 0.5564280387904756 0.4443846774953295 0.30100461878630974 0.0048179014387841335 0.6238405986999349 0.28911810639949814 0.39832851924540885 0.7877730476988101 0.7563388073902728 0.690210727775641 0.15944411380086032 0.1580136763280533 0.7594030258289766 0.5522719952272135 
0.7730405688620894 0.15968805821681997 0.5029165224787049 0.14789376963841394 0.6137446228576531 0.5257817935611232 0.08934324865643445 0.23253335169081246 0.27474744384381805 0.3841427237860356 0.9422640384321106 0.4011044316624158 0.19525702432070674 0.48465364153300067 0.12440563383916337 0.054135965050246426 0.21104372931887017 0.6063940449866148 0.04771159137461145 0.4021572553103202 0.2664229466125287 0.42042097825575764 0.6680549461155844 0.41161956068854066 0.13076643336438198 0.6389727456982994 0.4046254978011958 0.5526729574585634 0.1819813732001851 0.4053983553926517 0.6843682880969069 0.5972727858088 0.6451787357657709 0.18111302173743082 0.8400574834231869 0.44036889422029085 0.7067443328502647 0.5795875543924578 0.5223747628332036 0.3281831054722345 0.7223498258167287 0.32729904325421055 0.43830576764386997 0.6167518654547339 0.29801521734915315 0.17651164317509954 0.1688445281677875 0.5229829979886111 0.840177034567305 0.9210270189194135 0.3882438810086269 0.21989621672299137 0.5814711762092126 0.39979035088371395 0.8918278156184036 0.5594184038680221 0.12638661866244477 0.404447764898714 0.526198913559739 0.5912547075819177 0.14502213086333 0.815522902669729 0.427201185130633 0.03631900415573369 
0.4576287006585212 0.29558899462275817 0.7714823844371945 0.5915312491018219 0.32303673114340775 0.7144406063367282 0.7226900017548313 0.5544967797891784 0.5311060382564721 0.6034790972855482 0.6537710498341089 0.774319936612432 0.5557422437906967 0.6710485467139436 0.7915590624849357 0.21104372931887017 0.1614645726069801 0.41330016663794417 0.8899636614671738 0.16990622094678454 0.6306785037386582 0.8403517998950992 0.11430846406456613 0.3131162531654049 0.7513562932030553 0.4228571182786299 0.4420089745017734 0.2942407438595882 0.7303946004733954 0.39728343487848755 0.7131447396219408 0.3601720836324986 0.12537895590110149 0.3614255193074504 0.26229439145468153 0.7400901584026891 0.34399654929141793 0.4731136088588591 0.33244405009948197 0.4078496856138313 0.31716468446611584 0.5913153541827569 0.479210846942635 0.47318547209220235 0.7287242832172299 0.5861152524337172 0.42481581566746635 0.6199886998847768 0.49441242955024534 0.6956950443139924 0.18872068956033283 0.6092953157465995 0.45570861885697633 0.2716047908598822 0.6698566320985195 0.5831808391535289 0.09901050722045501 0.7924201682742036 0.5342879159679919 0.4376484936493278 0.5309342763408533 0.7141045333528482 0.3459062048726843 0.6256479372109762 
0.7154443999456241 0.23166385912536813 0.7209071268108564 0.6503841665763223 0.23160524475877176 0.4077762103446429 0.6609431598116068 0.5149641557686528 0.07752685067560344 0.5353414473871413 0.5456248553260008 0.33981585464521785 0.4670337786287934 0.4624862240853651 0.4796189616771245 0.6063940449866148 0.41330016663794417 0.21342502323617984 0.5749184436901922 0.35834288775246226 0.35469024761961987 0.5747614490059935 0.027887938584632677 0.640827975030783 0.3156496356322341 0.40548622397994183 0.5551302189556362 0.4078103457025875 0.7527468054190402 0.9600449514330671 0.7885348427826198 0.6740880870007824 0.5231866593364465 0.3105949413116976 0.6503670038273603 0.19060646938108866 0.13493588519324973 0.5238916264983213 0.7604897992536948 0.7492703999975878 0.47712126631892465 0.603028257734302 0.5737628423546888 0.1374601260217878 0.7405741414352727 0.5443238526659202 0.6379602380406948 0.32014466562467303 0.3887660438618816 0.3962484603466115 0.43670742540356283 0.4824464412550833 0.5749191515028258 0.5050010389483557 0.1648502398755129 0.5136975636997451 0.37508004780319515 0.7506988647693591 0.8341729493993694 0.5624291806347372 0.47607887762843365 0.24763170815121344 0.5705252819594141 0.5774948511122114 
0.8757318698693024 0.5879608273229544 0.8211957524865148 0.046667401016590615 0.4795873046382807 0.3801225883843311 0.4385354806404132 0.4932455818553795 0.8411255177224657 0.0753381560160411 0.43187718256021823 0.5037836859684388 0.8236980477453801 0.5548631022517625 0.0499064820526503 0.04771159137461145 0.8899636614671738 0.5749184436901922 0.14254059582022638 0.24382374019698072 0.2977142846170163 0.8334325775812317 0.6294381504832409 0.343313842446529 0.5671080776543211 0.8408948213043259 0.7069987265364432 0.7540623710380043 0.5652304447876546 0.44352082200977355 0.7581325825431535 0.36204840488637136 0.46202363132548707 0.31780700391319955 0.22098364473704585 0.6707163699778216 0.6295219068333706 0.4180930264171516 0.5054776509279522 0.6682554162332257 0.30733254324785414 0.3095202177397368 0.7268622742048574 0.5602076033523027 0.3755891737024282 0.1407387404815576 0.6404721635473583 0.28225598845358807 0.5018372275623729 0.3365277940395042 0.5831710045692261 0.682963405876474 0.6735179009266523 0.5168475245924848 0.5891880890680429 0.5092615658590285 0.47412300062166685 0.2163660667199671 0.5865452834772586 0.513437324376335 0.4242237584985677 0.44873762962496694 0.4772488991095785 0.7832791799270044 
0.45874674988844133 0.3750275835975259 0.42719159395737677 0.2554669108291315 0.3393277225458706 0.8944203341051977 0.2441788789749143 0.1801757622815197 0.6319403729937234 0.49358572599257705 0.696878280658261 0.4036543818406391 0.6428618009098646 0.5556496269051651 0.4468882524863555 0.4021572553103202 0.16990622094678454 0.35834288775246226 0.24382374019698072 0.4005354609677372 0.731441817222285 0.6463124924618084 0.5326318894056659 0.4456883284561097 0.5978922620928107 0.8816400083669279 0.7272615175216621 0.5126354618782666 0.18737911854536454 0.7061726628033845 0.3951559141719796 0.1805262400175497 0.41060330410223317 0.5288986137323922 0.5026575469327164 0.8327754403862946 0.672078377375859 0.3558741705340387 0.7113019889150907 0.5386463505885697 0.366593435700682 0.6458461691673556 0.3184977025994423 0.5481361321451466 0.5643260459089403 0.6221967508533857 0.07330798892704204 0.31689274741143875 0.5216832324957112 0.38190848921414544 0.8515847488636369 0.5779654078644689 0.3582100621322823 0.33650426563911684 0.6638986289557398 0.5127906331089199 0.8522719579274173 0.5381355525231788 0.813111360176884 0.35589187770449066 0.5893846595451314 0.766638433333594 0.4910550659910256 0.5978815651308094 
0.7880726361753069 0.806111045802296 0.2537881425658623 0.6881319894492064 0.5128682945585546 0.14618291136126005 0.5636403266146521 0.6688179214771577 0.5669483657174409 0.2883577689188283 0.5603829739700519 0.5638067468978631 0.6662939953940603 0.7402965505178735 0.34793582751253277 0.2664229466125287 0.6306785037386582 0.35469024761961987 0.2977142846170163 0.731441817222285 0.16009564353200312 0.4662995519590511 0.5716765237572382 0.4479040314215623 0.4862226801200829 0.37201610527052226 0.21305747348758036 0.33582800288390513 0.6060367792252237 0.639358648566078 0.7595517083884176 0.5940520980307857 0.8945192944499054 0.8375428305397346 0.7729243231823415 0.5430044899833264 0.7041629973716792 0.7291220496242488 0.17858179694464676 0.6282397630701423 0.3977116486941751 0.5223816222641418 0.6194725248942092 0.8238807308698718 0.31267411737509315 0.3287272339219773 0.4283102694457626 0.644373807740777 0.22039743300339365 0.3275487942947079 0.513643332949324 0.6927825262129809 0.6792394212169135 0.27805580191355167 0.9260840791940809 0.40994716329720265 0.27780856413751626 0.46020311819255827 0.8140394575570573 0.703813673171358 0.17026230288987537 0.4252214427081682 0.38251730230470177 0.2856470852451527 
0.5267477748415195 0.4369821226991567 0.5108028964549831 0.7301331552176785 0.1878859079697322 0.30851985159797546 0.314904749082024 0.6868020031757833 0.8174137889091195 0.5888866513051938 0.3159992518562177 0.46714333309688677 0.3707389309254876 0.43328065845365604 0.31985472991040087 0.42042097825575764 0.8403517998950992 0.5747614490059935 0.8334325775812317 0.6463124924618084 0.4662995519590511 0.0917903091016341 0.25936288182511064 0.7275350416753438 0.425676791170862 0.4828530101096342 0.5913486044157887 0.7259097232541563 0.5232050644345148 0.37323271129563085 0.46521612020690206 0.39085452769775336 0.9392205466207054 0.4670512150927729 0.6155655549817909 0.598929471095616 0.16636490229081446 0.5582035214469692 0.5714773840118352 0.5531925568680396 0.7927951659060779 0.5781811724674553 0.7489940622166986 0.6717627268084383 0.4417974016279554 0.4025594093364675 0.5426400244839573 0.5282092433794502 0.4249310431794196 0.6824654368575179 0.45090477106841553 0.7137244393346893 0.522210250932541 0.13075341447538374 0.13369087073151137 0.4128321136285741 0.576245819659928 0.4108065831842633 0.4647238825247647 0.4911895409011633 0.8435603863095982 0.33241200417760525 0.3125032294236015 0.519058125988804 
0.5164033209905995 0.5042489000371373 0.5200916508620739 0.2898544784516033 0.5187717211853436 0.2642391345273151 0.19370235958586945 0.44850948163563065 0.14425762435654876 0.4052168114928029 0.6619038204935634 0.5485361794374357 0.35949933371137566 0.11820959705373074 0.6027829371957278 0.6680549461155844 0.11430846406456613 0.027887938584632677 0.6294381504832409 0.5326318894056659 0.5716765237572382 0.25936288182511064 0.9065164448948388 0.4851512516888383 0.4985094331438528 0.3733149601948368 0.1268434734158101 0.3339071006211669 0.5670296970406234 0.36446663062494733 0.15076327358840919 0.47734699321154617 0.5529463882460667 0.4585036799573231 0.3979523866423395 0.9249753098414639 0.4160842549426015 0.7425206033700448 0.45001737089667065 0.47939724427913094 0.3719495990963355 0.2094356657598626 0.7223337859521279 0.23942842987169421 0.2262455095900085 0.1270916926055316 0.5689513766923605 0.3246939290154945 0.08686771011887529 0.6549590652049341 0.4825472061658125 0.6215759650599444 0.5987313642791332 0.8324478201417811 0.5831772041917336 0.03189922765150516 0.37992931682221665 0.43037840225619095 0.601005450073966 0.7462811930869439 0.5926123534957366 0.2069744782544286 0.31760879553223614 0.14128250024360872 
0.6874268789732014 0.34520755821960236 0.6208119973548665 0.16995422261198673 0.5176362247018925 0.5976851802577896 0.4904523346015845 0.6792550516640008 0.5207631407467077 0.4337813799472784 0.1531212747518494 0.3085682292440767 0.4912605680154424 0.09088869151942824 0.7088568388604544 0.41161956068854066 0.3131162531654049 0.640827975030783 0.343313842446529 0.4456883284561097 0.4479040314215623 0.7275350416753438 0.4851512516888383 0.40942473216210573 0.3693738544140327 0.47888405479015883 0.3976995319842813 0.741736273072067 0.7014912769376818 0.2153462540678125 0.33886359771926394 0.1420710534909977 0.6793337216742305 0.5922348177306535 0.30323448084912696 0.6296932082099884 0.4002229059444702 0.9104854308724923 0.7579892515470015 0.5282965064045919 0.2572430866204883 0.270608305650544 0.5020666135227821 0.6376144983931984 0.4729750433545951 0.4340856359345007 0.7136319418035073 0.4977831446940244 0.5551000300045159 0.532388575054859 0.22404009151531684 0.532033313669833 0.7102977217853739 0.674857061959824 0.5140794858811197 0.0878772997086158 0.7878439466352671 0.44603145199894534 0.13160395162687566 0.3030120815222808 0.1968318602477263 0.5181763567013422 0.9098817178697878 0.2819163228930867 
0.33156466243398136 0.6485894545617799 0.5326578580847158 0.7028311441519877 0.6496609397352962 0.5346939039179088 0.6207966940620471 0.29474123483527115 0.6239369200485972 0.5207848927214841 0.8357228813693471 0.8722356766016397 0.7335830073050474 0.9151864116344239 0.5094266889102834 0.13076643336438198 0.7513562932030553 0.3156496356322341 0.5671080776543211 0.5978922620928107 0.4862226801200829 0.425676791170862 0.4985094331438528 0.3693738544140327 0.4392219708250801 0.6032889608994232 0.41596818196476193 0.32157537042560885 0.4606624358883301 0.2283769526326338 0.11634291492632509 0.4880605435257567 0.4115358428234552 0.0808049387406578 0.2848003020322508 0.8167164538852525 0.4095406233883609 0.39422401702900367 0.6524881812183211 0.4178672204023985 0.5497239370479696 0.46746823123536424 0.27585385866279605 0.18677888472247417 0.5311866242078831 0.5188585182973426 0.5468854199012239 0.6634549583801592 0.6450972699028558 0.5181975441932009 0.7469127891305671 0.6493906992904197 0.5340508685689402 0.5428193554477809 0.6136199804505889 0.0730269035898698 0.2977357067328019 0.6061927454692257 0.5790608724410788 0.36664462001770143 0.3244404633538263 0.1288432279342222 0.30693553416500263 0.6523367824281252 
0.4952580383443954 0.36872787637779475 0.8457391088756812 0.281702569474547 0.8042083802403455 0.4591182709940707 0.11751614443150876 0.6307004788077525 0.6819627115299065 0.622755658513555 0.3643293995630824 0.49778446022821565 0.7887641694690888 0.22583568259418874 0.4922140044321501 0.6389727456982994 0.4228571182786299 0.40548622397994183 0.8408948213043259 0.8816400083669279 0.37201610527052226 0.4828530101096342 0.3733149601948368 0.47888405479015883 0.6032889608994232 0.0036253789164938377 0.20749844951546498 0.42337737046525115 0.3142003037103101 0.6854876552504537 0.5635809303916505 0.5826896459657556 0.4438395066381928 0.2937053532704761 0.5616086945346618 0.5383907835736197 0.7504886490825222 0.7314761475866953 0.7051912370902256 0.6361511894036201 0.2675929336603717 0.3914428822883939 0.4439012778934051 0.522080187666282 0.6344812318786235 0.6297806657162843 0.3009694877929083 0.8123834630237121 0.16864503992842855 0.5126651560317619 0.719781493242835 0.4209253421838627 0.2219038267030488 0.8257922641451199 0.18587743831074888 0.8433252706564931 0.583981432819134 0.5366733373327358 0.140934905718394 0.4151876479299443 0.5341363839764022 0.6501398048504982 0.45016682309732375 0.5436629175055133 
0.34784918879940946 0.44956092603076486 0.4186407956183075 0.46422021768035465 0.4296096031719266 0.3274602528375435 0.5113383892169912 0.3802126144639518 0.4116973274062118 0.3271162943284751 0.8950680905645569 0.7238854545418767 0.1860973258195911 0.8823351020953216 0.48026408485194333 0.4046254978011958 0.4420089745017734 0.5551302189556362 0.7069987265364432 0.7272615175216621 0.21305747348758036 0.5913486044157887 0.1268434734158101 0.3976995319842813 0.41596818196476193 0.20749844951546498 0.766782595435008 0.35733546093700164 0.005571213789820617 0.3668809766385499 0.34007229614595713 0.6509636905168312 0.3240661448556687 0.513466006398513 0.5649858030659005 0.528617631335237 0.06133438240760586 0.4341089059939609 0.21854345978379375 0.6890335068579799 0.8229988502835792 0.3194233006305568 0.7303739808527466 0.7681082877798737 0.9836025205362877 0.6723127812647519 0.6343552407238119 0.2519453968735097 0.5917480912317421 0.6103434195347837 0.40713528078836264 0.49522434132476384 0.4574480633496163 0.6050216060080603 0.5295151430624463 0.6597210605761288 0.7365910748468344 0.5382659698609217 0.5884315086831686 0.46596675095393575 0.6235311482870147 0.5303865023664414 0.6250318495868865 0.8058694524027581 
0.5783347972797614 0.50734291628031 0.6071995053071306 0.26646940621310894 0.6846264208122498 0.6869189239563371 0.8163540856034297 0.28721810096130285 0.1869496576653475 0.4966771105340981 0.43860798105282267 0.4480047376235769 0.6274113295309041 0.24839103454628886 0.20768701209158036 0.5526729574585634 0.2942407438595882 0.4078103457025875 0.7540623710380043 0.5126354618782666 0.33582800288390513 0.7259097232541563 0.3339071006211669 0.741736273072067 0.32157537042560885 0.42337737046525115 0.35733546093700164 0.9901146922973098 0.7903236173304015 0.7025178456475905 0.6736273883539965 0.5414718828312344 0.8818602359803491 0.49882920541763476 0.321293950739324 0.12518468332521948 0.21638716669318908 0.7356923299838127 0.32034330064803884 0.18150423921875963 0.2085756532487396 0.36904278816884856 0.11938513637137282 0.8026516576380464 0.5914585905553287 0.2638055182822237 0.8682078046075337 0.6788132129676208 0.9448327865708722 0.013420372566715466 0.6259325000397797 0.5887825687358618 0.31346501791885417 0.38501186964557105 0.08860116016470704 0.9513904587194335 0.4978232406089392 0.419583067245169 0.7568840358111651 0.7593072780638769 0.4498673301770726 0.6591229918136021 0.4527285142851721 0.11493885221808714 
0.5164587249447509 0.26022989961969045 0.5024550363834078 0.7357473845796172 0.33025541714794654 0.57135056645227 0.37326295627199935 0.5945212014599648 0.27472504182876795 0.24931681004491613 0.40163464673733373 0.6486600150883928 0.5584559816230058 0.6197722057993984 0.7258105957308076 0.1819813732001851 0.7303946004733954 0.7527468054190402 0.5652304447876546 0.18737911854536454 0.6060367792252237 0.5232050644345148 0.5670296970406234 0.7014912769376818 0.4606624358883301 0.3142003037103101 0.005571213789820617 0.7903236173304015 0.5318731121029665 0.5021783466001484 0.6742774106328469 0.8032151252871367 0.40122163581667125 0.8048333398255836 0.6038407100333771 0.7709152717156433 0.1616141605921695 0.20469108799393032 0.6370955424509435 0.31683368296553815 0.5173463793696851 0.12759796626270936 0.6454050606000161 0.3673999023635385 0.6442838940544904 0.8122553458664342 0.7280330877911367 0.12073238727266739 0.5426826879737348 0.4591142637042972 0.7937510564249827 0.727523709387381 0.5361449111592944 0.7425533854230242 0.44216945128054097 0.4370302258329957 0.517235300887039 0.4163790902960493 0.5936443773806441 0.12705870252998047 0.3434183969977567 0.35259790828247356 0.6545621377950213 0.5546996614498338 
0.5959471273583895 0.2550073852027396 0.5096471943459278 0.5160984058621552 0.680461879326806 0.38761524866534247 0.7334534454576473 0.7785170774425565 0.8484845918487787 0.6811536110515135 0.3248269172269784 0.6343412630513863 0.3756032552300049 0.5894237557768556 0.3220860586237604 0.4053983553926517 0.39728343487848755 0.9600449514330671 0.44352082200977355 0.7061726628033845 0.639358648566078 0.37323271129563085 0.36446663062494733 0.2153462540678125 0.2283769526326338 0.6854876552504537 0.3668809766385499 0.7025178456475905 0.5021783466001484 0.25247263525432573 0.379761841437238 0.43831117666130437 0.4163257947645501 0.02042576993327211 0.22690974339875697 0.1900300050541348 0.4643095707316507 0.09855040123182057 0.7611964845407884 0.49175502738431853 0.7094152077470266 0.2823716121199437 0.26393514016378233 0.16020538840908155 0.44725329732587077 0.7286619616400299 0.7874670038749885 0.1605769288031399 0.331479490370874 0.5525558282060756 0.22734707900098988 0.5493746830463464 0.888532519389789 0.2691406123851237 0.5832136876427579 0.01763280025528513 0.4888126045923729 0.711231856957844 0.1594747675359875 0.8442068838627244 0.22292377297653843 0.24911342044130702 0.7785939425287698 0.22592303720510593 
0.5403035879464664 0.7376831842209043 0.7957934663389312 0.4532560776788733 0.5268889767291078 0.5472761948590913 0.634103602543824 0.20315102533581275 0.7731040386961261 0.6299868829547851 0.251549006129062 0.2641811642707679 0.5609948907949364 0.6175387625984614 0.41446908071003263 0.6843682880969069 0.7131447396219408 0.7885348427826198 0.7581325825431535 0.3951559141719796 0.7595517083884176 0.46521612020690206 0.15076327358840919 0.33886359771926394 0.11634291492632509 0.5635809303916505 0.34007229614595713 0.6736273883539965 0.6742774106328469 0.379761841437238 0.4450335482612082 0.7352906920471942 0.19333932437554308 0.8893559794579644 0.6204435352725475 0.4363599569416302 0.576854830881322 0.738728758628836 0.46488775195825793 0.42856901600101677 0.5111313781820597 0.6082063544081857 0.527837517956554 0.6839027046537565 0.36781963806622064 0.2924450673062394 0.5172035189707815 0.2706779433937613 0.7173128133479982 0.43053185711967706 0.21210319657677468 0.47383397511532294 0.8031158700702554 0.4002473781829736 0.06042735814006617 0.6985086675881451 0.3851254834163579 0.5970612410978771 0.36447669520656695 0.9238415007358254 0.7718297684475469 0.0555093937643662 0.31558264339108644 0.7916303469472861 
0.1887253500221021 0.4068438372331504 0.882182201546327 0.7505896056573959 0.7890734215650053 0.3692460297608623 0.29580120209047484 0.48063278427800454 0.950039858886176 0.29706030128294236 0.18291961050879135 0.6063111579460565 0.47918240734591355 0.3643836963168602 0.29191926414307484 0.5972727858088 0.3601720836324986 0.6740880870007824 0.36204840488637136 0.1805262400175497 0.5940520980307857 0.39085452769775336 0.47734699321154617 0.1420710534909977 0.4880605435257567 0.5826896459657556 0.6509636905168312 0.5414718828312344 0.8032151252871367 0.43831117666130437 0.7352906920471942 0.22205115328152014 0.5590112306170144 0.7872960097400508 0.4974055146125139 0.46413525012208 0.4889644383658128 0.41067213061297847 0.43564416775120796 0.2894234419961616 0.6866521171502882 0.7068420521088172 0.4149092022996587 0.5676640724915339 0.27803051079950447 0.8551388636257669 0.3630041822294294 0.6941148425111725 0.4064244336639284 0.7173577545209198 0.6766806834193457 0.4901409235146135 0.6283050449251915 0.7339665592613961 0.6385621083811391 0.10332833893965543 0.47667099568444304 0.13089341916324043 0.3066487242560689 0.7633164513977839 0.3466352162243128 0.6442981477841069 0.3725727537288637 0.30839538071939804 
0.6768166224470952 0.8723778918295462 0.5696355604565821 0.5129493006923672 0.4409559762558144 0.11765070124555993 0.3797659699592312 0.4108975706879762 0.4214233686128785 0.6697396632851005 0.507385503768062 0.4352059066212764 0.1650478569197576 0.5486879684643312 0.4505308540843873 0.6451787357657709 0.12537895590110149 0.5231866593364465 0.46202363132548707 0.41060330410223317 0.8945192944499054 0.9392205466207054 0.5529463882460667 0.6793337216742305 0.4115358428234552 0.4438395066381928 0.3240661448556687 0.8818602359803491 0.40122163581667125 0.4163257947645501 0.19333932437554308 0.5590112306170144 0.003256910987250339 0.9785361202778935 0.23143384175310516 0.44649366146488506 0.6951331968280685 0.2803092062380554 0.34768473305281117 0.12778132696678918 0.3862162467994181 0.1751331927239974 0.5396490246867742 0.7539339203813973 0.36102242859045414 0.5848387575217593 0.11165984336503315 0.4832070599901517 0.8395100972663575 0.6937584625314872 0.7235676284382263 0.5225970645445348 0.5960974161526669 0.40856636796131357 0.5590324362846224 0.2697538754918021 0.8086079304622824 0.9300677654781241 0.546208059107359 0.7581890609856858 0.7336027716683596 0.3928919422473124 0.8512624113848796 0.7989901707647236 
0.4308959556644952 0.6221783428930221 0.16475068708776086 0.46004902837705985 0.4693931218147559 0.3766177967521242 0.10198225339306649 0.8445532903066935 0.5062787797220087 0.4032476427806873 0.4514423345248452 0.5871975926096453 0.4110325650269376 0.2629267021272393 0.5107225340341567 0.18111302173743082 0.3614255193074504 0.3105949413116976 0.31780700391319955 0.5288986137323922 0.8375428305397346 0.4670512150927729 0.4585036799573231 0.5922348177306535 0.0808049387406578 0.2937053532704761 0.513466006398513 0.49882920541763476 0.8048333398255836 0.02042576993327211 0.8893559794579644 0.7872960097400508 0.9785361202778935 0.08671770619198704 0.42042281285827093 0.27656043471334735 0.8463551127269038 0.45121129850325364 0.6826484672816703 0.45708316759698175 0.34410963068893863 0.6090032535873208 0.5920099750940873 0.7666865157527019 0.7347140034787354 0.5124998337473117 0.3283493292569746 0.4999711895043537 0.4074866330303456 0.20636769832485535 0.5666615371428583 0.6418371377259227 0.377317615325467 0.6056309769519814 0.4254229250049284 0.5337729324286203 0.8218238330761103 0.7481710247393343 0.44268497618509106 0.7710025493283721 0.3672322354192535 0.4444321506692136 0.4156414759640883 0.9140020910081633 
0.7033014552112593 0.9452461512241457 0.42375047912337005 0.22680315938725026 0.6988971020307753 0.4877638232349061 0.6347880352030495 0.15558306418922907 0.2860914927929635 0.6941455256360214 0.32802548828729516 0.8710767153229351 0.8284897627317644 0.3591572183221379 0.6658150370476072 0.8400574834231869 0.26229439145468153 0.6503670038273603 0.22098364473704585 0.5026575469327164 0.7729243231823415 0.6155655549817909 0.3979523866423395 0.30323448084912696 0.2848003020322508 0.5616086945346618 0.5649858030659005 0.321293950739324 0.6038407100333771 0.22690974339875697 0.6204435352725475 0.4974055146125139 0.23143384175310516 0.42042281285827093 0.36709023052264367 0.27837664306359117 0.6188743466641475 0.7249741365981719 0.6745550506696826 0.9294836910780244 0.21580326058096427 0.28893374944949285 0.32851009253202207 0.9286866145655968 0.22772414580489575 0.2716418280776191 0.42130436558266965 0.23395113680915314 0.4432003660942792 0.45312764954545864 0.38868031543634085 0.35629997981920286 0.8796681327484543 0.5153156126754335 0.46477700749373985 0.9398770911387322 0.3665743914351039 0.43585876328768836 0.5049399026966864 0.2060265093731704 0.48176947267262343 0.4705913323128197 0.3327686418696143 0.4299652161644813 
0.6376614432557528 0.569674261189311 0.4675336333538099 0.7420929583603431 0.5402697796706887 0.11435599910175609 0.26417804009399726 0.4336780112896884 0.20597589241492198 0.766913288374349 0.3481331306102366 0.5569302722563716 0.6444884408918341 0.5531963563468261 0.6098878371762091 0.44036889422029085 0.7400901584026891 0.19060646938108866 0.6707163699778216 0.8327754403862946 0.5430044899833264 0.598929471095616 0.9249753098414639 0.6296932082099884 0.8167164538852525 0.5383907835736197 0.528617631335237 0.12518468332521948 0.7709152717156433 0.1900300050541348 0.4363599569416302 0.46413525012208 0.44649366146488506 0.27656043471334735 0.27837664306359117 0.7168075814820024 0.15100842969351258 0.5977638802457224 0.5999668045292946 0.28872340062274665 0.5635583587514994 0.42570537863441366 0.7015596601887731 0.21037628547579412 0.3588786515025759 0.6184277562539435 0.4798805855688932 0.6874302224205624 0.3799602072191015 0.14508598696926583 0.3411893075449276 0.17491410199233587 0.7391887010113514 0.6332699578395006 0.44190214470886346 0.6051901425036332 0.6064020858679195 0.3089189154914152 0.7789673627244326 0.004847687932989231 0.8268270220069097 0.6209550747433388 0.41269459492630894 0.28746242686382134 
0.18912871031543055 0.05595083048586741 0.372572521254348 0.6983208080066684 0.4277621505344887 0.568032482555768 0.33902981508921304 0.38097366508902997 0.721771851015059 0.7118221774879028 0.30039123258263034 0.5763102244569074 0.7522427994764388 0.8446032290934702 0.9574705091923369 0.7067443328502647 0.34399654929141793 0.13493588519324973 0.6295219068333706 0.672078377375859 0.7041629973716792 0.16636490229081446 0.4160842549426015 0.4002229059444702 0.4095406233883609 0.7504886490825222 0.06133438240760586 0.21638716669318908 0.1616141605921695 0.4643095707316507 0.576854830881322 0.4889644383658128 0.6951331968280685 0.8463551127269038 0.6188743466641475 0.15100842969351258 0.04746801990887506 0.2371877490583852 0.6465731908018024 0.5117178207642308 0.6339773394222648 0.6137445373522192 0.3049279422068022 0.8157492060553325 0.7080443990793828 0.4311651458508305 0.7489860603213292 0.5818213920937247 0.47778992096642536 0.10767405474551589 0.2759098850102226 0.48535229773217375 0.7585013915368808 0.40331732947857457 0.3122794470855345 0.4822862357744712 0.41818558508606857 0.4158980893191941 0.5953854199513531 0.4157500598195136 0.5519934840995915 0.39881225726884306 0.775414222718942 0.3586719012829644 
0.6430142848800047 0.38578711455374187 0.8795891375474347 0.31597506694062666 0.33042023010874 0.3806759513250276 0.545723545996409 0.43980501966337876 0.4569502405702085 0.5059795873602533 0.3509061333781194 0.6412520620728412 0.49373513298891064 0.6915508939732868 0.25137535787604953 0.5795875543924578 0.4731136088588591 0.5238916264983213 0.4180930264171516 0.3558741705340387 0.7291220496242488 0.5582035214469692 0.7425206033700448 0.9104854308724923 0.39422401702900367 0.7314761475866953 0.4341089059939609 0.7356923299838127 0.20469108799393032 0.09855040123182057 0.738728758628836 0.41067213061297847 0.2803092062380554 0.45121129850325364 0.7249741365981719 0.5977638802457224 0.2371877490583852 0.3387191273189539 0.5122925223818404 0.8395201970712944 0.2763008803340329 0.3211030439627208 0.26034677646875715 0.6185348960916897 0.007956916214701903 0.7510528550793347 0.45542341667220193 0.36003164437851076 0.24821867262250935 0.9730831280481316 0.47383285874562714 0.5098618784771082 0.37716879767764794 0.5561475892413538 0.020167677774734216 0.3143291012769547 0.4898491891976319 0.32939047305234015 0.09336578135095136 0.3876968206011255 0.32080438747520684 0.40686868349405614 0.814517361913055 0.5843566934392612 
0.3846227204030861 0.17319937515845496 0.6348387808589524 0.7228909038573834 0.42202905949971425 0.43991271079201133 0.5338317689520938 0.29400509061871005 0.830535502911716 0.3420489118987835 0.3812655816490635 0.5853923404179951 0.2721918757330764 0.27918437222240794 0.8764243202370223 0.5223747628332036 0.33244405009948197 0.7604897992536948 0.5054776509279522 0.7113019889150907 0.17858179694464676 0.5714773840118352 0.45001737089667065 0.7579892515470015 0.6524881812183211 0.7051912370902256 0.21854345978379375 0.32034330064803884 0.6370955424509435 0.7611964845407884 0.46488775195825793 0.43564416775120796 0.34768473305281117 0.6826484672816703 0.6745550506696826 0.5999668045292946 0.6465731908018024 0.5122925223818404 0.2967537955488645 0.4445013132126889 0.891090953659232 0.6322690065342622 0.40843080262034925 0.5966033629907368 0.25770462085288215 0.5062150389077684 0.3385724161149124 0.29632010847955587 0.5832750544878194 0.723742875238796 0.35111385339217854 0.5354631786725319 0.3982234740760412 0.5865090235482523 0.13316082429368492 0.8598159801234065 0.10419008089691284 0.8049361858051742 0.22472074653565022 0.6309964857896047 0.512826002200109 0.8647488960426971 0.4690684574801106 0.34506226987491817 
0.3668746362572283 0.6205062199705313 0.4815490287812432 0.6244613628162701 0.4811558236634178 0.3122740377434917 0.3547979233433766 0.2952954401024553 0.45443334650802664 0.6017282218600445 0.6004517725155867 0.47456031514962715 0.42902717229790954 0.7987512031389601 0.7130964377313169 0.3281831054722345 0.4078496856138313 0.7492703999975878 0.6682554162332257 0.5386463505885697 0.6282397630701423 0.5531925568680396 0.47939724427913094 0.5282965064045919 0.4178672204023985 0.6361511894036201 0.6890335068579799 0.18150423921875963 0.31683368296553815 0.49175502738431853 0.42856901600101677 0.2894234419961616 0.12778132696678918 0.45708316759698175 0.9294836910780244 0.28872340062274665 0.5117178207642308 0.8395201970712944 0.4445013132126889 0.11734758929793365 0.31799369089172425 0.752687266052798 0.49635748675172897 0.49951114304438166 0.5084953234858627 0.8897684776018993 0.7545625476192661 0.7185839145148571 0.28406423019946514 0.5791834275970387 0.3890454262170022 0.621145682285352 0.5983127321093089 0.4009815182868435 0.5425147656603375 0.2370909615588892 0.47961281622184904 0.7380913162859284 0.8181067630945096 0.3933155850101622 0.5582974278702796 0.5364840025862314 0.5466511835643879 0.08697646740948795 
0.5863866860488953 0.11432493441727898 0.5342987249722655 0.4342467414518576 0.43794488544279536 0.619529453932828 0.25696723893240647 0.37054081914788123 0.5511072043867803 0.6202782370925329 0.7799689277895433 0.636834221581301 0.20198531683892246 0.6063663635423835 0.4212167847207623 0.7223498258167287 0.31716468446611584 0.47712126631892465 0.30733254324785414 0.366593435700682 0.3977116486941751 0.7927951659060779 0.3719495990963355 0.2572430866204883 0.5497239370479696 0.2675929336603717 0.8229988502835792 0.2085756532487396 0.5173463793696851 0.7094152077470266 0.5111313781820597 0.6866521171502882 0.3862162467994181 0.34410963068893863 0.21580326058096427 0.5635583587514994 0.6339773394222648 0.2763008803340329 0.891090953659232 0.31799369089172425 0.4498962125630539 0.9656813093983612 0.41750862759799934 0.7378973543074183 0.6005927892569558 0.3477252162219852 0.35636717767461595 0.8375520159158628 0.3627376039950965 0.5208523052772122 0.5575911636239718 0.6785916597121855 0.4787450291957638 0.43926128807294595 0.4238115379967043 0.5236242843572312 0.4066659793833594 0.40569794983793045 0.32609134993564176 0.3894900048579644 0.26656755049627645 0.5015769728969763 0.703860212649436 0.7237500188405475 
0.8565480593653094 0.8493106613055124 0.5492793661997639 0.39233828863719006 0.6116647770356161 0.3272746656752865 0.7419172981701707 0.8695530803585444 0.7148952961145534 0.30961508677616173 0.19408409590768783 0.3179813571714114 0.4417452192250371 0.9734646591713388 0.4373788179797322 0.32729904325421055 0.5913153541827569 0.603028257734302 0.3095202177397368 0.6458461691673556 0.5223816222641418 0.5781811724674553 0.2094356657598626 0.270608305650544 0.46746823123536424 0.3914428822883939 0.3194233006305568 0.36904278816884856 0.12759796626270936 0.2823716121199437 0.6082063544081857 0.7068420521088172 0.1751331927239974 0.6090032535873208 0.28893374944949285 0.42570537863441366 0.6137445373522192 0.3211030439627208 0.6322690065342622 0.752687266052798 0.9656813093983612 0.1902899611783906 0.3576230864536577 0.5241257223610059 0.49718335148870163 0.5417641802910873 0.41613302428355825 0.905053105897926 0.3578980530863008 0.5409425183312853 0.3235311685837734 0.3884768490546989 0.5255111997362517 0.8837542488766814 0.4073248608081899 0.7940575347816201 0.4135655164009001 0.6541979476427984 0.5949469687791868 0.5778536403921404 0.2713987023043052 0.6015053134445976 0.44475816283151115 0.9407201779940699 
0.16590503674569418 0.732680568328827 0.6778414306349044 0.25159832201034593 0.7595116857326334 0.3933335354855751 0.5480271041955684 0.37991396059213584 0.1984731269722303 0.5732601988226096 0.2128712734333683 0.5079830880751097 0.10255275846699674 0.5071746280246108 0.6703759091912391 0.43830576764386997 0.479210846942635 0.5737628423546888 0.7268622742048574 0.3184977025994423 0.6194725248942092 0.7489940622166986 0.7223337859521279 0.5020666135227821 0.27585385866279605 0.4439012778934051 0.7303739808527466 0.11938513637137282 0.6454050606000161 0.26393514016378233 0.527837517956554 0.4149092022996587 0.5396490246867742 0.5920099750940873 0.32851009253202207 0.7015596601887731 0.3049279422068022 0.26034677646875715 0.40843080262034925 0.49635748675172897 0.41750862759799934 0.3576230864536577 0.014220799046150367 0.46269561196406556 0.7942821240832597 0.5752776909246238 0.42991676453832023 0.4369551133766822 0.35608153032432 0.4181203689641811 0.7052280501064094 0.1010501173358625 0.6042199781683304 0.6617693705319737 0.7011714463740311 0.7609298074901012 0.11611421762667662 0.6890591343788124 0.5793892658538349 0.6440092510429292 0.4188735391828796 0.29588394681971397 0.5776247723823291 0.23056278727648688 
0.3748375023057338 0.45094109048989633 0.10487710670402728 0.5278140498406971 0.48830113649138357 0.36707664076007523 0.31460272018956975 0.60715293027558 0.36067211866368587 0.3977211429178481 0.7697235453159064 0.4782251414174021 0.5255305058908748 0.5028284945909198 0.03516012279097386 0.6167518654547339 0.47318547209220235 0.1374601260217878 0.5602076033523027 0.5481361321451466 0.8238807308698718 0.6717627268084383 0.23942842987169421 0.6376144983931984 0.18677888472247417 0.522080187666282 0.7681082877798737 0.8026516576380464 0.3673999023635385 0.16020538840908155 0.6839027046537565 0.5676640724915339 0.7539339203813973 0.7666865157527019 0.9286866145655968 0.21037628547579412 0.8157492060553325 0.6185348960916897 0.5966033629907368 0.49951114304438166 0.7378973543074183 0.5241257223610059 0.46269561196406556 0.20493826455585273 0.5462813105496509 0.5361258215364537 0.545655257120114 0.7065415036066716 0.7457498925988638 0.04330387842353545 0.5237557306831202 0.5528878621487872 0.890667596556745 0.41554928540838176 0.4550658090956795 0.2692413436273892 0.7808561629316964 0.5765153144117661 0.27728098308328764 0.3219113373797341 0.358753913077746 0.49273736231113757 0.46239512544432676 0.2924198300956677 
0.433158284746171 0.8053677733559212 0.23081654041415195 0.050679547788211765 0.751981108695648 0.8810572112856763 0.657724026575385 0.8449583625318855 0.4760904552310722 0.21832202663604017 0.6890152657865416 0.428879334046503 0.5698541226963181 0.6656398840010225 0.2660766737859106 0.29801521734915315 0.7287242832172299 0.7405741414352727 0.3755891737024282 0.5643260459089403 0.31267411737509315 0.4417974016279554 0.2262455095900085 0.4729750433545951 0.5311866242078831 0.6344812318786235 0.9836025205362877 0.5914585905553287 0.6442838940544904 0.44725329732587077 0.36781963806622064 0.27803051079950447 0.36102242859045414 0.7347140034787354 0.22772414580489575 0.3588786515025759 0.7080443990793828 0.007956916214701903 0.25770462085288215 0.5084953234858627 0.6005927892569558 0.49718335148870163 0.7942821240832597 0.5462813105496509 0.48519819060640756 0.5936556501753665 0.35062770055633913 0.2304834806427808 0.6341987729617968 0.2633324770925934 0.7011485016166505 0.9328726329550527 0.42282312466798627 0.25058564174374703 0.6214543862888056 0.5427837256186459 0.2480449942833024 0.7077649065797298 0.27387999775344035 0.3270687793177809 0.43464618708646635 0.4168449065027367 0.7128011943867062 0.26004273069362827 
0.37698161190169155 0.6109893387465469 0.5955736405733005 0.5524262652672316 0.8135510688258227 0.5257977478792568 0.4124231412505814 0.4424517132201613 0.33298232641589093 0.36852060851919605 0.9319622327470503 0.19351381930272654 0.6160962916764023 0.5287103622939335 0.5947764795608923 0.17651164317509954 0.5861152524337172 0.5443238526659202 0.1407387404815576 0.6221967508533857 0.3287272339219773 0.4025594093364675 0.1270916926055316 0.4340856359345007 0.5188585182973426 0.6297806657162843 0.6723127812647519 0.2638055182822237 0.8122553458664342 0.7286619616400299 0.2924450673062394 0.8551388636257669 0.5848387575217593 0.5124998337473117 0.2716418280776191 0.6184277562539435 0.4311651458508305 0.7510528550793347 0.5062150389077684 0.8897684776018993 0.3477252162219852 0.5417641802910873 0.5752776909246238 0.5361258215364537 0.5936556501753665 0.14589693911800894 0.35373512590220274 0.5127894629408702 0.1574181719560072 0.2644876460712298 0.7436320949692442 0.2214608108480518 0.4249098773447268 0.6754031872505666 0.5224778553140612 0.9717910096614291 0.47184999388873483 0.4877783553395147 0.6750004570929992 0.221436480610683 0.40660560356214775 0.2662884309154724 0.15720238176280205 0.5315142143137571 
0.6662294717563869 0.8371288080180066 0.4289306439775082 0.517236978877387 0.5212799726159947 0.30566502193636547 0.8650782966082382 0.5868674428650082 0.3728700077130055 0.3835554376072703 0.17524558292240028 0.42242876698126547 0.41621407872647154 0.7003559813730873 0.5234841047940977 0.1688445281677875 0.42481581566746635 0.6379602380406948 0.6404721635473583 0.07330798892704204 0.4283102694457626 0.5426400244839573 0.5689513766923605 0.7136319418035073 0.5468854199012239 0.3009694877929083 0.6343552407238119 0.8682078046075337 0.7280330877911367 0.7874670038749885 0.5172035189707815 0.3630041822294294 0.11165984336503315 0.3283493292569746 0.42130436558266965 0.4798805855688932 0.7489860603213292 0.45542341667220193 0.3385724161149124 0.7545625476192661 0.35636717767461595 0.41613302428355825 0.42991676453832023 0.545655257120114 0.35062770055633913 0.35373512590220274 0.30386849593736753 0.44218500483268613 0.52975362753787 0.8271279700825204 0.46758863975744247 0.898814359724794 0.7416341865924514 0.8539195558001635 0.845082011141129 0.43551717310287097 0.7353818852740586 0.3434231509852526 0.42624339562856434 0.3900482735014699 0.45143244234605895 0.07947481157784558 0.5936824139274612 0.953507003722245 
0.2714790364720953 0.842776282305336 0.4744008679615826 0.6335469988331623 0.2788969203278811 0.39610654040139176 0.9208763086085737 0.3001072120880201 0.5809031386045362 0.130872989021877 0.5901291854761253 0.39299876920527 0.5283256372908349 0.617918351709341 0.22064589920847882 0.5229829979886111 0.6199886998847768 0.32014466562467303 0.28225598845358807 0.31689274741143875 0.644373807740777 0.5282092433794502 0.3246939290154945 0.4977831446940244 0.6634549583801592 0.8123834630237121 0.2519453968735097 0.6788132129676208 0.12073238727266739 0.1605769288031399 0.2706779433937613 0.6941148425111725 0.4832070599901517 0.4999711895043537 0.23395113680915314 0.6874302224205624 0.5818213920937247 0.36003164437851076 0.29632010847955587 0.7185839145148571 0.8375520159158628 0.905053105897926 0.4369551133766822 0.7065415036066716 0.2304834806427808 0.5127894629408702 0.44218500483268613 0.8937404281758603 0.32523454175014527 0.6839568134342842 0.7609455488710821 0.11513571874661116 0.6383165832308285 0.6531740837922457 0.9546946844603663 0.4901503756282673 0.5310686727436076 0.7810296733622197 0.37193016156060077 0.3552633767854792 0.5900866530249199 0.4323937671763915 0.7976913555342285 0.03826857952461382 
0.38226248809597024 0.4330467346065565 0.5600380628655859 0.4338389101782917 0.9143324469742737 0.9166543402736418 0.2264407675188277 0.40591750305032187 0.6473110715472694 0.6118867080486659 0.18972529829644486 0.6621156305893723 0.8542609469654927 0.46545973752842107 0.8907309363832625 0.840177034567305 0.49441242955024534 0.3887660438618816 0.5018372275623729 0.5216832324957112 0.22039743300339365 0.4249310431794196 0.08686771011887529 0.5551000300045159 0.6450972699028558 0.16864503992842855 0.5917480912317421 0.9448327865708722 0.5426826879737348 0.331479490370874 0.7173128133479982 0.4064244336639284 0.8395100972663575 0.4074866330303456 0.4432003660942792 0.3799602072191015 0.47778992096642536 0.24821867262250935 0.5832750544878194 0.28406423019946514 0.3627376039950965 0.3578980530863008 0.35608153032432 0.7457498925988638 0.6341987729617968 0.1574181719560072 0.52975362753787 0.32523454175014527 0.37045590755344737 0.38106531726118426 0.7141240037688822 0.3122767377490152 0.4102880489933267 0.5084525300254674 0.42491849409127946 0.3227216741073599 0.6824095890995067 0.41867532737698615 0.829471577308319 0.6747184386477979 0.52453506917502 0.40600380560689125 0.3445808914318041 0.6675279340142295 
0.9081759497181314 0.6506391720727869 0.5847662354758159 0.5634998979695913 0.6282024710228367 0.5834839691433671 0.26467939511848715 0.8009946182790115 0.3019241458641804 0.42188673055195647 0.4545633582919827 0.5234597564120613 0.4987614947075515 0.7699619306276105 0.555216973074603 0.9210270189194135 0.6956950443139924 0.3962484603466115 0.3365277940395042 0.38190848921414544 0.3275487942947079 0.6824654368575179 0.6549590652049341 0.532388575054859 0.5181975441932009 0.5126651560317619 0.6103434195347837 0.013420372566715466 0.4591142637042972 0.5525558282060756 0.43053185711967706 0.7173577545209198 0.6937584625314872 0.20636769832485535 0.45312764954545864 0.14508598696926583 0.10767405474551589 0.9730831280481316 0.723742875238796 0.5791834275970387 0.5208523052772122 0.5409425183312853 0.4181203689641811 0.04330387842353545 0.2633324770925934 0.2644876460712298 0.8271279700825204 0.6839568134342842 0.38106531726118426 0.663793567120068 0.45732769624476566 0.5988553906590051 0.6221938658454911 0.39887769950678637 0.9135514726291782 0.6551391122025993 0.5779767131983864 0.1686079826771244 0.41676375267100496 0.47425484199311624 0.20093021059167743 0.2690606211445187 0.4809189924248296 0.5711989107247227 
0.4851297635707927 0.7605769348866537 0.6274603412780048 0.12636229891945627 0.8218201646023553 0.8385770756815576 0.25987574578208866 0.9716178947646061 0.7545539601802578 0.864966100663205 0.5487353165511506 0.5285668537291097 0.5264686636215147 0.1899505295863576 0.5564280387904756 0.3882438810086269 0.18872068956033283 0.43670742540356283 0.5831710045692261 0.8515847488636369 0.513643332949324 0.45090477106841553 0.4825472061658125 0.22404009151531684 0.7469127891305671 0.719781493242835 0.40713528078836264 0.6259325000397797 0.7937510564249827 0.22734707900098988 0.21210319657677468 0.6766806834193457 0.7235676284382263 0.5666615371428583 0.38868031543634085 0.3411893075449276 0.2759098850102226 0.47383285874562714 0.35111385339217854 0.3890454262170022 0.5575911636239718 0.3235311685837734 0.7052280501064094 0.5237557306831202 0.7011485016166505 0.7436320949692442 0.46758863975744247 0.7609455488710821 0.7141240037688822 0.45732769624476566 0.4406155986535977 0.6332251984542964 0.6883178222738886 0.43292518701465854 0.4841288881396897 0.6195241641338335 0.3795116362525688 0.42748824625045373 0.448774271033184 0.4089991106135753 0.8905508882932998 0.52307316947684 0.3475943644413687 0.35804213559092735 
0.1554196463595629 0.4360431455269303 0.3037696287651312 0.40154097782197634 0.3034681028281809 0.7080021968568886 0.6722034856399413 0.3256100990738317 0.11849951457675961 0.8693555702406325 0.7575207073810137 0.44711581309310217 0.8509021707522856 0.733868244466958 0.4443846774953295 0.21989621672299137 0.6092953157465995 0.4824464412550833 0.682963405876474 0.5779654078644689 0.6927825262129809 0.7137244393346893 0.6215759650599444 0.532033313669833 0.6493906992904197 0.4209253421838627 0.49522434132476384 0.5887825687358618 0.727523709387381 0.5493746830463464 0.47383397511532294 0.4901409235146135 0.5225970645445348 0.6418371377259227 0.35629997981920286 0.17491410199233587 0.48535229773217375 0.5098618784771082 0.5354631786725319 0.621145682285352 0.6785916597121855 0.3884768490546989 0.1010501173358625 0.5528878621487872 0.9328726329550527 0.2214608108480518 0.898814359724794 0.11513571874661116 0.3122767377490152 0.5988553906590051 0.6332251984542964 0.9104816128594527 0.22792030930640833 0.8516324019762969 0.45623845619246456 0.7633018692921286 0.6031518390430368 0.3221818027492712 0.6478770046594111 0.3970941754515238 0.8083872365431357 0.5477153021426979 0.5547580369216343 0.5088901304273703 
0.16002531833770406 0.47915624091981895 0.19689879785858094 0.3695391357042611 0.37953614537428904 0.352226634868302 0.06003678726402151 0.5030629360123198 0.2015239853119663 0.31056763191280673 0.6776242293431778 0.6832013436730733 0.25062454196418193 0.7514229851672349 0.30100461878630974 0.5814711762092126 0.45570861885697633 0.5749191515028258 0.6735179009266523 0.3582100621322823 0.6792394212169135 0.522210250932541 0.5987313642791332 0.7102977217853739 0.5340508685689402 0.2219038267030488 0.4574480633496163 0.31346501791885417 0.5361449111592944 0.888532519389789 0.8031158700702554 0.6283050449251915 0.5960974161526669 0.377317615325467 0.8796681327484543 0.7391887010113514 0.7585013915368808 0.37716879767764794 0.3982234740760412 0.5983127321093089 0.4787450291957638 0.5255111997362517 0.6042199781683304 0.890667596556745 0.42282312466798627 0.4249098773447268 0.7416341865924514 0.6383165832308285 0.4102880489933267 0.6221938658454911 0.6883178222738886 0.22792030930640833 0.6510568475339503 0.43620181315029105 0.4147715973214352 0.42071567136182353 0.07455957325500501 0.7858805866696448 0.3821092190643708 0.7858793103644262 0.8727849334377644 0.5767831861277037 0.651665000020069 0.6539958281950142 
0.27509737286950436 0.6599935567628106 0.640865113793068 0.4319898323824413 0.7003451570182049 0.577394749987904 0.46750853735124204 0.2739021254169937 0.5075312851044755 0.4301418770331123 0.9330037843431785 0.2454397204631924 0.9503286359438943 0.2575885995227543 0.0048179014387841335 0.39979035088371395 0.2716047908598822 0.5050010389483557 0.5168475245924848 0.33650426563911684 0.27805580191355167 0.13075341447538374 0.8324478201417811 0.674857061959824 0.5428193554477809 0.8257922641451199 0.6050216060080603 0.38501186964557105 0.7425533854230242 0.2691406123851237 0.4002473781829736 0.7339665592613961 0.40856636796131357 0.6056309769519814 0.5153156126754335 0.6332699578395006 0.40331732947857457 0.5561475892413538 0.5865090235482523 0.4009815182868435 0.43926128807294595 0.8837542488766814 0.6617693705319737 0.41554928540838176 0.25058564174374703 0.6754031872505666 0.8539195558001635 0.6531740837922457 0.5084525300254674 0.39887769950678637 0.43292518701465854 0.8516324019762969 0.43620181315029105 0.7207283926456102 0.4232711549349587 0.6026394159208706 0.47591269053154645 0.6151027547850432 0.5180338971923948 0.2607501045421623 0.5768391313881134 0.10357928653660664 0.5425492049695573 0.47200774793606953 
0.5728085395359834 0.7044055049124993 0.7663699011437336 0.597431511954055 0.25204620475498335 0.8902486568062081 0.6795449154804984 0.8146641064665401 0.324889927857153 0.467859482502459 0.20764670658758677 0.28215097789724175 0.5347942681329807 0.8540004788707665 0.6238405986999349 0.8918278156184036 0.6698566320985195 0.1648502398755129 0.5891880890680429 0.6638986289557398 0.9260840791940809 0.13369087073151137 0.5831772041917336 0.5140794858811197 0.6136199804505889 0.18587743831074888 0.5295151430624463 0.08860116016470704 0.44216945128054097 0.5832136876427579 0.06042735814006617 0.6385621083811391 0.5590324362846224 0.4254229250049284 0.46477700749373985 0.44190214470886346 0.3122794470855345 0.020167677774734216 0.13316082429368492 0.5425147656603375 0.4238115379967043 0.4073248608081899 0.7011714463740311 0.4550658090956795 0.6214543862888056 0.5224778553140612 0.845082011141129 0.9546946844603663 0.42491849409127946 0.9135514726291782 0.4841288881396897 0.45623845619246456 0.4147715973214352 0.4232711549349587 0.07761488056561738 0.899073749498519 0.6372881079627057 0.6310062967266674 0.7827867102376143 0.00991146583685687 0.5329819620245365 0.707539365029972 0.1795508898666392 0.7386341488374615 
0.5665795696926665 0.6811051154717446 0.25176571319817553 0.6372766282893033 0.8457625331682752 0.5787998820434471 0.46590141423230697 0.6633270591647209 0.8405838339594166 0.9383123509844957 0.3165976371669578 0.4916950574893107 0.5981127139628383 0.5445272382157234 0.28911810639949814 0.5594184038680221 0.5831808391535289 0.5136975636997451 0.5092615658590285 0.5127906331089199 0.40994716329720265 0.4128321136285741 0.03189922765150516 0.0878772997086158 0.0730269035898698 0.8433252706564931 0.6597210605761288 0.9513904587194335 0.4370302258329957 0.01763280025528513 0.6985086675881451 0.10332833893965543 0.2697538754918021 0.5337729324286203 0.9398770911387322 0.6051901425036332 0.4822862357744712 0.3143291012769547 0.8598159801234065 0.2370909615588892 0.5236242843572312 0.7940575347816201 0.7609298074901012 0.2692413436273892 0.5427837256186459 0.9717910096614291 0.43551717310287097 0.4901503756282673 0.3227216741073599 0.6551391122025993 0.6195241641338335 0.7633018692921286 0.42071567136182353 0.6026394159208706 0.899073749498519 0.8472829111117975 0.5428813271397732 0.8082555277893533 0.4675739803880296 0.8253692460553859 0.7611237684908381 0.20188312614684467 0.6331229349092203 0.41790595612422704 
0.6217154335600645 0.2873340339793193 0.3930605984820279 0.40556389445412033 0.8042557875784144 0.43866698242598123 0.41818339243725855 0.4312410586756773 0.3709962004192804 0.5161383080265428 0.5243392824082238 0.4352687435127408 0.37909501609553475 0.3833888413208909 0.39832851924540885 0.12638661866244477 0.09901050722045501 0.37508004780319515 0.47412300062166685 0.8522719579274173 0.27780856413751626 0.576245819659928 0.37992931682221665 0.7878439466352671 0.2977357067328019 0.583981432819134 0.7365910748468344 0.4978232406089392 0.517235300887039 0.4888126045923729 0.3851254834163579 0.47667099568444304 0.8086079304622824 0.8218238330761103 0.3665743914351039 0.6064020858679195 0.41818558508606857 0.4898491891976319 0.10419008089691284 0.47961281622184904 0.4066659793833594 0.4135655164009001 0.11611421762667662 0.7808561629316964 0.2480449942833024 0.47184999388873483 0.7353818852740586 0.5310686727436076 0.6824095890995067 0.5779767131983864 0.3795116362525688 0.6031518390430368 0.07455957325500501 0.47591269053154645 0.6372881079627057 0.5428813271397732 0.4937457303526883 0.5726208921708218 0.8370333772322638 0.4530567314126749 0.48296819319110446 0.5161524136693948 0.11604523297593866 0.47240603019826777 
0.5110035706831282 0.5736350337160412 0.6783392631656971 0.49468355170175654 0.4834189012730651 0.043576479797802714 0.6622044466625658 0.6212308374197718 0.5429425527514069 0.5267980673907784 0.30980130925320903 0.4946305999852066 0.6384078427347055 0.506140218033371 0.7877730476988101 0.404447764898714 0.7924201682742036 0.7506988647693591 0.2163660667199671 0.5381355525231788 0.46020311819255827 0.4108065831842633 0.43037840225619095 0.44603145199894534 0.6061927454692257 0.5366733373327358 0.5382659698609217 0.419583067245169 0.4163790902960493 0.711231856957844 0.5970612410978771 0.13089341916324043 0.9300677654781241 0.7481710247393343 0.43585876328768836 0.3089189154914152 0.4158980893191941 0.32939047305234015 0.8049361858051742 0.7380913162859284 0.40569794983793045 0.6541979476427984 0.6890591343788124 0.5765153144117661 0.7077649065797298 0.4877783553395147 0.3434231509852526 0.7810296733622197 0.41867532737698615 0.1686079826771244 0.42748824625045373 0.3221818027492712 0.7858805866696448 0.6151027547850432 0.6310062967266674 0.8082555277893533 0.5726208921708218 0.15393616360961204 0.6039708748262833 0.2247491833074053 0.17408496138443258 0.8914870396977226 0.1634349373766396 0.6731427078573016 
0.5940592178178298 0.161034569803359 0.5579142966049104 0.4150224882514042 0.8543805195217439 0.269407191689118 0.5770816769456999 0.312842592725248 0.4937377644628965 0.11557577051778078 0.5618205243108814 0.4380193438139893 0.5001802146131932 0.5036761632100104 0.7563388073902728 0.526198913559739 0.5342879159679919 0.8341729493993694 0.5865452834772586 0.813111360176884 0.8140394575570573 0.4647238825247647 0.601005450073966 0.13160395162687566 0.5790608724410788 0.140934905718394 0.5884315086831686 0.7568840358111651 0.5936443773806441 0.1594747675359875 0.36447669520656695 0.3066487242560689 0.546208059107359 0.44268497618509106 0.5049399026966864 0.7789673627244326 0.5953854199513531 0.09336578135095136 0.22472074653565022 0.8181067630945096 0.32609134993564176 0.5949469687791868 0.5793892658538349 0.27728098308328764 0.27387999775344035 0.6750004570929992 0.42624339562856434 0.37193016156060077 0.829471577308319 0.41676375267100496 0.448774271033184 0.6478770046594111 0.3821092190643708 0.5180338971923948 0.7827867102376143 0.4675739803880296 0.8370333772322638 0.6039708748262833 0.23620686746334218 0.46403150500054086 0.07161996786962305 0.6389842016510963 0.5168068165386583 0.42367870545808695 
0.6606057978059241 0.6473939965740938 0.12345076324146054 0.3094235553319116 0.3930952654093152 0.3557158322132894 0.7363439428473795 0.3815104625004257 0.7896629558490798 0.5573312790723091 0.3464856954762083 0.6021416907065649 0.5100036666982852 0.23592620048383856 0.690210727775641 0.5912547075819177 0.4376484936493278 0.5624291806347372 0.513437324376335 0.35589187770449066 0.703813673171358 0.4911895409011633 0.7462811930869439 0.3030120815222808 0.36664462001770143 0.4151876479299443 0.46596675095393575 0.7593072780638769 0.12705870252998047 0.8442068838627244 0.9238415007358254 0.7633164513977839 0.7581890609856858 0.7710025493283721 0.2060265093731704 0.004847687932989231 0.4157500598195136 0.3876968206011255 0.6309964857896047 0.3933155850101622 0.3894900048579644 0.5778536403921404 0.6440092510429292 0.3219113373797341 0.3270687793177809 0.221436480610683 0.3900482735014699 0.3552633767854792 0.6747184386477979 0.47425484199311624 0.4089991106135753 0.3970941754515238 0.7858793103644262 0.2607501045421623 0.00991146583685687 0.8253692460553859 0.4530567314126749 0.2247491833074053 0.46403150500054086 0.4605716296655149 0.47109979813140856 0.4181195471448805 0.644151239177195 0.7439700385302492 
0.6118954413331852 0.1458557880555672 0.5899889513718853 0.4120980936565169 0.7142444007636246 0.4372816087193406 0.6366938257972903 0.8441541186340478 0.5010969396895812 0.681297065729876 0.31563673230405387 0.39029538337812436 0.8402916686676056 0.7978680270926701 0.15944411380086032 0.14502213086333 0.5309342763408533 0.47607887762843365 0.4242237584985677 0.5893846595451314 0.17026230288987537 0.8435603863095982 0.5926123534957366 0.1968318602477263 0.3244404633538263 0.5341363839764022 0.6235311482870147 0.4498673301770726 0.3434183969977567 0.22292377297653843 0.7718297684475469 0.3466352162243128 0.7336027716683596 0.3672322354192535 0.48176947267262343 0.8268270220069097 0.5519934840995915 0.32080438747520684 0.512826002200109 0.5582974278702796 0.26656755049627645 0.2713987023043052 0.4188735391828796 0.358753913077746 0.43464618708646635 0.40660560356214775 0.45143244234605895 0.5900866530249199 0.52453506917502 0.20093021059167743 0.8905508882932998 0.8083872365431357 0.8727849334377644 0.5768391313881134 0.5329819620245365 0.7611237684908381 0.48296819319110446 0.17408496138443258 0.07161996786962305 0.47109979813140856 0.2856245128259055 0.5708941681213471 0.46522397756305267 0.3128070674126592 
0.4262877328530573 0.25186967895142387 0.6469648322765281 0.6829445704213495 0.14847341432006989 0.6411249637267393 0.29022744767772335 0.414396448825957 0.30828187949234864 0.8669944577959245 0.25308201565297894 0.5600662829566465 0.19016571505368884 0.39961649662423976 0.1580136763280533 0.815522902669729 0.7141045333528482 0.24763170815121344 0.44873762962496694 0.766638433333594 0.4252214427081682 0.33241200417760525 0.2069744782544286 0.5181763567013422 0.1288432279342222 0.6501398048504982 0.5303865023664414 0.6591229918136021 0.35259790828247356 0.24911342044130702 0.0555093937643662 0.6442981477841069 0.3928919422473124 0.4444321506692136 0.4705913323128197 0.6209550747433388 0.39881225726884306 0.40686868349405614 0.8647488960426971 0.5364840025862314 0.5015769728969763 0.6015053134445976 0.29588394681971397 0.49273736231113757 0.4168449065027367 0.2662884309154724 0.07947481157784558 0.4323937671763915 0.40600380560689125 0.2690606211445187 0.52307316947684 0.5477153021426979 0.5767831861277037 0.10357928653660664 0.707539365029972 0.20188312614684467 0.5161524136693948 0.8914870396977226 0.6389842016510963 0.4181195471448805 0.5708941681213471 0.48456738164158597 0.6983855530597651 0.14619610382441112 
0.4570247201248055 0.5955054620519923 0.3110259431551033 0.6950626979628258 0.18956570239825216 0.4279940164257605 0.6774187523072417 0.3991084232362097 0.650908603252403 0.871556218220646 0.14423899639866383 0.5920631389812505 0.34406609864510884 0.33314049810209034 0.7594030258289766 0.427201185130633 0.3459062048726843 0.5705252819594141 0.4772488991095785 0.4910550659910256 0.38251730230470177 0.3125032294236015 0.31760879553223614 0.9098817178697878 0.30693553416500263 0.45016682309732375 0.6250318495868865 0.4527285142851721 0.6545621377950213 0.7785939425287698 0.31558264339108644 0.3725727537288637 0.8512624113848796 0.4156414759640883 0.3327686418696143 0.41269459492630894 0.775414222718942 0.814517361913055 0.4690684574801106 0.5466511835643879 0.703860212649436 0.44475816283151115 0.5776247723823291 0.46239512544432676 0.7128011943867062 0.15720238176280205 0.5936824139274612 0.7976913555342285 0.3445808914318041 0.4809189924248296 0.3475943644413687 0.5547580369216343 0.651665000020069 0.5425492049695573 0.1795508898666392 0.6331229349092203 0.11604523297593866 0.1634349373766396 0.5168068165386583 0.644151239177195 0.46522397756305267 0.6983855530597651 0.33160871047674045 0.23166460247367898 
0.5871209738018477 0.9871206430380787 0.8442983893417962 0.6907476870694993 0.4015739221021354 0.4008067387860897 0.21039566325289905 0.5203689393509194 0.4042829219366311 0.6725728096198916 0.31354236877667635 0.760081340964232 0.5312283871414394 0.24770609860690485 0.5522719952272135 0.03631900415573369 0.6256479372109762 0.5774948511122114 0.7832791799270044 0.5978815651308094 0.2856470852451527 0.519058125988804 0.14128250024360872 0.2819163228930867 0.6523367824281252 0.5436629175055133 0.8058694524027581 0.11493885221808714 0.5546996614498338 0.22592303720510593 0.7916303469472861 0.30839538071939804 0.7989901707647236 0.9140020910081633 0.4299652161644813 0.28746242686382134 0.3586719012829644 0.5843566934392612 0.34506226987491817 0.08697646740948795 0.7237500188405475 0.9407201779940699 0.23056278727648688 0.2924198300956677 0.26004273069362827 0.5315142143137571 0.953507003722245 0.03826857952461382 0.6675279340142295 0.5711989107247227 0.35804213559092735 0.5088901304273703 0.6539958281950142 0.47200774793606953 0.7386341488374615 0.41790595612422704 0.47240603019826777 0.6731427078573016 0.42367870545808695 0.7439700385302492 0.3128070674126592 0.14619610382441112 0.23166460247367898 0.4437921716185562 