8 1.8782845195574873 6.359468034006645 348 1416
60 51 20 77 93 64 32 41 
16 2 3 52 15 90 17 74 
83 8 11 87 93 72 87 92 
67 29 34 99 1 64 5 49 
86 21 2 49 42 76 59 33 
53 33 82 88 66 86 8 7 
100 17 63 76 29 75 31 52 
67 93 74 79 19 42 49 72 
0.6208043498028506 0.2950636279211407 0.5108417024395722 0.3777347079991519 0.05665522956839747 0.6867403387926398 0.8270668352337678 0.18005738990008585 
0.2950636279211407 0.5127923829842703 0.9294443956239644 0.5775749481086635 0.7249644329899393 0.2839790603683954 0.7180486613472337 0.4691118937642628 
0.5108417024395722 0.9294443956239644 0.7236434425487613 0.4962971111743864 0.4385730559342755 0.6687981206278855 0.25370307191445807 0.5364415919475197 
0.3777347079991519 0.5775749481086635 0.4962971111743864 0.45406063136534813 0.22140273759580442 0.5971330175209719 0.7214702309830581 0.6890492597213616 
0.05665522956839747 0.7249644329899393 0.4385730559342755 0.22140273759580442 0.8648553853714207 0.46954217131317894 0.34707046833829497 0.520027927142386 
0.6867403387926398 0.2839790603683954 0.6687981206278855 0.5971330175209719 0.46954217131317894 0.6034916674770372 0.5631349079974859 0.6011541651162975 
0.8270668352337678 0.7180486613472337 0.25370307191445807 0.7214702309830581 0.34707046833829497 0.5631349079974859 0.23371120441261728 0.218926109884248 
0.18005738990008585 0.4691118937642628 0.5364415919475197 0.6890492597213616 0.520027927142386 0.6011541651162975 0.218926109884248 0.2822123359788734 