8 1.2515823586903934 5.621088424945722 282 1326
10 47 67 31 21 70 27 63 
85 99 61 5 87 95 42 3 
43 86 69 28 75 39 84 65 
99 64 3 23 7 10 11 44 
26 69 54 72 37 16 26 17 
93 70 13 99 23 48 100 61 
30 53 4 82 60 63 16 23 
11 78 72 61 17 43 37 76 
0.11228777200827489 0.3750336654870521 0.6131083984382306 0.4711632818227921 0.4749368016575131 0.14175951011417381 0.05172992641978852 0.2351204295634815 
0.3750336654870521 0.48076600486836785 0.08582329753005602 0.06539269331450115 0.701971006628179 0.29499924005247924 0.4442873137851517 0.268128335690985 
0.6131083984382306 0.08582329753005602 0.5455739151112109 0.23172662281874773 0.9460831763737638 0.4846405183794127 0.26115602749329686 0.3164546030814383 
0.4711632818227921 0.06539269331450115 0.23172662281874773 0.9364291664571253 0.5903225507950713 0.4401650865345148 0.6992865584895377 0.5913714105070019 
0.4749368016575131 0.701971006628179 0.9460831763737638 0.5903225507950713 0.11966556603364764 0.5345984465093421 0.4543963687584143 0.4406380653152704 
0.14175951011417381 0.29499924005247924 0.4846405183794127 0.4401650865345148 0.5345984465093421 0.8731200199945774 0.7731931914219041 0.3227571630769319 
0.05172992641978852 0.4442873137851517 0.26115602749329686 0.6992865584895377 0.4543963687584143 0.7731931914219041 0.652140842900968 0.461129433111391 
0.2351204295634815 0.268128335690985 0.3164546030814383 0.5913714105070019 0.4406380653152704 0.3227571630769319 0.461129433111391 0.4960391919231564 