16
98 49 52 2 77 52 23 96 16 70 32 15 50 41 67 64 
33 70 59 91 82 75 85 79 5 36 8 50 10 76 75 34 
88 60 65 86 13 8 14 67 8 21 6 99 49 84 16 61 
61 16 89 80 33 57 46 21 31 99 79 33 9 7 28 87 
42 40 54 66 99 80 36 49 29 18 76 8 62 64 18 30 
15 81 53 96 82 14 59 25 93 51 91 39 1 26 83 100 
60 57 1 43 63 20 83 7 79 58 72 16 7 37 66 16 
98 32 48 64 87 41 28 40 51 19 56 16 50 94 67 66 
100 96 1 60 97 54 94 40 22 96 19 35 100 76 11 79 
11 6 8 3 30 67 95 2 20 61 4 82 66 80 73 38 
18 76 54 27 97 78 71 97 22 51 65 12 26 48 97 80 
83 56 4 13 96 15 93 6 52 85 51 70 66 57 52 15 
76 8 25 70 88 87 31 25 11 83 62 84 63 10 65 72 
63 18 56 72 64 23 80 19 15 15 6 65 96 26 89 17 
64 72 16 95 52 75 62 84 85 89 89 48 48 84 14 4 
45 78 82 49 92 59 5 46 27 44 54 88 82 69 69 10 
16 126 148 126 123 43 184 96 24 144 83 97 112 153 95 66 
126 166 69 88 106 167 119 75 84 123 83 140 19 118 56 138 
148 69 70 39 110 125 21 147 90 72 54 60 20 170 107 38 
126 88 39 172 73 73 149 138 49 81 132 127 183 49 77 49 
123 106 110 73 120 126 138 78 183 97 88 90 91 78 127 70 
43 167 125 73 126 68 46 140 143 122 114 91 119 98 117 89 
184 119 21 149 138 46 168 61 145 188 157 98 119 123 111 159 
96 75 147 138 78 140 61 96 69 88 21 140 107 157 115 31 
24 84 90 49 183 143 145 69 120 127 135 91 193 71 36 112 
144 123 72 81 97 122 188 88 127 172 59 104 63 65 132 53 
83 83 54 132 88 114 157 21 135 59 186 77 80 112 63 146 
97 140 60 127 90 91 98 140 91 104 77 70 97 93 64 33 
112 19 20 183 91 119 119 107 193 63 80 97 142 56 131 67 
153 118 170 49 78 98 123 157 71 65 112 93 56 68 80 160 
95 56 107 77 127 117 111 115 36 132 63 64 131 80 178 139 
66 138 38 49 70 89 159 31 112 53 146 33 67 160 139 64 