16
75 92 72 19 56 2 17 56 39 12 8 82 57 76 27 14 
25 53 52 65 83 88 40 1 40 34 22 78 12 73 98 33 
76 55 2 93 11 76 51 17 69 6 34 56 76 85 96 82 
22 87 27 70 88 59 17 7 80 3 74 40 10 73 83 97 
24 67 10 90 32 15 9 73 60 44 60 32 76 4 100 52 
23 34 87 92 34 18 15 97 37 28 16 71 90 87 10 24 
6 9 64 47 72 28 14 17 83 82 17 50 20 53 75 3 
16 9 15 51 74 43 39 77 53 46 27 36 99 59 21 56 
27 70 35 74 6 52 8 39 11 8 53 77 6 53 24 64 
17 17 54 55 11 39 64 56 43 52 4 40 93 56 23 89 
7 63 66 73 72 89 49 49 94 11 6 47 49 54 2 14 
28 46 21 88 54 94 10 85 99 50 51 40 81 50 20 96 
90 77 90 21 48 71 76 90 77 87 91 20 65 39 3 58 
37 59 83 61 77 88 96 32 97 67 23 7 26 20 82 69 
41 44 47 84 67 59 58 51 91 9 45 82 93 91 75 52 
12 59 84 13 82 88 77 79 37 18 12 72 41 14 59 40 
-1 -1 1 1 -1 -1 1 -1 1 1 1 -1 1 -1 -1 -1 
-1 -1 -1 -1 1 1 1 -1 -1 -1 1 -1 1 1 1 -1 
1 -1 1 -1 1 -1 -1 -1 1 1 -1 -1 1 -1 1 -1 
1 -1 -1 1 1 1 -1 -1 1 -1 -1 1 -1 -1 -1 1 
-1 1 1 1 -1 1 1 -1 1 1 -1 -1 1 1 1 1 
-1 1 -1 1 1 -1 -1 -1 -1 -1 -1 -1 -1 1 -1 -1 
1 1 -1 -1 1 -1 1 1 1 -1 -1 1 -1 -1 1 -1 
-1 -1 -1 -1 -1 -1 1 -1 1 -1 -1 1 1 1 -1 -1 
1 -1 1 1 1 -1 1 1 1 -1 1 1 -1 1 1 1 
1 -1 1 -1 1 -1 -1 -1 -1 -1 1 1 1 -1 -1 1 
1 1 -1 -1 -1 -1 -1 -1 1 1 1 1 1 -1 -1 -1 
-1 -1 -1 1 -1 -1 1 1 1 1 1 1 -1 1 -1 1 
1 1 1 -1 1 -1 -1 1 -1 1 1 -1 1 1 1 1 
-1 1 -1 -1 1 1 -1 1 1 -1 -1 1 1 -1 1 1 
-1 1 1 -1 1 -1 1 -1 1 -1 -1 -1 1 1 -1 1 
-1 -1 -1 1 1 -1 -1 -1 1 1 -1 1 1 1 1 -1 