128
54 97 11 90 20 86 22 48 97 59 42 40 74 85 52 88 50 64 76 70 5 52 16 26 66 54 70 68 9 54 39 18 84 27 72 54 73 6 60 81 87 99 39 81 47 94 67 43 44 62 86 16 53 75 96 69 83 23 5 69 82 83 59 32 87 23 4 93 81 3 95 47 82 20 41 96 39 50 29 4 40 88 2 52 62 72 89 31 96 47 36 20 28 38 27 53 70 72 79 6 13 84 89 15 67 35 63 54 50 61 63 13 38 51 10 55 49 63 38 46 13 4 16 4 50 100 77 31 
65 14 73 34 36 89 8 85 3 5 87 66 38 69 2 18 58 93 93 89 9 100 91 34 18 51 61 38 37 26 78 87 57 82 66 78 37 44 91 70 8 25 64 48 99 80 14 59 62 81 17 82 28 17 17 14 17 79 23 21 81 36 42 48 14 80 55 37 92 21 99 69 20 44 44 73 66 11 6 66 57 26 66 80 51 86 11 100 79 14 74 32 54 7 13 34 22 72 66 50 29 21 57 26 86 53 89 4 5 8 53 83 25 46 69 76 61 11 52 37 93 62 34 57 67 14 11 31 
30 30 38 56 66 73 43 26 55 25 68 82 90 58 47 79 74 39 15 50 49 88 17 92 48 37 28 31 93 49 34 64 84 85 19 62 7 82 64 90 56 15 44 19 11 49 46 54 59 57 85 47 69 37 28 96 97 47 31 67 17 57 81 84 24 1 99 58 62 36 1 7 84 80 51 95 45 91 45 1 2 93 94 68 43 39 72 58 66 100 77 41 98 11 96 94 68 6 48 68 24 33 80 2 7 30 50 20 100 97 2 35 65 34 93 86 47 97 79 86 22 87 63 44 90 62 63 56 
25 68 67 29 73 49 84 79 79 36 11 77 86 43 48 62 13 39 42 68 74 49 5 42 32 58 20 58 63 25 5 57 46 83 3 51 52 17 24 80 57 17 42 72 86 90 61 92 50 75 7 32 87 32 77 83 54 40 85 49 62 81 3 31 93 82 76 16 37 23 88 96 69 14 72 33 54 84 4 84 74 98 80 93 99 84 51 37 56 16 95 26 81 22 68 52 30 91 86 100 52 77 91 1 60 65 59 66 87 35 43 52 39 37 8 26 68 12 53 73 75 78 19 74 1 69 30 27 
79 44 88 38 7 39 83 52 74 51 49 56 28 30 89 12 18 84 56 10 61 81 59 42 84 49 38 79 84 65 16 73 31 51 87 71 35 42 49 35 40 57 88 19 35 86 38 61 62 94 30 48 8 9 93 99 45 46 96 68 66 59 75 61 42 4 88 60 61 32 77 44 49 100 34 88 45 60 61 95 49 69 94 77 13 47 42 92 68 17 52 43 32 63 56 19 6 76 91 44 35 74 51 56 96 52 7 38 71 18 3 71 49 52 96 9 85 3 38 70 85 51 27 94 9 67 52 23 
82 70 85 73 18 83 43 78 10 81 98 10 94 90 15 76 92 91 31 7 46 25 49 39 98 47 61 15 75 8 50 67 6 13 32 95 54 14 37 3 63 5 36 89 78 70 25 11 74 23 15 21 18 10 28 71 81 55 66 81 26 10 71 76 11 60 79 28 43 11 7 70 45 9 22 29 72 5 63 3 84 7 14 19 87 74 23 21 95 1 38 37 61 55 9 8 38 47 99 28 76 87 96 65 40 52 77 55 89 32 24 47 13 91 68 1 68 68 84 19 14 65 8 28 34 72 44 14 
96 48 2 83 61 2 1 17 16 74 85 52 14 99 48 66 12 50 25 8 47 9 47 93 88 61 53 20 52 12 35 95 73 41 97 16 70 47 41 80 77 98 21 80 34 88 93 43 66 7 64 62 27 55 4 16 67 23 66 15 17 55 90 34 78 58 84 38 43 1 8 83 60 37 15 38 40 1 94 38 62 9 76 79 57 64 51 13 16 10 13 41 97 90 79 100 37 18 22 31 73 9 14 17 25 54 18 94 14 7 1 65 4 97 19 61 47 57 96 89 2 41 33 24 46 88 60 23 
32 100 81 70 54 12 17 27 45 28 54 6 22 94 29 43 11 65 13 77 59 98 43 51 5 24 56 74 54 15 87 34 57 100 27 63 12 80 30 79 32 70 53 13 46 49 39 15 29 90 69 75 72 16 71 83 63 3 13 26 57 74 5 24 46 5 97 39 75 61 91 96 9 9 16 64 63 100 42 67 85 28 55 100 48 28 97 52 23 14 58 87 30 75 36 89 29 89 1 64 10 33 35 87 23 92 73 38 4 54 77 36 25 88 41 94 48 85 89 41 40 5 40 64 44 99 1 53 
99 16 12 5 52 84 55 27 91 57 52 44 22 46 80 43 68 99 64 97 21 89 19 29 87 25 53 71 49 5 70 37 100 64 32 4 12 89 31 93 96 82 79 74 87 30 7 98 10 49 2 58 99 37 89 52 75 46 100 80 56 78 3 22 47 76 78 44 52 58 95 61 100 90 71 17 46 18 58 71 51 22 46 9 80 30 34 8 36 13 34 21 67 21 12 30 99 88 73 77 81 22 75 97 28 39 26 96 61 43 6 11 43 72 16 7 60 73 34 7 69 2 77 40 54 83 59 18 
9 66 88 26 56 2 40 72 89 80 80 74 31 83 86 47 64 48 82 65 4 25 14 79 32 83 4 93 1 35 70 12 26 56 58 16 91 34 56 77 41 82 15 9 39 24 85 85 54 51 76 59 53 41 72 72 6 85 100 91 48 25 23 84 97 9 83 27 43 86 41 13 77 29 86 36 58 39 28 11 62 98 41 30 81 70 88 90 43 12 52 29 42 37 34 4 84 15 94 17 96 17 56 54 19 72 42 12 33 55 40 65 69 22 26 42 22 20 41 44 43 39 51 71 38 63 48 87 
93 97 65 43 58 9 18 58 26 38 3 94 14 44 48 22 90 94 48 85 66 13 2 68 12 73 63 15 30 57 8 66 23 59 32 85 40 91 24 29 90 68 53 39 33 82 34 96 74 55 42 83 47 79 45 46 85 70 30 24 23 63 45 10 8 63 65 26 74 15 2 73 31 34 23 94 52 28 72 18 82 40 46 89 42 12 45 73 27 46 72 40 46 14 94 59 84 93 69 34 51 91 79 2 17 27 11 37 22 59 80 11 18 10 27 55 67 80 75 31 57 69 48 93 58 43 2 6 
66 90 67 78 74 91 60 79 74 30 61 12 83 38 93 66 59 41 18 90 27 34 6 100 22 43 16 66 85 99 76 9 44 48 32 57 85 81 14 86 76 79 82 49 43 18 95 88 31 50 60 85 8 24 53 3 95 11 25 1 88 13 16 67 37 26 83 12 87 35 4 1 26 82 90 61 61 49 4 24 39 29 45 16 97 94 31 52 72 12 100 55 55 62 85 79 32 77 23 94 71 70 46 60 79 76 41 35 84 66 78 10 88 47 45 90 48 31 42 78 23 72 22 31 52 76 6 50 
71 85 7 44 5 50 38 82 30 61 4 56 65 40 30 75 77 64 47 6 15 52 56 13 72 2 44 72 67 30 7 73 41 35 25 16 39 50 19 34 24 18 78 8 49 91 87 42 41 42 12 7 82 38 85 31 67 11 96 37 49 15 80 48 95 31 19 50 72 10 39 45 62 60 23 100 28 37 38 42 70 64 27 77 88 2 21 48 97 65 100 53 1 88 58 73 25 86 55 44 29 93 32 81 48 71 12 73 75 14 13 3 29 56 6 38 32 89 84 98 84 7 37 15 89 39 100 62 
57 42 64 63 41 6 44 100 74 5 46 63 29 4 84 71 30 36 70 13 63 97 56 14 96 64 1 91 18 53 69 39 15 91 69 10 65 46 66 27 29 27 60 76 92 64 55 52 67 95 41 12 12 87 54 57 57 8 7 17 49 59 46 16 2 75 46 6 37 4 5 69 37 33 34 67 69 40 57 98 29 53 60 7 7 61 16 17 4 22 76 24 8 1 53 67 89 34 84 49 28 94 32 31 16 79 63 70 32 70 48 9 50 30 85 70 83 32 15 99 65 91 85 51 85 1 28 69 
46 80 83 7 95 83 44 89 44 75 22 74 13 34 100 73 89 14 16 46 76 26 10 61 19 56 87 73 4 67 3 77 41 92 11 61 98 35 98 25 38 12 13 19 90 44 19 25 43 44 17 33 38 31 48 31 33 72 4 33 53 35 56 3 28 47 78 38 100 40 36 40 42 39 90 70 27 78 58 19 24 86 78 64 92 53 58 90 19 6 37 100 63 70 89 78 72 18 43 64 89 36 19 25 49 71 98 91 21 48 60 37 25 90 78 2 55 50 11 90 76 62 16 98 78 39 6 35 
23 68 15 6 61 40 63 38 85 28 99 47 38 42 77 53 12 93 18 33 11 14 79 32 5 5 91 18 93 1 42 51 16 50 69 89 22 68 30 14 46 72 46 10 82 69 68 71 67 88 31 12 49 61 60 47 83 52 13 40 100 72 97 58 34 26 33 7 91 38 33 86 74 71 80 16 52 72 45 6 63 16 46 13 48 90 95 23 50 65 45 16 38 25 18 38 70 34 93 26 18 70 41 22 28 34 60 26 82 31 55 78 69 28 29 19 92 41 73 34 76 56 62 47 92 66 23 84 
14 46 70 7 35 23 47 29 37 99 2 31 57 55 53 93 4 28 69 77 5 20 58 28 88 27 98 8 15 96 19 50 49 52 19 97 42 87 51 85 19 24 12 94 42 39 40 64 53 72 31 57 96 36 77 40 17 28 16 47 20 46 48 31 50 58 88 86 15 76 11 21 19 4 57 89 33 43 5 96 21 69 8 87 51 8 67 53 29 88 96 56 19 48 59 7 55 28 23 29 86 63 100 82 45 36 24 44 88 41 73 98 37 80 25 78 84 78 58 71 87 77 90 41 2 91 27 76 
11 78 57 51 8 13 41 82 93 43 65 59 75 88 89 40 76 70 44 1 93 40 26 5 100 75 18 72 92 85 33 76 47 97 51 92 15 47 15 61 100 76 14 62 88 45 93 82 75 2 72 29 100 13 43 74 95 94 79 15 34 88 59 89 47 91 77 77 59 46 30 40 1 38 68 93 25 87 93 64 32 85 5 49 60 33 51 4 75 64 37 84 80 43 83 60 31 86 85 43 28 91 98 17 91 30 17 93 33 53 72 100 89 56 85 43 80 53 34 75 30 74 28 6 33 42 15 95 
56 80 81 3 46 9 41 49 77 62 90 25 21 40 45 69 79 28 13 44 86 3 12 59 14 47 43 39 80 98 31 21 88 94 9 31 69 81 86 45 55 39 92 91 13 86 19 63 34 85 86 83 15 96 36 60 26 84 18 17 78 96 92 85 97 81 15 78 66 19 90 65 64 8 19 92 23 82 83 72 93 56 89 98 12 84 66 86 9 6 30 68 98 57 68 8 59 34 97 99 63 2 74 37 77 94 1 7 65 54 77 56 79 83 90 60 92 18 95 69 90 3 96 70 69 69 28 38 
51 58 48 23 11 6 97 29 17 99 64 66 27 38 78 64 60 69 23 42 24 95 14 41 22 76 90 90 29 84 46 38 71 86 7 17 14 55 44 43 68 62 76 41 2 40 43 23 47 26 41 16 91 42 74 45 88 30 5 54 74 99 37 83 16 81 18 54 6 7 5 43 57 90 74 17 19 100 73 60 4 84 85 29 6 98 85 98 40 26 43 81 66 87 16 36 47 75 69 18 91 98 30 77 76 94 48 14 11 43 12 91 49 25 32 2 84 100 96 43 8 51 87 69 100 2 12 67 
89 27 51 56 39 6 30 45 53 89 36 67 22 40 23 31 65 96 65 26 8 81 60 71 59 13 94 22 67 2 59 78 74 46 73 35 53 11 27 63 54 10 33 75 63 40 97 58 26 14 13 14 59 32 85 33 32 42 42 82 38 57 1 31 13 18 96 36 37 36 7 31 92 77 5 33 37 45 97 79 65 2 90 17 30 61 28 23 38 35 61 79 91 39 100 79 65 37 75 35 60 91 51 42 54 50 46 26 93 23 47 92 31 77 12 57 27 18 86 73 100 44 85 59 71 47 28 55 
61 6 70 65 56 95 77 83 87 4 77 93 50 89 83 1 28 21 99 17 5 35 64 75 44 39 11 17 76 68 58 80 38 100 75 59 80 75 62 87 63 67 27 29 98 59 41 96 64 40 89 68 1 95 95 21 33 65 67 2 39 1 27 31 72 10 100 76 82 80 82 97 90 5 89 20 49 40 45 53 6 11 61 69 32 45 28 80 47 26 60 35 89 43 10 32 34 90 45 47 89 27 87 1 12 55 62 80 48 58 92 1 19 51 89 50 67 59 53 12 19 30 62 76 46 64 82 86 
58 68 88 90 78 98 79 39 76 39 98 40 48 4 35 92 72 25 32 31 52 33 39 71 84 22 24 61 4 37 96 33 12 50 49 35 51 63 53 5 83 30 34 96 69 60 32 73 28 60 48 26 5 6 23 23 65 18 19 99 31 71 99 5 85 12 68 61 26 41 9 50 81 21 69 9 7 87 65 26 57 41 44 71 36 76 23 18 76 17 21 63 27 62 32 79 9 24 15 73 67 17 17 14 58 82 27 11 27 82 42 47 19 84 32 2 23 93 25 28 78 39 4 49 42 15 73 20 
95 71 39 59 14 34 82 4 51 3 59 70 1 85 13 31 2 86 51 89 40 34 91 45 30 34 89 65 65 63 85 96 73 1 20 50 58 25 13 48 79 5 72 43 97 98 87 89 9 83 23 69 99 73 84 57 10 10 24 46 35 57 64 7 74 69 50 72 38 53 85 25 82 39 83 56 3 84 90 65 70 84 51 25 4 66 58 9 24 31 1 26 55 44 28 38 68 82 94 3 1 85 68 49 18 21 57 41 85 30 77 27 58 5 78 75 3 35 25 60 16 36 63 17 40 44 17 56 
80 13 87 60 1 87 93 88 99 98 55 50 53 62 70 44 47 6 83 100 56 11 100 50 63 10 65 80 14 57 63 45 88 60 38 60 88 14 16 33 76 1 77 99 30 97 10 61 7 14 72 5 24 63 23 8 21 2 34 29 18 64 39 95 53 67 35 15 80 36 54 59 86 98 24 35 61 77 80 79 49 51 58 46 91 32 83 48 94 2 74 94 44 80 98 70 84 71 54 36 3 90 49 87 86 31 68 3 72 71 80 45 21 16 2 36 6 69 14 79 37 1 20 30 27 42 19 11 
11 69 73 31 12 58 15 73 79 69 53 89 15 16 58 46 36 31 40 22 12 83 9 97 38 99 46 53 75 8 65 68 57 76 36 30 90 74 76 1 82 88 77 63 9 82 5 53 83 17 81 11 15 91 57 85 51 3 71 5 58 69 12 31 82 16 1 54 99 30 91 20 38 37 91 100 93 35 81 18 7 99 66 97 84 30 62 56 28 51 58 74 66 61 76 1 94 66 73 37 78 69 52 66 49 42 88 47 26 53 12 68 79 98 53 49 63 49 2 64 63 75 36 12 79 58 7 24 
30 43 9 52 47 60 52 51 86 40 42 16 44 34 27 4 57 35 40 49 45 84 56 86 29 27 56 4 72 86 7 83 67 42 15 22 8 2 80 19 51 20 32 37 69 94 3 38 59 78 62 15 92 48 72 44 12 38 53 7 69 33 36 33 84 26 24 33 39 47 77 83 57 66 72 88 7 92 43 29 51 21 100 64 24 5 12 61 35 85 68 53 39 51 43 25 58 51 39 91 8 74 50 12 100 29 81 25 84 38 53 3 87 91 86 46 41 14 41 30 6 32 58 68 57 100 59 92 
87 98 93 51 91 65 98 60 80 2 40 24 43 12 9 65 12 78 71 22 23 77 79 99 79 23 58 74 57 63 85 53 78 94 55 32 3 68 91 5 95 2 6 38 9 8 79 3 30 56 40 71 10 23 91 81 17 76 36 92 63 51 70 48 52 49 10 39 75 53 56 79 27 67 65 38 72 26 3 28 15 8 3 37 70 55 6 51 79 86 74 100 43 68 88 69 43 30 60 49 51 40 91 26 70 26 68 39 6 87 85 9 34 52 28 46 48 53 53 47 65 29 37 90 84 88 89 92 
30 3 49 37 31 66 17 66 57 89 47 30 49 72 53 42 51 15 36 6 73 49 93 25 53 56 57 57 1 63 95 14 1 35 19 100 14 22 94 52 34 32 86 14 3 39 46 82 17 90 70 18 83 30 44 91 69 80 41 91 30 19 32 15 28 86 30 36 59 67 52 35 45 16 40 67 47 5 58 64 55 4 46 78 54 58 60 70 37 1 63 43 61 11 13 66 95 97 55 46 62 95 97 45 80 24 83 24 37 59 16 94 19 47 93 36 42 81 18 74 24 53 56 32 72 53 70 75 
75 39 70 14 96 92 89 10 97 48 93 93 67 52 74 41 84 38 83 15 29 42 59 88 11 100 62 73 36 68 25 67 94 80 99 13 3 25 39 57 81 45 9 25 70 70 57 34 25 74 22 13 65 31 44 96 29 38 19 92 51 34 64 9 5 85 77 74 37 70 67 83 74 21 37 22 82 99 46 94 57 11 19 99 94 11 82 9 19 36 23 40 91 77 62 54 8 81 99 34 47 4 65 25 98 18 93 46 74 8 53 41 47 54 88 31 63 35 8 91 34 28 42 22 51 45 8 57 
96 24 49 73 51 100 24 48 48 12 88 71 27 53 67 20 93 47 78 60 44 82 21 63 35 45 7 46 95 16 85 48 39 8 51 36 68 100 33 84 17 38 9 98 99 96 73 60 41 89 86 35 50 55 55 20 57 69 79 91 94 2 79 27 29 79 6 3 97 17 77 17 21 97 41 83 7 49 2 80 68 80 11 27 15 26 28 15 5 29 60 3 65 68 72 52 25 57 50 92 43 40 30 71 11 57 41 76 74 84 89 63 71 59 3 65 3 2 17 29 33 73 76 81 96 93 37 43 
5 72 71 64 19 13 75 80 83 18 39 11 90 11 20 26 86 63 50 2 92 21 98 40 99 4 88 70 50 77 71 16 30 46 3 53 46 92 81 71 19 41 86 47 58 48 63 8 63 91 91 52 60 18 96 43 15 20 6 10 57 37 75 91 14 98 32 90 10 11 72 2 81 21 46 29 77 91 64 46 78 17 67 46 89 71 74 35 57 17 35 98 90 40 34 19 1 13 66 34 85 52 12 98 6 10 34 76 3 83 76 83 6 27 2 72 8 34 65 59 17 95 5 94 76 9 86 17 
67 75 70 43 34 81 100 31 97 2 40 70 31 90 21 12 27 31 13 35 9 34 45 17 41 15 67 15 54 34 87 15 5 88 72 12 6 76 22 67 100 99 11 32 48 93 48 100 78 39 82 22 46 19 43 63 51 72 100 63 74 13 1 47 88 4 61 29 19 62 30 6 54 91 5 37 62 85 4 63 28 23 35 76 82 55 26 83 1 43 71 96 81 63 40 28 57 10 16 58 42 99 78 92 95 36 97 1 76 45 49 13 12 9 48 94 46 37 88 21 28 42 12 11 69 40 49 15 
90 8 62 9 84 71 1 90 31 51 54 86 97 18 36 69 45 16 17 75 78 99 98 10 40 32 24 29 98 74 56 33 41 57 54 8 30 85 87 59 14 9 32 8 46 23 54 80 44 62 69 53 52 76 36 17 10 13 65 45 65 54 73 10 24 89 89 26 64 21 32 16 4 12 15 47 78 3 51 71 1 25 50 51 80 60 43 3 46 46 5 2 81 90 33 63 4 85 36 23 52 100 57 23 47 5 51 21 60 76 72 99 55 47 35 91 58 57 7 14 28 89 28 64 56 82 3 43 
90 97 30 45 52 90 25 18 16 57 24 6 78 1 23 96 19 8 58 36 76 49 5 40 64 77 60 47 43 76 18 13 14 74 47 28 34 31 48 99 59 17 9 3 92 61 28 38 17 99 69 27 63 77 72 86 64 21 70 6 52 96 31 58 41 41 10 20 81 6 32 63 1 75 39 71 40 57 62 59 86 50 33 58 21 56 90 1 2 91 12 3 68 4 22 52 60 64 83 7 69 64 6 36 22 79 54 84 83 100 34 44 99 73 46 6 6 88 77 89 43 93 12 95 49 47 56 97 
82 2 90 20 94 41 81 39 93 11 42 83 72 32 36 29 7 99 82 6 80 13 42 86 23 93 26 84 36 19 6 17 82 6 44 86 6 80 84 28 49 22 41 84 32 34 72 83 25 56 8 86 94 47 61 69 24 29 98 4 85 42 91 84 36 85 87 47 34 2 13 79 20 44 75 95 47 64 28 56 1 98 50 48 12 10 12 79 75 43 88 1 54 98 84 23 4 24 98 19 67 50 30 23 69 45 53 16 17 40 43 36 13 42 78 3 72 45 63 51 26 81 7 70 72 18 38 46 
71 87 39 78 16 69 82 99 54 51 19 9 66 81 77 44 55 85 57 44 35 2 88 95 10 4 70 86 15 11 15 43 60 87 14 97 26 88 68 99 25 93 42 26 58 31 36 16 61 39 67 98 84 20 10 42 83 45 58 98 83 64 28 76 84 40 41 55 50 1 41 64 6 59 20 15 46 10 90 90 74 22 97 37 75 89 97 65 17 93 15 42 75 21 90 92 77 87 87 21 18 9 83 51 64 38 68 76 100 40 86 33 93 60 81 50 81 37 43 22 52 33 24 29 74 100 10 52 
4 69 51 6 3 31 76 74 26 31 64 97 6 93 30 31 36 92 35 63 23 27 66 49 9 96 47 11 60 31 48 41 76 54 13 3 94 79 17 10 87 89 91 83 80 26 7 40 75 44 82 34 53 53 30 11 58 100 91 6 81 2 17 45 22 68 31 91 54 62 89 36 52 66 45 34 57 14 54 7 85 58 60 70 33 41 81 82 90 67 55 61 75 53 36 63 42 19 99 85 18 61 20 14 67 13 69 42 85 78 11 73 73 39 12 25 53 1 46 36 59 74 29 45 81 6 89 56 
20 30 24 41 20 86 77 58 27 29 37 44 17 41 81 55 23 12 100 19 84 78 71 20 48 33 47 23 50 33 15 65 62 15 9 10 49 29 97 55 53 95 26 20 16 40 24 3 7 24 76 50 59 34 13 60 25 74 94 48 66 80 70 7 48 95 95 65 90 7 51 83 92 99 42 56 11 92 62 55 24 28 58 59 36 92 97 89 61 39 22 25 13 14 95 27 64 67 17 38 55 70 39 51 32 5 13 6 21 70 61 9 99 5 62 70 29 60 87 69 78 19 87 79 17 47 19 30 
40 82 40 48 30 60 90 41 93 17 22 19 82 59 9 23 11 65 9 61 45 3 37 24 19 76 30 82 46 78 44 57 48 27 55 34 74 16 42 88 43 80 76 94 42 13 94 76 59 6 81 17 69 36 71 39 82 60 37 5 34 4 55 8 54 85 36 74 8 36 42 26 41 19 19 50 30 56 63 14 92 68 24 75 28 34 56 31 61 3 26 22 88 7 54 75 63 4 24 93 70 94 38 63 97 84 33 5 62 69 56 31 71 95 16 46 75 98 22 82 66 32 80 80 70 61 29 80 
62 64 100 90 97 81 82 41 74 73 44 28 68 64 52 45 72 4 34 14 23 16 25 55 44 96 73 4 70 65 89 59 93 30 80 63 90 10 54 10 35 60 6 61 34 94 34 7 24 32 8 79 44 12 61 62 29 8 43 27 80 29 48 17 95 39 56 56 47 14 64 55 29 85 55 60 4 24 87 92 62 48 84 84 13 86 7 61 78 12 33 4 13 21 68 82 3 82 20 33 78 79 24 79 16 30 94 12 64 81 7 50 5 54 30 90 37 61 21 88 16 44 71 46 43 50 37 47 
69 21 55 60 55 22 42 43 92 47 35 79 5 26 8 30 24 93 81 70 47 90 84 3 42 72 10 27 4 2 76 68 79 70 48 33 79 66 59 63 77 1 65 25 10 52 91 49 15 93 83 51 80 42 39 26 60 24 81 66 11 80 54 15 86 80 13 61 33 48 11 53 81 70 78 86 71 44 13 75 37 65 17 70 36 47 24 37 87 45 28 5 63 81 72 97 1 39 32 72 86 21 49 3 66 77 83 48 67 24 67 81 62 82 94 9 50 14 100 12 100 4 31 9 70 69 64 74 
17 43 53 60 14 37 2 50 27 12 9 26 73 17 95 36 82 72 15 25 92 49 100 47 33 62 41 35 99 90 61 73 43 26 82 87 55 2 48 4 54 66 86 50 69 37 45 8 22 76 87 31 17 6 85 20 89 65 53 29 39 82 59 83 99 24 66 42 84 13 51 88 77 88 86 61 32 88 77 94 29 46 23 82 73 13 100 63 19 84 36 79 87 34 31 49 94 91 76 55 27 20 88 37 35 78 48 19 45 99 27 67 2 62 19 75 44 39 40 34 96 29 67 8 44 16 12 8 
18 19 66 84 26 7 67 9 38 11 23 16 83 47 96 27 91 52 69 41 10 92 84 91 59 37 26 69 67 76 51 68 5 48 66 67 92 4 53 92 78 93 22 67 68 7 98 5 75 9 18 34 13 49 72 44 5 19 42 81 37 76 50 8 52 59 1 4 60 13 12 50 83 79 95 8 24 21 18 27 71 93 81 19 43 21 38 25 72 47 63 13 91 95 83 42 9 42 37 58 92 59 32 83 5 87 63 52 86 86 28 7 13 89 30 62 53 28 100 53 41 78 83 51 37 63 96 56 
14 39 14 22 51 97 6 36 64 39 87 52 65 1 53 29 15 11 36 29 17 99 85 26 89 20 37 5 45 13 64 43 22 46 57 58 13 98 84 30 53 91 26 96 100 84 82 3 42 53 46 48 48 75 76 53 84 57 68 62 69 1 39 9 91 76 50 95 79 39 19 84 48 10 34 51 88 35 89 48 23 74 15 7 72 86 81 53 50 69 74 86 46 62 36 6 93 45 47 28 1 17 17 68 38 88 41 40 65 1 59 90 40 74 2 9 68 12 12 46 42 44 51 8 86 58 49 78 
27 39 43 13 90 10 99 42 7 92 73 5 36 18 30 52 20 16 53 30 66 94 82 11 10 36 91 62 13 12 30 5 60 64 23 31 18 81 65 19 30 23 11 29 99 11 6 64 80 20 60 96 32 33 67 83 16 13 8 30 45 57 69 79 5 43 15 19 85 48 70 7 99 100 87 58 62 6 53 22 40 58 87 34 14 26 80 22 64 96 47 10 52 6 87 19 92 82 85 76 1 77 26 41 59 87 28 100 21 96 4 41 45 52 56 67 91 44 5 66 58 33 31 6 62 100 45 2 
73 92 15 59 42 13 48 44 58 1 84 76 68 2 43 99 55 5 46 50 35 93 61 72 100 70 100 94 38 28 90 4 6 85 1 84 48 46 24 31 85 57 62 83 92 79 38 99 48 34 49 16 64 55 27 85 11 12 32 44 10 55 87 11 56 98 71 8 90 79 67 21 2 26 1 11 70 23 44 77 98 89 42 73 15 19 69 61 34 30 4 82 26 56 99 82 77 96 99 72 54 20 41 60 18 97 91 88 55 42 78 98 51 36 8 83 13 65 94 40 3 67 58 26 64 20 10 34 
32 75 32 89 65 98 22 45 32 43 87 12 52 64 82 11 41 48 44 92 87 28 97 58 25 84 11 89 31 42 67 92 1 75 19 15 90 49 2 84 3 71 80 62 12 52 81 12 17 12 70 26 2 1 72 82 99 2 83 16 49 88 35 6 25 43 13 70 88 33 8 95 83 22 99 6 70 85 57 60 27 96 32 93 18 6 77 5 72 17 81 12 8 25 71 24 65 18 28 20 37 30 17 16 82 50 100 91 62 37 14 56 36 41 80 3 87 43 8 61 9 80 82 100 18 65 88 19 
45 49 25 81 100 86 90 52 7 85 90 20 94 23 91 45 54 60 55 45 17 93 44 15 37 2 19 49 15 96 99 92 20 8 59 22 75 95 99 76 70 18 63 16 10 85 18 69 24 25 49 80 35 88 98 32 52 58 33 51 42 60 19 2 94 92 67 100 40 84 94 32 55 85 7 96 58 89 5 15 90 34 9 89 37 84 85 34 75 67 97 15 82 10 29 55 25 2 88 91 66 16 24 80 12 55 48 91 62 23 94 26 56 83 100 29 53 48 29 88 20 94 88 80 9 7 100 82 
33 100 11 21 48 27 32 90 88 14 91 8 45 18 2 70 9 97 98 54 84 77 93 14 57 24 36 92 43 53 68 14 97 55 59 13 21 92 17 94 84 38 91 46 99 39 3 19 16 99 40 40 17 87 84 69 19 20 24 98 100 39 64 91 44 98 27 9 64 97 88 65 46 81 69 60 65 77 55 37 44 59 57 52 86 1 17 95 49 8 20 55 61 92 85 91 5 26 23 73 68 43 3 24 46 90 88 9 18 10 65 50 39 81 99 80 45 94 25 86 5 21 85 78 91 22 68 29 
57 1 63 76 88 39 15 63 18 32 59 2 66 13 4 87 92 80 38 92 13 14 8 24 78 31 11 33 17 26 93 49 93 88 44 57 17 82 11 80 61 65 87 41 95 37 14 11 49 47 62 19 60 89 27 67 47 50 95 85 6 35 33 62 17 25 50 49 89 61 68 78 44 61 30 75 56 56 93 47 57 64 93 95 99 26 39 16 26 19 80 82 95 100 86 86 22 74 38 74 65 14 38 53 79 37 91 15 84 53 27 80 20 77 48 1 82 58 90 75 65 75 80 23 73 49 64 71 
61 27 40 21 93 67 11 56 39 65 55 25 33 48 100 94 20 12 84 60 99 65 47 91 66 40 19 86 80 45 25 99 58 24 47 18 32 100 16 70 79 85 13 43 1 96 11 40 81 7 95 89 59 91 7 46 79 26 28 80 85 25 40 67 72 48 47 25 11 29 65 35 50 37 72 67 74 68 28 21 37 41 56 100 17 46 71 76 80 39 69 77 11 9 62 60 24 35 31 65 20 19 33 6 63 54 68 59 92 24 16 28 31 78 96 7 98 14 32 96 65 43 57 8 67 52 49 43 
89 22 61 79 79 23 73 10 95 77 33 90 15 78 54 37 25 36 11 36 43 31 68 85 70 32 83 89 93 35 76 36 76 62 85 67 41 84 80 43 41 31 22 37 73 60 6 29 86 92 85 19 9 92 43 71 94 47 95 84 30 41 69 67 44 53 3 19 46 53 65 23 45 39 85 40 68 38 28 99 34 65 82 92 48 32 82 85 92 87 27 17 25 30 99 67 92 18 17 88 56 21 62 26 10 45 48 12 15 66 25 65 3 40 76 16 8 93 71 49 45 5 33 84 36 57 19 54 
99 2 10 73 72 74 72 72 38 64 39 35 28 17 6 92 17 14 94 90 100 56 51 52 11 31 13 61 5 66 83 40 78 22 77 73 7 5 36 64 59 54 65 20 32 50 90 23 34 79 59 90 92 15 73 11 96 62 7 15 21 47 60 82 77 81 32 49 50 48 71 67 32 23 34 32 71 4 17 38 77 23 33 46 32 11 40 11 51 70 64 59 57 52 78 78 16 39 60 80 79 68 17 96 18 87 40 52 30 31 68 20 9 17 18 94 6 6 31 27 24 24 44 16 89 87 7 95 
89 86 65 3 45 5 92 15 85 24 26 23 95 15 67 20 42 40 95 39 20 28 36 75 23 22 1 15 36 34 95 50 19 18 80 53 45 19 30 11 33 51 73 8 37 11 84 87 77 4 34 54 46 71 82 75 2 100 66 66 34 46 95 38 24 33 23 89 38 66 96 34 51 70 73 59 38 33 84 45 30 1 84 55 100 41 88 18 87 54 3 99 37 2 10 54 21 42 75 13 91 84 39 96 78 99 90 85 32 93 52 26 67 60 53 47 87 32 93 33 33 37 46 16 69 64 12 53 
41 80 36 37 87 51 74 90 11 48 56 75 39 35 26 69 95 68 97 20 26 46 66 66 3 57 86 18 7 23 2 27 26 84 90 22 3 55 36 6 76 59 21 9 81 38 50 23 1 97 31 34 13 57 89 74 44 16 17 57 45 68 8 1 11 22 89 53 94 7 99 63 48 10 54 66 55 46 31 61 60 61 93 49 7 96 23 71 34 6 98 34 27 68 76 29 49 57 54 61 64 96 12 48 94 44 4 53 27 71 94 36 16 83 1 51 58 73 20 29 100 13 69 20 3 21 81 62 
14 63 96 42 8 92 79 76 45 8 25 81 27 94 7 24 81 40 11 13 69 15 46 15 61 15 83 10 43 80 78 5 21 57 51 8 69 19 71 33 46 33 12 59 20 22 67 63 19 88 29 64 56 30 100 65 81 95 48 6 40 39 74 98 57 73 95 40 10 12 16 50 47 27 13 65 59 50 14 81 77 43 10 63 21 79 13 62 90 15 96 56 40 98 97 71 57 67 25 15 41 43 5 55 81 83 65 49 39 79 10 26 60 57 100 36 37 26 22 24 22 51 59 55 5 44 44 24 
16 93 43 18 62 1 54 65 12 70 60 90 17 77 86 44 14 25 68 30 13 39 75 19 83 25 29 98 66 69 75 82 7 62 2 18 34 42 87 15 87 59 99 75 88 70 8 30 34 63 86 32 71 23 28 41 4 86 18 93 13 66 71 52 30 29 44 60 63 98 33 49 10 88 24 44 65 7 31 28 67 38 92 54 6 26 64 32 15 16 98 68 27 42 65 4 42 53 3 4 52 21 16 20 70 22 74 32 40 64 25 89 30 49 58 59 68 38 69 61 96 5 32 89 13 53 66 32 
73 8 73 3 83 57 57 95 83 87 71 68 53 57 2 38 46 58 32 49 71 80 46 52 33 100 7 100 74 54 25 100 48 25 33 58 27 96 87 98 92 41 74 74 31 35 37 96 85 90 84 31 19 44 73 59 53 53 33 5 37 21 4 1 79 35 76 95 25 94 91 43 24 17 70 83 53 94 30 44 5 50 31 27 9 2 2 38 36 61 42 58 7 9 95 94 76 93 17 24 30 57 10 90 2 54 39 39 9 91 23 25 91 5 6 70 34 34 69 32 98 21 7 66 22 25 90 69 
55 64 24 55 52 27 98 100 18 26 86 26 36 22 13 75 54 75 72 65 14 58 55 71 67 97 27 3 66 15 5 1 95 2 23 67 42 3 55 60 95 64 35 93 85 93 49 92 69 26 65 53 63 73 49 71 76 17 56 37 48 8 91 94 6 45 74 26 82 37 41 48 48 28 90 73 49 64 86 25 97 35 24 90 48 97 10 95 78 22 49 54 45 44 95 11 69 56 1 51 3 43 99 56 93 3 94 90 46 47 15 77 89 1 54 57 12 66 46 87 26 57 3 69 40 71 87 64 
67 55 88 47 51 17 53 36 97 46 10 56 97 44 55 48 24 100 25 47 9 58 72 72 69 96 1 35 11 86 10 27 62 35 20 74 33 20 15 35 7 59 81 32 23 13 64 63 60 17 8 89 67 52 37 44 99 23 97 80 50 25 76 39 30 83 38 91 30 84 85 49 82 1 37 55 3 79 55 23 43 89 65 33 43 3 88 80 46 54 10 89 4 25 20 38 22 7 36 88 83 96 40 60 85 59 2 42 20 10 92 83 90 24 84 3 70 99 7 71 51 2 57 45 69 15 18 89 
15 56 2 50 34 53 54 91 41 63 16 9 24 94 87 49 8 47 89 1 81 79 33 3 73 93 10 4 71 75 83 20 64 68 8 64 30 50 37 9 74 69 20 22 62 6 62 30 50 40 42 61 18 88 5 20 72 10 72 95 81 98 28 54 72 82 40 26 78 70 25 21 7 39 33 67 7 90 39 83 38 60 95 42 7 31 47 50 31 93 30 46 65 16 43 19 82 39 63 60 3 59 25 46 6 59 98 31 60 31 36 78 97 80 40 41 76 12 50 95 12 47 28 80 43 51 47 5 
20 33 55 57 13 37 18 56 27 43 71 37 99 88 47 31 86 48 57 62 23 35 41 48 68 77 85 87 79 5 95 42 74 84 72 72 14 44 97 62 26 69 4 4 7 6 11 49 54 61 95 24 37 53 23 92 71 61 52 78 5 54 46 96 88 76 41 67 90 74 14 39 86 94 58 94 22 66 26 16 98 29 21 4 75 6 78 88 16 33 71 19 35 2 88 10 39 59 85 79 33 22 93 80 74 96 2 43 68 16 75 30 75 17 39 72 22 85 81 100 23 59 22 55 42 45 77 63 
36 95 100 3 1 96 89 63 65 82 97 62 49 62 96 15 64 18 67 13 44 85 47 99 24 46 13 96 100 30 95 5 26 34 17 25 10 9 37 67 81 43 20 96 36 52 67 2 3 12 10 59 33 25 3 96 59 81 74 26 60 84 23 78 97 84 47 66 39 96 16 46 1 18 4 11 69 88 20 71 85 70 75 76 47 80 53 9 49 52 38 78 71 58 54 41 79 39 35 90 20 76 54 77 60 56 88 40 77 30 88 57 7 14 1 18 89 6 51 45 88 23 3 83 9 1 70 40 
97 96 77 12 45 82 9 68 52 60 61 38 49 32 1 100 83 16 11 81 39 59 16 28 78 54 43 42 21 58 66 44 69 10 33 92 69 21 83 59 79 44 13 18 70 43 34 39 14 85 12 48 53 90 1 39 56 7 42 64 27 30 83 62 61 76 59 28 6 59 67 48 80 53 94 6 87 38 61 71 61 40 78 10 26 11 72 57 69 77 24 64 32 85 45 38 75 42 97 35 12 20 4 46 82 59 25 35 49 87 25 49 58 43 92 85 22 31 71 51 8 31 63 64 36 36 79 27 
87 25 24 46 53 94 59 25 23 23 28 5 92 20 8 48 55 91 31 61 14 91 41 21 38 11 90 15 43 82 2 67 54 88 21 54 12 59 31 81 50 38 46 47 73 64 38 92 44 40 22 62 50 86 83 12 48 43 19 24 16 63 84 84 34 68 52 85 88 7 9 41 44 100 50 94 40 9 54 84 94 16 80 99 45 62 39 71 35 8 33 44 24 49 39 99 16 65 81 7 27 17 90 96 69 67 81 39 50 11 59 10 55 67 17 91 98 42 25 33 1 90 73 91 33 71 49 47 
37 28 49 44 65 96 16 14 30 84 24 18 99 96 39 90 19 22 97 100 4 22 61 14 47 67 93 21 69 54 40 22 83 37 25 48 80 4 19 5 85 84 99 38 99 52 38 69 40 41 12 16 89 14 84 8 28 38 53 100 73 35 48 35 53 36 60 62 84 51 24 40 48 73 88 68 45 73 21 89 56 62 38 58 82 42 35 16 93 77 58 32 95 12 66 39 92 7 39 97 1 84 28 8 36 22 88 78 86 59 6 6 48 19 69 48 87 22 96 3 57 14 74 98 18 55 51 36 
24 9 83 64 82 18 67 86 3 55 45 95 85 48 6 79 45 44 65 58 77 86 3 44 34 57 23 95 69 29 95 28 10 82 92 35 87 50 44 27 47 56 9 63 22 3 1 77 22 16 13 2 82 65 46 44 46 63 57 21 93 23 76 20 43 92 34 82 30 23 4 35 100 26 39 79 59 15 51 90 16 76 13 68 36 1 75 53 70 25 20 100 76 73 70 74 29 89 93 85 29 66 19 76 69 6 39 68 62 15 13 66 96 71 4 47 96 73 89 79 52 94 80 44 14 82 56 56 
3 57 61 85 22 55 8 90 68 92 40 93 12 46 59 25 95 56 81 94 68 42 88 8 67 93 49 19 6 48 24 94 20 7 20 73 1 43 79 49 36 23 3 31 17 69 59 57 89 31 69 15 64 49 24 69 32 3 89 79 19 32 17 1 50 66 58 7 49 96 6 80 56 15 27 28 3 22 74 3 5 66 14 17 64 68 11 19 22 30 56 58 59 46 25 80 3 13 62 11 24 68 78 34 52 72 66 99 14 99 16 59 15 19 30 84 41 81 10 6 73 39 19 23 12 49 10 77 
62 29 53 83 26 18 8 10 52 58 23 100 90 60 26 70 93 67 22 40 49 76 25 61 76 62 15 58 34 82 37 19 63 56 65 88 32 69 54 100 28 12 74 4 92 7 6 32 22 11 66 1 8 57 86 69 94 54 35 73 31 58 85 46 56 4 75 32 54 17 58 2 6 59 9 71 77 9 82 23 88 98 15 75 41 30 29 47 1 26 83 30 57 61 45 33 11 9 72 73 9 24 45 69 28 42 30 43 64 31 65 53 56 70 53 45 92 19 28 15 4 17 38 5 51 93 29 29 
80 98 98 33 55 80 21 39 65 40 66 24 51 3 23 2 74 10 29 31 40 85 74 31 10 60 65 35 57 86 49 21 43 33 57 52 44 77 4 97 53 1 69 3 63 39 85 18 29 66 4 33 16 54 19 23 66 1 12 30 1 93 2 7 58 87 83 71 21 10 39 75 99 45 28 21 100 79 88 11 55 75 57 82 7 92 26 67 82 97 39 77 39 2 87 49 30 24 63 29 96 78 42 15 31 64 51 51 18 7 36 48 2 28 84 46 62 17 55 83 74 59 78 33 46 84 41 80 
92 57 53 63 33 18 18 60 81 39 80 85 79 44 37 51 93 42 7 74 72 86 97 65 65 98 97 62 63 70 75 24 88 24 25 95 64 51 50 35 92 50 7 2 83 22 84 32 94 88 93 10 28 12 86 52 54 100 28 31 12 75 74 19 14 46 88 60 37 57 75 55 6 15 94 64 42 49 89 70 8 80 2 24 69 78 18 48 41 72 85 65 96 34 28 68 7 37 4 98 92 83 67 21 25 13 8 42 62 50 94 92 100 49 97 38 5 3 32 72 5 2 99 19 70 57 94 16 
34 65 1 48 44 59 99 52 11 45 64 25 27 91 53 87 34 45 81 68 4 37 90 64 91 26 71 15 16 22 81 96 10 39 23 60 58 8 51 87 84 42 95 39 70 89 33 15 24 81 95 59 9 75 94 54 58 86 25 7 10 3 79 81 65 66 90 54 76 71 28 84 33 70 58 73 74 2 49 78 81 56 61 83 98 88 89 55 19 25 24 2 2 77 92 48 86 61 60 9 24 25 48 10 26 59 78 28 47 44 55 47 88 57 32 20 50 17 26 86 24 20 64 45 88 44 88 62 
44 87 55 22 97 98 1 47 88 77 56 35 84 78 62 42 68 40 69 5 85 27 74 97 26 67 81 71 89 3 56 1 57 30 57 24 24 7 61 62 99 89 41 40 92 69 35 99 77 1 16 78 72 47 8 2 32 85 60 60 88 92 94 11 46 85 96 27 45 13 28 84 43 85 22 44 9 13 29 67 98 84 57 53 13 17 11 82 77 87 23 23 38 20 66 37 50 27 79 19 56 40 92 32 69 96 16 54 25 55 100 78 87 60 95 4 99 88 76 43 10 52 85 42 6 79 18 93 
39 68 80 20 82 75 21 49 75 80 2 26 4 34 27 77 3 71 38 27 24 91 34 99 88 16 26 72 43 57 37 6 43 56 98 36 83 96 11 58 83 18 39 39 6 77 23 18 75 16 16 69 45 96 94 17 84 61 26 77 9 13 17 92 97 48 60 63 59 5 17 50 37 38 38 37 93 25 82 15 85 98 31 29 94 11 76 17 39 44 22 58 14 50 32 45 52 28 16 33 96 9 31 46 95 5 51 82 59 7 65 63 39 17 76 42 19 66 19 54 64 44 7 55 96 33 17 39 
48 47 85 11 94 52 88 58 24 47 68 89 15 30 20 52 37 53 35 9 56 32 14 54 67 25 95 43 89 26 50 92 89 57 79 25 15 42 86 27 24 32 83 84 85 37 12 56 76 28 4 92 36 34 2 45 49 26 21 86 84 83 1 55 6 52 11 5 59 70 89 7 32 91 85 9 64 13 17 75 71 86 46 18 14 30 34 54 47 57 23 97 87 39 82 46 13 11 53 24 65 34 95 33 71 24 82 37 95 75 87 52 98 79 94 4 60 24 76 32 48 27 2 14 64 53 39 75 
11 49 11 5 28 68 7 87 73 17 46 50 10 62 50 73 18 1 95 65 45 82 54 1 27 6 92 85 20 19 81 50 35 78 42 84 89 36 94 65 55 49 37 36 53 68 1 52 93 35 22 20 68 19 10 83 28 87 40 26 24 61 24 86 100 96 94 5 97 15 12 54 59 47 79 5 70 32 1 82 42 65 69 86 95 53 76 89 5 29 79 87 13 50 13 27 60 34 2 6 68 59 64 95 7 48 27 48 12 56 3 25 33 42 15 89 23 16 23 35 13 82 77 64 84 47 52 4 
20 70 94 76 81 94 68 67 33 38 93 48 14 70 32 14 92 40 11 9 75 57 54 61 43 96 63 91 38 77 76 18 86 76 59 56 82 31 17 61 38 39 66 79 92 72 16 96 62 63 95 14 67 18 11 7 46 25 6 95 33 41 91 88 42 17 39 84 87 16 13 7 63 73 35 24 14 70 78 21 39 90 12 70 8 71 43 75 53 49 29 64 28 90 84 8 52 60 80 51 51 13 91 4 18 60 42 10 61 2 89 61 79 85 69 54 55 70 90 33 62 3 52 27 7 55 64 80 
31 6 1 85 17 50 46 100 95 61 12 100 97 30 6 30 54 76 51 8 55 3 19 39 98 60 89 78 87 4 20 47 68 71 67 19 32 62 34 20 12 100 24 74 15 55 17 22 76 40 91 96 2 22 49 57 57 10 29 28 40 65 28 43 25 13 6 41 21 76 28 63 95 62 41 6 94 80 2 39 54 49 62 18 85 38 14 1 74 47 25 3 96 83 79 19 36 86 73 52 3 82 45 29 57 5 79 83 68 63 81 4 24 6 96 68 59 77 11 38 91 4 100 99 27 6 53 56 
28 28 97 51 86 55 90 76 20 83 76 20 93 19 55 20 30 73 64 64 100 39 35 20 78 68 45 53 52 54 34 5 38 44 98 23 83 56 58 83 35 32 57 78 91 44 6 89 26 85 78 59 26 4 12 34 64 16 28 15 15 86 72 19 63 4 32 7 41 24 24 76 39 88 35 48 30 5 77 53 17 80 69 29 90 61 87 54 18 10 44 61 4 79 30 77 23 63 74 23 9 50 99 54 77 87 19 63 50 18 76 63 85 24 55 64 1 92 41 93 46 1 92 22 55 43 94 91 
79 18 54 3 43 98 41 97 4 12 73 97 76 5 4 11 51 6 74 77 20 32 78 76 62 88 72 95 44 56 52 36 41 43 6 99 97 6 79 91 65 83 15 54 43 52 73 22 78 88 95 29 38 56 8 34 32 56 73 35 83 94 86 8 92 97 32 81 85 9 26 97 96 15 42 45 7 8 97 10 34 74 90 61 19 52 8 74 75 92 84 89 51 82 71 18 23 46 65 49 50 58 78 2 62 28 18 6 48 59 32 38 31 50 76 7 27 70 14 49 68 60 35 97 31 55 84 93 
41 67 9 58 17 87 5 36 73 57 26 87 72 3 71 77 72 60 79 26 82 86 21 62 63 10 12 39 62 98 42 21 78 14 55 27 35 90 34 30 63 34 16 36 19 5 20 4 85 49 94 99 42 6 78 28 20 46 83 99 91 48 49 11 92 10 53 54 11 6 19 37 64 81 36 23 55 22 56 59 42 42 37 26 14 89 90 57 56 85 33 44 49 34 75 15 18 67 47 5 96 98 22 92 52 73 2 82 21 89 26 84 61 42 41 83 71 65 35 44 95 49 39 63 12 60 4 91 
5 91 8 55 98 34 65 77 80 88 36 54 82 38 1 96 59 75 12 7 79 43 28 81 60 5 62 30 64 63 98 99 59 60 53 67 81 89 72 94 98 91 28 17 57 58 51 60 41 38 34 40 19 19 92 79 24 91 86 71 30 6 65 92 31 42 6 64 28 89 47 68 3 85 53 12 59 48 64 35 99 11 100 40 26 38 21 32 29 81 23 76 52 72 49 23 100 54 41 55 80 85 39 19 34 11 75 40 97 14 90 43 27 55 9 96 28 33 26 43 53 69 69 73 52 83 51 36 
40 92 91 68 15 22 29 41 64 95 70 53 43 39 41 61 63 19 69 18 9 86 76 12 16 85 46 71 32 62 21 66 15 7 98 92 22 67 60 64 41 68 87 1 15 47 95 38 76 50 94 49 46 98 53 86 72 11 44 25 56 7 90 98 57 60 79 93 36 41 82 100 64 84 56 72 48 94 55 26 61 25 19 74 95 56 7 36 32 10 53 82 5 19 10 96 15 17 30 80 60 73 78 35 11 63 22 91 37 72 58 84 65 2 95 12 46 94 36 4 81 21 70 4 44 51 77 83 
100 93 34 16 65 97 41 66 49 40 60 55 15 82 34 35 52 76 49 96 39 40 36 31 84 39 24 50 16 66 88 77 20 86 5 31 27 40 99 100 59 44 24 81 6 40 61 80 33 65 98 90 14 89 45 5 66 74 7 27 83 34 31 44 18 41 54 19 80 11 59 4 49 97 50 10 68 14 93 74 73 91 52 76 60 63 38 9 30 4 58 79 51 36 43 60 97 1 99 48 88 2 2 22 36 20 21 15 88 30 79 55 92 11 59 60 92 25 92 18 7 6 15 88 74 78 95 1 
31 80 38 62 8 67 5 9 84 94 14 70 82 77 69 6 86 8 10 70 59 9 72 95 66 33 47 40 35 27 68 77 91 95 48 17 85 18 72 10 15 85 94 7 38 28 18 78 28 2 78 2 62 84 49 72 23 12 79 8 92 47 77 54 34 23 96 7 63 65 19 12 31 52 71 44 89 89 24 1 62 21 53 13 55 38 35 89 80 69 79 27 20 81 47 19 88 45 34 66 34 6 39 69 60 92 97 100 93 87 51 15 14 7 58 44 37 8 49 56 20 88 36 85 17 48 8 88 
44 61 22 96 93 3 32 19 23 95 64 46 60 6 23 87 59 15 77 62 24 33 4 2 10 10 39 98 19 48 24 21 12 77 12 63 100 5 11 43 52 68 53 39 44 9 84 38 82 69 29 55 48 6 62 76 79 12 83 34 63 90 22 32 32 12 19 88 76 54 45 29 12 78 91 21 55 93 58 18 70 22 91 28 11 79 77 85 88 37 63 13 67 19 25 1 55 45 16 62 7 82 49 19 74 47 39 71 8 52 73 69 28 81 75 79 77 31 69 68 36 15 10 74 93 79 67 84 
61 26 51 10 98 40 96 28 77 53 58 18 52 24 67 63 3 59 59 80 7 30 96 45 1 4 67 79 98 70 48 9 28 70 75 59 85 24 97 84 74 56 36 65 5 83 94 26 94 73 100 28 36 57 72 14 27 79 44 55 79 63 3 74 84 23 65 98 94 68 18 22 54 6 54 97 29 10 32 65 8 59 89 22 68 84 95 71 7 38 96 18 30 32 14 45 59 1 61 27 6 18 74 74 45 97 11 26 31 12 41 63 54 12 34 8 19 9 28 53 98 4 11 93 18 27 79 61 
86 88 47 38 29 75 68 16 82 57 36 64 80 62 91 14 40 80 42 9 76 76 79 55 17 22 43 69 7 3 97 96 50 63 87 34 49 60 49 6 23 75 48 44 67 73 84 84 30 88 67 99 28 7 1 24 80 73 64 50 98 62 5 35 6 85 58 25 96 61 63 25 42 89 1 91 52 10 95 100 85 78 65 42 12 63 17 14 91 44 24 79 94 50 13 11 31 26 98 31 86 72 46 95 14 26 97 63 82 5 45 86 91 12 53 56 95 1 43 34 100 65 13 9 23 29 42 91 
9 80 40 40 93 95 53 26 11 76 97 24 59 15 96 53 69 76 22 96 47 54 81 53 38 29 45 80 8 91 30 73 29 24 23 10 71 24 47 8 12 79 41 49 73 42 45 54 73 36 41 27 46 19 43 73 48 80 20 30 55 48 60 96 65 98 1 45 8 70 73 10 49 4 51 68 21 80 5 21 68 13 10 5 36 97 56 47 81 91 65 95 35 29 62 21 84 68 29 70 85 56 9 30 31 91 36 59 55 13 62 52 84 69 94 80 48 8 36 8 81 93 21 33 49 99 70 17 
40 78 53 88 29 97 74 60 54 40 31 17 37 84 21 43 53 29 33 91 47 40 83 71 13 82 78 82 38 28 44 26 38 83 21 41 20 56 48 43 45 62 44 89 20 55 20 80 44 26 20 50 41 5 59 94 47 56 29 63 5 13 74 86 67 9 21 8 37 95 22 44 49 56 88 26 95 22 26 40 5 3 44 68 61 74 7 15 36 89 79 2 68 53 41 17 36 95 72 26 85 42 54 57 25 82 23 39 27 19 96 25 33 73 36 14 5 62 77 42 9 20 87 97 6 39 71 25 
27 41 78 6 4 15 90 79 15 12 15 95 27 35 52 58 3 80 98 82 34 66 46 21 19 41 5 60 12 63 18 71 66 41 39 99 50 4 13 17 26 4 5 34 12 37 80 100 23 24 70 100 95 53 75 50 66 28 49 14 56 97 95 7 65 22 51 82 92 22 7 56 32 17 37 10 11 72 96 30 62 13 11 67 35 69 89 21 56 80 99 1 65 65 44 1 55 92 100 34 32 48 9 13 53 74 57 78 32 88 61 33 72 85 44 81 81 97 5 78 40 95 82 78 97 11 65 86 
60 98 84 6 45 95 51 36 55 90 68 38 97 17 10 20 15 74 4 79 31 27 27 19 12 86 26 39 35 41 53 44 70 54 62 8 37 95 81 35 84 22 46 94 36 55 45 17 44 76 43 71 90 86 34 82 93 95 49 72 58 22 45 44 50 30 46 9 59 42 1 68 52 78 63 57 32 48 18 84 82 17 54 6 2 18 62 25 11 19 22 13 45 59 93 47 75 87 93 20 65 22 48 32 66 37 33 30 30 44 45 23 68 82 54 83 78 8 84 45 91 63 66 82 51 19 4 71 
38 90 20 76 79 23 19 70 40 41 10 8 100 69 68 3 60 80 64 16 23 64 53 83 96 54 25 43 92 5 59 85 87 54 29 45 96 33 5 96 88 10 82 65 48 42 3 25 4 52 64 81 14 43 23 30 78 19 43 62 54 27 2 58 82 42 8 26 31 61 18 51 44 89 16 8 89 20 93 95 45 59 38 28 32 57 2 44 100 92 4 90 46 46 5 9 95 73 68 73 87 61 19 9 80 42 9 67 23 36 43 7 10 10 96 71 93 61 68 23 33 99 16 14 86 64 95 100 
19 43 49 65 92 98 26 23 51 6 23 57 65 26 46 79 36 77 43 18 91 60 56 77 61 77 55 17 83 18 61 66 85 2 39 40 6 83 77 67 79 65 21 31 32 6 91 73 90 73 38 25 92 75 57 35 21 10 25 28 37 54 43 82 46 21 18 100 63 43 80 21 82 98 50 2 26 18 35 59 56 2 13 91 58 35 92 40 76 20 60 89 99 6 52 44 12 71 31 91 1 98 100 75 16 27 99 92 80 5 16 27 19 41 34 95 16 59 69 16 76 75 66 83 58 47 56 92 
52 4 95 99 70 40 38 25 4 97 44 9 6 79 70 13 45 82 1 20 63 36 19 95 28 99 78 21 68 48 66 60 6 50 14 98 74 18 43 41 55 50 89 34 82 93 43 97 1 51 97 77 28 37 44 18 26 50 98 64 97 49 62 78 61 91 73 39 66 92 9 26 39 49 26 45 30 68 69 48 24 68 9 51 72 38 45 94 77 83 96 31 29 11 66 40 43 62 53 65 25 28 31 49 10 100 58 5 47 37 22 71 55 74 40 32 59 95 97 46 85 69 90 4 66 84 33 43 
65 29 13 72 34 56 75 28 57 55 72 81 70 77 46 38 22 18 63 8 11 74 97 47 79 90 67 22 97 24 74 99 28 86 89 10 28 78 29 72 43 56 99 38 60 49 78 30 20 48 40 33 4 69 49 6 73 87 56 30 3 47 80 68 27 78 76 56 34 14 88 47 80 50 14 30 10 63 55 8 96 1 21 18 92 60 19 4 78 43 48 94 63 12 55 20 6 51 95 95 6 81 64 39 88 9 6 71 63 61 70 100 22 28 28 63 98 86 22 45 30 58 28 96 41 1 6 23 
91 24 35 99 13 60 10 20 67 71 59 70 17 67 23 89 78 96 91 3 76 86 5 97 4 66 14 16 9 59 5 39 96 74 92 13 92 86 87 80 23 94 19 91 30 25 78 31 24 3 85 37 13 46 59 94 77 61 81 57 64 63 17 25 68 15 27 68 67 14 74 89 79 48 44 87 38 19 48 35 36 52 27 44 14 24 58 87 99 41 74 34 72 9 91 54 85 7 75 41 93 93 68 50 5 47 36 44 47 54 80 29 10 58 31 36 75 95 33 36 45 24 45 99 43 99 56 50 
2 18 14 86 52 12 100 79 49 90 35 70 11 25 27 95 7 75 91 56 36 4 45 22 17 52 46 94 77 72 95 8 18 89 25 62 38 27 17 62 21 77 50 35 23 23 85 54 3 23 22 37 87 9 36 44 57 23 85 50 42 89 3 38 5 80 41 22 50 89 82 50 29 33 24 71 25 50 71 94 73 31 93 41 38 58 88 74 13 56 89 18 82 46 93 98 74 75 66 77 50 43 1 66 87 13 85 69 38 18 20 77 77 85 56 70 24 80 82 54 23 33 64 85 29 76 13 74 
34 42 91 43 68 81 42 35 72 87 11 67 46 75 78 98 79 39 60 15 86 10 53 25 20 13 60 60 53 93 84 80 3 15 35 43 52 48 90 57 3 17 100 13 68 93 63 80 9 25 30 64 75 94 55 53 21 59 17 99 15 18 88 57 11 100 4 14 62 53 4 73 10 99 98 70 47 50 90 31 56 43 57 73 33 59 10 84 78 64 22 17 81 34 32 72 21 47 47 44 10 35 47 55 14 76 3 35 71 99 82 43 53 75 16 82 74 23 93 85 63 17 12 14 67 70 16 98 
45 14 4 80 7 79 18 23 54 33 85 24 90 25 11 71 5 41 66 17 39 26 97 32 34 76 8 89 41 64 93 22 55 54 63 9 73 99 91 84 34 85 29 82 50 27 95 59 89 51 56 59 53 100 76 38 94 70 12 61 16 42 88 64 36 11 7 62 20 95 86 25 34 1 84 68 75 6 33 58 11 5 43 77 76 24 46 33 40 11 66 34 88 62 45 7 36 61 84 37 77 97 1 80 5 42 93 92 48 63 40 59 36 92 98 41 12 53 49 59 56 24 92 97 51 59 46 93 
27 87 91 89 65 35 50 28 61 28 47 9 82 15 75 96 76 94 47 31 33 83 86 52 88 98 58 94 89 28 60 79 43 47 58 93 21 32 78 86 100 58 91 55 83 63 37 84 20 32 75 78 35 7 94 58 45 66 30 88 42 72 44 16 85 59 67 88 38 61 97 25 13 95 16 43 22 12 34 87 92 35 100 81 91 86 18 82 56 37 30 80 37 88 5 44 73 22 42 89 57 93 27 56 36 90 93 49 54 98 77 44 90 55 88 10 89 88 87 58 24 48 92 65 78 84 14 71 
33 81 80 83 34 37 100 8 86 54 37 24 32 87 81 15 71 84 94 33 35 53 11 20 30 87 46 17 12 20 10 95 11 90 50 8 86 60 27 81 88 18 18 17 94 24 70 18 36 94 35 96 15 2 88 57 24 38 100 96 3 94 18 8 42 7 39 44 42 80 61 31 17 98 48 93 95 38 65 76 27 65 16 63 31 49 16 31 54 34 15 32 91 9 49 75 43 92 77 85 86 18 62 81 87 90 74 80 67 13 15 12 42 79 3 50 12 50 22 3 50 63 16 44 59 29 40 47 
99 19 44 86 24 93 32 100 53 34 67 36 44 93 100 10 59 73 10 81 73 62 58 36 93 49 26 9 37 46 36 27 55 91 1 39 56 88 88 21 43 66 47 97 52 45 77 28 71 7 11 57 28 92 78 51 19 49 16 24 42 10 98 75 43 27 93 75 49 59 68 15 79 51 81 94 64 75 4 9 9 91 90 43 47 83 8 19 45 98 13 89 99 44 44 39 8 32 84 97 5 4 100 12 53 65 38 27 49 2 92 95 51 98 1 24 41 44 77 55 81 1 61 42 75 96 49 74 
63 34 39 91 5 20 5 27 2 80 79 77 42 60 53 31 37 32 93 74 38 89 74 25 59 97 30 74 57 20 62 2 35 36 75 53 95 74 58 27 31 90 37 59 85 100 67 75 42 11 43 73 55 50 48 24 11 17 25 2 84 13 3 67 75 5 14 30 91 3 72 45 7 21 47 81 4 54 69 54 95 4 9 28 35 33 53 15 40 54 94 13 32 68 89 20 48 9 90 88 34 3 47 36 68 71 38 67 8 91 77 68 61 95 85 65 78 38 69 71 77 29 1 18 76 22 76 63 
7 39 94 8 17 77 52 2 95 34 91 96 74 63 33 97 40 36 68 63 28 11 78 69 67 77 4 96 91 50 27 74 29 6 63 99 86 15 18 50 9 3 51 24 60 91 29 68 82 52 83 10 94 29 92 92 33 61 30 97 100 17 56 72 87 89 29 23 82 97 60 61 81 68 13 26 98 96 51 99 61 49 91 35 65 5 68 84 44 6 86 59 71 34 52 69 77 89 69 3 48 13 22 83 34 32 48 86 26 56 6 73 36 43 96 8 25 7 48 47 4 54 87 31 2 69 69 31 
69 44 13 32 83 86 99 16 85 77 19 72 85 60 45 92 63 28 93 98 67 18 14 77 43 30 28 8 36 10 47 11 39 43 86 26 13 76 75 6 74 53 77 69 52 48 85 77 26 5 60 50 55 32 25 98 74 11 79 1 90 60 46 55 75 67 35 72 4 55 3 49 59 94 98 95 17 63 6 24 16 81 47 21 6 80 17 86 56 24 98 98 52 74 14 44 19 51 28 66 11 7 28 12 45 21 73 23 55 53 53 29 88 92 75 22 100 34 6 16 18 6 40 36 59 49 40 62 
64 53 34 52 35 78 74 93 88 92 1 29 52 48 17 59 44 9 59 17 31 88 2 18 47 86 3 86 56 15 67 64 28 55 8 40 14 27 47 56 17 3 13 31 57 22 54 69 91 4 33 83 62 15 8 23 28 55 60 23 17 11 45 46 77 12 78 69 68 95 34 98 44 99 43 4 97 74 97 76 24 12 87 32 47 5 38 82 5 34 56 54 67 96 48 37 33 37 61 84 3 19 87 47 12 66 37 32 40 77 50 28 8 71 17 40 33 71 70 41 59 21 89 26 39 19 22 99 
29 56 83 60 44 23 87 51 23 70 42 51 7 39 66 54 1 26 76 42 26 99 77 61 64 32 19 49 9 48 40 84 34 67 19 81 17 32 34 85 36 86 38 41 21 65 28 83 42 9 17 97 22 42 24 70 55 61 36 55 85 25 5 3 55 23 77 38 96 54 7 99 86 65 56 73 83 41 74 83 95 43 90 22 49 89 60 43 50 17 22 73 57 63 83 48 84 44 59 46 3 20 47 77 22 26 56 41 50 53 85 87 42 39 88 31 61 93 43 24 60 76 84 32 76 36 42 65 
71 61 100 100 4 66 63 92 25 62 79 87 79 92 39 89 85 37 83 59 24 46 66 9 38 37 87 2 15 77 61 99 42 33 87 62 9 12 84 40 26 90 69 20 13 73 64 24 22 76 3 44 18 89 79 75 65 92 86 64 45 43 26 3 74 36 54 11 9 67 61 75 96 4 44 11 50 76 91 16 1 60 41 36 79 40 96 34 64 83 88 50 94 40 88 10 100 86 53 50 43 84 67 75 67 74 47 94 35 34 7 94 77 88 63 40 76 46 17 50 65 11 22 30 47 60 7 41 
21 84 99 27 54 83 30 62 29 12 6 64 64 43 75 50 75 80 97 58 77 7 4 20 18 1 65 10 58 2 66 35 30 93 97 69 92 90 48 33 49 42 48 67 7 98 36 46 11 35 39 99 29 67 40 69 18 59 15 13 3 28 22 53 51 81 49 16 57 62 33 42 6 78 29 81 70 99 68 1 48 74 62 60 89 68 31 23 82 6 89 29 27 59 100 86 37 13 86 27 38 76 42 38 46 94 80 94 32 31 98 86 51 69 12 31 19 35 43 10 6 8 54 6 84 76 86 56 
19 4 75 48 95 92 68 56 44 62 13 28 96 3 47 54 8 27 12 100 83 32 79 33 77 89 33 80 89 65 12 60 99 52 25 89 46 25 65 8 86 86 92 19 61 7 90 62 65 14 66 89 100 6 8 49 3 94 31 95 24 81 11 72 18 88 15 81 21 79 26 61 92 4 18 66 25 98 30 21 47 53 70 41 6 75 49 85 7 69 91 44 62 77 3 61 98 84 31 38 52 23 59 85 54 72 44 28 19 78 28 2 94 50 6 45 74 74 86 45 86 25 90 16 20 100 29 23 
68 49 92 87 92 41 59 73 90 18 24 42 59 96 21 88 51 73 57 69 81 50 37 93 75 51 95 51 97 15 23 88 43 83 93 44 12 35 93 50 27 29 73 11 87 6 38 9 18 36 41 71 70 1 45 71 33 79 99 61 67 21 21 18 10 100 98 44 44 87 7 97 48 94 62 64 41 55 19 45 100 6 7 87 5 26 48 9 95 25 96 30 92 19 88 92 46 54 76 61 29 35 62 98 84 39 94 75 52 46 51 72 42 78 53 33 91 58 86 12 46 85 57 55 12 89 21 57 
50 22 99 36 77 57 24 9 15 54 100 20 21 73 37 59 41 31 12 56 61 64 50 87 73 8 80 28 74 9 15 48 53 73 22 84 18 4 24 41 48 69 31 54 40 92 43 69 27 46 75 17 77 42 13 14 9 57 61 5 88 72 18 29 12 41 89 61 98 31 40 26 25 80 1 70 81 35 96 13 41 66 52 28 47 77 56 54 50 54 71 50 33 39 93 6 27 37 64 82 35 6 26 12 51 72 30 93 69 12 3 19 38 37 27 100 92 57 75 28 65 20 59 84 45 83 28 42 
98 62 51 38 2 31 57 97 65 54 65 32 32 1 11 4 70 11 36 44 69 60 30 100 6 73 76 69 49 87 79 16 23 65 73 65 64 75 84 91 10 69 18 35 76 1 86 98 30 16 51 50 80 26 40 73 100 32 88 61 28 76 89 40 81 44 16 43 34 98 7 14 91 13 96 15 50 30 8 63 80 85 9 11 12 13 19 28 51 43 77 80 57 61 21 42 4 29 27 52 12 22 96 90 9 15 47 20 46 26 43 49 59 57 11 55 40 49 52 8 71 97 23 66 100 62 2 7 
74 20 7 49 50 15 2 28 91 92 18 21 25 42 13 22 48 5 1 20 54 7 97 57 77 91 98 18 92 43 30 5 27 41 43 5 29 91 89 27 31 63 44 17 64 89 39 65 93 89 37 74 25 56 88 93 22 24 48 13 40 77 38 59 27 82 97 21 47 47 42 15 85 91 51 64 37 95 73 81 59 24 28 13 90 98 76 1 27 58 72 13 54 27 66 30 53 15 80 56 3 42 96 55 67 47 88 39 12 99 11 45 39 65 96 25 41 46 43 60 84 39 86 59 57 22 5 8 
48 100 57 39 96 40 72 91 32 48 23 16 38 62 67 85 64 82 50 54 96 74 29 24 52 41 100 54 67 86 23 16 50 11 74 52 72 85 10 8 16 57 97 6 19 43 50 18 76 66 39 56 98 65 25 88 82 51 67 70 72 79 44 81 14 25 2 25 98 19 39 3 14 59 20 20 34 52 94 69 35 3 17 69 30 93 70 58 46 15 46 87 37 83 85 76 81 46 27 14 75 47 96 52 31 76 30 41 34 89 28 4 86 60 86 67 93 54 87 14 71 32 56 45 82 57 37 11 
96 2 4 26 73 15 59 20 60 55 19 16 95 75 47 42 36 90 35 11 63 33 25 9 5 41 64 77 65 55 74 64 30 30 38 60 35 64 39 61 72 86 3 46 62 95 66 27 46 38 4 74 48 80 48 27 30 76 17 28 46 76 92 59 11 54 25 6 19 84 1 29 40 60 90 36 18 26 26 29 93 82 40 76 88 49 83 54 34 42 100 23 80 69 12 20 69 72 58 90 55 66 46 74 69 42 14 47 79 36 70 37 61 58 33 60 90 21 79 16 55 77 60 5 38 32 16 14 
66 66 44 31 11 82 50 79 68 55 48 32 33 14 25 78 46 63 43 50 86 2 76 25 21 77 66 89 60 92 47 56 15 70 71 54 65 30 42 77 57 99 6 46 87 20 44 53 64 84 8 74 19 57 46 80 21 54 33 22 35 88 16 100 70 81 93 58 30 99 57 2 26 5 14 72 36 88 33 66 4 92 89 29 49 18 66 67 4 98 21 2 95 68 35 59 31 55 18 32 13 68 80 60 48 37 78 60 72 79 9 3 15 100 61 76 28 4 46 97 50 64 28 79 1 59 92 42 
35 59 25 80 42 20 63 74 65 24 93 76 50 67 73 12 88 54 55 96 80 82 10 69 93 73 54 90 30 42 1 64 76 34 5 74 19 42 23 10 95 62 43 29 94 29 21 84 5 29 35 93 15 86 60 17 26 68 19 58 60 78 10 11 46 55 80 23 22 84 5 71 95 88 19 68 89 40 51 79 42 68 60 56 27 6 27 70 49 52 35 71 52 48 46 42 22 23 72 56 17 54 43 66 46 40 31 77 48 22 38 23 44 53 68 76 55 90 76 87 53 88 60 59 81 95 71 59 
94 87 92 32 42 93 1 84 30 14 20 22 80 26 46 79 64 50 79 38 45 41 94 31 97 89 11 35 32 71 81 37 27 38 99 29 63 22 64 53 35 59 13 5 28 70 95 76 16 68 25 18 91 22 97 6 40 61 48 26 95 52 21 79 27 63 85 36 98 42 19 67 48 22 66 5 4 94 10 58 92 88 25 56 81 8 70 11 25 13 43 2 75 17 65 19 36 13 5 66 74 59 80 28 10 6 72 92 75 43 42 36 9 75 27 94 58 20 25 25 5 56 49 24 71 85 35 20 
8 100 57 25 41 38 63 8 93 46 100 20 19 29 55 38 44 100 14 67 8 88 55 45 61 37 79 70 30 68 86 2 85 61 57 48 37 47 57 95 8 5 81 49 89 95 41 52 85 66 87 90 98 74 35 4 7 77 18 9 18 23 13 60 62 69 35 91 64 45 95 59 5 43 94 21 31 97 69 60 29 56 26 97 93 46 59 40 88 100 94 55 83 72 37 2 10 16 85 46 7 31 52 13 23 65 31 11 90 55 18 75 83 50 59 24 92 84 11 35 19 72 81 77 48 2 50 28 
6 86 32 30 59 92 50 34 95 21 24 10 41 67 56 89 93 28 47 41 9 100 40 87 39 31 68 96 61 68 9 30 61 76 58 53 54 95 25 97 69 93 79 43 53 92 12 10 26 87 72 29 2 84 43 20 6 78 67 37 29 71 26 49 99 50 97 1 59 70 67 10 5 3 80 34 100 14 24 9 93 95 80 71 87 65 84 74 17 68 52 3 95 30 42 85 64 4 60 38 37 73 28 4 84 38 23 69 24 85 2 15 97 18 65 81 45 44 38 47 82 30 84 14 33 72 44 78 
47 59 26 94 10 89 27 25 91 11 84 63 33 11 37 93 10 50 28 4 63 64 83 97 6 2 51 10 68 14 73 4 39 4 19 37 81 75 37 63 78 52 7 20 33 74 22 74 40 3 27 4 60 72 93 78 77 38 63 56 77 77 67 82 53 75 92 83 22 100 8 55 3 93 75 77 22 47 15 83 52 61 96 73 15 37 64 96 87 94 6 68 48 59 65 61 54 93 99 78 18 22 83 75 44 39 19 35 90 65 94 42 19 54 82 60 34 10 11 68 73 66 26 25 81 39 48 26 
100 79 3 19 3 26 85 54 41 43 95 57 95 35 53 36 6 75 69 95 16 47 63 57 77 14 90 95 19 56 70 97 100 87 11 1 83 48 53 71 84 50 66 64 9 42 82 36 84 81 14 62 20 75 62 37 23 74 34 54 65 14 61 92 28 20 22 62 63 57 39 65 87 14 89 54 19 18 49 7 42 74 48 83 59 74 77 9 11 90 89 75 100 83 38 9 51 35 78 32 75 76 69 87 25 17 71 70 73 54 90 61 28 50 27 52 70 59 92 10 63 10 13 29 69 74 68 62 
57 62 37 29 55 81 86 83 56 96 7 29 23 20 100 50 21 69 61 57 47 28 96 86 50 54 76 98 74 36 34 13 70 86 17 63 52 2 58 29 97 53 12 3 22 73 40 26 16 80 99 72 54 41 100 58 21 63 83 23 73 53 10 65 79 21 47 7 45 84 87 37 26 91 61 53 73 80 80 2 75 3 30 29 12 35 18 49 92 25 26 17 53 92 63 93 60 52 29 5 25 97 40 27 78 25 84 38 29 10 71 3 12 59 87 10 23 42 62 79 45 77 3 49 95 10 39 61 
60 100 43 57 56 30 86 11 84 24 52 96 39 30 84 44 10 36 75 41 17 26 80 88 5 13 15 10 61 31 61 83 87 25 8 9 94 76 21 64 48 59 72 69 36 89 94 21 34 97 79 58 13 39 34 92 13 42 31 71 2 20 68 31 46 68 99 78 50 64 1 72 6 41 61 93 27 8 80 31 35 46 6 10 14 13 80 42 63 79 23 74 48 58 1 76 67 71 97 66 36 90 95 25 42 45 15 23 97 56 44 92 87 16 19 40 19 8 71 15 7 60 65 95 54 15 83 74 
88 6 14 40 73 29 27 69 25 95 55 5 14 24 46 13 86 57 97 65 32 13 44 65 22 2 21 92 84 39 54 86 28 13 99 46 21 44 74 8 82 29 73 94 65 31 2 41 98 54 65 6 57 33 79 46 38 42 54 78 71 18 26 35 15 74 21 53 2 100 56 40 35 5 75 98 22 75 89 95 86 75 9 45 81 90 81 10 90 71 56 49 83 11 40 83 96 44 78 46 6 17 16 48 100 22 78 19 44 40 42 99 19 9 42 16 74 6 16 43 95 46 28 37 31 76 1 11 
-1 -1 -1 1 1 1 -1 1 -1 -1 -1 -1 1 -1 1 -1 -1 -1 1 1 1 1 -1 -1 -1 -1 1 1 -1 -1 1 1 -1 1 -1 -1 1 1 -1 -1 1 1 1 -1 -1 1 -1 -1 1 -1 -1 -1 1 1 1 1 1 1 1 1 1 -1 1 1 -1 1 1 -1 -1 1 1 1 1 -1 -1 -1 1 1 -1 1 -1 1 -1 1 -1 1 1 -1 1 1 1 1 -1 -1 -1 1 -1 1 -1 -1 -1 -1 1 -1 1 -1 -1 1 1 1 -1 1 -1 1 1 -1 1 -1 -1 1 1 -1 -1 1 -1 -1 -1 -1 
-1 1 1 1 1 -1 -1 -1 1 -1 -1 -1 1 1 -1 -1 -1 1 1 -1 -1 1 -1 -1 -1 1 -1 -1 -1 1 1 1 1 -1 -1 1 1 1 -1 -1 -1 -1 1 -1 1 1 1 1 1 1 1 -1 1 1 -1 -1 -1 -1 1 -1 -1 1 -1 -1 1 1 1 -1 -1 -1 -1 -1 1 1 -1 1 1 1 -1 1 -1 1 -1 1 -1 1 1 -1 1 -1 -1 1 -1 1 -1 -1 -1 1 -1 1 -1 -1 1 -1 -1 1 1 1 -1 1 1 -1 1 -1 -1 1 -1 1 1 -1 -1 -1 1 1 1 1 -1 1 
-1 1 1 1 1 1 1 -1 1 -1 -1 -1 1 1 -1 1 1 -1 -1 -1 1 -1 1 -1 1 -1 1 1 -1 1 -1 -1 1 -1 1 1 1 -1 1 -1 -1 1 -1 1 1 -1 1 1 1 -1 -1 1 -1 1 1 -1 -1 1 1 -1 1 -1 -1 1 -1 1 1 1 -1 1 1 -1 1 -1 1 -1 1 1 1 1 -1 -1 1 -1 -1 1 1 -1 1 1 1 1 1 -1 -1 -1 1 1 1 1 -1 -1 -1 -1 1 -1 1 -1 1 1 -1 1 -1 1 -1 1 1 -1 1 -1 -1 1 -1 1 1 1 1 -1 
1 1 1 1 -1 1 1 1 -1 -1 1 1 1 -1 -1 1 -1 -1 -1 1 -1 -1 -1 -1 1 1 -1 1 1 -1 -1 1 1 -1 -1 -1 -1 1 -1 1 1 -1 -1 -1 1 -1 1 -1 1 1 1 -1 -1 1 1 -1 -1 -1 1 -1 1 -1 -1 -1 1 1 1 1 1 1 -1 1 1 1 1 1 -1 -1 1 -1 -1 -1 1 -1 1 -1 1 1 1 1 -1 -1 1 1 -1 -1 1 1 1 -1 -1 1 -1 -1 1 1 -1 -1 -1 -1 -1 -1 1 -1 -1 -1 1 1 1 -1 -1 1 -1 -1 -1 1 1 -1 
1 1 1 -1 -1 -1 1 -1 1 1 -1 -1 1 -1 -1 -1 -1 1 1 1 -1 -1 -1 -1 1 -1 1 1 1 1 1 -1 1 -1 1 1 1 -1 1 -1 -1 1 -1 1 1 1 -1 1 -1 -1 -1 1 -1 -1 1 -1 1 1 -1 1 -1 -1 1 1 -1 -1 -1 -1 -1 1 -1 -1 -1 1 -1 1 -1 -1 -1 -1 1 1 1 -1 1 -1 -1 1 1 1 -1 -1 1 1 -1 1 -1 1 1 1 1 1 1 1 1 1 1 1 -1 -1 1 1 -1 -1 1 1 1 1 1 1 -1 -1 -1 1 1 1 1 1 
1 -1 1 1 -1 1 -1 -1 1 -1 1 -1 1 1 -1 1 1 -1 -1 -1 1 -1 1 1 -1 -1 1 -1 -1 -1 -1 1 1 1 1 1 1 1 -1 -1 1 1 -1 -1 1 -1 1 1 -1 1 1 -1 1 -1 1 -1 1 1 1 -1 -1 -1 1 1 1 1 1 1 1 1 1 1 1 1 1 -1 -1 1 -1 1 1 -1 1 -1 1 -1 -1 1 1 1 -1 1 -1 -1 1 -1 -1 1 -1 1 1 -1 -1 1 1 -1 -1 -1 1 -1 -1 1 -1 -1 -1 -1 -1 -1 -1 -1 1 -1 -1 1 1 -1 -1 1 
-1 -1 1 1 1 -1 -1 -1 -1 1 1 -1 1 1 -1 -1 -1 -1 1 1 1 -1 -1 -1 -1 1 1 -1 1 1 -1 1 -1 -1 1 -1 1 -1 -1 1 -1 1 -1 1 1 1 1 -1 1 1 -1 1 -1 1 1 1 1 1 1 -1 -1 1 -1 1 1 1 -1 1 -1 1 -1 -1 1 -1 1 -1 -1 1 1 1 1 1 -1 -1 -1 -1 -1 1 1 -1 -1 1 -1 -1 1 -1 -1 1 1 -1 -1 1 -1 -1 -1 1 -1 -1 1 1 -1 -1 -1 1 -1 1 1 1 1 -1 -1 -1 -1 -1 -1 -1 1 1 
1 -1 -1 1 -1 -1 -1 1 -1 -1 -1 -1 -1 1 -1 -1 -1 1 1 1 -1 1 1 1 -1 1 -1 1 -1 -1 -1 1 -1 1 1 -1 1 1 -1 1 1 -1 -1 1 1 1 -1 1 1 1 1 -1 -1 -1 -1 1 1 -1 1 1 1 1 -1 1 1 -1 -1 -1 1 -1 -1 -1 1 -1 -1 1 1 1 1 1 1 1 1 1 1 -1 -1 1 -1 -1 -1 -1 -1 1 -1 1 -1 -1 1 1 1 1 1 1 1 1 -1 1 -1 1 -1 1 1 -1 -1 -1 1 1 -1 1 -1 1 1 1 -1 1 -1 1 
-1 1 1 -1 1 1 -1 -1 -1 1 -1 -1 -1 -1 1 -1 -1 -1 1 -1 1 -1 -1 1 1 1 1 -1 -1 -1 -1 1 -1 1 1 -1 1 1 -1 -1 1 1 -1 -1 1 -1 -1 1 1 -1 1 1 -1 -1 1 1 1 -1 -1 1 1 -1 -1 -1 -1 -1 -1 1 1 1 1 -1 1 -1 -1 1 -1 1 1 -1 -1 1 -1 1 -1 1 -1 -1 1 -1 -1 1 1 1 -1 -1 -1 -1 -1 -1 -1 -1 1 -1 -1 1 1 -1 -1 -1 1 -1 1 -1 -1 1 1 1 1 -1 1 -1 -1 1 -1 -1 -1 -1 
-1 -1 -1 -1 1 -1 1 -1 1 -1 -1 -1 -1 1 1 1 -1 1 1 -1 -1 -1 1 1 -1 1 1 -1 1 1 1 -1 -1 1 -1 -1 -1 1 -1 -1 -1 -1 -1 1 1 1 1 1 -1 -1 -1 1 -1 1 -1 -1 -1 -1 -1 1 -1 1 1 1 1 -1 -1 -1 1 -1 -1 -1 1 1 -1 1 1 1 -1 -1 1 1 1 -1 -1 1 -1 1 1 -1 -1 -1 -1 1 -1 1 1 1 1 -1 -1 1 1 -1 1 1 1 -1 -1 -1 1 1 1 -1 -1 -1 -1 1 1 -1 -1 1 1 -1 1 1 1 -1 
-1 -1 -1 1 -1 1 1 -1 -1 -1 -1 -1 -1 -1 1 -1 1 -1 -1 -1 1 -1 -1 1 -1 1 1 -1 1 -1 1 1 -1 1 -1 -1 1 1 -1 -1 -1 1 -1 -1 -1 1 -1 -1 1 -1 1 -1 1 1 -1 -1 1 -1 1 -1 1 -1 1 1 -1 -1 -1 1 -1 1 1 -1 -1 -1 1 -1 1 1 1 -1 1 -1 1 1 1 1 -1 1 -1 1 1 1 -1 1 1 1 1 -1 1 1 1 -1 -1 1 -1 1 -1 1 1 1 -1 1 1 -1 -1 -1 1 1 -1 1 -1 1 1 1 1 -1 -1 -1 
-1 -1 -1 1 -1 -1 -1 -1 -1 -1 -1 -1 -1 -1 -1 1 -1 1 1 -1 -1 -1 -1 1 1 -1 1 -1 -1 -1 -1 1 -1 1 1 -1 1 -1 -1 -1 -1 1 1 -1 1 1 -1 1 1 1 1 -1 1 1 -1 -1 1 -1 -1 -1 1 -1 -1 -1 -1 -1 1 -1 -1 1 1 -1 -1 1 1 -1 1 -1 -1 1 -1 1 1 -1 1 1 -1 1 1 1 -1 1 1 1 1 1 -1 -1 1 -1 -1 1 -1 -1 -1 1 1 1 -1 1 -1 -1 1 1 -1 1 1 1 1 -1 -1 -1 1 1 -1 -1 -1 -1 
1 1 1 1 1 1 1 -1 -1 -1 -1 -1 -1 1 -1 1 -1 1 1 1 1 -1 -1 -1 1 -1 -1 1 -1 1 -1 -1 1 1 -1 -1 1 1 1 1 -1 1 -1 1 -1 1 1 -1 1 1 1 -1 1 1 1 -1 -1 -1 1 1 1 1 1 -1 1 1 -1 1 1 -1 -1 1 -1 -1 1 -1 1 1 1 1 -1 1 1 1 -1 -1 -1 1 1 1 1 1 1 1 -1 1 1 -1 1 -1 -1 1 -1 -1 1 1 1 -1 1 -1 -1 -1 1 1 -1 1 1 1 -1 1 1 -1 -1 -1 -1 -1 1 -1 
-1 1 1 -1 -1 1 1 1 -1 1 -1 -1 1 -1 1 1 -1 -1 1 -1 1 1 1 -1 -1 -1 -1 1 1 1 -1 -1 1 -1 -1 1 1 1 -1 -1 1 -1 1 -1 -1 1 1 1 1 -1 -1 -1 1 1 -1 1 1 -1 -1 -1 -1 1 -1 -1 1 -1 -1 -1 -1 1 -1 1 -1 -1 -1 -1 -1 1 -1 1 -1 1 -1 1 1 1 1 1 -1 1 1 -1 1 1 1 1 -1 1 1 -1 1 -1 1 1 1 -1 -1 1 1 -1 -1 1 1 -1 1 1 1 1 -1 -1 -1 1 1 1 1 1 1 1 
1 -1 -1 -1 -1 -1 -1 -1 1 1 1 -1 -1 1 1 -1 1 -1 1 1 -1 1 1 -1 -1 -1 1 1 1 1 -1 -1 -1 1 1 1 1 1 -1 -1 -1 -1 -1 -1 -1 1 -1 -1 1 -1 -1 1 -1 -1 -1 -1 1 1 1 -1 1 1 -1 -1 1 -1 -1 -1 -1 -1 -1 -1 1 1 1 -1 -1 -1 1 1 1 1 1 -1 -1 -1 1 1 1 1 -1 -1 -1 1 1 1 -1 -1 -1 1 1 1 1 -1 -1 1 1 -1 -1 1 -1 -1 1 1 1 1 -1 -1 1 -1 -1 1 1 -1 1 -1 -1 -1 
-1 -1 1 1 -1 1 -1 -1 -1 1 -1 1 1 1 -1 1 1 1 1 1 -1 1 1 1 -1 -1 1 1 1 -1 -1 1 -1 -1 -1 -1 -1 1 1 1 -1 -1 1 -1 1 -1 -1 1 -1 1 -1 -1 -1 1 1 -1 -1 -1 -1 1 1 -1 -1 1 -1 -1 -1 1 1 -1 -1 1 -1 1 1 -1 1 1 1 -1 1 -1 1 -1 1 1 -1 1 1 1 1 -1 1 1 1 1 -1 1 1 1 1 -1 -1 -1 1 1 1 -1 -1 -1 -1 -1 1 1 -1 -1 -1 -1 1 -1 1 1 -1 1 -1 -1 -1 -1 
-1 -1 1 -1 -1 1 -1 -1 -1 -1 1 -1 -1 -1 1 1 -1 -1 1 1 1 -1 -1 -1 1 -1 -1 1 -1 -1 -1 -1 -1 1 -1 1 -1 1 1 1 1 -1 1 1 -1 -1 -1 -1 -1 1 1 1 -1 -1 1 1 1 -1 1 1 -1 -1 1 -1 1 1 -1 -1 -1 -1 -1 -1 -1 -1 -1 1 -1 -1 -1 1 1 -1 -1 1 -1 -1 1 -1 -1 1 -1 -1 1 -1 1 1 1 1 1 -1 -1 -1 1 -1 -1 -1 -1 -1 -1 -1 1 1 -1 1 1 1 -1 1 -1 1 1 1 1 1 1 1 -1 1 
-1 1 -1 -1 1 -1 -1 1 -1 1 -1 1 1 -1 -1 1 -1 -1 1 1 1 1 1 -1 1 1 1 -1 1 1 1 -1 -1 -1 1 -1 1 -1 -1 1 1 1 1 1 1 -1 -1 1 1 -1 -1 1 1 -1 -1 -1 -1 -1 -1 -1 1 -1 1 1 1 1 -1 -1 -1 1 -1 -1 1 -1 -1 -1 -1 -1 -1 -1 -1 1 -1 -1 1 -1 -1 1 -1 -1 1 1 1 -1 -1 -1 1 1 1 1 -1 1 -1 1 -1 -1 1 1 -1 1 -1 1 1 1 1 1 1 -1 1 -1 1 1 -1 1 -1 1 -1 1 
1 1 -1 -1 1 -1 1 1 1 1 -1 1 1 1 1 1 1 1 1 1 -1 1 -1 1 -1 1 1 1 -1 1 -1 -1 -1 -1 -1 1 1 -1 -1 1 1 1 1 -1 -1 -1 1 -1 1 1 1 -1 1 1 1 -1 -1 -1 -1 1 1 -1 -1 -1 1 -1 -1 -1 -1 -1 1 1 -1 1 1 1 -1 -1 1 1 -1 -1 -1 1 1 1 1 1 1 1 -1 -1 1 -1 -1 -1 1 1 1 1 1 1 1 -1 1 -1 -1 -1 -1 1 1 1 1 1 -1 -1 -1 -1 1 -1 -1 1 1 -1 -1 1 1 -1 
1 -1 -1 1 1 -1 1 1 -1 -1 -1 -1 1 -1 1 1 1 1 1 -1 -1 1 1 1 1 -1 1 -1 -1 -1 -1 1 1 1 1 -1 -1 1 1 -1 -1 -1 -1 -1 1 -1 -1 1 1 1 -1 1 -1 1 -1 -1 1 -1 1 -1 1 1 -1 1 1 -1 1 -1 1 -1 -1 1 1 -1 -1 -1 1 -1 -1 -1 -1 1 -1 1 1 1 1 1 1 -1 -1 1 -1 -1 1 1 1 1 -1 -1 1 -1 1 -1 1 1 1 1 1 1 1 -1 1 1 -1 -1 1 -1 -1 1 1 -1 1 -1 1 -1 1 -1 
1 -1 1 -1 -1 1 1 -1 1 -1 1 -1 1 1 -1 -1 1 1 -1 -1 -1 1 -1 -1 1 1 -1 1 -1 1 1 1 -1 1 1 -1 1 -1 1 -1 1 -1 -1 1 -1 -1 1 1 -1 1 1 1 1 1 -1 -1 1 1 -1 1 1 -1 1 1 -1 1 -1 -1 1 1 1 -1 -1 1 1 -1 -1 1 1 1 1 1 1 1 1 1 1 -1 -1 1 -1 1 1 1 -1 1 1 -1 1 -1 -1 -1 -1 1 -1 -1 1 1 1 1 -1 1 -1 1 -1 -1 1 1 1 1 1 -1 -1 -1 1 1 -1 1 
1 1 -1 -1 -1 -1 -1 1 -1 -1 -1 -1 -1 1 1 1 -1 1 1 1 1 -1 -1 1 1 1 -1 -1 1 1 -1 1 1 -1 -1 -1 1 -1 1 1 -1 -1 1 -1 1 1 -1 -1 1 1 1 -1 -1 1 -1 -1 1 -1 -1 1 -1 -1 -1 1 1 -1 -1 -1 1 -1 -1 1 -1 -1 1 1 1 1 1 1 1 1 1 1 -1 -1 -1 -1 -1 -1 -1 -1 1 -1 -1 -1 1 1 1 -1 -1 1 -1 -1 1 -1 1 -1 1 1 -1 1 1 -1 -1 -1 1 -1 1 1 1 1 1 1 1 1 1 -1 
-1 -1 1 -1 -1 1 -1 1 -1 1 -1 -1 -1 1 1 1 -1 1 -1 1 -1 -1 1 1 1 -1 -1 1 -1 1 -1 -1 1 -1 1 1 1 -1 1 -1 -1 -1 1 1 1 -1 -1 1 1 -1 -1 1 1 1 1 -1 1 -1 -1 1 1 1 1 1 -1 1 1 1 -1 1 -1 -1 1 1 -1 -1 1 -1 -1 -1 1 1 -1 -1 -1 1 1 1 -1 -1 1 1 1 -1 -1 -1 1 -1 -1 1 -1 1 1 -1 -1 1 -1 -1 1 1 1 1 1 -1 1 -1 1 1 1 1 1 1 -1 1 -1 1 1 1 
-1 -1 -1 -1 -1 1 -1 1 1 1 1 1 -1 -1 -1 1 -1 -1 1 1 -1 1 1 -1 -1 1 -1 -1 1 -1 1 -1 1 -1 -1 1 -1 1 1 1 -1 -1 1 -1 1 1 1 1 1 1 1 1 1 1 1 1 -1 1 1 -1 -1 -1 -1 -1 1 -1 -1 1 -1 -1 -1 1 1 1 1 -1 1 1 -1 1 -1 1 1 1 1 -1 1 1 1 -1 -1 1 1 -1 -1 1 1 1 1 -1 -1 1 -1 1 -1 -1 1 1 -1 -1 -1 1 1 -1 1 1 1 -1 -1 1 1 1 -1 -1 -1 1 -1 1 
-1 -1 1 1 1 -1 -1 -1 1 -1 -1 1 1 -1 -1 -1 1 1 -1 1 1 1 1 -1 -1 1 -1 -1 1 1 1 1 -1 1 1 -1 1 1 1 1 1 -1 -1 -1 1 -1 1 -1 1 -1 -1 1 1 1 -1 1 -1 1 1 -1 1 1 1 -1 -1 1 -1 1 1 -1 -1 -1 -1 1 1 1 -1 1 -1 1 1 -1 1 -1 1 -1 -1 -1 1 1 1 1 -1 -1 -1 -1 -1 1 1 1 -1 -1 1 1 -1 1 1 -1 1 -1 1 -1 1 -1 -1 1 1 1 1 1 -1 -1 1 1 -1 -1 1 1 
-1 1 -1 1 -1 -1 1 1 1 1 1 -1 -1 -1 -1 -1 -1 1 1 -1 1 1 -1 1 1 -1 -1 -1 1 1 1 -1 -1 1 1 -1 -1 -1 1 1 1 -1 1 -1 1 -1 1 -1 1 1 1 -1 1 -1 -1 -1 -1 1 1 -1 -1 1 -1 1 -1 1 -1 -1 1 1 1 -1 1 -1 -1 1 1 1 -1 1 -1 -1 -1 1 1 1 1 1 -1 1 1 1 1 1 -1 -1 1 -1 1 1 -1 -1 1 1 -1 1 -1 -1 -1 -1 -1 -1 -1 1 1 1 -1 1 1 1 -1 -1 1 -1 -1 1 -1 -1 
1 -1 1 -1 1 1 1 -1 1 1 1 1 -1 -1 1 1 -1 1 1 1 -1 -1 -1 -1 -1 -1 1 -1 1 -1 -1 -1 -1 -1 1 1 1 1 -1 1 1 1 1 -1 1 1 1 -1 1 -1 1 1 1 -1 1 1 1 1 -1 -1 1 -1 1 1 -1 1 1 1 -1 -1 1 1 -1 1 1 -1 -1 1 1 -1 -1 -1 1 1 -1 -1 1 1 1 1 1 1 -1 -1 -1 1 1 1 1 1 -1 1 1 -1 1 1 -1 1 1 1 -1 -1 1 1 1 1 -1 1 1 1 -1 -1 -1 1 -1 -1 -1 1 
1 -1 1 1 1 -1 -1 1 -1 -1 -1 -1 1 1 1 1 1 -1 1 -1 1 -1 1 -1 -1 -1 -1 1 1 -1 -1 1 1 1 1 -1 -1 -1 -1 -1 -1 1 -1 1 1 1 1 1 -1 1 1 1 1 -1 1 1 1 1 1 1 1 1 1 -1 -1 1 1 -1 -1 1 -1 -1 -1 1 -1 -1 -1 1 -1 -1 -1 1 1 -1 1 1 1 1 1 -1 1 1 1 1 -1 -1 -1 -1 1 1 1 1 -1 -1 1 1 1 -1 -1 -1 1 -1 1 -1 1 1 1 1 1 -1 1 1 -1 1 1 -1 1 1 
-1 -1 -1 1 1 -1 1 -1 -1 1 1 -1 -1 1 1 1 -1 1 -1 -1 -1 1 -1 1 1 1 1 1 1 -1 1 -1 1 -1 1 -1 1 1 -1 1 -1 -1 -1 1 -1 -1 -1 1 1 -1 -1 1 1 1 1 -1 -1 -1 -1 1 1 1 1 1 1 -1 1 -1 1 1 1 1 -1 -1 -1 1 -1 -1 -1 -1 -1 -1 -1 1 1 -1 1 1 1 -1 -1 -1 -1 1 1 -1 1 1 -1 1 1 1 -1 -1 -1 1 -1 1 -1 -1 1 1 1 1 -1 -1 -1 -1 1 -1 -1 -1 -1 1 -1 1 1 1 
-1 1 1 -1 1 -1 1 -1 -1 1 -1 -1 1 1 1 -1 -1 1 1 -1 1 1 1 -1 1 1 -1 -1 -1 -1 1 1 -1 -1 1 -1 -1 1 1 -1 1 -1 1 -1 1 1 1 -1 1 1 -1 1 -1 1 1 1 -1 1 -1 1 1 1 -1 -1 1 1 1 1 -1 1 -1 -1 -1 1 -1 -1 1 -1 1 -1 1 -1 -1 1 1 1 1 -1 -1 1 -1 1 1 1 -1 1 -1 1 -1 1 1 -1 -1 -1 1 1 1 -1 -1 -1 -1 -1 -1 1 1 1 1 -1 1 1 -1 -1 -1 1 1 -1 -1 1 
1 1 -1 -1 1 -1 -1 -1 -1 1 1 -1 -1 -1 -1 -1 -1 1 -1 -1 1 -1 -1 1 1 1 -1 -1 1 1 1 1 -1 -1 1 -1 -1 -1 1 -1 -1 1 1 1 1 1 -1 -1 1 -1 1 -1 -1 1 1 1 1 -1 1 1 1 1 1 1 -1 1 -1 -1 1 -1 -1 1 -1 -1 1 1 1 1 -1 -1 1 1 -1 1 -1 -1 1 -1 -1 1 1 -1 -1 1 1 -1 1 1 -1 1 1 -1 -1 -1 1 1 1 -1 1 1 1 1 1 -1 1 1 1 -1 1 1 1 -1 1 -1 1 1 1 1 
1 1 -1 1 -1 1 1 1 1 -1 1 1 -1 -1 -1 1 -1 -1 -1 1 1 1 -1 -1 1 -1 -1 1 -1 1 1 1 -1 1 -1 1 1 -1 -1 -1 -1 -1 1 -1 1 -1 -1 1 1 1 -1 -1 -1 1 1 1 1 -1 -1 1 -1 -1 -1 1 -1 -1 -1 1 -1 -1 1 -1 -1 1 1 1 -1 -1 -1 -1 -1 1 -1 1 1 1 1 1 -1 1 1 -1 1 1 -1 1 1 -1 -1 1 1 1 -1 -1 -1 1 1 -1 1 1 -1 -1 -1 1 1 1 1 -1 -1 -1 1 1 -1 1 1 -1 -1 1 
-1 1 1 1 1 1 -1 -1 -1 -1 -1 -1 1 1 -1 -1 -1 -1 -1 1 -1 1 1 1 -1 -1 -1 1 1 -1 -1 -1 1 1 -1 -1 -1 -1 1 1 1 1 -1 -1 -1 1 1 -1 1 1 1 1 1 1 1 1 1 -1 -1 -1 1 1 1 1 -1 -1 1 1 1 -1 -1 -1 1 1 -1 -1 -1 -1 1 -1 1 -1 -1 -1 1 -1 -1 1 -1 1 -1 -1 -1 -1 -1 -1 -1 1 -1 1 -1 -1 1 -1 1 -1 1 -1 -1 -1 1 1 -1 -1 -1 1 -1 -1 1 -1 1 1 1 1 -1 -1 1 1 
1 -1 -1 -1 -1 1 -1 1 1 1 1 1 1 -1 1 -1 1 -1 -1 1 1 -1 -1 -1 1 1 -1 1 -1 -1 -1 1 1 -1 -1 1 -1 1 1 1 -1 1 -1 -1 -1 1 -1 -1 1 1 1 1 -1 1 1 1 1 1 1 1 1 -1 -1 -1 1 1 1 -1 -1 1 -1 -1 -1 1 1 1 -1 1 1 1 -1 1 -1 1 -1 -1 1 1 1 1 1 -1 1 -1 -1 1 1 1 1 1 -1 1 -1 -1 -1 1 1 1 1 -1 1 1 1 1 -1 1 -1 1 1 -1 -1 -1 -1 -1 1 1 1 1 
-1 -1 1 -1 1 1 1 1 1 -1 -1 1 -1 -1 1 -1 -1 1 -1 1 1 -1 1 -1 1 1 1 1 1 1 1 -1 -1 -1 -1 -1 1 1 1 -1 -1 1 1 1 -1 -1 1 -1 1 1 1 -1 -1 -1 -1 -1 1 1 1 -1 1 1 1 -1 -1 1 -1 1 1 1 -1 -1 -1 1 1 -1 1 -1 -1 1 1 1 1 1 -1 -1 1 1 -1 1 -1 -1 1 1 -1 -1 1 1 1 -1 1 -1 -1 1 1 1 -1 -1 -1 1 -1 -1 1 1 -1 1 -1 -1 1 -1 -1 -1 1 -1 -1 1 -1 -1 
-1 1 1 -1 1 1 -1 -1 -1 -1 -1 -1 -1 1 1 -1 1 -1 1 -1 -1 -1 1 1 -1 -1 1 -1 -1 -1 -1 1 -1 1 -1 -1 -1 1 -1 -1 -1 1 1 1 1 -1 -1 -1 1 -1 -1 -1 -1 1 -1 1 -1 1 -1 1 -1 1 1 -1 -1 1 1 1 -1 -1 1 -1 -1 1 -1 -1 1 -1 -1 -1 1 1 1 -1 1 -1 1 1 -1 -1 1 1 1 1 -1 -1 -1 1 -1 1 1 1 1 1 1 -1 1 1 -1 1 1 1 -1 -1 1 -1 1 1 1 1 -1 1 1 -1 1 1 1 -1 
1 1 1 -1 1 1 1 1 1 -1 1 1 1 1 1 -1 -1 1 1 -1 1 1 1 -1 1 -1 1 -1 1 -1 -1 1 -1 -1 1 -1 1 -1 1 1 -1 1 -1 1 -1 -1 -1 1 1 -1 1 1 -1 1 1 -1 1 -1 1 1 -1 1 1 1 -1 1 1 1 -1 1 -1 -1 -1 -1 1 1 1 1 -1 1 1 1 -1 1 1 -1 1 -1 1 -1 1 1 1 1 1 1 -1 1 1 1 -1 1 -1 -1 1 -1 -1 1 -1 -1 1 -1 1 -1 -1 1 1 -1 1 -1 -1 1 -1 1 1 1 1 -1 
1 1 -1 1 -1 1 -1 1 1 1 1 -1 1 1 1 1 1 -1 -1 1 -1 -1 -1 1 1 -1 1 -1 1 1 -1 -1 -1 1 1 1 -1 1 -1 -1 1 -1 -1 -1 1 1 -1 -1 1 -1 1 -1 -1 -1 1 -1 1 1 -1 1 -1 1 1 -1 -1 -1 1 1 -1 -1 -1 -1 1 -1 1 -1 -1 1 -1 1 1 -1 -1 1 1 1 -1 1 1 1 -1 -1 1 1 -1 1 -1 1 1 1 -1 -1 -1 1 -1 -1 -1 1 -1 1 -1 -1 -1 -1 1 -1 -1 1 1 1 -1 -1 1 -1 -1 -1 -1 -1 
-1 -1 1 -1 1 -1 -1 -1 -1 -1 -1 -1 1 -1 -1 1 1 -1 -1 1 1 1 1 1 1 1 -1 -1 -1 1 1 -1 1 1 1 -1 1 -1 1 1 -1 -1 1 1 -1 1 1 -1 -1 -1 -1 1 1 1 1 -1 -1 -1 -1 -1 -1 -1 -1 -1 -1 1 1 -1 -1 1 1 1 1 -1 -1 -1 1 1 -1 1 -1 -1 1 -1 1 1 1 1 1 -1 1 1 -1 1 1 -1 1 1 -1 1 1 1 -1 -1 -1 1 1 1 1 -1 -1 1 -1 1 1 -1 1 1 1 1 -1 -1 -1 -1 -1 1 -1 1 
-1 -1 -1 1 -1 -1 1 1 -1 -1 -1 -1 1 -1 -1 1 1 1 1 -1 -1 1 -1 1 1 1 1 -1 1 -1 -1 -1 1 1 -1 -1 1 -1 1 1 1 -1 1 -1 -1 -1 1 1 -1 -1 -1 1 -1 -1 1 1 1 1 -1 -1 -1 1 -1 -1 -1 -1 -1 -1 1 -1 -1 1 1 -1 1 -1 -1 -1 -1 -1 1 1 1 1 1 1 -1 -1 -1 -1 -1 1 1 1 1 -1 -1 -1 1 -1 -1 -1 -1 1 -1 -1 1 1 1 -1 1 1 1 1 -1 1 -1 -1 -1 -1 1 -1 -1 -1 -1 -1 -1 -1 
1 -1 -1 1 -1 1 -1 1 1 -1 -1 -1 -1 1 -1 -1 1 1 1 -1 1 -1 -1 -1 1 1 1 -1 -1 1 -1 -1 1 -1 -1 -1 -1 1 -1 1 -1 -1 -1 -1 -1 1 1 1 -1 -1 1 -1 -1 -1 -1 -1 -1 1 1 -1 1 -1 1 1 1 1 1 1 -1 1 -1 1 1 -1 1 -1 1 -1 1 -1 -1 -1 -1 -1 -1 -1 -1 -1 -1 1 1 1 -1 -1 -1 -1 -1 -1 -1 1 1 1 -1 1 -1 -1 -1 1 1 1 1 -1 1 -1 -1 -1 1 1 1 1 -1 -1 1 1 -1 -1 -1 -1 
1 -1 1 -1 1 1 1 -1 1 -1 1 1 1 -1 -1 -1 -1 1 1 -1 -1 -1 -1 -1 -1 -1 1 1 -1 -1 1 -1 1 1 1 1 1 -1 -1 -1 -1 -1 1 -1 -1 1 -1 1 -1 -1 1 -1 -1 -1 1 1 -1 -1 -1 1 -1 -1 -1 1 1 1 -1 -1 -1 1 1 -1 -1 -1 1 -1 1 1 1 1 1 1 -1 -1 1 -1 -1 -1 -1 1 1 1 -1 -1 -1 -1 1 1 1 1 1 -1 -1 1 1 -1 1 -1 -1 -1 1 1 1 1 1 -1 1 1 -1 1 -1 -1 1 -1 1 -1 -1 1 
1 1 -1 -1 -1 -1 -1 -1 -1 -1 -1 1 -1 1 -1 1 1 1 1 -1 -1 1 1 1 -1 1 1 -1 -1 1 1 1 -1 -1 1 1 -1 -1 1 1 -1 1 -1 1 -1 -1 -1 -1 1 1 1 1 1 1 -1 -1 1 -1 -1 1 -1 -1 1 1 -1 -1 1 -1 -1 -1 -1 -1 -1 1 -1 1 -1 1 1 -1 1 1 1 -1 1 1 -1 1 -1 -1 -1 1 -1 -1 -1 1 1 1 1 -1 -1 -1 1 1 -1 -1 1 -1 1 -1 1 1 1 1 1 1 -1 -1 1 -1 -1 -1 1 -1 -1 -1 -1 1 
-1 -1 1 -1 1 -1 1 1 -1 1 -1 -1 1 -1 -1 -1 1 1 -1 -1 1 -1 1 -1 -1 -1 -1 1 1 -1 1 -1 -1 -1 1 1 1 -1 1 -1 -1 -1 1 1 -1 -1 -1 1 1 -1 -1 1 -1 1 -1 1 1 -1 1 1 -1 1 -1 -1 -1 1 1 1 1 1 1 1 1 -1 -1 1 -1 1 1 1 1 -1 -1 1 -1 1 1 -1 -1 -1 -1 1 -1 1 1 1 1 -1 -1 -1 1 1 -1 -1 1 1 -1 1 -1 -1 1 -1 1 1 1 -1 -1 -1 1 -1 1 -1 1 -1 1 -1 -1 -1 
-1 1 1 1 1 1 1 1 1 1 -1 1 -1 -1 -1 1 -1 1 -1 1 -1 1 1 1 1 1 1 1 -1 1 1 1 -1 -1 -1 1 -1 1 -1 -1 -1 -1 -1 -1 -1 -1 -1 -1 1 -1 -1 1 -1 1 -1 -1 -1 1 -1 -1 1 1 -1 1 1 -1 1 -1 -1 1 1 1 -1 -1 -1 -1 -1 1 1 -1 1 1 -1 -1 -1 1 -1 -1 -1 -1 1 1 -1 1 -1 -1 1 1 -1 -1 -1 -1 -1 1 -1 1 -1 -1 -1 -1 1 -1 -1 -1 1 1 -1 -1 1 1 1 1 -1 1 -1 -1 1 1 
1 1 -1 -1 1 -1 1 1 -1 1 1 1 1 1 1 -1 -1 -1 -1 -1 -1 1 -1 1 -1 -1 1 1 -1 1 1 -1 1 1 -1 -1 -1 1 1 -1 1 1 -1 -1 -1 1 1 -1 -1 -1 1 1 -1 -1 1 -1 -1 -1 1 -1 1 1 -1 -1 -1 -1 -1 -1 1 1 1 1 -1 -1 -1 -1 -1 1 -1 -1 1 -1 -1 1 1 1 -1 -1 -1 1 -1 -1 1 -1 1 1 1 1 -1 -1 -1 1 -1 -1 1 -1 -1 -1 -1 -1 -1 -1 1 1 -1 -1 1 -1 1 1 -1 1 1 -1 -1 -1 -1 1 
-1 1 1 1 -1 1 1 -1 -1 1 -1 -1 1 1 -1 -1 -1 -1 1 -1 1 -1 -1 1 1 1 1 1 -1 1 -1 -1 1 -1 1 -1 -1 -1 1 1 1 -1 -1 -1 -1 1 -1 -1 -1 -1 -1 -1 1 1 1 -1 1 -1 -1 1 1 -1 -1 -1 1 1 -1 -1 1 1 1 1 1 -1 1 1 -1 1 1 1 1 -1 -1 1 1 -1 1 -1 -1 1 1 1 1 1 1 -1 1 1 -1 1 1 -1 -1 -1 -1 1 1 -1 -1 -1 1 1 1 1 -1 1 -1 1 1 -1 -1 -1 -1 1 1 1 -1 -1 
-1 1 1 -1 1 1 -1 1 1 1 -1 1 -1 1 -1 1 -1 1 -1 1 1 -1 1 1 -1 -1 -1 1 1 -1 -1 1 -1 -1 -1 -1 1 -1 -1 1 1 1 -1 1 -1 -1 -1 1 1 1 1 -1 1 1 -1 -1 -1 1 1 -1 -1 -1 -1 1 -1 -1 -1 1 1 -1 1 1 -1 1 1 -1 -1 1 1 -1 1 -1 1 -1 -1 1 -1 1 -1 1 -1 -1 1 -1 -1 1 -1 1 1 1 1 -1 -1 -1 1 -1 -1 -1 1 1 1 1 -1 -1 1 1 -1 -1 -1 -1 -1 -1 1 1 1 -1 1 -1 
1 1 1 1 -1 -1 1 1 1 -1 1 1 1 1 1 -1 -1 1 1 1 -1 1 1 1 1 1 1 -1 1 1 1 1 1 1 1 1 1 1 -1 -1 -1 -1 1 1 1 -1 -1 1 -1 -1 1 -1 -1 -1 1 1 -1 -1 1 -1 -1 1 1 -1 1 1 -1 1 1 1 -1 -1 -1 -1 -1 1 -1 1 1 1 1 1 1 -1 -1 -1 1 1 1 1 -1 -1 -1 -1 -1 -1 -1 -1 1 1 1 -1 1 1 1 -1 -1 -1 1 -1 -1 -1 -1 -1 -1 1 -1 -1 -1 -1 1 -1 -1 -1 1 1 1 1 
-1 1 -1 1 -1 1 1 1 -1 -1 -1 1 1 -1 -1 1 1 -1 1 1 1 1 -1 1 -1 1 -1 1 -1 1 -1 1 1 1 1 -1 -1 -1 -1 -1 -1 -1 1 -1 -1 -1 -1 1 -1 -1 -1 1 1 1 1 -1 1 1 -1 1 -1 -1 -1 -1 1 -1 1 1 1 -1 -1 1 1 -1 1 -1 1 1 -1 1 -1 -1 1 -1 1 -1 1 1 1 1 1 1 1 1 1 -1 1 -1 1 1 -1 1 1 1 1 1 1 -1 1 1 -1 -1 -1 -1 1 -1 1 -1 -1 1 -1 -1 1 -1 -1 1 -1 1 
-1 1 -1 1 -1 1 -1 1 1 -1 1 1 1 -1 -1 -1 1 -1 1 -1 1 1 -1 1 -1 1 1 1 -1 -1 1 -1 1 1 1 -1 1 1 -1 -1 1 1 1 -1 -1 1 -1 1 1 -1 -1 -1 -1 -1 -1 -1 1 -1 -1 1 1 -1 -1 -1 1 1 -1 -1 1 1 1 -1 1 1 1 1 1 -1 -1 1 1 -1 -1 1 1 1 1 -1 1 -1 -1 -1 1 1 1 1 -1 -1 -1 -1 -1 1 1 1 1 -1 1 1 1 -1 1 1 1 -1 -1 -1 -1 1 1 1 1 1 -1 1 1 1 -1 1 
-1 -1 1 -1 1 -1 1 -1 1 1 -1 -1 -1 -1 1 -1 1 1 -1 1 1 -1 1 1 1 -1 1 1 1 1 -1 -1 1 1 -1 -1 1 -1 1 1 -1 -1 1 1 1 1 -1 -1 -1 1 -1 -1 -1 1 -1 -1 -1 1 -1 1 1 1 1 1 1 -1 -1 1 -1 1 -1 1 1 -1 -1 1 -1 1 -1 1 1 -1 -1 1 -1 -1 -1 -1 1 -1 -1 1 -1 1 1 1 -1 -1 1 1 1 -1 -1 -1 -1 -1 1 1 1 -1 -1 1 -1 -1 -1 1 1 1 -1 -1 1 1 -1 -1 -1 1 -1 -1 
1 1 -1 -1 -1 1 -1 -1 -1 -1 1 1 1 1 -1 -1 -1 1 1 -1 1 -1 1 1 1 1 1 1 1 -1 -1 -1 1 -1 -1 -1 -1 -1 1 -1 -1 -1 1 -1 -1 -1 1 1 -1 1 -1 -1 1 1 -1 -1 -1 1 -1 1 -1 1 1 1 1 1 -1 -1 1 1 -1 -1 -1 1 1 1 -1 -1 1 1 -1 1 -1 -1 -1 1 -1 1 -1 -1 -1 1 1 -1 -1 1 1 1 1 1 -1 -1 1 -1 1 -1 1 -1 1 -1 -1 -1 -1 1 -1 -1 1 -1 1 -1 -1 -1 -1 -1 1 -1 -1 -1 
1 1 1 1 -1 -1 1 -1 -1 1 1 1 1 1 -1 1 -1 -1 1 1 1 1 1 1 1 -1 -1 -1 1 1 1 1 1 1 -1 1 1 -1 1 -1 -1 -1 1 1 1 -1 1 1 -1 1 -1 1 1 -1 1 1 1 -1 -1 1 -1 1 -1 1 1 1 -1 -1 -1 -1 1 -1 1 -1 -1 -1 1 1 1 -1 -1 -1 1 1 1 1 1 -1 1 -1 1 -1 1 1 1 1 1 -1 1 -1 1 -1 1 1 -1 -1 -1 -1 -1 1 -1 1 1 1 -1 1 1 -1 -1 -1 -1 1 1 1 1 1 1 1 
1 -1 1 1 1 1 1 -1 1 -1 -1 -1 1 -1 -1 1 1 -1 1 -1 -1 -1 1 1 -1 -1 1 1 1 1 1 1 1 1 -1 -1 1 1 1 1 -1 1 -1 -1 -1 1 1 -1 1 1 -1 -1 -1 1 1 1 -1 -1 1 -1 -1 -1 1 -1 1 -1 1 -1 1 -1 1 1 1 1 -1 1 -1 -1 1 -1 -1 1 -1 1 1 1 -1 -1 -1 1 1 -1 -1 1 1 -1 1 -1 1 -1 -1 1 1 -1 1 -1 -1 1 -1 1 1 1 1 -1 -1 -1 1 1 -1 1 -1 -1 -1 1 -1 1 -1 1 
1 -1 -1 -1 -1 -1 1 1 1 -1 -1 -1 -1 1 -1 -1 1 -1 -1 -1 -1 -1 -1 1 1 -1 1 1 -1 1 1 1 1 1 -1 1 -1 -1 -1 1 -1 1 -1 1 -1 -1 -1 -1 1 -1 -1 -1 -1 1 1 1 1 1 1 1 -1 -1 -1 -1 1 1 -1 -1 -1 1 1 -1 -1 -1 1 1 1 1 1 -1 1 -1 -1 -1 1 1 1 -1 1 1 1 -1 -1 1 1 -1 1 1 1 1 1 1 -1 1 -1 1 1 -1 -1 1 -1 1 -1 -1 1 -1 1 1 1 -1 1 -1 -1 1 1 -1 -1 -1 
1 -1 -1 -1 1 1 1 1 1 -1 1 1 -1 1 1 -1 1 -1 -1 1 1 1 1 -1 -1 -1 1 1 -1 -1 1 1 1 1 1 -1 1 1 -1 1 -1 -1 1 1 -1 -1 1 -1 -1 1 1 -1 -1 1 -1 1 1 -1 1 -1 1 -1 1 -1 -1 1 1 -1 1 -1 1 -1 -1 -1 1 1 1 -1 1 1 1 1 -1 1 1 1 -1 1 1 -1 1 1 -1 1 1 -1 -1 1 1 -1 1 1 -1 1 -1 1 -1 -1 -1 1 1 1 1 -1 -1 1 -1 -1 1 1 -1 1 -1 1 -1 -1 -1 -1 
1 -1 1 -1 1 1 1 -1 -1 -1 -1 -1 -1 -1 1 -1 -1 -1 -1 -1 1 -1 -1 1 1 1 1 1 -1 1 -1 -1 -1 1 1 1 -1 1 -1 1 1 -1 -1 -1 1 -1 -1 1 -1 1 -1 1 1 -1 -1 1 -1 -1 -1 1 1 1 -1 1 -1 -1 1 1 -1 1 -1 -1 1 -1 -1 1 1 1 1 1 -1 1 -1 1 -1 1 1 1 -1 -1 -1 1 1 1 -1 -1 -1 -1 1 -1 -1 1 1 1 -1 -1 1 1 -1 -1 -1 1 1 -1 -1 1 -1 -1 -1 -1 -1 1 -1 1 -1 1 1 1 
1 1 1 1 -1 1 1 1 -1 -1 1 -1 1 -1 1 -1 1 -1 -1 1 -1 -1 -1 1 1 1 -1 1 -1 -1 1 -1 -1 1 1 -1 1 -1 -1 -1 1 -1 -1 1 -1 1 -1 1 1 -1 -1 -1 -1 -1 1 1 1 -1 1 -1 -1 1 1 -1 -1 1 -1 1 1 1 -1 -1 1 1 -1 -1 -1 1 1 -1 1 -1 -1 1 -1 1 1 -1 1 1 1 -1 -1 -1 1 -1 1 -1 1 1 -1 1 1 1 1 1 1 1 -1 1 -1 -1 -1 -1 -1 1 -1 1 -1 -1 1 1 -1 1 1 -1 -1 -1 
1 -1 -1 -1 1 -1 -1 1 1 1 -1 -1 1 -1 -1 1 1 -1 1 -1 1 1 1 -1 -1 -1 -1 1 1 1 1 1 -1 1 -1 1 1 1 -1 -1 -1 1 1 1 -1 -1 1 -1 -1 1 1 1 1 1 -1 1 -1 1 -1 -1 -1 -1 1 1 -1 1 1 -1 -1 1 1 1 1 1 -1 1 1 -1 -1 -1 -1 -1 -1 -1 -1 -1 1 -1 -1 1 -1 -1 -1 1 1 -1 1 1 1 1 -1 -1 1 -1 -1 -1 -1 1 -1 -1 1 1 -1 1 -1 -1 -1 -1 -1 -1 1 1 1 1 1 1 1 -1 
1 -1 1 1 -1 -1 -1 1 1 -1 1 1 1 -1 1 1 -1 1 1 1 1 -1 1 -1 1 -1 1 1 1 1 1 -1 1 1 1 -1 -1 -1 -1 -1 1 -1 -1 -1 1 1 1 -1 -1 -1 1 1 -1 -1 -1 -1 1 1 -1 -1 1 1 1 -1 -1 1 1 1 -1 -1 1 -1 -1 1 -1 -1 1 -1 1 1 1 -1 -1 -1 -1 -1 1 -1 1 1 -1 1 1 1 1 -1 1 1 1 -1 -1 -1 1 -1 1 1 1 1 1 1 1 1 -1 1 -1 1 -1 -1 1 1 -1 -1 1 1 1 1 -1 1 
-1 1 -1 -1 -1 -1 1 1 -1 1 -1 -1 1 1 1 -1 -1 -1 -1 1 -1 -1 1 -1 1 1 -1 1 1 1 1 -1 1 -1 1 1 1 1 -1 1 -1 -1 -1 1 1 1 -1 -1 1 -1 -1 1 1 1 -1 -1 -1 1 1 -1 1 -1 -1 -1 -1 -1 1 1 -1 1 1 1 1 1 -1 1 -1 -1 -1 1 1 1 1 1 -1 1 -1 -1 1 1 -1 -1 -1 1 1 1 1 -1 1 -1 1 -1 1 -1 1 1 1 -1 -1 1 1 1 -1 -1 -1 1 1 -1 -1 1 -1 1 -1 -1 1 1 1 1 
1 -1 -1 -1 1 1 -1 -1 -1 1 1 -1 1 -1 -1 -1 1 1 -1 -1 1 -1 1 -1 1 -1 1 1 1 -1 1 -1 1 -1 1 1 1 1 -1 -1 1 -1 1 -1 -1 -1 -1 -1 1 -1 -1 1 1 -1 1 -1 1 -1 1 1 1 -1 -1 -1 -1 1 1 -1 1 -1 1 -1 -1 -1 1 1 1 1 1 1 -1 1 1 1 -1 1 -1 1 -1 -1 -1 1 -1 1 1 1 1 -1 -1 1 1 1 1 1 -1 1 1 1 1 -1 1 -1 -1 1 -1 1 1 -1 1 -1 -1 1 -1 1 -1 1 -1 1 
1 -1 1 -1 1 1 1 1 -1 1 1 -1 -1 -1 -1 1 -1 1 -1 1 1 1 1 -1 -1 1 1 -1 1 -1 1 1 1 -1 -1 -1 1 -1 -1 -1 1 1 1 -1 1 -1 -1 1 -1 -1 -1 1 1 1 -1 -1 -1 1 -1 1 -1 -1 -1 -1 1 1 1 1 1 -1 1 1 1 -1 1 1 -1 -1 1 1 -1 1 -1 1 -1 -1 1 1 1 -1 -1 1 1 -1 -1 1 1 1 1 1 1 -1 1 1 1 1 -1 -1 -1 1 -1 -1 -1 -1 -1 1 1 1 1 -1 -1 1 1 -1 1 1 1 1 
-1 1 -1 1 -1 1 1 1 -1 1 -1 -1 1 1 1 -1 1 1 1 1 -1 1 -1 1 -1 -1 -1 -1 1 1 -1 -1 -1 1 -1 -1 -1 -1 -1 -1 1 1 -1 -1 1 -1 1 -1 1 1 1 1 1 1 1 1 -1 -1 -1 -1 -1 -1 -1 1 1 1 -1 -1 1 1 1 1 1 1 1 1 1 -1 -1 1 -1 -1 1 1 1 -1 -1 -1 1 1 1 1 1 1 1 -1 -1 1 1 1 1 1 -1 1 1 -1 1 -1 1 -1 -1 1 -1 1 1 -1 -1 1 1 -1 1 -1 -1 1 1 -1 -1 -1 
1 1 1 1 -1 1 1 -1 -1 -1 -1 -1 1 -1 -1 -1 1 1 -1 -1 1 -1 1 -1 1 1 1 1 -1 1 1 -1 -1 1 1 1 1 -1 1 -1 1 1 -1 1 -1 -1 1 -1 1 -1 1 -1 1 1 -1 1 1 -1 1 1 1 -1 1 1 1 1 1 -1 -1 -1 1 1 -1 1 1 -1 1 -1 1 1 1 -1 1 1 -1 -1 -1 1 1 1 -1 1 -1 1 1 -1 1 -1 1 -1 -1 -1 1 -1 -1 1 -1 1 -1 1 1 -1 1 -1 1 1 -1 -1 1 -1 1 -1 1 -1 1 1 -1 1 
1 1 1 1 -1 1 -1 -1 -1 -1 -1 1 -1 -1 -1 -1 -1 -1 -1 1 -1 -1 1 -1 -1 -1 1 1 1 1 -1 -1 1 1 -1 1 1 1 1 -1 1 -1 1 1 1 -1 -1 -1 -1 1 -1 -1 -1 -1 1 -1 1 1 -1 1 1 1 1 1 -1 1 1 -1 1 -1 -1 -1 1 1 -1 1 1 -1 -1 1 1 -1 1 1 -1 1 -1 -1 -1 1 1 -1 1 1 -1 -1 1 1 -1 -1 1 1 -1 -1 1 -1 -1 -1 1 -1 1 -1 -1 1 1 -1 1 1 -1 -1 -1 1 1 1 -1 1 1 1 
-1 -1 1 1 -1 1 1 -1 1 -1 1 -1 1 -1 -1 1 -1 -1 -1 -1 -1 -1 1 1 1 -1 1 -1 -1 1 -1 1 1 -1 1 1 1 1 -1 -1 1 -1 -1 1 -1 -1 -1 1 1 1 -1 1 -1 -1 -1 -1 -1 1 1 -1 1 1 -1 1 -1 -1 -1 1 -1 1 1 -1 1 -1 1 -1 1 -1 -1 -1 1 1 1 1 1 1 1 -1 1 1 1 1 1 1 -1 1 1 -1 -1 -1 -1 1 1 1 1 -1 -1 1 1 1 -1 1 1 -1 -1 -1 -1 -1 1 -1 -1 1 1 -1 -1 1 -1 -1 
-1 -1 -1 1 -1 1 -1 1 1 1 -1 -1 1 -1 -1 1 -1 -1 -1 1 1 1 -1 -1 1 1 -1 -1 1 -1 1 -1 1 -1 1 -1 -1 -1 -1 1 -1 -1 -1 1 -1 1 1 1 1 1 1 -1 1 -1 1 -1 1 -1 1 -1 -1 -1 1 1 1 -1 1 -1 1 1 -1 -1 -1 -1 -1 1 1 1 1 -1 -1 1 -1 1 1 1 1 1 -1 1 -1 1 1 -1 1 -1 1 -1 -1 1 1 1 1 -1 -1 -1 -1 1 -1 -1 -1 1 1 1 1 1 1 -1 1 -1 -1 1 1 -1 1 -1 -1 1 
1 -1 1 1 1 1 1 -1 1 -1 1 1 -1 1 -1 -1 -1 1 -1 -1 1 -1 1 -1 -1 1 -1 1 1 1 -1 -1 -1 1 1 -1 1 -1 1 -1 1 1 -1 1 1 1 1 -1 1 -1 1 1 1 -1 -1 1 -1 1 1 1 -1 1 -1 -1 1 -1 -1 1 1 1 -1 -1 1 -1 -1 1 1 -1 -1 -1 -1 -1 1 -1 1 1 -1 1 -1 -1 -1 1 1 1 -1 1 1 -1 1 1 1 -1 1 -1 -1 1 -1 1 -1 1 1 -1 1 -1 -1 1 -1 1 -1 1 1 -1 1 -1 -1 -1 -1 1 
1 -1 1 -1 -1 1 -1 -1 1 -1 1 1 -1 -1 -1 -1 -1 -1 1 -1 1 -1 -1 -1 -1 1 1 -1 1 -1 -1 1 -1 -1 -1 1 -1 -1 1 -1 -1 1 -1 1 1 1 1 1 -1 -1 1 -1 -1 1 1 1 1 -1 -1 1 1 1 1 1 1 1 -1 1 -1 -1 1 -1 -1 1 -1 1 -1 -1 1 1 1 1 -1 -1 1 1 1 -1 1 1 1 1 -1 -1 1 -1 -1 1 1 1 1 1 1 1 -1 -1 -1 1 -1 -1 -1 -1 -1 1 -1 1 1 -1 -1 -1 1 1 1 -1 1 1 -1 1 
1 -1 -1 1 -1 1 -1 -1 -1 -1 -1 -1 1 1 -1 1 -1 -1 1 1 -1 1 -1 1 -1 -1 1 -1 1 -1 1 -1 -1 -1 -1 -1 -1 -1 1 1 1 -1 -1 1 1 1 1 1 -1 1 -1 1 -1 -1 1 -1 -1 -1 -1 1 -1 1 -1 1 1 1 -1 -1 -1 -1 -1 1 -1 1 1 1 -1 -1 -1 1 -1 1 -1 1 1 1 -1 1 -1 1 1 1 1 -1 -1 1 1 1 -1 -1 1 1 1 -1 -1 1 -1 1 -1 1 1 -1 -1 -1 -1 -1 -1 1 -1 1 -1 -1 -1 1 -1 1 1 -1 
1 1 1 1 -1 1 1 1 1 1 -1 -1 -1 -1 1 -1 -1 1 -1 1 -1 -1 1 1 -1 1 -1 -1 -1 -1 -1 -1 1 -1 -1 -1 -1 1 1 1 1 -1 -1 1 -1 -1 1 -1 -1 1 1 1 -1 1 1 -1 -1 1 1 1 -1 1 -1 1 1 -1 1 1 -1 1 -1 -1 -1 1 1 1 -1 -1 -1 -1 1 -1 1 1 1 -1 -1 -1 -1 -1 -1 -1 1 -1 -1 -1 1 -1 1 -1 1 1 -1 1 -1 -1 -1 1 -1 -1 1 -1 1 1 -1 1 -1 -1 -1 -1 -1 -1 -1 1 -1 1 1 -1 
-1 1 -1 1 1 1 -1 -1 -1 1 -1 1 -1 -1 1 1 -1 -1 1 -1 1 -1 1 1 1 -1 1 1 -1 1 -1 1 1 1 1 1 -1 -1 -1 -1 -1 -1 1 -1 -1 -1 -1 1 -1 -1 1 -1 1 -1 1 -1 -1 -1 1 1 1 1 -1 -1 1 1 1 -1 -1 -1 1 1 1 -1 1 -1 1 -1 -1 -1 -1 -1 1 1 1 1 -1 1 -1 1 -1 -1 -1 1 -1 1 1 -1 1 -1 1 1 1 1 -1 -1 1 1 -1 1 1 1 1 -1 1 1 -1 1 -1 1 1 1 1 1 -1 -1 -1 1 
-1 -1 1 1 -1 1 1 -1 -1 -1 1 1 1 -1 1 1 -1 -1 1 -1 1 1 -1 1 1 -1 1 -1 -1 -1 1 1 -1 1 1 -1 1 1 -1 1 1 1 -1 -1 -1 -1 1 1 -1 1 1 -1 1 -1 -1 1 1 -1 -1 -1 -1 -1 1 1 1 1 -1 1 -1 -1 -1 1 1 1 -1 -1 -1 1 1 1 1 -1 -1 -1 -1 -1 1 -1 -1 -1 1 -1 1 1 1 -1 1 -1 -1 1 1 -1 1 1 1 1 -1 1 1 -1 -1 -1 1 -1 -1 1 -1 1 1 -1 1 1 1 1 -1 1 -1 -1 
-1 1 -1 1 1 -1 -1 1 1 1 -1 -1 -1 -1 -1 -1 1 -1 1 -1 -1 1 -1 -1 1 1 -1 -1 1 -1 1 1 -1 1 -1 -1 1 -1 -1 -1 -1 -1 1 1 -1 -1 1 -1 1 -1 1 1 1 -1 1 1 1 1 -1 1 -1 1 1 1 1 -1 1 -1 1 1 1 1 1 -1 -1 -1 -1 -1 -1 -1 1 1 1 -1 -1 1 1 1 -1 -1 -1 1 1 1 1 -1 1 1 1 1 1 -1 1 -1 -1 1 1 1 -1 1 -1 1 -1 1 -1 -1 1 -1 1 1 1 -1 -1 1 1 1 -1 1 
1 1 1 -1 -1 -1 -1 1 -1 1 1 1 1 -1 -1 1 -1 -1 -1 1 -1 1 1 1 -1 1 -1 -1 -1 1 1 -1 -1 -1 1 1 1 -1 1 -1 1 1 -1 -1 -1 -1 -1 -1 -1 1 1 -1 -1 1 -1 1 1 1 -1 1 1 -1 1 -1 1 1 1 1 1 1 -1 -1 -1 1 -1 -1 -1 1 1 -1 1 -1 1 -1 -1 -1 -1 1 1 1 1 1 1 1 -1 -1 1 -1 -1 -1 -1 1 -1 -1 1 1 -1 -1 -1 -1 -1 -1 -1 1 -1 1 1 1 -1 1 -1 1 1 -1 -1 1 1 -1 
1 1 1 -1 -1 1 1 1 1 1 1 -1 1 1 -1 1 -1 -1 -1 -1 1 1 -1 1 1 1 1 1 -1 -1 1 -1 -1 1 -1 -1 1 1 1 -1 -1 1 1 1 1 1 1 1 1 1 -1 1 -1 1 -1 1 -1 1 1 -1 -1 -1 1 -1 -1 -1 -1 -1 1 -1 -1 -1 -1 -1 1 -1 1 1 -1 -1 -1 -1 -1 1 1 -1 -1 1 1 -1 1 1 -1 -1 1 1 -1 -1 1 1 -1 -1 -1 1 -1 -1 -1 -1 -1 1 -1 -1 1 1 1 1 1 -1 -1 -1 -1 -1 -1 1 -1 -1 -1 1 
-1 -1 1 1 -1 -1 1 1 1 -1 1 -1 1 -1 1 1 -1 -1 1 -1 1 1 -1 -1 -1 -1 1 -1 -1 1 -1 -1 1 1 -1 -1 -1 -1 -1 -1 1 1 1 1 1 -1 1 1 1 -1 -1 -1 1 1 1 1 1 1 1 -1 1 -1 1 1 -1 1 -1 -1 1 -1 1 -1 -1 -1 1 -1 1 -1 1 -1 1 -1 1 -1 -1 -1 -1 -1 -1 -1 1 -1 1 1 -1 -1 1 1 -1 -1 -1 -1 1 1 1 1 1 1 1 -1 1 -1 1 1 1 -1 1 1 -1 -1 1 1 1 -1 1 1 -1 1 
1 1 1 -1 -1 1 1 1 -1 -1 -1 1 1 1 1 -1 1 -1 1 -1 1 1 -1 1 1 1 -1 -1 -1 -1 -1 -1 -1 1 1 -1 1 1 1 -1 -1 1 -1 1 -1 -1 1 -1 1 1 1 1 1 -1 -1 -1 1 1 -1 -1 1 1 1 1 1 1 1 -1 -1 -1 1 1 -1 -1 1 -1 -1 -1 -1 -1 1 -1 -1 1 1 1 -1 -1 -1 1 -1 1 -1 1 -1 1 1 -1 1 1 -1 -1 -1 1 1 -1 1 -1 -1 1 1 -1 1 1 1 -1 -1 -1 1 -1 -1 1 -1 -1 -1 -1 1 -1 
-1 -1 -1 -1 1 1 1 1 -1 1 1 -1 -1 -1 1 1 1 -1 -1 -1 1 1 1 -1 1 -1 -1 -1 -1 1 1 -1 1 -1 1 1 1 1 -1 1 -1 1 1 1 1 1 1 1 1 -1 1 1 -1 -1 -1 1 1 -1 1 -1 1 1 -1 -1 -1 1 1 1 -1 -1 1 -1 1 -1 1 1 1 -1 1 1 1 1 -1 -1 -1 1 -1 -1 -1 -1 1 -1 1 1 1 -1 -1 -1 1 -1 1 1 -1 1 1 1 1 -1 1 1 1 -1 -1 1 -1 -1 -1 1 1 -1 -1 -1 -1 1 -1 1 1 -1 
1 1 -1 -1 1 -1 1 1 1 1 -1 1 1 1 1 -1 -1 1 -1 1 1 1 1 1 -1 -1 -1 1 -1 -1 1 1 -1 1 1 1 1 -1 -1 1 -1 1 1 -1 1 -1 -1 -1 1 -1 -1 -1 1 -1 1 -1 1 1 -1 -1 -1 1 1 1 -1 -1 -1 1 1 -1 1 1 -1 -1 -1 1 -1 -1 -1 -1 1 -1 -1 -1 -1 1 -1 -1 -1 1 1 1 1 1 -1 -1 1 -1 -1 1 1 -1 1 1 -1 1 1 1 1 -1 1 1 1 1 -1 1 -1 -1 1 -1 1 1 1 -1 1 1 1 1 
-1 -1 1 1 1 1 -1 1 -1 1 1 1 1 -1 1 1 -1 -1 -1 -1 1 1 -1 1 1 -1 1 1 -1 -1 -1 -1 -1 -1 1 1 -1 -1 1 1 -1 -1 1 -1 -1 -1 -1 1 1 1 -1 -1 -1 1 -1 -1 -1 -1 -1 -1 -1 1 1 -1 1 1 1 1 -1 1 -1 -1 1 1 -1 1 1 -1 1 -1 -1 -1 1 -1 1 -1 1 1 1 -1 1 -1 -1 -1 1 -1 -1 -1 1 -1 -1 -1 1 1 1 1 1 1 -1 1 -1 1 -1 1 -1 -1 1 -1 -1 -1 1 1 1 1 -1 -1 -1 -1 
1 1 -1 -1 -1 -1 -1 1 1 -1 1 -1 1 1 -1 -1 1 -1 1 1 1 1 -1 1 -1 1 1 -1 1 1 1 1 -1 1 1 -1 1 1 -1 1 -1 -1 -1 1 -1 1 1 -1 -1 -1 1 1 -1 1 1 -1 1 1 1 -1 -1 1 1 1 1 1 1 1 1 -1 -1 1 1 1 -1 -1 -1 1 -1 1 -1 -1 -1 -1 1 1 -1 -1 1 1 1 1 -1 -1 1 1 1 -1 -1 1 -1 -1 1 1 -1 1 -1 1 1 -1 -1 1 -1 1 -1 -1 -1 -1 -1 1 1 1 -1 -1 -1 -1 -1 1 
-1 -1 -1 1 1 1 -1 1 -1 -1 1 1 -1 1 -1 1 -1 1 1 1 1 -1 -1 1 1 1 -1 1 1 1 -1 1 1 -1 -1 1 1 1 1 1 -1 1 1 -1 -1 1 1 -1 -1 1 1 -1 -1 1 1 1 1 -1 -1 -1 -1 -1 -1 -1 1 -1 -1 1 1 1 1 1 1 1 -1 -1 -1 1 -1 1 -1 -1 1 1 1 -1 1 1 -1 1 1 -1 1 -1 1 -1 -1 1 -1 -1 -1 1 -1 -1 -1 -1 1 1 1 -1 -1 1 -1 -1 -1 1 -1 1 1 -1 -1 1 1 -1 1 1 -1 1 
1 1 1 -1 -1 -1 -1 -1 1 1 1 1 -1 1 -1 1 -1 -1 1 1 1 -1 1 -1 -1 1 -1 1 -1 1 -1 1 -1 -1 -1 -1 -1 1 1 1 -1 -1 1 1 1 1 -1 1 -1 -1 1 -1 1 1 1 1 1 1 1 -1 -1 1 1 -1 -1 -1 1 1 1 1 1 1 -1 1 -1 1 -1 -1 -1 1 1 1 -1 1 -1 -1 -1 1 1 -1 -1 1 -1 1 -1 1 -1 1 -1 -1 -1 1 1 1 1 -1 -1 -1 1 -1 -1 -1 -1 -1 1 -1 1 1 -1 -1 -1 1 1 1 1 1 -1 -1 
1 1 1 1 -1 -1 -1 -1 -1 -1 -1 -1 -1 1 1 -1 1 -1 1 1 1 -1 1 1 -1 1 1 1 1 1 1 1 -1 1 1 1 1 -1 1 -1 -1 -1 -1 1 -1 -1 1 -1 1 1 1 -1 -1 1 -1 1 -1 1 1 1 1 -1 -1 1 -1 -1 -1 1 1 -1 1 -1 -1 -1 1 1 -1 -1 -1 -1 -1 -1 1 -1 1 -1 1 1 -1 -1 1 1 1 1 -1 -1 1 -1 1 1 1 -1 -1 1 -1 1 1 -1 -1 -1 -1 -1 -1 -1 1 1 -1 1 1 1 1 1 1 -1 1 1 1 1 
-1 -1 -1 1 1 1 1 1 -1 1 1 1 1 1 1 1 -1 1 1 1 -1 -1 1 1 -1 1 1 1 1 -1 -1 1 1 1 1 1 -1 1 1 -1 -1 -1 1 -1 -1 -1 -1 1 1 1 -1 -1 1 -1 -1 -1 1 1 -1 -1 -1 -1 1 1 -1 1 -1 -1 1 1 -1 1 -1 1 -1 1 1 1 -1 -1 -1 -1 1 -1 1 1 1 -1 -1 1 1 1 -1 1 1 -1 -1 -1 -1 -1 -1 -1 1 -1 1 1 1 1 -1 -1 1 1 -1 1 -1 1 -1 1 -1 1 1 -1 -1 1 1 -1 -1 1 
1 1 1 1 1 1 1 -1 1 1 -1 1 1 -1 1 1 -1 -1 1 1 -1 -1 -1 1 1 -1 1 1 1 -1 -1 -1 -1 1 -1 -1 1 1 1 -1 -1 -1 -1 -1 -1 -1 -1 -1 1 1 1 1 -1 1 -1 1 1 -1 1 -1 1 1 -1 1 1 1 -1 1 -1 -1 1 -1 -1 -1 -1 -1 1 1 -1 -1 -1 -1 1 1 -1 1 -1 -1 -1 -1 -1 -1 1 1 -1 -1 1 1 1 -1 -1 1 -1 -1 -1 1 1 1 -1 -1 1 1 1 1 -1 1 -1 -1 1 -1 -1 -1 1 -1 1 -1 -1 -1 
1 -1 1 1 1 1 -1 -1 -1 -1 1 1 1 1 1 1 1 -1 1 -1 1 -1 -1 -1 1 1 1 -1 -1 1 1 1 1 1 1 -1 -1 1 -1 -1 1 1 -1 -1 -1 1 1 1 1 1 -1 -1 -1 -1 1 1 -1 -1 1 1 1 1 -1 -1 1 1 1 1 1 -1 1 1 -1 1 -1 -1 1 -1 -1 1 -1 1 -1 1 1 -1 -1 1 -1 1 -1 -1 -1 -1 1 -1 1 -1 1 -1 -1 -1 1 1 1 1 -1 -1 -1 -1 -1 -1 1 -1 1 1 -1 -1 1 1 -1 -1 1 -1 -1 1 1 1 
1 -1 1 -1 -1 -1 -1 -1 -1 -1 1 -1 1 1 -1 1 -1 1 -1 -1 -1 -1 1 -1 1 1 1 1 -1 -1 1 1 -1 1 -1 1 1 -1 1 -1 1 1 -1 -1 1 -1 1 -1 -1 1 -1 -1 -1 1 1 1 1 -1 1 -1 -1 -1 -1 -1 1 -1 1 1 -1 -1 1 1 -1 -1 1 -1 1 1 1 -1 1 1 1 1 1 -1 1 1 -1 -1 1 -1 -1 1 -1 1 -1 -1 -1 1 -1 1 1 -1 1 -1 1 -1 -1 -1 1 1 -1 -1 -1 1 1 1 1 -1 1 -1 -1 -1 -1 1 1 1 
1 1 1 -1 -1 1 1 -1 1 -1 1 1 1 -1 -1 -1 -1 1 -1 1 1 -1 1 1 1 1 1 1 -1 1 -1 -1 -1 -1 -1 1 1 -1 1 1 1 1 1 1 1 -1 1 -1 -1 1 -1 1 1 -1 -1 -1 1 1 -1 -1 1 -1 1 1 1 1 -1 1 1 1 1 1 -1 -1 -1 1 1 1 -1 1 -1 1 -1 1 -1 1 1 1 -1 -1 -1 -1 1 1 1 1 -1 1 1 -1 1 1 -1 -1 1 -1 -1 -1 -1 1 1 1 1 -1 -1 1 -1 1 1 1 1 -1 -1 -1 -1 -1 1 1 
-1 -1 1 1 1 -1 -1 -1 1 -1 -1 1 1 1 -1 1 1 1 1 -1 1 1 1 1 -1 1 -1 1 -1 1 -1 1 -1 1 1 1 1 1 -1 1 -1 -1 -1 -1 -1 1 1 1 -1 1 1 -1 1 1 -1 -1 -1 1 -1 -1 1 -1 -1 1 1 -1 1 1 1 1 -1 1 1 -1 1 1 1 -1 1 -1 1 1 -1 -1 1 -1 1 -1 1 -1 -1 1 1 1 -1 1 1 1 1 1 -1 -1 1 1 1 1 1 -1 -1 -1 -1 -1 1 -1 1 -1 -1 -1 -1 -1 1 -1 1 1 -1 -1 1 1 
-1 1 -1 1 1 -1 -1 1 1 1 1 1 1 1 1 1 -1 -1 -1 -1 1 -1 -1 -1 -1 1 -1 1 1 1 1 1 -1 -1 1 1 1 1 1 1 -1 -1 -1 1 1 -1 1 -1 -1 1 1 1 -1 1 1 1 1 1 -1 1 1 1 1 -1 1 1 1 1 -1 1 -1 -1 -1 1 1 1 1 -1 1 1 1 1 -1 -1 -1 1 1 1 1 -1 1 1 1 -1 1 -1 -1 -1 -1 -1 1 -1 1 -1 1 1 -1 -1 -1 -1 1 -1 -1 -1 1 1 1 1 -1 1 1 1 1 -1 -1 1 1 1 
-1 -1 -1 -1 -1 1 1 -1 -1 -1 1 1 -1 1 1 1 1 -1 -1 1 -1 -1 -1 -1 -1 -1 -1 -1 1 -1 1 -1 -1 -1 -1 -1 1 -1 1 1 -1 -1 -1 1 -1 1 1 -1 -1 1 1 1 -1 1 1 1 1 -1 1 1 1 1 1 -1 1 1 -1 -1 1 -1 1 -1 -1 -1 1 1 -1 1 -1 -1 1 -1 1 1 1 -1 -1 1 -1 1 -1 1 -1 1 -1 1 -1 1 -1 -1 1 -1 -1 1 1 -1 1 1 1 -1 -1 -1 -1 -1 1 -1 1 -1 1 1 1 1 1 -1 1 -1 -1 1 
1 -1 -1 -1 1 -1 -1 1 -1 1 1 1 1 1 1 1 1 -1 -1 1 1 -1 -1 1 -1 -1 1 -1 -1 1 -1 1 -1 1 -1 -1 1 1 -1 -1 -1 -1 1 1 -1 1 -1 1 -1 -1 1 1 1 1 -1 -1 -1 -1 -1 -1 -1 1 1 1 -1 -1 -1 1 -1 1 -1 1 -1 1 -1 -1 -1 1 -1 1 -1 -1 -1 1 -1 1 -1 -1 -1 -1 1 1 1 -1 1 -1 -1 1 -1 -1 1 1 -1 -1 -1 -1 -1 1 -1 -1 -1 -1 -1 -1 -1 1 -1 -1 -1 1 1 1 -1 -1 -1 1 1 -1 
-1 -1 1 1 -1 -1 -1 -1 -1 1 1 -1 1 -1 -1 -1 1 1 1 1 1 1 1 1 -1 1 1 -1 1 -1 1 1 -1 1 1 -1 -1 -1 1 -1 -1 1 1 1 1 1 1 -1 -1 1 -1 -1 1 1 1 1 -1 -1 1 1 1 1 1 1 -1 1 1 1 1 1 -1 1 1 1 1 1 1 -1 1 1 -1 1 -1 1 -1 -1 1 -1 1 1 -1 -1 1 -1 -1 -1 -1 1 1 -1 1 -1 1 1 -1 -1 1 1 -1 -1 -1 1 1 -1 -1 1 -1 1 -1 1 -1 1 -1 1 -1 1 -1 1 
1 1 1 1 1 1 1 -1 -1 1 -1 -1 -1 1 -1 1 1 1 1 1 -1 1 -1 1 1 -1 1 -1 1 1 1 -1 1 1 1 1 1 1 1 -1 -1 1 1 -1 1 1 1 1 -1 -1 -1 -1 1 -1 -1 1 1 -1 -1 1 1 -1 -1 1 1 -1 1 -1 -1 -1 1 1 -1 -1 -1 1 -1 -1 1 -1 -1 -1 -1 -1 1 1 -1 -1 1 -1 -1 1 1 -1 1 1 1 1 1 -1 -1 -1 1 1 1 1 1 1 1 1 1 1 1 1 -1 -1 -1 -1 1 1 1 1 -1 1 1 -1 -1 -1 
-1 -1 1 1 1 -1 1 1 -1 1 1 1 1 1 -1 1 1 1 1 -1 1 1 -1 1 1 1 1 1 -1 -1 -1 -1 -1 1 1 -1 1 1 -1 1 -1 1 1 -1 -1 -1 -1 1 1 1 -1 1 1 1 1 1 1 1 1 1 1 1 -1 1 1 1 -1 -1 -1 1 1 -1 1 1 -1 1 -1 1 -1 1 1 -1 1 -1 -1 -1 1 -1 1 1 -1 1 1 -1 -1 -1 1 1 -1 -1 1 -1 -1 -1 1 -1 1 1 1 1 1 1 -1 1 1 1 1 1 1 1 1 -1 -1 1 -1 1 1 1 
-1 1 1 -1 1 1 -1 1 -1 -1 1 -1 -1 -1 1 1 -1 1 1 -1 -1 -1 1 -1 1 1 1 1 1 1 1 1 1 1 -1 1 1 1 1 -1 1 1 -1 -1 -1 -1 1 1 1 1 -1 1 1 -1 -1 1 -1 -1 1 1 -1 -1 1 1 1 -1 -1 -1 1 1 1 -1 -1 -1 1 1 -1 1 -1 1 -1 1 -1 1 -1 -1 1 -1 -1 -1 1 -1 1 -1 -1 -1 -1 -1 -1 -1 1 -1 -1 1 -1 1 1 1 -1 1 -1 -1 -1 1 1 -1 -1 -1 1 -1 -1 1 -1 1 1 1 1 1 
-1 -1 -1 -1 1 1 -1 1 -1 -1 1 -1 -1 1 1 1 -1 -1 1 1 -1 -1 -1 -1 -1 -1 -1 1 1 1 1 1 -1 -1 1 1 -1 -1 1 -1 1 1 -1 1 -1 -1 1 1 1 -1 -1 1 -1 1 -1 1 1 -1 -1 -1 -1 1 1 1 1 -1 1 -1 1 1 1 1 1 1 1 1 -1 -1 -1 -1 1 1 -1 -1 -1 -1 1 -1 -1 -1 -1 1 -1 1 1 1 1 -1 1 1 -1 -1 -1 -1 -1 -1 -1 -1 1 1 -1 1 -1 -1 -1 -1 -1 1 1 1 1 1 -1 -1 -1 1 -1 1 
-1 -1 -1 1 1 -1 1 1 -1 1 -1 1 1 -1 1 -1 -1 1 1 -1 -1 1 1 1 -1 -1 1 1 1 -1 -1 1 -1 1 -1 1 1 -1 1 -1 1 -1 -1 1 -1 1 -1 -1 -1 1 1 -1 -1 -1 1 1 1 1 1 -1 -1 -1 1 -1 1 -1 1 1 1 -1 1 1 1 1 -1 -1 1 -1 -1 -1 1 -1 -1 -1 1 1 -1 -1 1 -1 1 1 -1 -1 -1 1 -1 -1 -1 -1 -1 1 -1 1 -1 1 -1 -1 1 -1 -1 -1 -1 -1 1 -1 1 1 -1 1 -1 -1 1 -1 -1 1 1 1 
1 1 -1 -1 1 -1 -1 1 1 1 -1 -1 -1 1 1 -1 1 -1 1 1 -1 -1 1 -1 1 1 1 -1 -1 -1 -1 -1 1 -1 -1 1 -1 -1 -1 -1 -1 -1 1 -1 -1 -1 -1 -1 1 1 1 -1 1 1 1 -1 -1 1 1 1 1 1 1 1 -1 1 -1 1 1 1 1 1 -1 1 1 1 -1 -1 1 -1 -1 1 1 1 -1 1 -1 1 -1 1 1 -1 1 1 -1 -1 1 1 -1 -1 -1 -1 1 -1 -1 -1 -1 1 1 1 -1 -1 1 -1 -1 -1 -1 1 1 -1 -1 1 -1 -1 1 -1 -1 1 
-1 -1 -1 -1 1 1 -1 1 -1 -1 1 -1 -1 1 -1 -1 -1 1 -1 -1 1 -1 -1 1 1 1 -1 -1 -1 -1 -1 -1 -1 -1 1 1 -1 1 -1 1 1 1 1 -1 1 -1 -1 -1 1 1 1 -1 -1 1 -1 1 1 1 1 -1 -1 -1 1 1 1 -1 -1 1 -1 -1 1 -1 1 1 1 -1 -1 1 1 1 1 1 1 1 -1 1 1 -1 -1 1 -1 -1 1 -1 1 -1 1 1 -1 1 -1 1 -1 -1 1 -1 1 -1 1 -1 1 1 -1 1 1 -1 1 -1 -1 1 1 1 -1 1 1 -1 1 -1 
1 -1 1 1 1 1 -1 1 -1 1 -1 -1 1 1 -1 1 -1 -1 1 1 -1 1 -1 -1 -1 -1 1 1 -1 1 1 -1 1 -1 1 1 1 -1 -1 -1 -1 1 -1 1 -1 1 -1 1 1 1 1 -1 1 -1 1 -1 -1 -1 1 -1 1 1 -1 1 1 -1 1 1 -1 -1 -1 -1 -1 -1 1 -1 1 -1 1 1 1 -1 1 -1 -1 1 -1 1 -1 1 1 1 1 1 1 -1 -1 1 1 -1 -1 -1 -1 1 1 -1 1 1 -1 1 -1 -1 1 1 -1 -1 1 1 -1 -1 -1 1 -1 1 1 1 1 1 
-1 1 -1 1 1 -1 1 1 1 1 1 1 1 -1 1 1 -1 -1 -1 1 -1 -1 1 -1 1 1 1 1 1 1 1 1 -1 1 1 -1 -1 -1 1 -1 -1 -1 -1 1 1 -1 1 -1 -1 1 -1 -1 -1 -1 -1 1 1 -1 1 -1 1 1 1 1 -1 1 -1 -1 -1 1 -1 1 -1 -1 1 1 1 -1 1 -1 1 1 1 1 -1 -1 1 1 1 1 -1 -1 1 1 -1 -1 -1 1 -1 1 -1 1 -1 -1 -1 1 -1 1 -1 1 -1 -1 1 -1 -1 1 1 1 -1 -1 -1 1 1 -1 -1 1 -1 -1 
-1 1 1 -1 1 -1 -1 -1 1 1 -1 1 1 -1 1 1 -1 1 -1 1 1 1 -1 1 1 -1 -1 1 -1 1 1 1 1 1 -1 1 -1 -1 1 1 -1 1 1 -1 -1 -1 1 -1 -1 1 1 1 1 -1 -1 1 -1 1 1 -1 1 1 1 -1 1 -1 -1 -1 -1 -1 -1 -1 -1 1 -1 1 -1 -1 1 1 1 1 1 -1 1 -1 1 1 1 -1 1 -1 1 -1 1 -1 1 1 1 1 -1 -1 -1 1 1 -1 -1 1 -1 -1 1 -1 -1 1 -1 1 1 -1 1 1 1 -1 1 -1 -1 1 -1 -1 
1 1 -1 -1 1 -1 -1 1 -1 -1 1 1 -1 1 -1 -1 -1 1 -1 1 1 -1 -1 1 -1 -1 1 -1 1 -1 -1 -1 -1 1 -1 1 1 1 1 1 1 -1 -1 1 -1 -1 -1 -1 -1 -1 1 1 -1 -1 1 -1 -1 1 1 1 1 -1 1 -1 -1 1 -1 1 1 1 1 1 1 1 1 1 -1 -1 1 -1 -1 1 1 1 1 -1 -1 1 1 -1 -1 -1 -1 -1 1 1 1 1 1 1 -1 -1 1 -1 1 1 1 -1 1 1 1 -1 1 1 1 1 1 -1 1 -1 -1 1 -1 -1 1 1 1 -1 
1 -1 1 -1 -1 1 1 -1 -1 -1 1 -1 1 1 -1 -1 -1 -1 -1 1 1 1 1 -1 1 -1 1 -1 -1 -1 1 1 -1 1 -1 -1 -1 -1 1 1 1 -1 1 -1 -1 -1 -1 1 1 1 1 1 1 -1 -1 -1 -1 -1 -1 -1 1 -1 1 -1 1 -1 1 1 -1 -1 -1 -1 -1 -1 1 -1 -1 -1 1 -1 1 1 -1 1 1 1 -1 -1 -1 -1 -1 -1 -1 -1 1 -1 -1 1 1 -1 1 1 1 1 -1 -1 -1 1 -1 1 -1 1 -1 -1 -1 -1 1 1 -1 -1 -1 -1 1 -1 -1 -1 -1 1 
1 1 1 -1 -1 -1 1 1 -1 -1 1 1 -1 -1 1 -1 -1 1 1 1 1 1 1 -1 -1 -1 1 -1 -1 -1 1 1 -1 -1 1 1 -1 1 -1 -1 1 -1 -1 -1 -1 -1 -1 1 -1 1 -1 -1 -1 1 1 1 1 -1 1 -1 1 1 -1 1 -1 1 -1 1 -1 1 -1 1 -1 1 -1 1 -1 1 -1 1 1 -1 1 -1 -1 -1 -1 -1 -1 -1 -1 1 -1 -1 -1 -1 -1 1 1 1 1 -1 1 -1 1 1 -1 1 1 -1 1 -1 -1 1 1 1 -1 1 -1 -1 1 -1 -1 1 -1 1 1 -1 
-1 1 -1 -1 1 -1 -1 -1 1 1 -1 -1 -1 -1 -1 -1 1 -1 1 1 -1 -1 1 -1 1 -1 -1 1 1 -1 1 -1 1 1 -1 1 1 -1 -1 1 1 1 1 1 1 -1 1 1 -1 -1 1 -1 -1 -1 1 -1 1 -1 -1 1 1 1 1 -1 -1 1 1 -1 -1 1 -1 1 1 1 -1 -1 -1 -1 1 1 1 1 -1 -1 -1 -1 -1 1 1 -1 1 1 -1 1 -1 -1 -1 1 1 -1 -1 -1 -1 1 -1 -1 1 1 -1 1 1 1 -1 1 1 1 1 1 -1 -1 1 -1 -1 1 1 1 -1 -1 
1 -1 1 -1 1 1 -1 1 -1 1 1 -1 -1 1 -1 -1 1 1 1 -1 1 1 1 1 -1 -1 -1 -1 1 -1 1 -1 1 1 -1 1 -1 -1 1 1 -1 1 1 -1 -1 -1 1 1 -1 -1 1 1 -1 1 1 1 1 1 -1 1 1 1 -1 -1 1 -1 -1 1 1 -1 -1 -1 -1 1 -1 1 -1 -1 -1 -1 -1 1 1 1 1 -1 -1 1 1 -1 1 1 -1 -1 -1 -1 1 1 1 -1 1 -1 -1 1 -1 -1 -1 -1 1 -1 1 -1 -1 1 -1 -1 1 -1 1 1 -1 -1 1 1 1 1 -1 -1 
-1 1 -1 1 -1 -1 -1 1 1 1 1 1 1 1 1 1 -1 1 1 1 -1 1 1 1 1 -1 1 1 1 -1 1 -1 -1 1 1 -1 1 -1 -1 1 1 1 1 1 -1 1 1 -1 -1 -1 1 -1 -1 1 1 -1 1 1 -1 -1 -1 -1 -1 -1 -1 1 -1 1 1 1 -1 -1 1 1 1 -1 -1 1 1 1 -1 1 -1 -1 -1 -1 -1 -1 1 1 -1 1 1 -1 -1 -1 1 1 -1 -1 -1 -1 1 -1 1 1 -1 1 -1 -1 -1 -1 -1 -1 1 -1 -1 1 1 -1 1 -1 1 1 -1 1 1 1 
1 -1 1 -1 -1 -1 1 -1 -1 -1 -1 1 1 -1 1 1 1 1 1 1 1 -1 -1 -1 -1 1 1 -1 1 1 -1 1 -1 1 1 -1 -1 -1 1 1 -1 1 1 1 -1 1 1 -1 -1 -1 -1 -1 1 1 -1 -1 -1 -1 -1 1 1 -1 1 -1 1 -1 1 -1 1 -1 1 -1 1 -1 -1 1 1 1 1 1 1 1 1 1 -1 -1 -1 1 1 -1 -1 -1 -1 -1 -1 -1 -1 1 1 1 -1 -1 -1 1 1 -1 1 1 -1 1 1 1 -1 1 1 -1 1 -1 1 -1 1 -1 1 -1 1 1 -1 1 
1 -1 -1 -1 1 -1 -1 -1 -1 -1 -1 -1 -1 1 1 -1 1 1 -1 -1 -1 -1 1 1 -1 1 1 1 -1 1 1 1 -1 -1 -1 1 -1 1 1 -1 -1 1 1 1 1 -1 -1 1 -1 1 -1 -1 -1 -1 -1 1 -1 -1 -1 -1 -1 -1 -1 -1 1 1 1 -1 1 -1 -1 -1 -1 1 -1 -1 -1 1 1 1 -1 -1 -1 -1 -1 1 1 -1 -1 1 -1 -1 1 1 1 -1 -1 -1 1 1 -1 1 -1 1 -1 -1 -1 1 -1 1 1 -1 1 1 1 1 1 -1 -1 -1 -1 -1 -1 1 -1 -1 -1 -1 
-1 1 1 -1 1 -1 1 -1 1 -1 -1 1 1 1 1 -1 1 1 -1 -1 -1 -1 -1 1 1 1 1 1 -1 1 1 1 1 1 1 -1 1 -1 -1 1 -1 -1 1 -1 1 -1 1 1 1 -1 -1 1 -1 1 -1 -1 1 1 1 -1 1 1 1 1 -1 1 -1 -1 1 1 1 -1 1 1 1 -1 1 1 -1 -1 -1 1 -1 -1 1 -1 1 1 1 1 1 1 -1 1 -1 1 1 -1 1 -1 -1 -1 -1 -1 -1 1 1 1 -1 1 1 -1 -1 -1 1 1 1 -1 -1 1 -1 1 -1 1 1 1 1 -1 
1 -1 1 1 1 -1 1 1 1 -1 1 1 1 1 -1 -1 -1 1 -1 1 1 1 1 1 1 -1 -1 1 -1 1 1 1 -1 -1 -1 1 1 -1 1 -1 1 1 -1 -1 -1 1 -1 -1 -1 1 -1 1 1 1 1 1 -1 -1 -1 -1 -1 1 1 1 -1 -1 1 -1 1 -1 1 -1 -1 -1 -1 1 1 1 1 -1 -1 -1 1 -1 -1 1 -1 -1 -1 -1 1 -1 -1 1 1 -1 -1 -1 1 -1 -1 1 -1 1 1 1 1 1 1 -1 1 1 -1 1 1 1 1 -1 1 1 1 -1 1 1 -1 1 -1 -1 
-1 1 -1 1 1 -1 1 1 1 1 1 1 1 1 -1 -1 1 -1 -1 -1 1 -1 1 -1 1 1 1 1 -1 -1 -1 -1 -1 1 -1 1 -1 1 1 -1 1 1 -1 -1 -1 -1 1 -1 -1 -1 1 1 -1 -1 1 1 -1 -1 1 -1 -1 -1 -1 1 1 -1 1 -1 -1 1 -1 1 -1 1 1 -1 1 -1 1 -1 1 -1 -1 -1 1 1 1 1 -1 -1 1 1 -1 1 -1 -1 1 -1 1 -1 1 1 1 -1 1 1 -1 -1 1 1 1 -1 1 -1 -1 -1 -1 -1 -1 -1 -1 1 -1 1 1 -1 1 1 
-1 1 1 1 1 -1 1 -1 1 1 -1 1 -1 -1 1 1 -1 1 1 -1 1 1 1 -1 1 1 1 1 1 1 1 -1 1 1 1 1 1 1 1 -1 1 -1 1 1 1 1 1 -1 -1 -1 1 -1 1 -1 -1 1 1 -1 -1 -1 1 -1 1 1 1 1 -1 1 1 -1 -1 -1 -1 -1 1 1 -1 -1 -1 1 1 1 -1 -1 1 -1 1 -1 1 1 1 1 -1 -1 1 -1 -1 1 1 1 1 -1 1 -1 -1 -1 1 1 -1 -1 -1 1 1 1 -1 -1 1 -1 -1 1 -1 1 1 -1 1 1 -1 1 
1 -1 -1 -1 1 -1 -1 1 -1 -1 1 -1 1 -1 -1 -1 1 -1 -1 1 1 1 1 1 1 1 1 -1 -1 1 1 -1 -1 -1 -1 1 -1 1 1 -1 1 1 -1 -1 1 1 -1 -1 -1 1 1 -1 -1 -1 1 -1 1 -1 -1 -1 1 1 -1 -1 -1 -1 -1 -1 -1 1 -1 1 -1 1 -1 1 1 -1 -1 -1 -1 -1 -1 1 -1 -1 1 1 -1 1 -1 1 -1 1 1 1 1 1 1 -1 1 1 -1 1 -1 -1 1 -1 -1 -1 -1 1 -1 -1 -1 1 1 -1 1 1 -1 1 -1 -1 1 1 -1 -1 
1 -1 -1 -1 -1 1 -1 -1 1 -1 -1 -1 1 -1 -1 1 1 1 -1 1 1 1 1 1 -1 -1 -1 1 -1 -1 1 1 1 -1 -1 -1 -1 -1 -1 1 -1 -1 -1 1 1 -1 -1 -1 1 -1 1 1 -1 -1 -1 1 -1 -1 1 1 -1 -1 -1 -1 1 1 -1 -1 -1 1 1 -1 -1 1 1 1 -1 -1 1 -1 -1 1 1 1 -1 -1 1 1 -1 -1 1 1 1 1 1 1 -1 1 1 -1 1 -1 -1 1 -1 -1 1 -1 -1 1 1 -1 1 1 -1 -1 1 -1 -1 -1 1 -1 -1 -1 1 1 -1 1 
-1 -1 1 1 -1 -1 -1 1 -1 1 1 -1 -1 1 1 1 1 1 1 -1 -1 1 1 1 -1 -1 -1 1 -1 -1 -1 1 1 -1 -1 1 1 -1 -1 -1 -1 -1 -1 -1 1 1 -1 -1 -1 -1 1 1 -1 1 -1 -1 1 1 1 1 -1 1 1 1 -1 -1 1 1 1 -1 1 -1 -1 1 1 -1 1 -1 1 1 -1 1 1 1 1 1 1 -1 -1 -1 -1 -1 -1 1 1 1 1 1 -1 1 1 -1 1 1 1 1 -1 1 -1 -1 -1 -1 -1 -1 -1 1 -1 1 1 1 -1 -1 -1 -1 1 -1 1 1 
-1 1 -1 -1 -1 -1 -1 1 -1 1 1 1 -1 1 1 -1 1 -1 1 1 -1 1 -1 -1 1 1 -1 -1 -1 -1 1 -1 1 -1 1 1 -1 1 -1 -1 1 1 1 1 -1 1 -1 1 -1 1 -1 -1 -1 1 -1 -1 -1 -1 -1 1 1 -1 -1 1 -1 1 1 1 1 1 1 -1 -1 1 1 -1 1 -1 1 -1 -1 1 1 -1 1 1 1 -1 1 1 -1 -1 1 1 1 -1 -1 -1 -1 -1 -1 1 -1 -1 -1 1 1 -1 1 -1 -1 1 1 1 -1 -1 1 -1 1 -1 -1 -1 1 -1 -1 1 1 1 
1 1 1 -1 1 1 -1 1 1 -1 1 1 -1 1 -1 1 1 1 -1 -1 -1 1 1 -1 1 -1 1 1 1 1 -1 1 1 -1 -1 -1 1 -1 -1 -1 1 -1 -1 -1 1 -1 1 1 -1 -1 1 -1 -1 1 1 1 1 1 1 1 1 -1 1 -1 1 -1 1 -1 -1 -1 -1 1 1 1 1 1 -1 1 -1 -1 1 -1 1 -1 -1 1 -1 1 -1 -1 -1 -1 1 -1 -1 -1 1 1 1 1 -1 -1 -1 1 1 -1 -1 -1 -1 1 1 1 1 -1 1 1 1 1 -1 -1 -1 -1 -1 -1 -1 1 1 1 
-1 1 1 -1 1 1 -1 -1 -1 1 1 -1 -1 1 1 -1 1 -1 -1 1 1 1 -1 -1 -1 -1 -1 1 -1 1 1 1 -1 1 -1 1 1 -1 -1 -1 -1 1 -1 1 -1 -1 1 1 1 -1 1 -1 1 1 -1 1 -1 -1 1 1 1 1 -1 1 1 1 -1 -1 1 -1 1 -1 -1 -1 -1 1 -1 -1 1 -1 -1 1 -1 -1 1 1 1 1 1 -1 -1 -1 -1 -1 1 -1 -1 1 -1 1 -1 -1 1 1 1 -1 -1 1 -1 -1 1 1 -1 1 -1 1 -1 1 1 1 1 1 -1 -1 -1 -1 1 1 
-1 1 1 1 1 -1 -1 1 -1 1 -1 -1 -1 1 -1 -1 1 1 1 -1 1 1 1 1 -1 1 -1 -1 1 -1 1 -1 -1 1 1 1 1 -1 1 -1 -1 -1 -1 -1 -1 -1 1 -1 1 1 1 1 -1 1 1 -1 -1 1 -1 1 1 1 1 1 -1 1 1 1 -1 -1 1 1 1 -1 1 1 1 -1 1 -1 1 1 -1 -1 1 1 1 -1 -1 1 1 -1 -1 1 -1 1 1 -1 1 1 1 1 -1 -1 1 1 1 1 -1 1 1 1 1 1 -1 1 1 -1 1 1 1 -1 1 1 -1 1 -1 -1 
-1 -1 1 1 1 -1 1 -1 -1 1 -1 -1 1 1 -1 -1 -1 -1 1 1 -1 1 1 -1 1 -1 -1 1 1 -1 1 -1 1 1 -1 1 1 -1 -1 -1 -1 -1 -1 -1 1 -1 -1 1 1 -1 -1 -1 -1 1 -1 -1 -1 1 -1 1 -1 1 -1 1 -1 -1 1 -1 -1 -1 -1 1 1 -1 -1 -1 1 -1 -1 1 1 1 -1 -1 -1 -1 1 -1 -1 1 1 1 1 1 -1 1 -1 -1 1 1 -1 1 -1 1 1 -1 -1 1 -1 1 -1 -1 1 -1 -1 1 -1 1 -1 -1 -1 1 1 1 1 -1 -1 1 
-1 1 -1 -1 1 1 1 1 -1 -1 -1 -1 -1 1 -1 -1 1 1 -1 -1 1 -1 1 1 1 -1 1 1 1 1 1 1 1 1 -1 -1 -1 -1 1 -1 -1 1 1 -1 1 1 -1 -1 1 1 1 -1 -1 1 1 -1 -1 1 -1 -1 1 1 1 1 -1 1 1 -1 1 1 1 -1 -1 1 -1 1 -1 1 1 -1 -1 1 -1 1 1 -1 1 1 -1 1 1 1 1 1 1 -1 1 -1 1 1 1 1 1 -1 1 -1 -1 -1 1 -1 -1 -1 1 1 -1 -1 -1 1 1 -1 1 1 1 1 1 -1 1 1 