128
77 8 8 74 88 98 19 35 74 40 68 23 41 80 73 86 85 3 34 50 62 8 99 73 98 96 59 50 13 27 65 12 55 28 55 30 56 50 12 60 26 55 42 51 23 21 32 95 38 1 88 92 5 64 74 9 81 84 41 13 29 12 65 30 97 2 80 60 58 60 41 97 87 9 61 49 46 71 12 68 43 17 93 37 39 46 30 58 1 22 62 31 66 76 37 71 1 72 74 99 12 81 41 99 36 35 75 42 6 38 94 15 47 69 30 12 26 68 5 40 69 6 41 78 73 35 99 53 
80 47 93 55 76 46 47 79 93 93 5 99 55 40 14 89 29 35 27 33 19 31 36 10 75 12 80 81 43 97 60 10 11 72 60 45 87 39 79 21 68 68 99 3 17 21 34 4 94 17 95 42 7 2 21 53 84 92 35 38 13 59 23 15 56 80 66 57 36 43 22 33 73 46 69 97 97 83 14 58 44 42 76 13 61 79 10 19 95 31 51 76 33 72 1 62 42 90 7 24 77 48 97 79 84 6 99 5 86 78 86 90 33 12 28 65 3 14 35 93 98 78 6 30 72 42 62 82 
7 83 71 38 1 50 62 47 6 60 68 55 23 61 25 53 87 37 47 41 2 21 93 42 75 51 91 18 20 7 60 73 38 56 55 4 2 98 13 32 6 13 7 26 16 89 35 85 46 65 29 79 23 17 42 36 35 80 47 7 20 79 75 70 82 70 24 97 55 1 24 19 85 51 53 45 83 11 6 60 28 41 75 37 58 40 33 14 16 77 45 24 58 38 39 49 69 69 56 38 48 23 69 67 77 42 37 82 49 2 51 5 87 89 31 65 25 33 25 25 11 72 1 36 79 93 77 42 
43 47 24 1 22 81 21 56 83 10 82 9 14 19 26 20 95 1 8 12 28 80 34 83 44 36 57 57 33 17 23 72 89 19 61 70 86 17 74 95 63 61 42 83 32 89 58 13 38 17 94 49 99 25 84 8 86 49 17 21 86 70 1 75 10 74 54 61 35 100 2 34 34 39 25 12 48 17 75 100 62 40 98 15 97 21 99 62 40 96 84 11 95 5 84 75 12 34 20 3 42 67 86 45 24 84 48 40 41 43 5 35 12 58 79 26 43 36 24 13 39 92 7 41 24 12 14 15 
71 49 25 17 20 86 92 22 42 7 66 94 76 93 8 63 46 51 28 20 14 34 69 17 33 16 70 40 99 90 42 52 48 55 26 65 19 62 94 65 11 98 93 81 30 89 49 73 79 72 82 30 85 35 49 75 49 60 22 74 5 13 34 40 73 95 68 78 58 100 61 41 53 29 78 21 16 83 79 58 21 94 28 31 26 43 82 57 52 77 61 84 70 22 56 67 78 65 90 69 67 30 85 59 87 74 35 39 38 18 4 35 99 69 67 31 86 23 65 62 7 94 64 5 69 22 10 28 
16 98 37 79 18 66 15 92 2 45 73 1 67 36 60 50 25 77 99 8 77 46 69 7 3 51 63 21 65 75 54 78 92 38 27 13 49 7 92 82 47 91 100 98 100 86 45 81 96 24 27 5 40 96 59 30 91 17 85 67 17 24 89 40 5 60 16 2 4 46 60 42 78 28 36 37 7 49 53 42 85 30 62 84 8 20 95 62 90 62 27 36 61 54 4 4 71 67 57 66 99 6 18 19 81 92 58 4 51 34 58 70 100 94 43 81 90 69 58 49 64 13 57 75 69 17 1 35 
72 13 81 14 83 91 58 27 37 34 33 89 66 22 4 16 84 6 97 51 4 46 91 81 19 93 63 25 34 69 14 17 84 75 24 60 88 53 70 74 75 33 30 6 28 17 15 97 9 33 90 49 45 95 55 49 31 18 100 47 73 8 70 93 16 47 55 89 64 20 44 21 49 55 44 55 74 53 14 58 82 79 38 98 39 94 35 11 59 74 44 90 36 65 60 80 97 64 62 14 53 70 15 56 93 37 20 100 54 78 12 57 10 36 97 13 13 81 2 53 21 37 60 99 81 1 14 60 
32 42 5 100 11 49 30 21 60 8 44 34 85 6 93 100 13 6 60 70 57 86 68 38 45 57 91 11 100 40 75 1 81 58 98 36 60 92 92 68 97 37 67 4 92 42 27 19 66 73 71 30 13 92 54 22 35 35 13 67 24 49 84 100 32 100 25 83 64 45 18 94 87 75 91 34 10 50 56 89 93 45 24 27 80 78 67 49 48 17 25 51 19 65 82 78 25 99 96 53 45 92 38 32 53 22 54 53 88 7 55 58 71 76 57 18 96 84 78 78 46 82 75 8 32 73 70 66 
64 99 4 1 40 32 41 7 3 78 26 34 62 8 71 15 87 21 41 4 28 99 41 48 89 19 33 93 76 8 23 46 73 91 21 11 14 97 19 68 53 57 44 83 54 59 47 84 83 85 4 50 30 31 76 25 70 26 20 64 47 1 27 36 51 74 89 12 34 97 82 74 100 46 86 6 85 50 74 6 87 9 1 1 95 9 3 94 88 12 72 87 50 68 43 76 79 43 90 29 40 85 62 31 38 53 85 65 24 77 33 39 25 78 75 25 82 27 33 7 88 45 75 43 16 79 50 35 
74 99 49 98 88 32 91 82 13 89 91 64 15 79 79 59 41 44 61 59 87 11 97 59 80 91 92 59 63 12 100 86 64 90 6 35 60 38 93 82 27 52 16 45 12 32 44 61 71 76 62 24 54 50 49 53 91 16 61 93 64 78 93 14 94 86 55 10 76 16 86 1 52 66 52 35 92 45 100 4 42 63 71 77 5 41 88 61 57 8 40 35 100 57 84 46 96 31 62 92 21 45 89 80 90 14 70 26 69 91 73 99 64 5 75 82 78 68 31 71 2 10 25 66 81 57 71 46 
30 23 13 92 1 27 20 49 20 48 75 25 85 6 37 92 18 64 3 58 68 70 79 76 12 4 96 17 65 31 30 22 33 29 10 72 12 1 90 87 1 47 62 8 65 5 99 58 47 89 26 16 21 34 44 85 78 67 68 68 61 39 23 41 68 70 78 51 64 87 11 37 88 12 97 41 35 70 52 67 12 21 55 42 32 86 31 30 1 10 89 88 30 6 34 100 64 28 2 98 31 9 64 66 21 37 43 100 39 77 37 42 52 32 45 65 81 67 41 62 4 82 60 95 61 15 3 2 
62 40 15 78 27 52 38 100 37 41 81 97 71 35 9 87 54 13 54 87 72 9 3 35 57 78 79 3 8 42 9 93 92 47 94 23 22 57 41 45 77 39 5 60 53 100 41 16 52 80 63 86 3 8 97 41 89 62 100 66 99 71 49 60 35 95 43 41 6 63 50 23 21 46 26 4 57 34 81 51 42 54 6 4 44 8 22 28 86 91 63 63 25 53 49 30 3 66 35 74 94 23 61 36 7 51 56 99 69 15 19 83 5 59 12 87 51 17 72 77 10 28 98 72 84 65 70 13 
65 22 66 54 89 89 94 43 30 18 70 5 71 72 38 61 72 62 23 47 50 52 40 14 26 79 86 98 42 4 19 100 97 97 78 71 61 50 45 71 56 11 53 100 69 61 14 45 4 50 100 80 84 74 17 64 55 59 78 82 80 9 97 50 18 97 67 58 46 55 88 32 81 64 83 62 96 35 52 9 95 32 45 47 36 71 11 30 87 46 39 68 1 39 51 71 40 16 77 12 12 11 17 64 10 97 15 4 66 16 79 95 91 92 14 13 37 7 45 60 3 60 91 14 88 99 20 71 
85 52 26 51 52 66 83 4 92 59 9 65 22 91 48 36 57 73 77 4 55 92 1 84 15 27 88 14 1 27 23 64 67 74 48 91 65 83 97 11 85 91 25 6 38 65 34 10 59 8 61 9 90 76 12 5 85 51 24 69 54 51 97 90 63 2 81 57 70 77 41 8 35 20 48 28 71 38 40 50 49 33 68 46 22 100 88 22 54 13 7 75 89 80 31 8 61 54 77 16 14 77 82 8 8 94 37 39 24 32 25 25 40 5 54 39 41 68 41 80 2 68 42 74 94 55 60 64 
80 51 6 55 35 53 90 51 21 79 33 51 7 81 75 22 86 34 96 54 95 96 10 93 17 87 36 36 34 50 84 68 47 95 59 60 6 76 89 62 64 42 46 60 39 54 71 30 78 56 64 30 1 90 88 53 61 61 42 18 100 98 55 62 68 19 33 44 64 16 1 39 36 1 48 21 7 2 67 36 29 23 8 76 11 53 88 28 50 59 36 95 76 91 3 85 37 33 74 17 9 98 40 69 89 37 30 51 64 75 60 52 29 57 34 1 34 39 54 48 96 26 97 29 63 22 79 37 
80 70 45 2 34 55 22 55 9 26 26 91 3 100 77 61 8 77 28 12 6 6 17 42 31 1 27 63 46 77 53 58 55 87 67 18 83 56 38 16 28 68 77 94 25 96 88 40 82 43 30 62 72 89 62 64 35 25 11 31 27 62 54 32 4 44 79 19 64 91 30 65 16 90 77 61 6 45 52 9 66 80 3 50 99 63 27 95 56 27 50 3 4 6 67 64 6 49 83 57 74 55 91 43 12 49 96 79 58 54 87 30 31 68 68 18 33 52 22 94 92 1 95 40 63 39 39 1 
34 74 21 70 67 79 24 39 81 45 19 8 13 93 99 78 52 55 57 76 99 51 68 76 87 58 65 56 62 18 2 17 9 30 17 14 7 68 98 54 87 32 47 27 95 53 70 77 14 81 29 35 7 10 83 13 31 63 82 91 25 42 57 33 27 36 58 11 84 64 10 41 79 90 48 75 66 94 9 51 94 29 3 64 37 96 91 6 94 96 1 88 81 61 59 52 61 80 31 15 56 4 2 62 61 1 63 14 94 10 61 26 85 24 72 32 91 42 21 83 73 52 75 16 91 25 99 66 
98 99 46 35 26 27 60 54 10 64 57 50 56 22 20 95 96 19 8 93 8 57 60 99 91 35 42 53 54 74 52 38 10 55 7 65 59 47 75 36 9 67 57 64 86 21 51 55 80 65 37 24 75 2 46 91 27 82 65 99 59 51 23 25 74 73 41 86 27 44 31 38 71 13 59 17 55 12 21 4 69 82 64 18 48 98 60 39 11 92 36 48 100 62 38 35 70 70 36 21 52 11 87 53 21 69 60 45 32 92 69 85 65 87 24 67 88 65 30 10 97 23 16 14 86 37 2 85 
68 66 81 4 87 29 67 55 7 33 56 42 38 11 14 10 81 46 49 97 27 51 60 42 19 30 27 19 77 89 99 17 11 52 2 69 26 1 54 79 45 46 72 43 25 83 8 91 40 9 80 18 38 30 58 76 10 58 48 56 67 69 45 73 21 88 54 31 49 5 12 12 32 61 98 4 41 50 66 71 16 81 85 66 40 42 46 11 35 49 23 75 57 91 10 38 46 72 44 78 41 91 16 56 5 19 63 89 5 77 21 36 84 9 51 26 95 60 22 47 32 53 54 17 49 60 67 6 
65 47 64 58 30 13 72 97 5 46 7 3 87 44 65 40 22 25 60 80 10 65 14 70 100 81 22 48 66 70 53 33 55 6 63 55 15 53 4 91 91 70 73 79 26 35 47 65 70 35 40 51 32 34 57 96 62 82 37 42 80 78 67 72 11 46 82 16 68 28 48 98 50 9 75 22 75 29 2 71 81 19 87 37 78 85 59 62 4 3 65 9 34 92 16 75 2 49 84 61 81 73 15 25 93 72 63 13 45 30 13 53 17 73 26 21 43 85 35 11 39 36 95 2 41 86 58 5 
35 78 87 30 98 54 53 11 80 94 85 81 92 59 16 25 18 74 82 66 84 59 12 50 73 61 61 86 58 79 35 4 74 49 3 58 30 87 18 32 56 47 13 16 4 3 77 59 3 17 34 9 84 13 39 91 78 31 17 71 56 75 67 16 65 29 85 91 100 78 87 1 22 100 55 25 35 17 35 16 60 4 39 69 55 30 49 61 49 40 13 77 23 76 97 22 17 99 24 95 4 28 19 97 11 13 77 37 13 22 73 9 74 44 62 64 96 84 15 64 43 51 16 93 61 71 71 95 
25 83 66 18 52 3 46 24 37 79 68 37 2 41 87 72 90 37 27 38 17 66 30 6 83 60 98 38 90 49 70 85 44 47 75 48 16 29 100 87 90 96 19 69 56 29 36 55 6 21 100 68 83 45 91 55 5 14 53 88 90 38 78 57 94 88 88 60 49 99 80 72 78 17 86 81 31 11 98 92 8 21 75 53 29 90 68 45 40 47 2 69 66 9 36 39 28 76 80 66 6 64 77 2 100 16 26 13 39 37 60 68 6 90 69 27 2 23 71 42 62 6 28 58 90 29 8 94 
37 45 43 26 15 12 57 95 81 54 72 46 22 59 18 23 1 97 2 1 95 52 90 60 25 15 83 16 75 99 70 65 39 83 74 91 74 89 42 20 45 56 88 21 82 47 42 12 39 100 44 70 43 76 85 96 64 72 93 29 25 78 64 77 76 75 28 20 14 82 60 68 80 25 15 65 53 98 69 38 12 27 85 66 64 51 85 19 61 3 99 24 51 93 44 98 91 90 98 70 14 95 62 40 86 87 55 21 78 23 10 56 60 36 75 47 67 17 69 7 94 62 40 53 66 80 35 90 
21 87 91 33 100 87 7 99 1 9 6 14 79 63 12 100 24 89 27 3 55 29 86 82 33 93 22 86 80 8 25 42 59 50 12 92 67 37 8 69 45 95 94 87 41 14 29 97 49 59 73 84 60 32 29 27 91 96 85 87 50 82 68 51 83 53 66 91 29 100 98 64 22 45 12 36 69 11 27 8 81 14 68 94 56 59 17 92 89 19 84 85 23 86 54 56 31 81 31 62 94 1 39 38 36 53 51 20 55 14 47 17 79 79 89 80 16 41 8 39 21 97 55 66 29 54 83 50 
69 64 7 79 9 93 77 8 51 78 46 63 90 14 4 43 7 42 5 34 11 44 10 91 77 60 53 12 93 59 32 4 66 8 21 19 57 24 24 33 41 57 68 40 52 48 81 31 48 96 12 84 23 46 36 62 3 74 93 42 32 71 1 63 75 48 3 5 1 68 32 25 93 79 34 59 68 77 65 71 47 90 17 33 81 75 3 93 33 39 60 34 9 45 5 66 63 57 97 83 91 26 87 63 92 18 23 71 37 57 35 68 49 57 50 43 23 78 6 27 80 40 82 63 60 90 62 77 
19 38 8 42 14 98 21 17 73 35 49 9 68 68 21 7 80 85 12 18 4 27 17 94 37 73 84 8 27 28 18 81 43 7 76 74 15 8 46 26 62 70 39 32 19 18 1 13 85 17 57 29 94 48 86 43 85 42 97 40 67 19 7 6 55 78 12 93 44 9 23 69 56 32 92 85 90 58 51 29 75 86 67 3 36 22 15 20 11 74 59 75 28 99 65 78 15 96 64 5 1 6 90 80 67 39 94 29 29 52 31 62 35 27 87 60 22 75 19 17 84 4 92 69 11 18 40 63 
33 4 35 42 27 90 29 59 7 31 12 73 23 33 81 100 21 66 6 6 42 9 47 27 52 18 24 91 75 100 45 25 4 56 85 51 76 55 69 80 4 4 99 8 91 68 76 94 38 5 9 68 44 21 88 97 21 86 36 8 25 89 9 50 62 53 17 54 87 62 16 60 39 85 48 50 79 14 41 77 19 100 48 49 76 56 52 14 44 81 82 74 52 26 59 41 66 12 53 45 25 67 76 97 59 95 73 34 57 16 49 42 47 42 4 20 38 98 66 70 91 21 39 29 50 7 72 94 
58 91 67 59 15 96 70 60 93 62 91 75 84 84 14 23 27 57 26 37 52 46 96 20 94 17 53 57 7 39 81 10 34 14 26 57 70 17 87 69 18 38 45 99 66 36 71 29 90 76 91 73 30 16 55 70 1 23 92 33 96 82 85 28 56 7 24 93 74 25 25 63 18 1 24 47 96 57 28 35 98 90 32 11 22 68 76 91 65 67 55 57 55 56 49 50 26 80 55 77 14 54 45 24 66 80 47 35 31 58 14 45 25 85 83 28 49 37 60 9 92 44 47 2 42 33 9 79 
84 82 78 10 25 67 40 93 12 24 78 30 92 77 2 4 60 90 27 92 45 40 98 92 47 54 31 78 13 8 25 38 12 49 31 78 68 48 60 48 75 48 1 99 19 96 62 2 71 9 98 24 46 91 39 26 19 88 84 70 35 9 57 7 65 86 77 82 91 11 82 30 22 78 54 89 55 80 41 53 92 14 80 82 36 79 92 36 16 97 7 62 59 71 28 60 62 55 10 52 95 41 24 48 68 72 94 89 41 84 83 45 20 43 4 82 39 86 70 86 39 79 30 51 50 77 80 82 
23 48 25 16 38 50 74 35 54 76 81 69 19 22 77 47 73 90 13 55 49 86 54 81 57 63 92 45 34 33 38 70 74 95 58 58 71 71 8 89 4 80 31 74 47 54 20 82 88 43 85 80 8 71 80 100 56 74 30 95 90 43 69 87 48 4 90 81 85 84 14 4 82 32 21 18 75 73 5 64 35 62 45 25 67 60 31 80 73 73 82 11 27 94 69 29 85 42 80 38 63 76 84 17 84 34 24 45 97 7 61 33 86 25 71 61 22 99 7 47 75 20 7 27 71 36 24 73 
13 1 48 58 9 22 72 1 18 31 56 19 56 15 75 82 17 35 84 67 57 65 21 37 53 72 26 67 72 14 44 29 60 99 34 23 91 61 25 7 95 31 92 27 73 50 96 25 83 64 50 28 59 33 62 7 47 46 58 34 47 4 80 19 42 12 100 20 62 70 61 77 39 38 74 100 100 4 73 37 64 30 46 84 14 33 52 52 85 75 51 77 63 75 16 85 48 14 9 97 48 63 100 10 28 78 57 76 84 20 70 48 57 48 30 80 14 21 29 4 45 12 32 62 69 57 38 36 
21 69 39 36 79 71 42 41 93 31 8 95 89 92 7 77 63 57 43 85 6 1 60 64 73 21 61 64 37 37 71 9 44 42 23 26 90 56 27 2 90 74 52 86 85 67 77 9 22 13 87 16 65 43 41 69 81 13 92 25 34 52 3 72 99 48 30 53 8 53 57 10 90 87 71 34 30 62 21 11 19 3 23 88 73 15 6 39 58 25 75 5 56 72 18 48 45 38 66 27 92 16 46 99 59 60 39 69 42 78 11 16 41 44 10 22 83 14 17 71 22 32 85 40 14 78 22 65 
49 76 31 100 64 29 68 10 48 81 56 87 14 93 77 22 51 79 92 78 25 9 78 67 58 10 59 81 55 87 42 74 69 90 27 9 26 88 52 73 51 93 52 82 7 24 1 86 14 32 71 71 95 14 60 21 89 41 41 22 84 96 28 55 55 58 17 35 56 49 34 78 8 27 23 17 24 42 5 56 3 82 51 83 13 55 83 98 35 47 96 39 96 83 55 61 96 46 40 40 58 60 36 51 57 7 43 28 39 91 39 45 62 77 80 86 35 17 64 12 39 5 23 29 3 41 30 88 
39 8 93 3 45 20 34 78 22 93 17 61 63 63 46 44 39 13 11 81 10 66 58 8 82 16 26 33 26 22 88 63 56 70 53 78 79 77 27 12 30 64 18 32 49 18 81 33 61 81 78 11 19 67 45 11 6 96 94 47 63 64 22 14 51 28 57 89 92 50 33 27 52 19 6 91 37 59 33 54 73 93 11 25 82 52 17 92 97 24 36 41 19 51 60 33 68 12 91 93 57 7 50 23 33 91 47 30 11 26 94 15 38 83 3 75 55 50 25 46 73 91 54 47 46 63 42 37 
80 8 25 15 53 52 50 28 58 38 32 54 16 100 40 10 47 67 87 37 18 100 13 6 65 7 57 70 48 61 53 85 17 78 38 4 24 77 1 5 36 14 39 98 67 72 9 84 77 3 7 16 28 44 8 16 90 88 45 60 39 8 49 94 97 1 19 75 59 59 75 51 26 33 53 2 7 75 24 13 10 75 83 80 91 50 36 88 55 62 8 22 8 25 22 36 99 11 25 43 13 12 62 47 6 74 27 27 87 3 79 48 45 51 14 22 64 20 20 83 75 61 6 46 71 14 6 85 
18 46 35 60 52 51 82 9 96 19 74 28 27 56 44 47 27 46 68 43 8 84 14 95 45 28 36 79 40 8 47 44 40 78 74 15 77 75 75 78 97 14 86 55 32 15 34 90 9 25 38 62 78 72 77 57 70 82 85 13 84 69 100 69 92 66 39 41 13 19 35 78 78 23 9 75 23 27 75 97 67 78 28 50 57 72 50 93 36 32 34 34 49 61 10 93 97 66 20 38 72 71 7 92 9 60 54 70 19 92 100 84 99 71 92 8 78 78 62 36 48 55 15 67 25 87 30 51 
2 65 57 13 81 21 42 7 95 27 25 100 19 2 94 63 23 63 61 45 46 87 18 41 16 7 17 46 67 3 7 67 11 75 54 24 9 57 65 9 34 56 70 37 20 54 59 3 70 65 84 8 29 35 45 66 55 37 4 11 12 49 44 6 81 68 16 63 34 6 48 96 59 89 42 98 10 85 8 16 23 74 8 67 89 95 96 100 56 18 99 69 3 53 34 44 80 62 2 62 95 32 48 7 60 51 100 40 18 69 20 70 60 13 19 52 86 78 69 10 26 25 42 25 12 22 42 45 
31 5 80 90 13 77 7 18 75 45 38 34 60 89 71 27 63 92 54 16 54 78 56 82 39 14 68 79 97 100 29 62 13 86 54 72 39 63 41 70 70 72 54 60 41 44 65 97 20 60 47 63 91 49 95 82 55 96 80 52 26 25 91 59 92 29 25 30 50 100 51 70 97 88 52 12 67 54 23 28 93 12 1 13 10 16 65 83 90 33 75 95 82 12 78 2 49 65 19 70 74 32 1 54 80 94 3 93 36 45 12 22 69 31 20 93 7 59 8 70 14 30 72 24 97 69 66 88 
29 29 15 78 5 48 77 84 46 82 61 59 73 100 89 32 47 32 55 89 6 20 70 21 4 92 91 76 6 90 100 20 32 93 71 2 87 16 76 53 47 19 2 85 69 13 77 2 64 29 84 78 8 33 90 84 2 51 3 13 45 20 4 21 4 32 84 68 35 53 84 68 61 9 68 31 30 24 16 99 86 7 64 36 60 87 45 10 73 11 51 5 55 99 14 11 83 98 66 41 3 5 40 41 14 7 94 58 30 50 17 83 41 87 1 10 74 39 78 72 23 70 34 67 19 36 64 86 
44 48 3 2 32 56 5 64 40 75 86 59 10 87 90 62 61 24 68 53 83 84 63 62 8 37 70 12 70 7 55 24 54 68 73 80 97 71 42 18 33 81 30 18 91 60 92 76 51 54 21 43 97 28 72 9 40 16 57 44 96 99 41 64 70 82 59 37 24 82 11 29 51 39 88 75 69 31 100 53 54 82 82 36 69 12 63 86 92 86 88 45 61 81 69 48 83 28 77 94 10 40 78 1 48 56 42 78 13 59 57 30 98 45 7 26 61 33 2 90 80 19 21 33 63 31 75 12 
63 79 43 55 82 83 79 44 98 13 30 45 4 38 2 22 58 54 75 62 49 73 9 93 18 76 74 96 48 19 44 5 39 92 55 49 50 15 25 29 71 5 15 93 35 31 54 79 6 65 48 73 60 69 72 41 33 48 92 93 60 17 8 35 54 34 51 48 30 1 42 1 46 62 90 7 51 98 22 74 39 11 78 72 28 73 17 36 60 47 100 65 32 51 35 48 31 93 78 2 92 41 85 92 47 18 21 16 86 20 95 81 28 85 30 100 29 79 1 95 60 73 73 5 76 49 84 38 
64 43 89 12 25 83 18 81 53 74 86 30 21 23 74 81 69 81 12 21 39 34 97 62 81 87 44 86 27 95 21 1 65 83 57 64 41 1 61 85 54 62 25 80 64 85 39 68 93 78 71 45 80 57 22 79 68 71 76 85 80 18 70 41 35 81 31 68 78 50 45 77 80 56 4 89 58 99 15 66 14 13 54 90 23 20 15 31 99 62 17 59 61 37 46 8 49 65 39 93 50 100 15 61 62 69 46 51 95 83 90 65 75 89 28 26 8 65 8 35 94 10 21 31 98 42 10 17 
38 83 17 81 60 43 24 79 82 80 27 24 61 45 6 71 99 88 78 20 18 97 83 58 53 1 81 42 19 43 99 72 74 22 17 40 81 46 35 94 7 33 88 74 86 17 7 90 90 19 14 27 67 69 66 18 87 85 54 56 57 10 14 85 20 87 17 5 13 31 25 32 45 39 26 71 35 68 1 18 93 73 60 38 60 4 73 55 13 89 62 55 59 31 29 95 20 28 14 83 8 46 79 46 36 70 73 1 34 7 86 5 94 32 23 27 93 74 75 53 79 60 15 17 77 36 24 25 
53 91 17 95 34 75 53 24 18 76 83 89 47 51 4 80 32 18 85 52 100 13 21 82 100 97 17 29 58 15 39 57 94 90 25 12 63 87 23 59 63 61 83 57 51 94 95 38 5 80 93 98 10 91 19 90 45 73 74 97 39 57 60 46 68 77 93 50 40 34 41 40 25 31 7 12 12 52 52 3 43 73 87 94 52 95 32 17 95 85 87 38 33 11 44 23 41 29 74 53 79 65 58 65 70 50 99 35 54 38 41 1 78 45 19 35 10 54 10 74 96 45 79 3 40 80 25 3 
20 55 84 11 59 3 39 98 10 61 3 50 81 31 28 29 84 73 99 79 66 10 85 35 72 46 86 52 51 47 27 28 89 87 12 80 61 95 1 44 7 2 16 62 39 87 60 50 49 31 76 17 44 57 63 53 2 95 7 51 12 43 22 38 79 82 62 13 27 65 75 8 63 17 47 78 20 49 9 53 81 99 1 65 44 55 64 82 39 26 39 62 20 23 32 30 25 53 54 31 50 64 79 43 14 84 32 97 14 71 66 75 73 34 52 93 34 37 68 22 73 42 82 53 58 26 72 30 
53 42 47 91 87 7 100 71 91 23 41 19 65 70 24 55 87 84 87 57 93 100 30 85 23 75 88 61 37 12 45 25 20 18 24 46 24 2 21 22 39 99 91 66 88 44 9 50 43 90 10 14 99 68 91 2 72 80 94 80 50 40 67 86 40 41 33 82 93 33 20 73 63 53 67 31 63 86 25 14 16 12 90 40 54 43 78 22 29 94 44 97 85 69 79 22 100 1 100 76 87 95 46 14 48 46 55 9 98 36 54 50 61 28 69 10 58 93 8 59 84 36 49 20 93 77 32 94 
59 6 51 4 41 50 76 81 42 47 22 62 16 6 35 98 94 20 47 96 28 4 27 36 37 63 41 88 74 20 5 77 3 68 34 57 98 30 49 91 57 80 85 99 43 97 90 34 76 38 53 39 66 38 35 62 10 41 66 74 26 45 6 96 82 99 97 39 35 81 63 36 90 64 12 77 38 24 54 21 49 48 59 18 43 33 24 28 28 88 13 96 48 56 18 96 19 12 41 23 69 10 83 12 53 66 77 64 34 77 27 95 77 85 18 73 15 27 47 43 39 63 71 9 79 10 25 68 
8 25 59 18 84 64 18 10 54 51 66 52 95 79 59 37 92 54 36 56 97 75 37 77 21 41 36 59 46 6 27 29 55 13 66 69 8 74 66 27 90 71 53 92 51 30 33 38 36 18 64 19 100 63 88 74 93 76 89 6 75 38 51 85 7 16 36 32 77 27 29 53 59 65 53 36 38 88 26 45 59 93 13 85 54 90 69 82 47 4 91 48 52 26 33 45 77 19 46 26 26 61 25 58 26 92 16 25 43 4 74 30 22 23 94 20 66 21 27 5 31 99 87 43 42 11 24 97 
8 36 53 57 66 80 68 84 60 61 36 17 95 40 67 11 84 63 42 23 98 78 75 62 9 10 58 99 28 64 13 28 27 15 26 66 15 4 76 5 86 47 39 47 34 34 59 25 22 87 52 10 80 2 80 56 66 80 94 14 38 100 66 38 41 71 10 56 64 81 20 18 81 76 69 34 16 70 31 99 24 11 32 32 56 7 44 16 44 87 85 28 5 49 51 91 43 71 97 81 86 100 90 16 3 3 65 74 46 41 19 65 91 29 18 61 87 94 29 31 8 2 93 20 38 63 85 53 
23 51 81 97 61 47 78 43 87 27 37 26 88 33 80 69 18 88 48 71 51 5 93 89 15 28 75 56 83 94 29 11 8 75 1 6 40 96 82 69 48 23 2 79 48 5 67 88 18 91 40 29 52 97 82 33 99 71 30 85 3 61 32 78 18 53 40 72 85 93 11 68 91 78 14 6 76 41 44 53 51 6 64 76 23 91 38 40 10 11 54 24 81 53 32 39 66 83 1 83 53 64 35 97 75 58 53 78 87 41 72 36 18 58 97 66 30 58 76 85 58 37 100 67 49 70 40 76 
59 43 75 75 31 98 12 38 26 71 51 37 38 42 64 7 14 69 99 47 51 17 47 21 25 72 70 47 32 44 75 35 90 99 97 74 29 29 74 27 57 37 82 70 83 8 90 49 31 27 59 22 88 93 69 87 59 52 16 68 67 38 72 55 19 99 88 16 67 80 94 51 28 5 2 13 75 70 79 75 49 63 55 64 91 93 93 20 49 56 44 81 72 87 60 8 41 67 81 59 29 71 88 9 93 53 48 27 21 27 17 17 29 81 52 77 78 80 29 73 42 7 48 16 65 29 48 33 
92 36 59 86 3 46 79 83 98 75 11 40 19 62 60 76 20 24 39 75 95 99 100 99 78 91 31 66 30 75 50 78 41 91 2 72 15 10 16 46 41 85 34 73 76 74 22 33 13 72 35 41 96 12 90 86 7 79 41 97 40 54 49 100 62 47 15 71 69 4 64 83 34 71 49 74 93 30 57 76 94 16 45 12 46 33 50 80 75 55 75 75 44 46 39 52 81 67 4 7 86 94 41 98 32 66 94 34 63 1 2 79 33 16 77 32 66 48 18 58 4 20 55 67 98 58 44 54 
56 73 2 71 93 75 34 44 37 43 10 30 88 59 10 26 73 63 4 100 8 96 40 93 41 37 20 24 15 83 17 94 51 5 73 9 22 44 14 73 9 63 37 98 84 57 76 24 6 35 61 100 49 59 71 33 42 60 65 34 62 68 78 46 98 96 42 24 32 83 26 31 5 71 30 40 92 60 84 40 9 89 50 54 73 84 18 95 6 68 27 55 33 68 53 32 61 26 94 100 45 13 69 31 58 61 76 26 75 33 58 49 80 33 82 53 43 74 41 30 70 1 45 76 9 48 21 91 
7 72 95 83 19 73 34 96 46 90 55 59 4 63 27 57 11 72 45 8 1 86 93 36 3 89 83 37 29 72 50 89 28 1 55 96 40 13 74 52 37 26 29 50 62 100 38 80 79 86 37 41 65 22 86 96 28 95 99 56 48 45 34 79 99 35 34 24 45 94 98 51 53 53 88 37 38 59 62 27 56 36 13 95 10 32 15 40 83 90 12 31 32 19 58 6 18 45 1 25 85 70 71 42 55 55 42 54 41 91 93 100 43 50 73 46 91 75 76 2 96 99 67 20 25 79 72 9 
81 92 75 61 98 14 67 26 44 11 39 29 62 57 5 75 31 2 18 20 50 50 32 46 45 89 1 67 13 42 76 6 6 36 27 60 74 86 58 48 56 42 81 84 88 23 89 92 13 1 15 63 81 16 21 21 52 56 93 81 100 26 15 72 80 33 89 6 58 69 48 5 62 63 93 56 100 28 94 99 73 52 14 24 22 33 33 21 63 54 92 32 7 47 95 8 22 68 2 88 14 67 60 92 65 3 3 94 60 7 51 25 92 34 93 33 67 90 21 24 30 58 88 7 84 32 62 98 
76 24 59 30 67 31 64 5 65 57 60 60 96 71 60 67 3 84 85 52 33 50 63 2 58 58 6 60 60 86 39 66 57 82 78 10 78 14 52 58 2 17 22 58 73 7 22 21 16 13 83 30 15 68 2 17 46 85 3 46 22 12 29 87 66 75 86 68 41 72 40 5 11 66 94 58 16 88 49 82 93 97 91 11 7 62 20 81 85 17 99 91 63 29 19 61 41 92 38 72 23 89 10 41 14 83 52 72 49 39 96 81 66 31 43 73 86 21 22 48 90 21 92 21 10 70 84 8 
51 82 26 29 90 69 67 26 17 68 46 62 12 26 85 93 40 21 23 99 86 18 66 7 34 81 31 33 56 78 88 12 60 35 7 13 48 4 67 5 82 15 41 95 96 100 61 88 14 2 100 50 91 88 46 1 70 24 63 63 56 86 59 39 6 30 47 33 86 74 21 97 27 12 100 57 96 92 58 76 87 7 27 37 1 51 20 46 33 97 94 43 66 90 59 61 38 71 94 65 31 2 15 1 58 62 2 91 43 27 8 64 26 12 88 58 16 89 10 82 86 48 43 71 63 43 80 24 
39 47 38 47 76 40 19 61 54 34 1 23 91 66 50 48 50 94 77 58 70 30 53 56 81 31 80 71 99 22 45 9 52 53 95 35 85 30 52 62 25 27 73 2 31 86 87 14 81 4 65 46 44 93 49 81 85 38 84 31 87 77 8 45 13 86 19 66 46 32 90 57 65 92 11 87 51 6 72 65 97 22 77 15 93 48 33 54 18 1 98 4 27 87 8 30 65 15 52 62 41 51 100 41 43 53 86 49 65 4 59 23 37 26 38 42 71 76 95 15 82 51 85 20 11 2 89 41 
8 45 89 71 14 97 42 27 21 4 100 93 97 98 82 70 46 88 32 21 60 9 32 69 54 4 29 6 64 43 26 87 73 7 38 29 69 99 80 47 67 25 91 49 6 59 80 43 93 52 19 26 27 5 27 98 85 93 22 1 48 84 18 81 36 2 14 58 21 40 37 40 88 30 68 61 7 48 98 42 95 65 89 47 89 7 77 53 14 74 55 89 91 60 54 31 11 31 3 65 48 28 14 85 46 28 82 49 3 32 56 24 86 97 1 56 86 27 35 36 100 10 15 97 22 2 79 58 
55 84 82 67 66 99 32 61 23 9 27 86 47 100 46 54 48 36 95 71 54 9 49 60 51 30 35 85 42 5 100 1 14 37 2 39 95 34 30 69 97 19 86 59 77 26 95 95 16 7 11 64 69 31 24 99 54 53 17 93 11 18 25 76 49 58 93 44 75 32 82 84 48 82 39 100 37 39 52 43 74 62 64 48 16 88 33 16 25 27 72 15 54 66 55 84 38 7 100 24 12 90 67 26 18 72 51 52 86 26 51 88 43 9 33 26 68 41 82 64 70 17 89 13 1 82 60 60 
17 79 99 23 81 6 90 56 95 51 66 93 74 70 59 3 16 73 70 51 16 40 41 41 12 23 99 17 9 41 28 25 40 25 45 78 83 55 32 81 71 44 93 67 72 66 24 72 98 24 92 82 65 45 98 54 12 65 48 44 48 70 89 5 72 16 29 74 30 36 59 4 99 19 32 100 21 92 96 28 45 47 42 93 37 62 67 35 32 90 37 39 92 56 72 26 81 15 3 22 90 48 70 49 90 85 65 30 97 72 14 59 37 39 1 12 25 86 88 9 20 92 10 70 91 59 35 5 
70 22 83 58 54 58 51 15 74 80 16 80 77 86 98 40 58 79 39 100 2 72 36 100 57 86 67 57 79 33 40 52 10 18 58 63 34 23 86 45 23 88 44 70 93 32 71 92 87 85 49 2 77 41 34 23 46 15 46 88 80 83 17 32 97 62 67 91 38 4 15 35 86 39 60 94 29 23 38 97 24 43 29 52 33 31 25 37 82 47 82 56 78 72 2 23 49 58 55 13 71 20 90 76 70 69 53 58 99 33 5 39 70 65 18 96 16 60 12 97 38 27 73 74 67 71 46 2 
28 64 3 39 84 48 11 60 57 34 61 81 70 75 56 57 16 65 58 93 75 79 44 85 91 36 52 5 55 99 47 35 54 61 15 9 54 83 80 7 26 76 92 22 34 54 20 49 15 98 16 71 91 21 99 57 75 89 38 53 47 96 78 51 37 76 96 62 51 16 59 21 34 19 15 57 29 59 57 37 92 73 80 60 49 70 80 95 2 57 27 100 34 49 70 10 69 13 63 66 7 1 89 11 87 58 52 9 72 13 55 58 16 45 80 48 96 38 3 46 78 53 62 23 43 11 3 46 
25 22 47 7 5 66 31 71 12 2 47 51 60 11 81 58 27 30 95 70 100 76 38 86 7 69 64 24 57 48 48 97 87 5 24 28 65 89 65 9 26 30 87 5 52 2 35 32 16 12 63 45 59 42 73 23 41 64 12 34 2 54 20 55 26 60 77 39 92 80 68 62 39 95 19 59 38 60 90 51 13 35 96 100 88 37 23 20 73 10 78 97 44 31 86 44 53 27 90 87 72 75 59 13 60 68 81 22 50 85 11 42 53 62 89 3 4 48 58 38 72 60 31 89 38 9 41 56 
56 80 19 22 79 2 12 19 28 88 81 30 85 75 29 85 23 83 91 78 35 86 50 14 64 81 33 4 39 27 55 12 76 96 79 25 82 1 27 61 21 46 79 80 39 98 55 85 76 48 44 98 53 68 29 83 100 67 74 82 96 57 19 21 4 61 4 12 34 22 100 64 60 54 46 57 74 93 38 30 15 42 58 77 22 23 26 39 28 6 87 72 70 70 1 8 28 46 2 37 60 49 85 4 26 27 73 64 40 28 44 52 18 4 80 58 63 93 66 30 4 16 4 49 70 18 7 95 
37 93 27 21 4 6 31 9 100 31 9 61 46 78 24 69 96 77 89 99 92 74 67 2 4 7 83 32 64 83 33 69 53 90 25 26 35 43 69 84 77 82 84 93 46 42 14 85 36 29 70 34 78 64 67 60 89 5 19 70 96 87 10 58 65 72 69 23 65 22 20 60 26 84 61 79 97 20 72 19 66 91 11 42 91 86 43 74 60 20 78 16 23 17 87 12 29 90 11 19 94 44 25 45 46 60 6 90 31 7 61 11 56 31 53 7 89 57 80 47 20 2 88 23 23 59 21 64 
21 59 31 60 94 96 30 24 28 69 29 80 4 78 81 77 24 14 54 100 7 90 35 55 40 20 33 59 84 52 11 5 87 47 14 98 36 7 5 74 31 29 91 11 93 14 100 77 12 36 57 92 49 32 5 9 37 15 5 61 30 32 97 91 7 45 92 85 76 60 15 57 66 31 48 20 57 6 23 12 42 60 38 8 62 59 34 41 10 95 58 66 7 53 93 68 42 79 21 64 44 43 45 96 37 91 51 83 20 46 53 21 6 39 45 78 52 13 72 29 40 2 92 81 49 74 28 88 
25 45 88 2 86 19 51 83 58 97 60 42 91 39 23 98 40 66 56 92 20 20 24 82 58 25 66 51 87 96 97 36 89 6 1 63 33 12 12 12 49 95 44 48 58 16 64 89 67 33 59 36 40 23 32 68 54 7 96 2 100 29 97 80 94 15 18 24 43 25 92 49 83 5 80 98 14 99 86 50 66 77 11 81 9 21 15 68 63 11 35 45 45 75 65 87 79 71 74 58 75 53 46 59 73 80 28 21 86 95 89 9 69 96 43 81 68 21 20 37 55 3 43 5 32 11 32 58 
22 49 42 97 8 2 84 43 70 22 87 100 5 30 100 17 35 44 64 78 100 15 27 58 64 8 38 9 48 1 9 89 36 85 93 90 87 3 23 31 74 53 6 40 41 98 99 67 14 43 46 94 97 91 41 23 48 21 45 78 24 42 1 86 44 65 78 41 100 28 97 50 11 95 9 86 51 55 12 23 9 59 90 41 65 53 76 84 27 39 52 41 71 46 85 87 8 64 94 33 93 27 83 7 12 60 68 55 57 81 31 60 5 12 13 42 48 31 35 100 67 40 87 50 7 73 68 14 
69 17 28 92 50 88 98 82 61 74 23 66 46 63 4 8 96 72 61 70 30 68 26 31 27 70 59 56 51 18 63 2 9 79 12 64 73 92 91 15 15 48 45 43 95 6 83 67 52 89 15 75 7 73 75 27 23 92 99 4 37 67 76 54 1 41 12 96 80 94 27 77 35 12 87 72 59 12 79 15 48 90 81 90 19 55 94 26 99 49 67 70 11 12 56 93 85 95 81 59 54 33 15 47 7 47 42 69 68 24 31 62 81 77 66 66 93 63 5 25 90 92 60 46 57 11 2 80 
32 14 50 58 50 100 59 31 54 35 38 57 62 85 55 96 54 26 49 10 62 42 30 22 45 66 5 95 2 86 89 1 87 18 12 38 98 73 43 20 69 38 5 39 50 34 37 50 64 72 95 70 75 47 93 16 77 37 37 86 4 82 21 78 20 43 55 33 37 53 35 33 57 38 76 27 98 41 77 39 74 74 77 80 38 99 97 43 66 13 78 59 92 64 10 25 31 72 91 74 43 11 42 26 60 19 100 73 16 10 36 89 37 50 17 31 71 85 50 56 48 48 17 24 43 14 29 99 
10 50 19 12 7 50 47 38 92 26 23 82 12 58 46 45 57 58 72 35 13 62 35 35 44 55 56 99 3 40 27 49 74 26 65 8 83 1 7 3 97 89 36 9 66 18 10 31 76 41 75 6 54 55 3 12 95 7 30 19 97 35 7 34 52 22 8 30 69 37 48 25 70 23 32 51 68 80 40 87 73 63 1 45 77 11 79 99 19 69 84 65 12 5 38 44 37 46 30 71 35 59 32 69 28 37 95 84 92 19 20 18 38 98 42 36 42 6 34 57 19 23 39 19 44 85 62 45 
14 7 41 16 10 59 91 3 46 61 89 66 88 66 19 48 97 23 67 95 56 7 98 18 95 5 66 94 88 58 11 21 89 60 11 66 66 53 79 2 91 33 14 75 97 90 86 83 6 23 80 21 40 63 31 92 2 31 91 8 37 65 44 44 65 1 25 73 86 12 65 19 71 75 96 59 35 93 56 17 11 15 94 26 53 70 36 75 84 7 37 59 4 39 47 70 82 45 60 59 98 92 87 24 66 90 25 82 90 60 2 42 67 91 66 85 76 61 44 66 78 88 87 54 63 33 21 55 
80 35 25 54 59 26 94 35 52 25 85 26 29 67 17 70 95 11 66 3 40 11 100 100 53 47 79 95 98 22 50 92 98 48 34 18 35 68 65 91 5 56 62 35 54 79 54 66 100 63 98 94 26 63 16 2 62 30 2 39 6 87 59 54 7 28 94 45 85 32 29 18 55 4 86 25 42 89 25 10 67 89 23 38 20 30 11 19 76 8 4 95 89 11 1 11 2 46 85 62 87 60 63 97 42 8 85 73 22 94 27 6 68 71 7 68 46 100 68 59 85 46 65 45 14 49 88 82 
94 11 22 31 19 1 28 58 49 64 79 82 70 25 75 11 4 49 9 100 80 2 7 64 60 37 5 48 98 24 39 55 58 23 53 57 60 16 39 59 98 80 100 4 80 34 45 70 100 56 89 13 53 30 27 94 89 82 31 50 16 32 98 88 4 77 98 86 74 84 50 25 73 36 89 55 77 27 64 51 10 74 32 32 100 79 56 100 58 46 75 54 17 73 69 70 34 95 74 24 51 83 96 20 31 29 60 40 2 19 39 46 64 85 40 73 73 27 83 93 64 99 12 2 64 59 88 22 
39 27 12 68 36 22 93 92 59 80 38 21 58 1 41 100 8 95 29 50 54 58 100 67 41 73 56 78 94 71 52 47 99 38 26 76 46 83 77 46 73 64 45 98 96 36 76 43 60 95 70 35 18 72 28 80 61 41 55 1 76 44 9 4 28 74 64 11 46 80 18 35 99 51 100 28 93 62 100 77 38 11 35 85 29 52 97 91 41 60 72 12 57 78 3 14 39 18 43 48 61 90 1 1 85 43 77 89 92 57 49 69 68 6 99 28 92 67 22 39 87 93 13 88 8 31 7 74 
29 19 75 56 41 53 25 19 55 57 68 87 81 68 58 79 1 49 4 41 15 66 39 99 73 85 32 50 32 18 13 43 25 24 78 13 97 19 75 11 8 55 1 93 62 77 51 96 44 96 10 42 43 49 53 63 61 76 11 40 10 70 59 88 55 46 89 95 22 79 80 46 83 30 77 52 6 69 73 95 41 79 21 10 64 35 16 32 76 65 87 2 47 95 32 91 66 68 15 58 7 97 4 24 93 1 29 34 92 16 79 86 58 65 9 47 48 24 43 1 49 19 74 99 92 75 96 43 
54 93 63 57 71 78 72 7 49 20 9 80 56 74 44 81 95 12 61 80 46 58 28 54 89 60 90 83 13 98 20 93 41 29 3 5 75 4 49 4 43 75 4 26 49 41 49 91 79 75 26 92 53 15 89 71 3 52 76 37 14 23 90 64 87 84 42 63 12 34 29 78 9 5 55 30 4 51 13 23 18 23 75 83 19 72 20 62 49 21 65 1 78 12 51 41 24 84 28 99 51 15 42 1 72 48 2 24 17 29 69 15 14 63 12 87 93 73 2 79 90 27 92 8 87 97 29 6 
19 8 2 93 63 3 60 51 67 88 50 94 5 17 61 39 42 91 64 35 34 12 60 54 81 26 36 60 17 57 48 52 83 63 98 55 64 5 4 68 36 67 95 19 75 9 48 7 92 36 67 99 51 84 9 100 6 26 94 79 41 89 40 27 94 86 92 66 36 9 18 63 54 49 87 27 72 35 88 7 23 16 3 21 30 95 52 81 85 70 70 11 53 41 48 53 77 77 81 50 84 66 20 24 38 41 52 44 100 71 56 78 79 29 13 94 32 87 78 93 63 44 16 80 19 83 31 88 
39 41 71 11 21 84 67 36 99 77 80 32 28 86 17 8 96 16 80 59 76 5 81 78 8 47 17 85 2 40 89 68 56 14 22 1 44 98 27 89 73 86 58 84 96 57 100 24 19 67 69 51 15 47 97 14 62 25 29 88 82 3 63 33 2 29 52 47 13 21 97 96 91 96 68 85 76 25 9 74 23 24 17 50 51 18 88 21 53 82 11 80 44 71 47 15 13 79 4 44 13 87 74 32 94 75 38 9 40 74 93 11 16 29 26 35 60 52 22 42 41 29 44 75 85 58 63 69 
92 72 28 17 33 32 9 28 77 85 59 8 91 79 54 84 47 66 29 25 96 31 78 23 82 88 73 78 63 15 11 58 20 17 60 86 33 95 33 25 10 49 21 65 99 2 47 59 52 15 48 63 76 44 19 31 99 61 53 42 55 71 39 60 41 97 23 58 48 32 10 47 90 36 12 28 32 18 39 11 17 85 85 29 91 41 96 40 49 69 50 53 72 4 12 20 97 2 55 48 44 51 7 19 56 30 31 47 89 75 14 36 63 27 96 38 40 50 50 5 10 7 30 61 7 27 100 71 
63 27 19 100 6 4 39 39 51 34 5 42 13 2 2 1 22 26 71 5 45 68 15 28 37 81 33 10 53 71 70 44 65 73 71 11 60 16 66 93 92 42 90 95 72 44 31 73 68 29 58 98 37 75 40 13 40 42 47 59 95 16 7 65 7 51 3 93 23 64 46 94 22 85 94 86 88 100 83 8 86 6 71 5 83 60 1 100 49 13 9 76 96 48 94 45 55 54 61 100 4 75 2 6 58 71 45 28 47 90 61 4 57 20 82 39 89 73 93 29 50 100 66 16 95 95 86 88 
9 79 44 9 33 48 51 64 20 44 95 97 37 60 62 74 19 12 56 86 5 43 32 8 72 64 75 67 71 8 6 62 35 51 63 11 4 33 9 72 18 73 40 14 90 86 47 56 1 3 47 47 26 54 31 14 43 28 72 40 93 40 82 91 82 47 14 90 92 54 96 53 3 73 77 10 6 71 86 76 83 99 59 21 98 19 23 13 62 9 38 40 64 73 46 96 42 54 6 18 22 45 19 21 42 11 18 96 73 63 6 13 58 41 46 90 70 100 45 2 26 74 94 87 84 93 58 18 
5 100 30 28 50 17 98 67 48 65 1 34 93 70 45 85 20 51 47 13 36 66 68 74 29 30 87 54 75 32 75 97 97 79 96 81 16 59 10 78 44 86 86 99 90 26 88 32 19 11 77 41 59 74 13 6 25 86 11 78 16 52 54 92 78 83 68 47 53 29 89 18 22 89 52 51 51 30 98 60 36 87 42 17 59 76 94 84 52 48 89 19 10 15 80 5 36 1 23 89 9 53 84 59 9 10 38 70 82 18 84 98 7 69 33 32 68 75 72 80 18 32 32 29 83 78 4 5 
39 69 44 75 28 55 90 72 81 9 39 19 69 92 25 89 45 97 76 28 36 47 14 50 27 74 4 36 1 78 33 55 46 51 20 91 86 94 67 23 62 69 34 33 68 97 2 57 30 7 10 10 60 53 94 56 93 96 46 34 67 17 30 88 95 41 100 5 57 42 40 63 63 54 86 68 80 47 92 57 16 97 54 95 52 26 93 82 45 60 66 55 29 65 39 85 52 51 52 36 3 88 11 60 59 94 78 63 8 72 33 13 38 76 75 94 34 64 83 24 46 57 88 19 78 86 38 10 
12 4 57 36 33 43 71 1 100 66 95 22 68 34 26 68 77 80 89 58 73 25 16 57 30 26 4 42 1 13 59 30 98 64 63 17 69 67 97 50 40 2 35 10 73 43 85 18 78 81 74 94 3 4 39 50 42 8 68 83 15 32 35 26 45 53 25 87 47 27 19 66 52 95 73 79 27 41 75 24 33 52 2 76 71 96 51 12 15 44 5 48 79 81 8 98 33 29 2 76 52 67 10 63 85 87 78 71 70 4 83 63 33 83 62 90 70 9 5 31 51 79 88 76 89 12 3 8 
73 52 12 70 45 35 48 16 87 84 93 22 73 47 88 9 35 99 83 90 42 45 54 43 59 30 18 91 57 79 12 99 13 13 47 49 57 14 34 14 10 99 34 7 49 86 19 100 26 29 46 74 15 73 38 64 54 10 51 32 64 5 12 29 5 5 85 63 35 82 97 47 78 68 100 69 11 48 54 72 15 16 30 84 25 77 44 92 31 91 92 64 79 54 84 38 81 46 46 40 20 26 10 85 79 30 79 55 17 92 95 85 59 41 24 47 42 96 23 63 12 43 93 27 24 11 67 53 
57 84 98 62 84 26 98 43 13 66 1 100 72 2 31 16 40 48 32 82 76 54 22 63 72 40 72 22 69 66 5 19 27 22 23 80 11 55 65 32 5 96 21 58 28 19 49 31 38 66 44 51 86 45 6 51 60 24 54 5 10 70 13 23 64 15 25 95 50 96 57 94 89 27 87 81 81 88 64 20 38 2 49 47 11 16 80 24 89 80 5 66 2 27 45 23 31 39 43 78 59 83 51 36 37 40 24 79 84 21 43 10 56 76 76 35 97 84 83 57 48 38 66 76 57 80 94 99 
23 10 92 94 52 15 30 49 69 47 21 24 49 74 61 92 43 4 52 19 93 1 4 91 71 77 51 65 39 16 15 97 16 96 58 48 33 56 2 54 9 19 44 4 99 96 96 57 64 41 21 66 66 49 34 94 47 27 72 48 64 98 13 6 71 67 34 39 58 23 67 81 7 12 1 64 21 19 35 93 76 83 81 68 65 12 33 64 44 59 89 94 2 15 85 25 69 67 42 2 92 60 54 16 54 43 72 23 90 3 58 9 91 68 88 87 49 79 87 26 81 34 42 53 1 85 20 90 
43 66 41 21 56 82 95 52 65 64 74 72 17 99 75 5 33 31 81 99 64 73 40 78 97 46 79 85 81 71 33 65 25 99 65 99 91 78 69 72 99 79 34 91 36 11 73 22 57 90 49 31 13 42 64 97 22 61 20 30 51 29 62 85 27 67 70 52 68 90 91 72 41 99 22 55 75 88 72 31 40 42 25 13 8 71 70 5 98 7 93 40 51 11 83 87 33 80 98 13 42 20 74 47 66 13 30 13 36 78 57 19 7 65 95 64 86 92 15 66 88 32 100 52 64 82 96 40 
11 55 42 81 65 92 19 46 67 11 13 90 3 55 84 24 45 31 70 75 99 29 4 37 23 64 1 88 18 61 88 5 77 85 26 22 7 77 19 2 77 24 17 93 95 3 91 38 57 72 61 64 15 21 59 63 8 80 83 75 63 26 48 64 96 44 42 69 98 29 42 4 12 93 25 35 80 88 42 73 93 93 6 16 81 87 6 99 18 73 38 66 39 33 90 97 51 28 80 13 82 88 15 53 39 60 98 38 79 32 64 93 65 82 39 77 80 26 37 82 48 35 17 70 34 88 12 13 
12 60 19 85 98 10 42 2 78 24 21 73 30 17 55 37 48 90 81 41 29 70 69 46 51 83 1 78 90 37 4 74 75 11 77 63 76 8 69 1 68 80 60 8 23 95 69 73 80 5 80 90 31 33 96 19 29 11 2 18 95 28 30 80 52 82 62 13 3 4 46 92 86 36 90 28 89 45 70 73 62 25 63 97 54 97 57 64 2 26 56 19 47 36 81 45 32 54 12 53 87 11 14 46 2 33 97 5 83 49 27 7 68 47 27 89 90 68 16 89 74 36 14 33 51 91 58 8 
36 53 85 96 27 32 11 78 34 31 67 41 16 78 15 77 72 59 12 76 52 28 28 22 6 8 14 81 33 82 56 49 78 53 25 33 6 28 26 91 36 80 69 61 13 24 63 13 47 44 94 84 72 86 48 43 26 37 52 11 52 96 47 1 45 38 91 61 74 12 46 76 98 67 49 39 28 57 9 76 83 1 14 49 63 63 37 10 10 4 67 71 45 31 16 41 94 100 8 59 39 48 37 57 44 78 22 11 9 72 34 10 96 83 73 39 59 64 25 87 20 90 91 23 78 24 22 56 
65 66 46 73 12 61 61 15 32 31 6 69 55 85 37 87 59 5 48 81 61 90 87 44 77 45 95 90 21 75 39 94 87 74 43 75 78 35 98 2 40 42 59 86 50 92 1 95 16 1 12 87 72 60 46 66 82 91 86 32 95 70 66 9 39 34 44 19 25 65 89 70 73 84 35 99 56 65 55 77 17 43 58 6 100 92 93 91 13 56 50 28 89 80 92 51 27 66 2 2 36 49 96 8 67 53 26 21 25 2 30 31 84 8 67 88 59 98 87 74 32 68 1 95 8 79 63 18 
76 43 12 24 3 82 72 97 28 51 10 9 88 31 66 66 8 52 58 2 73 37 90 40 98 67 13 51 80 27 42 6 78 22 67 59 78 6 57 18 97 4 34 97 61 14 79 5 82 58 57 34 57 99 43 100 34 87 71 49 25 34 88 29 91 42 55 96 37 69 60 93 22 92 97 91 72 55 16 19 5 1 16 86 12 58 94 92 34 5 94 6 59 72 86 39 54 37 56 8 54 84 28 88 68 39 67 88 46 9 22 55 57 2 41 31 11 92 100 11 78 93 87 47 29 91 55 73 
25 80 58 7 96 69 99 48 17 1 6 49 42 28 30 27 77 91 93 40 48 62 74 83 41 49 100 92 21 82 23 28 71 31 20 23 100 49 90 60 91 98 12 38 57 79 97 67 44 27 30 82 19 56 13 54 27 38 68 77 54 87 82 60 61 25 46 37 89 90 20 37 79 58 76 47 56 32 49 12 80 77 34 77 49 10 52 6 94 98 42 53 17 15 19 25 78 12 28 6 32 10 79 83 36 9 68 85 79 83 69 88 59 63 2 38 42 37 71 96 88 39 69 36 50 40 99 31 
75 98 94 63 67 29 18 32 12 93 29 74 35 42 99 91 25 75 14 76 6 69 58 64 53 26 72 78 39 47 6 15 92 31 97 13 28 13 50 100 35 66 18 82 94 97 81 93 65 55 10 72 23 36 21 30 64 74 62 100 4 92 87 95 16 63 19 14 99 11 61 53 66 23 54 77 57 63 28 85 71 91 81 54 95 2 16 17 73 29 63 88 43 47 11 45 20 54 75 9 39 95 91 54 45 49 2 77 20 7 16 54 19 76 38 1 61 43 42 6 67 49 21 8 81 23 32 9 
65 44 15 36 90 4 43 59 65 53 52 97 59 36 67 8 61 12 73 48 95 6 81 82 34 94 39 6 90 82 12 98 80 11 66 27 77 48 38 47 60 70 83 60 80 91 82 16 74 20 73 72 87 48 58 48 79 41 8 99 78 7 86 13 97 78 92 90 74 81 84 8 100 44 73 24 99 87 81 48 48 23 76 32 77 87 41 16 10 65 91 34 93 37 24 100 75 24 19 21 12 71 45 73 43 42 86 98 19 2 73 16 89 52 65 20 48 27 38 48 48 14 39 76 47 90 5 88 
34 35 51 31 5 35 96 88 94 11 80 31 87 68 60 85 5 48 1 97 28 81 72 21 43 20 24 20 90 13 49 45 5 29 19 30 42 70 6 78 32 98 57 79 62 93 98 9 7 2 72 79 19 51 35 23 2 85 75 26 41 75 31 61 34 41 48 87 54 62 14 63 70 44 18 70 28 28 100 60 13 29 25 8 68 27 37 52 96 52 21 30 76 8 53 45 40 59 51 64 85 82 41 85 71 69 46 71 27 30 2 24 13 63 14 31 14 66 32 100 60 28 86 6 52 22 61 10 
61 33 81 5 100 91 34 58 89 41 40 100 92 4 81 72 84 64 66 32 87 14 49 35 78 79 80 1 43 67 6 16 16 15 53 5 77 30 27 72 94 71 75 73 28 28 40 7 5 81 52 27 15 1 46 26 52 24 68 69 18 48 23 14 28 43 14 30 21 78 99 27 51 88 48 20 45 53 40 68 52 79 73 96 90 32 27 69 97 13 98 25 1 94 78 37 38 53 52 63 85 24 33 19 81 35 86 35 26 44 33 51 54 93 85 52 19 46 7 34 51 42 79 61 71 94 98 7 
68 33 11 25 59 91 25 52 43 57 32 95 17 62 82 99 67 1 28 21 63 32 11 70 8 24 11 28 75 9 63 45 28 8 85 5 49 29 81 76 18 42 65 20 48 74 36 25 25 45 39 98 46 18 51 72 69 50 33 63 46 37 84 38 36 78 87 81 60 98 26 50 26 76 17 6 11 24 17 71 3 54 10 29 6 85 52 61 88 63 92 87 94 67 99 34 48 88 70 21 16 57 46 99 59 86 25 90 37 29 69 68 78 84 82 78 6 17 7 68 6 8 87 32 64 84 70 70 
57 78 99 5 15 65 80 27 59 46 15 69 22 9 87 17 95 28 48 33 43 65 47 71 68 93 34 29 84 17 26 25 29 14 85 57 47 93 66 33 29 29 53 18 1 12 42 16 30 84 62 16 9 34 9 71 50 8 54 44 5 2 58 91 22 9 57 86 39 24 53 88 95 100 64 13 42 24 34 7 20 10 62 75 85 22 25 83 22 44 72 25 3 24 34 82 87 37 58 89 42 48 32 39 62 40 74 88 83 21 59 81 87 25 8 92 22 34 63 48 37 44 26 71 4 44 45 53 
55 30 24 45 47 62 65 84 51 94 14 89 34 25 75 76 88 18 31 13 89 7 17 49 60 34 23 66 15 69 51 21 12 67 11 92 89 56 16 98 16 1 44 73 26 33 23 18 11 88 64 48 15 56 51 15 90 46 1 74 21 58 33 37 96 60 76 28 4 71 32 78 40 70 13 71 95 78 68 98 61 72 34 21 29 89 2 71 9 61 42 21 31 25 55 2 81 5 23 42 42 99 43 82 20 93 4 10 48 80 50 13 88 69 90 65 100 23 98 41 11 70 30 2 65 28 30 69 
20 86 40 10 48 59 77 97 78 45 17 60 12 66 36 55 76 60 54 79 77 16 22 92 79 45 40 69 55 48 94 73 24 4 79 36 34 12 38 88 2 81 40 28 23 87 33 97 44 58 16 48 96 40 24 84 97 30 47 9 75 89 62 13 72 20 79 31 44 41 89 2 65 71 11 77 16 26 73 66 76 89 31 66 68 34 24 82 74 49 35 62 38 70 96 57 76 74 8 32 29 62 25 40 69 32 81 31 4 44 84 49 18 70 17 72 11 34 100 77 22 85 100 32 45 82 5 17 
22 52 84 33 14 90 46 57 73 87 56 30 28 70 62 12 34 52 39 14 37 96 99 3 12 23 87 83 4 82 16 61 22 1 51 92 57 48 51 63 85 32 51 61 92 44 56 82 18 91 2 88 79 50 6 88 91 30 89 3 76 5 96 40 4 27 19 69 37 45 52 14 38 91 49 89 15 39 18 81 55 88 75 22 53 70 21 82 47 82 87 100 92 30 47 83 5 77 2 3 54 92 28 61 86 51 4 94 70 46 50 20 79 32 18 41 32 25 64 77 71 100 61 80 58 81 1 82 
57 77 4 31 68 50 100 5 75 34 87 9 34 71 17 97 71 83 60 28 6 49 72 25 8 65 38 62 95 42 8 76 23 8 17 1 70 62 85 31 38 31 48 100 80 13 41 22 18 60 45 52 26 95 49 38 85 52 56 30 48 4 32 46 6 20 44 6 23 88 61 10 84 81 94 26 63 78 55 82 61 10 80 85 69 59 28 41 87 56 85 20 19 10 4 60 8 97 19 100 91 31 79 48 53 22 88 88 26 2 76 68 32 62 27 91 1 19 33 50 28 45 68 14 42 64 33 87 
97 59 80 41 5 23 99 32 16 39 44 72 12 79 52 83 73 90 90 58 94 1 38 46 39 64 94 72 21 43 7 80 29 8 92 99 21 21 47 49 40 52 21 18 52 17 30 43 11 83 8 45 44 61 64 21 55 90 34 56 14 39 13 90 51 34 43 15 7 57 49 75 10 83 62 99 24 28 47 58 19 13 59 4 59 46 27 14 92 17 54 91 47 86 88 41 57 29 12 60 49 29 56 43 84 65 62 96 31 27 100 91 42 17 41 80 25 67 11 82 45 40 84 97 60 96 67 62 
93 95 41 44 99 40 59 13 6 46 38 59 69 90 65 42 55 75 79 23 54 73 37 18 61 43 29 12 68 55 100 39 92 30 7 39 97 63 99 88 42 25 40 83 38 7 94 42 5 10 57 26 83 15 29 9 66 61 27 19 78 21 17 35 63 4 40 21 20 83 86 13 41 34 14 24 29 14 11 79 27 1 44 44 33 97 7 47 55 38 100 85 67 24 59 2 33 84 29 10 28 31 38 59 73 43 87 15 2 41 88 16 88 88 25 74 21 82 39 57 70 52 64 56 93 81 99 18 
28 78 61 58 73 80 20 39 33 13 72 99 92 96 11 7 3 92 53 25 38 44 80 39 3 1 91 55 5 80 40 94 62 10 64 2 43 15 62 31 72 8 23 19 95 7 75 9 53 17 16 63 95 9 59 22 55 70 30 44 52 27 13 19 15 34 96 22 13 98 63 86 46 93 30 15 41 65 76 25 9 75 58 82 66 17 94 30 32 61 98 61 36 3 36 10 68 15 31 46 98 28 86 11 57 89 15 63 20 60 13 40 76 63 49 72 90 24 58 78 57 80 80 41 2 97 5 59 
46 17 93 52 70 51 18 91 89 29 70 49 54 87 97 24 96 38 63 93 60 86 29 15 99 73 99 10 62 85 20 19 22 30 7 76 37 77 48 19 4 41 22 21 52 91 45 84 70 1 64 78 49 68 37 85 70 100 46 94 10 68 69 53 35 38 61 12 59 31 59 49 3 43 40 63 12 47 94 20 36 94 61 81 21 12 5 47 48 86 6 77 44 5 46 77 63 91 72 31 80 89 100 75 4 95 35 45 18 68 1 14 67 10 10 63 97 11 96 80 36 48 21 97 100 39 72 58 
27 68 50 97 38 62 66 41 81 74 65 8 1 83 42 67 25 42 5 41 53 37 67 99 68 67 23 76 20 2 99 73 46 77 47 62 66 91 4 35 62 58 86 47 19 59 25 88 82 91 41 70 1 91 37 35 32 67 32 52 87 30 76 19 79 54 72 72 14 39 33 9 31 70 2 10 52 99 30 89 16 68 19 24 33 39 41 23 80 70 57 43 95 75 83 82 17 8 85 59 50 29 98 83 49 7 69 45 96 55 92 1 19 41 52 1 12 6 29 22 13 94 86 17 38 28 52 73 
22 30 81 23 3 11 72 94 59 6 27 64 69 70 92 10 59 71 30 60 92 14 7 43 69 73 81 6 3 29 12 30 4 49 63 72 17 33 98 56 20 3 75 9 81 72 63 5 67 94 90 90 98 66 57 93 77 55 4 66 58 89 91 65 62 72 95 45 71 20 37 78 54 100 8 8 61 36 87 56 70 38 71 40 95 98 83 26 34 34 62 19 57 63 50 91 30 91 50 73 87 45 52 91 37 7 9 23 68 77 40 53 59 60 67 85 100 12 39 58 15 60 59 12 12 43 17 2 
25 5 42 49 76 48 35 38 1 36 22 87 39 74 53 51 29 6 22 4 86 18 49 65 45 79 10 3 42 77 72 47 51 40 64 89 55 55 91 63 41 11 86 35 44 9 13 99 28 21 17 89 75 25 83 37 79 92 24 38 49 97 80 90 51 27 10 7 54 52 22 28 27 29 86 70 75 57 91 55 74 27 60 7 57 9 42 70 10 45 3 37 78 61 15 10 70 36 54 56 53 51 33 68 91 41 58 33 86 89 31 51 47 42 100 64 71 60 15 3 38 82 62 73 27 66 76 46 
39 83 80 100 57 40 99 87 6 91 67 97 9 43 71 58 45 58 98 35 14 34 71 36 46 36 74 40 57 98 42 3 29 72 65 18 89 34 11 32 67 16 92 72 73 23 21 26 23 36 85 61 75 83 27 76 36 93 87 72 5 85 28 88 61 67 77 2 88 48 99 56 37 30 13 83 5 48 88 7 56 60 92 22 2 36 64 72 66 25 57 33 66 90 45 65 89 4 41 11 32 31 18 25 97 25 61 39 97 87 78 14 85 6 82 6 50 14 15 33 61 63 44 66 78 42 65 36 
40 22 20 57 14 75 88 1 58 3 62 92 91 7 8 37 100 86 59 25 98 54 65 85 86 67 71 54 87 19 3 20 49 87 50 92 32 8 98 37 49 15 39 15 46 85 64 80 17 71 30 68 62 83 31 58 90 84 28 24 56 42 28 14 87 17 32 73 69 23 64 84 28 49 6 33 77 79 19 15 68 35 40 64 51 38 54 48 7 66 42 51 34 7 14 100 66 26 14 95 69 28 42 50 4 25 23 68 50 2 72 52 65 30 19 46 55 12 60 100 73 2 23 34 28 86 30 29 
14 81 30 51 63 69 46 20 96 47 65 91 80 41 26 16 73 22 53 16 65 97 31 64 6 90 80 67 58 96 33 73 51 25 49 86 93 17 9 94 86 21 2 37 85 72 96 71 2 47 42 68 17 54 57 88 34 64 42 88 91 67 98 54 50 34 69 1 59 13 60 64 54 56 28 73 41 31 8 61 74 1 43 51 25 53 13 77 99 47 40 40 32 32 81 22 66 82 23 36 81 20 3 94 5 64 59 94 95 67 80 6 1 7 27 67 86 52 90 40 53 49 40 62 49 86 67 40 
15 36 25 49 7 50 34 53 57 17 47 58 26 11 12 29 10 95 19 80 75 91 18 53 12 87 42 32 64 51 52 21 64 19 41 33 91 68 2 76 53 3 83 83 64 11 85 49 49 82 19 99 72 36 37 97 15 31 69 59 35 86 93 54 79 6 26 95 42 73 59 94 85 3 10 70 14 7 89 9 54 3 26 2 8 71 64 89 8 63 79 72 41 73 51 81 79 94 64 41 99 72 26 81 100 52 28 21 30 31 63 17 88 15 29 53 62 72 86 52 65 95 44 75 48 29 16 98 
15 79 52 58 37 1 46 73 57 82 1 2 43 13 52 97 58 40 78 71 96 41 63 75 3 44 46 56 12 77 47 99 99 77 13 63 53 22 53 72 16 73 88 82 72 13 61 77 77 82 21 90 67 24 35 56 97 89 94 75 19 89 66 61 64 92 68 46 83 69 77 37 94 88 93 70 43 59 51 11 65 79 25 22 41 77 44 32 49 14 96 4 40 56 47 15 79 20 56 10 39 4 44 28 29 78 98 88 98 15 26 77 43 38 59 62 73 52 40 83 14 8 75 16 57 92 79 49 
15 79 39 29 36 29 37 66 13 73 8 33 91 71 19 81 31 98 67 13 46 23 18 50 8 57 93 7 7 76 100 16 20 75 4 57 21 16 96 11 9 5 89 36 77 15 60 87 92 80 20 11 77 37 12 23 46 15 29 20 68 50 60 70 87 11 89 75 44 38 43 53 11 63 44 11 73 24 79 16 17 21 9 67 26 73 2 42 97 40 13 39 5 38 8 3 83 56 28 88 93 84 44 17 6 43 36 58 76 43 20 32 58 6 86 24 82 10 46 16 41 42 3 36 70 36 74 47 
12 66 87 91 21 24 84 40 12 7 89 56 32 75 94 78 82 66 3 63 98 58 44 98 51 42 76 88 94 97 99 55 82 50 12 95 63 63 38 43 73 21 88 95 63 55 33 16 72 64 36 42 44 76 39 13 13 84 46 59 7 82 18 99 46 18 13 69 90 70 36 33 13 13 35 77 36 30 89 43 75 74 33 59 75 79 60 38 37 80 34 22 20 52 8 16 63 96 82 22 25 23 80 48 17 3 65 40 69 42 20 56 66 74 29 57 93 71 97 84 66 45 94 72 58 98 62 17 
12 54 83 64 98 82 29 14 75 80 65 79 92 84 38 16 92 25 69 52 3 35 18 31 46 74 68 7 60 16 19 2 79 64 92 49 51 74 43 86 51 66 97 77 86 32 18 85 27 95 54 6 56 74 46 42 92 21 50 27 29 65 7 53 35 57 79 76 60 37 64 40 98 83 89 16 95 6 15 2 17 26 94 74 31 40 90 13 97 4 28 30 60 57 58 82 56 24 77 82 100 80 75 79 43 68 73 19 19 1 6 28 15 62 96 71 1 57 18 51 28 35 46 71 12 42 39 43 
42 30 6 77 65 9 39 97 34 28 5 59 99 70 76 51 75 78 33 90 38 58 74 52 18 23 28 88 28 37 42 56 14 84 35 16 7 96 100 69 35 53 95 21 63 12 30 100 51 13 81 74 61 41 81 86 90 85 84 6 55 87 58 78 38 13 84 82 9 75 63 100 88 86 25 91 32 93 35 34 91 92 77 87 6 1 35 84 25 27 39 87 44 11 41 31 55 8 23 90 81 73 6 99 76 55 91 56 95 70 88 52 10 31 52 40 47 50 61 49 7 88 2 57 82 98 6 40 
37 100 95 69 51 72 18 87 33 93 71 100 77 60 39 31 22 76 75 83 86 53 22 33 29 88 32 16 14 48 65 11 42 61 15 37 78 59 96 29 53 9 1 9 89 85 9 26 29 20 95 29 14 62 62 40 83 79 73 7 56 93 3 33 94 39 75 76 45 23 97 65 29 91 75 21 58 48 28 71 31 98 6 43 65 62 50 53 4 6 49 83 96 18 45 44 73 99 58 32 49 2 60 23 15 83 4 16 16 8 98 37 24 73 96 90 90 34 28 94 78 78 52 2 21 49 64 35 
2 28 99 3 69 51 66 11 45 45 78 68 1 62 100 55 91 21 4 42 36 44 76 100 71 86 22 89 38 44 43 71 38 69 2 26 45 59 12 33 75 55 4 27 43 10 57 42 53 62 90 83 10 40 60 62 15 99 35 86 3 69 24 58 56 51 72 19 75 47 100 54 13 19 36 53 60 74 40 4 23 2 36 96 49 28 44 93 40 96 77 19 26 27 5 23 38 76 73 22 89 34 54 80 80 18 5 35 23 10 46 37 70 100 92 39 71 74 39 29 57 85 86 27 11 84 6 32 
65 7 33 93 8 2 46 47 66 87 37 76 57 92 11 75 24 8 15 88 99 46 38 12 99 85 58 35 97 88 28 53 100 77 57 43 7 49 100 9 98 54 84 56 48 56 93 17 73 89 47 91 21 7 44 69 34 66 41 24 33 17 49 57 91 88 80 12 28 27 28 64 66 18 34 64 29 90 84 45 89 9 85 7 84 79 30 96 75 53 91 62 78 67 37 21 28 66 60 80 30 79 27 5 83 14 79 14 75 68 42 11 100 80 67 83 34 5 47 17 61 16 97 26 86 94 47 52 
24 84 83 89 26 78 73 93 7 67 93 34 11 40 17 67 95 28 19 93 88 37 66 95 83 83 14 46 44 94 33 85 47 70 94 85 79 96 84 57 71 44 31 5 64 43 36 89 47 38 67 68 36 91 100 83 11 94 59 51 94 74 23 16 86 20 42 23 62 36 35 78 83 88 35 52 34 48 37 80 20 15 63 48 14 36 10 13 35 35 61 5 19 40 5 90 51 93 86 49 51 42 6 100 67 33 72 68 3 41 77 100 18 93 27 2 75 56 13 13 100 75 87 37 58 17 38 19 
83 49 56 73 33 98 72 70 70 19 70 68 16 86 42 12 41 4 61 26 63 87 83 94 88 61 70 1 18 65 11 55 63 42 58 85 79 71 17 12 88 14 76 87 45 38 59 36 23 30 25 15 81 77 25 51 7 50 81 90 31 83 97 29 51 97 20 94 76 82 54 85 36 56 30 56 41 31 23 82 64 92 40 72 97 84 84 86 1 29 62 36 1 43 48 23 13 34 96 16 4 72 13 45 72 30 70 90 20 1 97 35 92 78 58 27 25 51 59 55 55 44 12 92 50 59 28 43 
91 54 80 27 56 8 55 39 35 52 91 71 55 1 25 99 31 43 29 64 8 56 98 47 14 34 51 15 91 41 82 75 4 47 78 76 36 40 32 22 24 40 62 62 80 97 76 9 30 88 82 52 33 89 97 73 65 85 43 81 45 1 40 47 25 16 85 71 19 20 94 69 9 20 35 57 21 84 60 11 81 41 26 12 80 58 28 53 94 9 54 9 71 60 86 64 69 19 91 14 99 15 75 6 62 62 53 30 75 11 68 72 13 90 25 37 34 24 5 6 87 90 37 70 91 58 32 27 
1 1 -1 1 1 -1 -1 -1 1 -1 -1 1 1 -1 -1 -1 1 1 -1 -1 1 -1 -1 -1 1 1 1 -1 1 -1 -1 1 -1 -1 1 1 1 1 1 -1 1 1 1 1 -1 1 1 -1 -1 -1 1 -1 1 1 1 -1 1 1 -1 1 -1 -1 1 1 1 -1 1 -1 1 1 -1 -1 -1 1 -1 -1 -1 -1 -1 -1 -1 1 1 1 1 1 -1 -1 -1 -1 1 1 -1 1 -1 -1 -1 -1 1 1 -1 1 1 1 -1 -1 -1 1 1 -1 1 1 -1 -1 -1 1 1 1 -1 1 -1 1 1 1 -1 -1 -1 -1 
1 1 -1 -1 1 -1 1 1 -1 1 -1 -1 1 -1 1 1 -1 -1 1 -1 -1 -1 -1 1 -1 -1 -1 -1 -1 1 -1 1 -1 1 -1 -1 -1 1 -1 1 1 -1 1 1 -1 1 -1 -1 -1 1 1 -1 -1 1 1 1 -1 1 1 -1 1 1 1 -1 1 -1 1 1 1 -1 1 -1 1 1 -1 1 -1 1 1 1 1 -1 1 1 1 1 1 1 1 -1 1 -1 1 1 -1 -1 1 -1 -1 -1 1 1 1 1 1 -1 1 1 -1 1 -1 1 1 -1 -1 -1 -1 1 1 -1 1 -1 -1 -1 -1 1 -1 1 
-1 -1 1 -1 -1 1 -1 -1 1 1 -1 1 -1 -1 -1 1 -1 -1 -1 -1 -1 1 1 1 1 -1 1 -1 1 1 -1 1 1 1 -1 -1 1 -1 1 -1 1 -1 -1 1 -1 -1 1 1 1 -1 1 1 1 -1 1 1 -1 -1 1 -1 1 -1 1 1 1 1 -1 1 -1 1 -1 -1 -1 1 -1 -1 -1 -1 1 -1 -1 1 -1 1 1 -1 1 1 1 1 -1 -1 1 1 -1 1 -1 -1 -1 -1 -1 -1 -1 1 1 -1 1 -1 -1 -1 -1 1 1 1 -1 1 1 1 -1 -1 -1 1 1 -1 -1 -1 -1 1 
1 -1 -1 -1 1 1 1 -1 -1 -1 1 1 1 1 -1 1 1 -1 -1 -1 -1 -1 1 1 -1 1 -1 -1 1 -1 1 -1 -1 1 1 -1 1 1 -1 -1 1 1 -1 1 1 1 -1 -1 1 -1 1 1 -1 -1 -1 1 1 1 -1 -1 -1 1 -1 -1 -1 1 1 1 1 -1 1 1 1 1 1 1 1 -1 1 -1 1 1 1 -1 1 -1 -1 -1 1 -1 1 -1 1 -1 1 -1 1 1 1 -1 1 1 -1 1 1 -1 1 1 -1 -1 1 -1 -1 -1 -1 -1 1 -1 -1 -1 1 -1 1 -1 -1 1 -1 1 
1 1 -1 1 1 -1 1 1 1 1 1 1 -1 -1 -1 -1 -1 -1 -1 1 1 1 1 1 -1 -1 -1 -1 -1 1 -1 1 -1 -1 1 1 -1 1 -1 -1 -1 1 1 1 -1 -1 1 1 -1 1 1 -1 -1 1 -1 1 -1 -1 -1 -1 1 1 -1 1 1 -1 1 -1 -1 1 -1 1 -1 -1 -1 -1 1 -1 -1 1 1 -1 -1 -1 -1 1 -1 -1 1 -1 -1 -1 -1 1 -1 1 -1 -1 1 -1 1 1 1 -1 -1 1 -1 -1 1 -1 1 1 1 -1 -1 -1 -1 -1 -1 -1 1 -1 -1 -1 1 1 -1 1 
-1 -1 1 1 -1 -1 -1 -1 1 -1 1 1 1 1 -1 -1 1 -1 1 1 1 -1 -1 1 -1 -1 1 1 -1 -1 -1 1 -1 1 1 -1 1 1 -1 1 1 1 -1 1 -1 -1 1 -1 1 1 -1 1 -1 1 -1 1 1 -1 1 1 1 1 -1 -1 -1 1 -1 1 1 -1 1 1 1 -1 -1 1 1 -1 1 -1 -1 1 1 -1 1 1 -1 -1 1 1 -1 -1 -1 1 1 -1 -1 1 -1 -1 -1 -1 -1 -1 1 1 1 1 -1 -1 1 -1 -1 1 1 1 -1 -1 -1 -1 -1 1 1 -1 1 1 1 1 
-1 1 -1 1 1 -1 1 1 -1 -1 -1 1 -1 1 -1 -1 1 1 1 1 -1 -1 -1 1 -1 -1 -1 -1 1 -1 1 1 1 -1 1 1 1 1 -1 -1 -1 1 1 1 -1 1 -1 -1 1 -1 -1 1 1 1 -1 1 -1 -1 1 1 -1 1 1 1 1 -1 -1 -1 1 -1 1 1 -1 1 1 1 1 -1 -1 1 1 1 1 -1 -1 1 -1 -1 1 1 -1 -1 1 -1 -1 1 -1 -1 1 1 1 1 -1 -1 -1 1 1 1 1 1 -1 -1 1 -1 1 -1 1 1 1 -1 1 -1 -1 -1 -1 1 1 -1 
-1 1 -1 -1 1 -1 1 -1 1 -1 -1 1 -1 1 -1 -1 -1 -1 -1 -1 1 1 1 -1 1 1 1 1 1 -1 -1 -1 -1 -1 -1 -1 -1 -1 1 -1 1 -1 1 -1 1 1 1 -1 -1 1 1 1 1 -1 -1 1 1 1 -1 1 -1 1 1 1 1 -1 1 -1 -1 -1 -1 1 1 -1 1 -1 1 -1 1 1 1 -1 -1 1 -1 -1 1 1 1 1 1 -1 1 1 1 1 1 -1 1 -1 -1 -1 1 1 1 1 -1 -1 1 -1 1 1 -1 1 1 -1 -1 -1 -1 1 1 -1 1 1 -1 1 1 1 
1 -1 1 -1 1 1 -1 1 -1 -1 1 -1 1 1 1 1 1 -1 -1 1 -1 -1 -1 -1 1 -1 -1 -1 1 -1 1 1 -1 1 1 -1 1 1 1 -1 -1 -1 1 -1 1 1 1 -1 -1 -1 1 1 -1 -1 -1 1 1 1 -1 1 -1 1 -1 1 1 1 1 1 -1 -1 1 -1 1 1 -1 -1 -1 -1 -1 1 -1 -1 -1 -1 -1 1 1 1 -1 -1 1 -1 -1 1 1 1 -1 1 1 -1 1 1 -1 1 -1 1 -1 -1 -1 -1 1 1 -1 -1 -1 1 -1 -1 -1 -1 -1 1 1 -1 -1 1 1 -1 
-1 1 1 -1 1 -1 -1 -1 -1 1 -1 1 -1 1 1 1 1 -1 1 -1 -1 1 1 1 1 -1 1 1 1 -1 1 -1 -1 1 1 -1 -1 -1 1 1 1 -1 -1 1 -1 -1 1 1 -1 -1 1 1 1 -1 1 1 -1 -1 -1 1 -1 1 1 1 -1 -1 -1 1 1 1 -1 -1 1 -1 1 -1 -1 1 1 -1 1 1 -1 1 -1 1 1 1 1 -1 -1 -1 1 -1 -1 1 -1 1 1 -1 -1 1 -1 1 -1 1 1 1 -1 1 1 -1 1 1 1 -1 1 1 -1 1 1 -1 -1 1 1 -1 -1 1 
-1 -1 -1 1 1 1 -1 -1 1 -1 1 1 -1 1 1 1 1 1 -1 -1 -1 -1 -1 -1 -1 -1 -1 -1 1 1 -1 1 1 -1 1 1 1 -1 1 1 1 1 1 -1 -1 1 -1 1 -1 1 -1 -1 -1 1 -1 -1 1 -1 1 -1 1 1 1 1 1 -1 1 -1 1 1 1 -1 1 1 -1 1 1 1 1 1 1 1 1 1 -1 1 1 -1 -1 -1 1 1 -1 -1 1 1 -1 -1 1 1 -1 -1 -1 1 1 1 1 -1 1 1 1 1 1 -1 -1 -1 1 1 -1 -1 1 -1 -1 -1 -1 1 1 -1 
1 -1 1 1 1 1 1 1 -1 1 1 -1 -1 -1 -1 -1 1 -1 -1 -1 1 -1 -1 -1 -1 1 -1 1 1 -1 1 1 1 1 -1 -1 1 -1 -1 1 1 1 -1 -1 1 1 1 -1 1 -1 1 -1 1 -1 -1 -1 -1 -1 -1 1 1 1 1 -1 -1 -1 -1 -1 -1 1 -1 1 -1 1 -1 -1 1 1 -1 1 1 1 1 -1 -1 -1 1 -1 -1 -1 -1 1 -1 1 -1 -1 1 1 1 1 1 -1 -1 1 -1 -1 -1 1 -1 1 -1 1 -1 -1 1 1 1 1 1 -1 1 1 1 -1 1 1 -1 1 
1 1 -1 1 -1 1 -1 -1 1 -1 -1 -1 1 -1 1 -1 -1 1 1 -1 1 1 -1 1 -1 1 1 1 -1 -1 -1 -1 -1 1 -1 -1 -1 -1 1 -1 1 1 1 1 -1 -1 1 1 -1 -1 -1 -1 -1 -1 -1 1 -1 -1 1 -1 -1 -1 1 -1 1 1 -1 -1 -1 1 -1 -1 -1 -1 1 1 -1 -1 -1 1 -1 1 -1 1 -1 -1 1 -1 -1 1 -1 1 -1 -1 1 -1 -1 1 -1 -1 1 1 1 1 -1 1 1 1 -1 1 1 1 -1 1 1 1 -1 -1 1 1 1 1 -1 1 -1 1 -1 -1 
-1 -1 -1 1 -1 1 1 1 1 1 1 -1 -1 -1 -1 -1 1 -1 -1 1 1 1 1 -1 -1 1 1 1 1 1 1 -1 1 1 1 1 -1 1 1 1 -1 1 -1 1 -1 -1 1 -1 -1 1 1 -1 -1 1 1 1 -1 1 1 1 1 1 -1 1 1 1 1 1 1 1 1 1 -1 -1 1 -1 -1 -1 -1 -1 1 1 -1 -1 -1 1 1 1 1 -1 1 1 -1 1 1 -1 1 1 -1 -1 1 -1 1 -1 -1 1 -1 -1 1 1 1 1 1 1 1 -1 1 -1 -1 -1 1 -1 -1 1 -1 1 1 -1 
-1 1 -1 -1 -1 -1 -1 -1 1 1 1 -1 1 -1 -1 1 -1 -1 1 1 1 1 1 -1 1 -1 1 -1 -1 -1 1 1 -1 -1 -1 -1 1 -1 1 1 1 -1 -1 1 1 -1 1 1 -1 -1 -1 -1 -1 1 -1 1 1 -1 -1 -1 1 -1 1 1 1 1 -1 1 1 1 1 -1 -1 1 1 -1 -1 1 1 -1 -1 -1 1 -1 -1 1 1 1 -1 -1 -1 -1 1 -1 1 1 1 1 -1 -1 1 1 -1 1 1 1 -1 -1 1 1 -1 -1 -1 1 1 -1 1 1 -1 -1 -1 1 -1 -1 -1 -1 -1 1 
-1 1 1 1 -1 -1 -1 -1 1 1 1 -1 -1 -1 1 -1 -1 -1 -1 -1 -1 1 1 -1 -1 1 1 -1 1 1 -1 1 1 -1 1 -1 1 -1 1 1 -1 -1 1 -1 -1 1 -1 -1 1 -1 -1 -1 -1 1 1 1 1 -1 -1 1 1 1 1 -1 -1 1 1 -1 1 -1 -1 1 1 -1 1 1 1 -1 1 1 1 -1 -1 -1 1 1 1 -1 -1 1 1 -1 1 1 -1 1 1 -1 1 1 -1 -1 1 -1 -1 1 1 -1 1 1 -1 1 1 1 1 1 1 1 1 1 1 1 -1 1 -1 1 -1 -1 
1 -1 -1 1 -1 1 1 -1 1 1 1 1 -1 1 -1 -1 1 1 -1 1 1 1 -1 -1 -1 -1 -1 -1 1 -1 1 -1 1 1 1 1 1 -1 -1 -1 1 -1 -1 1 -1 -1 1 -1 1 1 -1 -1 1 -1 -1 -1 -1 -1 1 -1 1 -1 1 -1 1 1 1 1 1 -1 1 -1 -1 -1 1 -1 -1 1 -1 -1 1 -1 1 1 -1 -1 1 1 -1 1 -1 -1 -1 1 -1 -1 1 -1 1 -1 1 1 -1 -1 1 1 -1 1 -1 1 1 -1 -1 1 -1 1 1 -1 1 1 -1 -1 -1 1 -1 1 1 1 
1 -1 -1 -1 -1 -1 1 -1 -1 -1 1 -1 1 -1 -1 -1 1 1 1 1 1 1 1 -1 1 -1 1 1 1 1 -1 1 1 -1 -1 1 1 1 -1 1 1 1 1 -1 -1 1 1 -1 -1 1 -1 1 1 -1 -1 -1 1 -1 1 -1 1 -1 1 -1 -1 -1 1 -1 1 -1 1 1 -1 -1 -1 -1 1 -1 1 -1 -1 -1 -1 -1 -1 1 1 -1 1 -1 -1 1 1 1 -1 1 1 1 1 1 1 1 -1 -1 -1 -1 1 -1 1 -1 -1 1 -1 -1 1 1 1 -1 1 1 -1 1 1 1 1 1 1 1 
-1 1 -1 -1 -1 1 1 -1 -1 1 -1 -1 1 -1 1 -1 -1 1 -1 1 -1 1 -1 -1 -1 -1 1 1 -1 -1 1 -1 -1 -1 -1 1 1 1 1 -1 1 -1 -1 -1 -1 1 -1 -1 1 1 1 -1 1 1 1 1 1 1 -1 1 -1 1 -1 1 1 -1 -1 1 1 1 1 -1 1 1 -1 1 -1 -1 1 1 1 1 -1 1 -1 1 1 -1 1 -1 -1 1 -1 -1 -1 -1 1 1 -1 1 1 1 1 1 1 1 -1 -1 -1 1 -1 -1 -1 1 1 -1 -1 -1 -1 -1 -1 -1 -1 1 -1 -1 -1 1 
-1 -1 -1 -1 1 1 1 -1 1 -1 -1 -1 -1 1 1 -1 1 1 1 -1 -1 1 1 -1 1 1 -1 1 1 -1 -1 1 1 1 -1 -1 1 1 1 1 -1 1 -1 1 1 -1 -1 1 1 -1 1 1 -1 -1 -1 1 1 1 1 -1 -1 1 -1 -1 -1 -1 1 1 -1 1 -1 1 1 -1 1 1 1 -1 1 1 1 -1 1 -1 -1 1 -1 -1 1 -1 -1 -1 1 -1 1 1 -1 1 -1 1 1 -1 -1 -1 1 1 -1 1 -1 -1 1 -1 1 -1 1 1 1 -1 1 -1 1 1 -1 1 1 1 -1 1 
1 -1 -1 -1 1 1 -1 1 -1 -1 -1 1 1 1 1 -1 1 1 -1 -1 1 1 -1 -1 -1 1 -1 1 1 1 1 -1 1 1 -1 1 -1 -1 -1 1 1 1 -1 1 -1 1 -1 -1 -1 -1 1 -1 -1 -1 -1 -1 1 1 1 -1 -1 1 1 1 -1 1 1 -1 1 1 1 1 -1 1 1 -1 1 -1 -1 1 -1 1 1 -1 -1 1 -1 -1 -1 1 -1 -1 -1 -1 -1 1 1 1 1 1 -1 -1 1 -1 1 1 -1 1 -1 -1 -1 1 -1 1 -1 1 -1 1 1 1 1 1 1 -1 1 1 -1 -1 
-1 -1 1 -1 1 -1 -1 1 -1 1 -1 -1 1 1 1 1 1 1 1 1 1 1 1 -1 -1 1 1 -1 -1 -1 1 -1 1 -1 -1 -1 1 -1 1 1 1 -1 1 -1 1 1 1 1 1 1 -1 -1 -1 -1 1 -1 -1 1 1 -1 -1 1 1 1 -1 1 -1 -1 1 1 -1 1 -1 -1 1 -1 -1 -1 1 1 1 1 1 1 1 -1 -1 1 1 -1 1 1 -1 -1 -1 -1 1 1 1 1 1 -1 -1 1 -1 1 -1 1 -1 1 1 1 -1 1 -1 -1 -1 -1 -1 -1 1 1 -1 -1 -1 -1 1 1 
-1 -1 1 1 1 -1 -1 1 -1 1 -1 -1 -1 1 1 1 -1 1 -1 1 -1 1 1 1 1 1 -1 1 1 1 1 1 1 -1 1 -1 1 1 1 -1 1 -1 1 -1 1 -1 1 -1 1 -1 -1 -1 -1 -1 1 1 -1 -1 1 1 -1 -1 -1 -1 -1 1 -1 1 1 -1 -1 -1 1 1 -1 1 1 1 -1 -1 -1 1 -1 1 1 1 1 1 -1 1 1 1 1 1 -1 1 -1 -1 1 -1 -1 -1 1 1 -1 1 -1 -1 -1 1 -1 -1 -1 1 1 1 1 -1 -1 -1 -1 -1 -1 -1 -1 -1 1 1 
-1 1 1 1 1 1 1 -1 -1 1 -1 -1 1 -1 -1 -1 -1 -1 -1 -1 -1 -1 1 1 1 1 -1 -1 -1 -1 -1 -1 1 1 -1 1 1 -1 1 1 -1 1 1 1 1 -1 -1 -1 1 1 -1 -1 1 -1 1 1 1 1 -1 -1 -1 -1 1 1 -1 1 -1 1 -1 1 -1 1 1 -1 -1 1 1 1 -1 1 1 -1 1 1 1 1 1 -1 1 1 -1 -1 -1 -1 -1 -1 -1 1 -1 1 1 -1 -1 -1 -1 1 1 -1 1 1 1 1 1 -1 1 1 -1 -1 -1 1 1 -1 1 -1 1 1 1 -1 
1 -1 1 -1 -1 -1 -1 1 1 1 -1 -1 -1 -1 1 -1 -1 1 -1 1 -1 -1 1 1 -1 -1 -1 -1 -1 -1 -1 1 -1 1 -1 -1 1 -1 -1 -1 -1 1 1 -1 -1 1 1 1 -1 -1 1 1 -1 -1 1 -1 -1 -1 -1 -1 1 -1 -1 1 1 1 -1 1 -1 -1 1 -1 -1 1 -1 -1 -1 1 1 -1 1 -1 -1 1 -1 1 1 1 -1 1 -1 -1 -1 1 -1 1 -1 -1 -1 1 -1 1 1 1 -1 1 1 1 1 -1 -1 -1 1 1 -1 -1 -1 1 1 -1 -1 1 -1 1 1 1 1 1 
1 -1 -1 1 -1 -1 -1 1 -1 -1 -1 1 1 1 -1 1 -1 -1 -1 1 1 1 1 1 -1 1 -1 1 -1 1 -1 1 1 1 1 -1 1 1 -1 -1 1 -1 -1 -1 -1 -1 1 -1 1 -1 -1 1 -1 1 1 1 1 1 -1 -1 1 -1 1 1 1 -1 1 1 1 1 -1 -1 -1 1 1 -1 1 1 -1 -1 1 1 1 1 -1 -1 1 1 1 -1 -1 1 1 1 -1 -1 1 1 -1 -1 -1 -1 1 1 -1 -1 -1 -1 1 -1 -1 -1 1 1 -1 -1 1 1 1 -1 1 -1 1 -1 1 1 1 1 
1 -1 1 -1 -1 1 -1 1 -1 1 -1 -1 1 1 1 1 -1 1 1 -1 -1 1 -1 -1 -1 -1 -1 1 1 1 1 -1 1 -1 1 -1 1 1 1 1 1 -1 -1 -1 -1 1 1 -1 1 -1 -1 1 -1 1 -1 -1 -1 1 1 1 -1 -1 -1 -1 1 1 -1 -1 -1 -1 -1 -1 -1 1 1 -1 -1 -1 1 -1 1 1 1 -1 1 -1 -1 -1 -1 1 -1 1 1 -1 -1 1 1 -1 -1 1 -1 -1 -1 -1 1 -1 1 1 -1 1 1 -1 -1 1 -1 1 -1 1 1 -1 -1 -1 -1 1 1 1 -1 -1 
-1 -1 -1 -1 -1 1 -1 1 -1 1 -1 1 1 1 -1 -1 -1 1 1 1 1 -1 1 -1 -1 1 1 1 1 1 1 -1 1 1 -1 -1 -1 1 1 -1 -1 -1 1 1 -1 1 -1 -1 1 -1 1 -1 1 -1 -1 -1 1 1 -1 1 -1 1 1 -1 -1 -1 -1 1 1 1 1 -1 -1 -1 -1 1 1 1 -1 1 1 -1 1 -1 -1 -1 1 1 -1 1 -1 -1 -1 -1 -1 -1 -1 1 -1 -1 1 1 1 1 1 1 -1 1 -1 1 1 1 -1 1 1 -1 1 -1 1 -1 -1 1 -1 1 -1 -1 -1 -1 
1 -1 1 1 -1 -1 1 1 1 1 1 1 -1 1 -1 1 1 1 -1 1 1 -1 1 -1 -1 -1 1 1 1 1 -1 1 -1 -1 -1 1 1 1 1 -1 1 -1 -1 1 -1 -1 1 1 -1 1 1 1 -1 1 1 -1 -1 1 -1 -1 -1 1 -1 1 1 1 1 1 1 1 1 -1 1 1 1 -1 1 1 1 -1 -1 -1 -1 -1 -1 -1 1 1 1 -1 -1 -1 -1 -1 -1 1 1 1 -1 1 1 1 1 -1 1 -1 1 1 -1 -1 -1 -1 -1 1 1 -1 -1 1 1 -1 1 -1 1 1 -1 1 -1 1 
-1 1 1 -1 1 -1 -1 -1 -1 -1 1 -1 -1 1 -1 1 -1 1 -1 -1 1 -1 1 -1 -1 1 1 1 1 -1 1 1 -1 1 1 1 -1 -1 1 -1 -1 -1 1 -1 -1 1 -1 -1 -1 -1 1 -1 1 1 -1 -1 -1 1 1 -1 -1 -1 1 -1 -1 1 1 -1 1 -1 1 1 1 -1 1 1 -1 -1 1 1 1 1 1 1 1 -1 1 -1 1 1 -1 1 1 -1 1 1 -1 1 1 1 1 -1 -1 1 1 -1 1 -1 -1 -1 1 -1 -1 -1 1 1 -1 1 1 1 -1 1 -1 -1 -1 1 -1 1 
-1 -1 -1 1 -1 -1 1 -1 1 1 -1 1 -1 1 1 -1 1 -1 1 -1 1 1 1 -1 -1 -1 1 1 -1 1 -1 -1 -1 -1 1 1 -1 1 -1 1 -1 1 -1 -1 -1 1 -1 -1 1 -1 1 -1 -1 1 -1 1 -1 -1 1 1 1 1 1 -1 -1 1 -1 1 -1 -1 1 1 1 1 -1 1 -1 1 1 1 -1 -1 -1 -1 -1 1 1 -1 1 1 -1 1 -1 1 -1 1 1 1 1 -1 -1 -1 -1 -1 1 1 -1 -1 -1 1 -1 1 -1 -1 -1 -1 1 -1 -1 1 1 -1 -1 -1 1 -1 1 1 
1 1 1 -1 1 1 1 -1 1 -1 1 1 -1 -1 1 1 -1 1 -1 1 -1 -1 1 -1 1 1 -1 -1 1 1 -1 -1 1 1 1 -1 1 1 -1 -1 1 1 -1 -1 -1 -1 1 -1 -1 -1 -1 -1 1 1 -1 -1 -1 1 -1 -1 -1 1 1 -1 1 1 1 -1 -1 1 -1 -1 1 -1 1 -1 1 1 1 1 1 -1 1 -1 -1 -1 1 -1 1 -1 -1 1 1 -1 -1 1 1 1 -1 -1 1 -1 -1 -1 1 -1 -1 -1 1 1 1 -1 1 1 -1 -1 1 1 1 -1 -1 1 -1 -1 -1 1 -1 -1 
-1 -1 1 -1 -1 -1 1 -1 -1 -1 1 1 -1 1 -1 1 1 1 -1 1 1 1 1 1 -1 1 1 1 -1 -1 -1 1 -1 -1 -1 1 1 -1 1 -1 -1 1 -1 -1 -1 -1 1 -1 -1 -1 -1 1 -1 -1 -1 1 1 1 1 1 -1 -1 -1 1 -1 1 -1 -1 -1 -1 1 1 1 1 -1 1 1 1 -1 -1 1 -1 1 1 -1 -1 1 1 -1 1 -1 1 1 1 1 1 1 -1 -1 -1 1 1 -1 -1 1 1 1 -1 -1 1 -1 -1 -1 1 -1 -1 -1 -1 1 1 -1 -1 -1 1 -1 1 -1 1 
-1 1 1 1 -1 1 -1 -1 1 1 -1 1 1 1 -1 -1 1 -1 -1 1 1 -1 -1 1 1 1 -1 1 -1 1 -1 1 -1 -1 1 1 -1 1 -1 1 -1 -1 1 1 -1 -1 1 1 1 1 1 1 1 1 1 1 1 1 1 -1 -1 1 -1 -1 1 -1 1 1 1 1 -1 1 1 1 1 -1 1 -1 -1 1 1 1 -1 1 1 -1 -1 1 1 1 1 1 -1 -1 1 1 -1 1 -1 1 1 1 1 -1 1 -1 1 1 1 1 -1 -1 1 -1 -1 -1 1 1 -1 1 -1 1 -1 1 1 1 -1 1 
1 -1 -1 1 1 1 1 -1 1 1 1 -1 -1 1 -1 1 1 -1 -1 -1 -1 -1 1 -1 -1 1 1 -1 -1 1 1 1 -1 1 1 -1 -1 -1 -1 1 1 1 -1 -1 -1 1 1 -1 -1 -1 -1 -1 -1 1 1 -1 1 1 1 1 1 -1 1 -1 1 -1 1 -1 1 1 1 -1 1 -1 -1 -1 1 -1 1 -1 1 -1 -1 -1 -1 1 1 -1 1 1 1 -1 -1 -1 1 -1 -1 1 -1 1 1 -1 1 -1 -1 -1 1 1 1 -1 1 -1 -1 1 1 1 1 -1 1 -1 1 1 -1 1 1 1 -1 -1 
1 -1 -1 -1 1 -1 1 -1 -1 -1 1 -1 -1 1 -1 -1 1 1 1 -1 1 -1 -1 1 -1 -1 -1 -1 1 1 1 -1 1 1 -1 -1 -1 1 -1 1 1 1 -1 -1 1 -1 -1 -1 1 -1 1 -1 -1 -1 1 1 1 1 1 -1 -1 -1 -1 1 1 1 -1 1 -1 -1 -1 1 -1 -1 1 -1 -1 -1 -1 -1 -1 -1 1 -1 -1 -1 1 1 1 1 1 1 -1 -1 1 -1 -1 -1 -1 1 1 1 1 -1 -1 -1 -1 1 1 -1 -1 -1 1 -1 1 -1 -1 -1 1 1 -1 -1 1 -1 1 1 1 1 
1 -1 1 1 -1 1 1 -1 1 -1 1 1 -1 -1 1 1 1 1 1 1 -1 1 1 1 1 1 1 -1 1 -1 -1 1 1 -1 -1 -1 1 -1 1 -1 1 1 1 1 -1 1 1 -1 -1 1 1 1 1 -1 1 1 -1 -1 1 1 -1 1 -1 -1 1 -1 1 -1 -1 -1 -1 1 -1 1 1 1 -1 -1 -1 1 -1 -1 1 1 -1 -1 -1 -1 1 1 1 -1 -1 1 -1 1 1 1 1 1 1 -1 -1 -1 1 1 -1 1 1 1 1 1 -1 -1 1 -1 1 -1 1 -1 -1 -1 1 1 -1 1 1 -1 
1 1 -1 1 1 1 1 -1 1 -1 -1 -1 -1 1 -1 -1 -1 1 1 1 -1 -1 1 -1 -1 1 1 1 1 -1 1 1 -1 1 -1 1 -1 1 1 1 -1 1 -1 -1 -1 -1 1 1 -1 1 -1 1 1 1 -1 -1 1 1 -1 -1 1 1 1 -1 1 1 -1 1 1 -1 -1 1 1 -1 1 1 -1 -1 -1 1 1 1 1 -1 -1 -1 -1 -1 1 -1 1 1 1 1 1 1 1 1 -1 1 1 1 1 -1 1 1 -1 -1 -1 -1 -1 1 -1 1 -1 -1 -1 -1 1 -1 -1 1 -1 -1 -1 1 -1 1 
1 -1 1 -1 -1 -1 -1 1 1 1 1 -1 1 1 1 1 -1 -1 1 1 -1 1 1 1 -1 -1 1 1 1 1 -1 -1 1 -1 -1 -1 1 1 1 1 -1 -1 1 -1 -1 1 -1 1 1 -1 1 1 -1 -1 1 -1 1 1 -1 1 1 -1 1 1 1 1 1 1 -1 1 1 -1 -1 -1 1 1 1 1 -1 1 1 1 1 -1 -1 -1 1 -1 1 -1 1 1 -1 1 -1 -1 1 1 1 -1 -1 -1 -1 1 1 -1 1 1 -1 1 -1 -1 1 -1 -1 -1 -1 -1 1 -1 1 -1 1 1 1 1 -1 1 
-1 1 -1 -1 -1 1 -1 -1 -1 1 1 1 -1 1 1 1 -1 1 -1 1 1 1 -1 1 -1 -1 1 -1 -1 -1 1 -1 -1 1 1 1 -1 1 1 -1 -1 1 1 -1 -1 1 -1 1 -1 -1 1 1 1 1 1 1 -1 1 -1 1 1 -1 -1 1 1 1 1 1 -1 1 1 -1 1 -1 1 -1 1 1 -1 1 1 -1 1 -1 1 -1 1 1 -1 1 1 -1 1 -1 -1 1 1 -1 -1 1 -1 -1 -1 -1 -1 1 1 1 1 -1 1 -1 -1 -1 -1 -1 -1 -1 -1 1 1 1 1 -1 -1 -1 -1 1 
1 1 1 1 -1 1 -1 1 -1 1 1 1 1 -1 1 -1 1 1 1 -1 1 1 1 -1 -1 1 1 -1 1 -1 -1 1 -1 -1 1 1 1 -1 -1 -1 1 -1 -1 -1 -1 1 1 -1 1 1 1 1 1 1 -1 1 -1 1 1 -1 1 1 -1 -1 1 -1 1 -1 1 -1 -1 -1 1 1 1 1 -1 1 1 1 -1 -1 1 1 -1 -1 1 -1 -1 1 -1 1 1 1 1 1 -1 -1 -1 -1 -1 -1 1 -1 -1 -1 1 -1 -1 1 -1 -1 -1 1 1 -1 1 1 -1 -1 1 -1 -1 1 -1 1 1 -1 
1 -1 -1 1 1 1 1 -1 -1 -1 1 1 1 1 -1 -1 -1 1 -1 1 1 -1 -1 1 1 -1 -1 -1 -1 -1 1 1 1 -1 1 1 1 1 -1 1 -1 1 -1 1 -1 1 -1 -1 1 -1 1 1 -1 1 -1 1 -1 1 1 1 1 1 1 1 -1 1 -1 -1 -1 -1 -1 1 -1 1 1 1 -1 1 -1 -1 -1 -1 -1 1 1 -1 -1 -1 1 -1 -1 1 -1 -1 1 -1 1 1 -1 1 -1 1 -1 1 -1 -1 1 1 1 1 1 1 1 -1 -1 1 -1 -1 -1 -1 1 1 -1 1 -1 1 1 1 
1 1 -1 -1 1 -1 1 1 1 -1 1 -1 1 -1 -1 1 -1 1 -1 -1 -1 1 1 1 1 -1 -1 1 -1 1 -1 -1 -1 1 -1 -1 1 -1 1 1 -1 -1 1 1 -1 -1 -1 -1 1 1 -1 1 -1 1 1 -1 1 1 1 1 1 1 1 1 -1 1 -1 1 1 1 -1 -1 -1 -1 -1 1 -1 1 1 1 1 1 -1 -1 1 1 1 1 1 -1 -1 1 1 1 -1 -1 1 1 1 1 1 -1 1 -1 1 -1 1 -1 -1 1 1 -1 -1 1 1 1 -1 -1 -1 -1 1 1 -1 -1 1 1 -1 -1 
1 1 1 1 1 1 1 -1 -1 1 -1 -1 1 1 1 -1 1 -1 -1 1 1 -1 -1 1 -1 -1 -1 1 1 -1 -1 -1 -1 1 -1 -1 1 -1 -1 -1 -1 1 1 1 1 1 -1 1 -1 -1 -1 1 -1 -1 1 -1 1 1 -1 1 -1 1 1 1 -1 1 1 -1 -1 1 1 -1 1 -1 -1 -1 1 -1 -1 -1 -1 -1 1 -1 -1 -1 1 1 -1 1 -1 -1 -1 1 1 1 -1 1 -1 1 1 -1 -1 -1 1 1 1 1 -1 -1 1 -1 1 1 1 1 -1 -1 -1 -1 -1 1 -1 -1 1 -1 1 -1 
-1 -1 -1 1 -1 -1 -1 1 1 -1 -1 1 -1 -1 1 -1 -1 -1 -1 1 -1 1 1 1 -1 -1 -1 -1 -1 -1 -1 -1 -1 -1 -1 1 -1 -1 -1 -1 -1 -1 -1 1 -1 1 1 1 -1 -1 -1 1 -1 1 1 -1 -1 1 1 -1 -1 1 -1 1 -1 1 -1 1 -1 -1 1 1 -1 1 1 1 1 -1 1 1 -1 1 1 1 -1 1 1 -1 -1 -1 1 1 1 -1 -1 1 -1 1 1 1 -1 -1 -1 -1 -1 -1 1 -1 1 1 1 1 1 1 -1 -1 1 1 1 -1 -1 -1 1 1 1 -1 -1 1 
1 1 -1 1 -1 -1 1 1 1 -1 1 1 -1 -1 -1 1 -1 1 1 -1 1 1 -1 -1 1 -1 1 1 -1 1 1 -1 -1 -1 1 -1 1 -1 1 1 1 1 -1 1 1 1 -1 -1 -1 -1 1 1 1 -1 -1 1 -1 -1 -1 -1 -1 -1 1 -1 -1 -1 -1 1 1 1 1 1 -1 -1 -1 1 -1 1 -1 1 1 -1 -1 1 -1 -1 1 -1 -1 -1 -1 1 -1 -1 -1 1 -1 -1 -1 -1 1 -1 1 1 -1 1 -1 1 1 -1 1 -1 1 -1 -1 1 1 1 1 -1 -1 -1 -1 -1 -1 1 1 -1 
1 -1 1 -1 1 1 -1 1 1 1 -1 1 1 1 1 -1 1 1 -1 -1 -1 1 1 -1 1 1 1 -1 1 -1 -1 1 1 1 1 -1 1 1 -1 -1 1 -1 -1 -1 1 -1 -1 -1 -1 1 1 -1 -1 1 1 -1 1 1 -1 1 1 -1 -1 -1 1 1 -1 -1 -1 -1 -1 -1 1 1 1 1 -1 -1 1 1 -1 1 1 -1 -1 -1 1 -1 1 -1 1 -1 -1 1 -1 -1 -1 1 1 -1 -1 -1 1 1 -1 1 -1 -1 1 -1 1 1 1 1 -1 -1 -1 -1 1 1 1 1 -1 -1 1 -1 1 -1 
-1 -1 1 -1 1 -1 -1 -1 -1 1 1 -1 1 -1 1 -1 -1 -1 -1 1 -1 1 -1 -1 1 -1 -1 -1 1 -1 -1 -1 -1 1 -1 -1 -1 1 1 1 -1 -1 -1 1 1 -1 -1 -1 1 1 -1 -1 1 1 -1 -1 -1 -1 -1 -1 -1 -1 1 1 1 1 1 -1 1 -1 1 -1 -1 1 1 -1 1 -1 -1 -1 -1 1 -1 1 1 1 1 -1 -1 -1 1 1 1 -1 1 -1 1 1 1 -1 1 -1 -1 1 -1 1 -1 -1 -1 1 -1 -1 -1 1 1 1 1 -1 1 1 -1 -1 1 1 -1 1 1 1 
-1 -1 1 1 -1 1 1 -1 -1 -1 -1 1 -1 -1 -1 1 1 -1 1 1 -1 1 1 1 -1 1 1 1 -1 -1 1 -1 -1 1 -1 1 -1 -1 1 -1 1 1 1 -1 -1 -1 -1 1 1 -1 1 1 -1 -1 1 -1 -1 -1 1 1 1 -1 1 -1 -1 -1 1 -1 1 1 1 1 -1 -1 1 1 -1 1 1 -1 -1 1 1 -1 1 1 1 1 1 1 1 -1 -1 1 -1 -1 1 1 -1 1 1 1 1 1 -1 1 1 -1 -1 1 1 1 -1 1 1 -1 1 1 1 1 -1 -1 1 1 1 1 -1 1 
-1 1 -1 -1 1 1 -1 1 -1 -1 1 -1 -1 1 -1 -1 1 1 1 -1 -1 1 -1 1 -1 -1 -1 -1 1 -1 -1 -1 -1 1 -1 -1 1 1 -1 -1 1 -1 1 -1 -1 -1 1 1 -1 -1 1 -1 -1 -1 1 -1 -1 1 1 -1 1 -1 -1 1 1 1 -1 -1 1 1 1 1 1 1 -1 1 1 -1 -1 -1 -1 -1 -1 1 -1 1 1 1 1 1 1 1 -1 -1 1 1 1 -1 -1 1 -1 1 1 -1 -1 -1 1 -1 1 -1 1 -1 -1 -1 -1 1 -1 1 -1 1 1 -1 1 -1 1 -1 1 1 
1 1 1 1 1 -1 -1 1 1 1 -1 1 -1 1 -1 -1 -1 -1 1 1 1 -1 -1 -1 1 -1 -1 1 1 1 1 -1 -1 1 -1 1 1 -1 1 1 1 1 -1 -1 -1 1 1 -1 1 1 1 1 -1 1 -1 -1 -1 1 -1 -1 1 1 -1 1 1 -1 1 -1 1 1 1 1 1 -1 1 -1 1 -1 -1 1 1 -1 1 -1 1 1 -1 1 1 1 -1 -1 1 -1 -1 1 -1 1 1 1 1 1 -1 1 -1 -1 -1 -1 -1 1 -1 -1 1 -1 -1 1 1 1 -1 1 1 1 -1 1 1 -1 1 1 
-1 -1 1 1 -1 1 1 1 1 1 -1 -1 -1 -1 -1 -1 -1 1 -1 1 -1 -1 -1 -1 1 1 1 -1 1 -1 -1 -1 1 1 -1 -1 1 1 1 1 1 1 1 1 1 1 -1 -1 1 -1 1 1 1 1 1 -1 1 1 -1 -1 1 -1 1 1 1 1 -1 -1 -1 1 1 -1 -1 -1 -1 -1 1 -1 1 1 1 -1 -1 -1 -1 1 -1 -1 -1 1 -1 1 -1 -1 -1 -1 1 1 -1 1 -1 -1 1 -1 1 1 1 1 1 1 1 -1 -1 1 -1 -1 1 1 -1 -1 1 -1 -1 1 -1 1 1 1 
1 -1 1 -1 -1 -1 1 1 -1 1 -1 1 -1 -1 -1 -1 1 1 1 -1 -1 -1 -1 1 -1 -1 -1 1 -1 1 -1 1 -1 1 -1 -1 1 1 -1 1 1 -1 -1 -1 -1 1 -1 1 -1 -1 -1 1 -1 -1 1 1 -1 1 -1 -1 1 -1 1 1 -1 1 -1 -1 1 1 -1 1 1 -1 1 1 1 1 -1 -1 1 1 1 -1 1 1 1 1 -1 1 1 -1 1 -1 -1 -1 -1 1 1 1 1 1 -1 1 1 -1 1 1 1 1 1 -1 -1 1 1 -1 -1 -1 -1 -1 1 1 -1 1 -1 -1 1 1 
1 1 -1 -1 1 1 1 -1 -1 -1 1 -1 -1 1 1 1 -1 -1 1 -1 -1 -1 -1 -1 -1 1 1 -1 1 1 1 1 -1 1 1 -1 -1 1 -1 1 1 1 1 -1 1 -1 1 1 -1 -1 1 1 -1 -1 1 1 -1 1 -1 1 1 1 -1 1 1 1 -1 1 1 -1 1 1 1 -1 1 -1 1 1 -1 1 -1 1 -1 -1 -1 -1 -1 1 1 -1 -1 -1 1 -1 -1 1 1 1 1 -1 1 1 1 1 1 1 -1 1 1 -1 -1 1 1 1 1 1 -1 -1 -1 -1 -1 1 -1 -1 -1 -1 -1 -1 
1 1 1 -1 -1 -1 -1 -1 -1 1 -1 -1 -1 1 -1 1 -1 -1 1 -1 -1 1 1 1 1 1 -1 -1 1 -1 -1 -1 -1 1 1 1 1 -1 1 1 -1 -1 1 1 1 -1 1 -1 1 1 -1 1 1 1 -1 1 -1 1 1 1 -1 -1 -1 1 -1 -1 1 -1 1 -1 1 1 1 -1 1 -1 -1 -1 -1 -1 1 1 -1 -1 -1 -1 -1 -1 -1 -1 -1 1 1 1 -1 -1 -1 -1 1 1 -1 1 1 -1 1 -1 -1 -1 -1 1 -1 1 -1 -1 -1 -1 -1 1 -1 1 1 1 1 -1 1 -1 -1 -1 
-1 1 1 1 1 1 1 1 1 1 -1 -1 1 1 1 1 -1 -1 1 1 -1 -1 1 1 -1 1 -1 -1 -1 -1 1 -1 1 1 -1 1 1 -1 -1 1 1 1 -1 -1 -1 1 -1 -1 -1 -1 -1 -1 1 1 1 -1 1 -1 -1 -1 -1 -1 1 1 1 1 -1 -1 1 1 1 -1 -1 1 -1 -1 1 -1 -1 1 -1 1 -1 1 1 1 -1 1 -1 -1 1 -1 -1 1 1 -1 1 1 1 -1 1 -1 1 1 -1 -1 -1 1 1 1 -1 -1 -1 1 -1 -1 -1 -1 1 1 1 1 -1 -1 1 1 -1 -1 
1 -1 -1 1 -1 1 -1 1 1 -1 1 -1 -1 -1 1 1 -1 1 1 1 1 -1 -1 1 -1 1 -1 1 -1 -1 -1 -1 1 1 1 1 -1 1 1 -1 -1 -1 1 1 -1 -1 1 -1 -1 -1 -1 1 -1 -1 -1 1 -1 -1 1 1 1 1 -1 1 -1 -1 -1 -1 -1 1 -1 1 -1 1 1 1 1 1 -1 -1 1 -1 1 -1 1 -1 -1 -1 -1 -1 1 1 -1 -1 -1 1 1 1 -1 -1 1 -1 1 1 1 1 1 1 -1 -1 -1 -1 1 1 1 -1 -1 1 -1 1 -1 -1 1 1 1 1 1 -1 
1 1 -1 1 -1 -1 -1 1 1 -1 -1 -1 -1 1 -1 -1 -1 -1 1 1 1 1 -1 1 -1 1 1 1 1 1 -1 1 1 1 1 1 -1 1 1 1 1 1 1 1 1 -1 1 -1 -1 1 1 1 1 1 1 -1 -1 1 1 1 1 1 -1 -1 1 -1 -1 -1 -1 -1 -1 -1 1 1 -1 1 -1 1 -1 -1 1 -1 1 1 -1 -1 -1 -1 1 1 1 1 -1 -1 1 1 1 -1 1 1 -1 -1 -1 -1 -1 1 1 -1 -1 1 -1 1 -1 1 1 1 -1 -1 -1 1 1 -1 1 -1 1 1 -1 -1 
-1 1 1 -1 -1 1 1 -1 -1 -1 1 -1 1 1 -1 -1 1 1 -1 1 1 1 1 -1 -1 -1 1 -1 -1 1 1 -1 1 1 1 1 1 -1 -1 -1 1 1 1 -1 1 -1 -1 -1 1 1 -1 -1 -1 -1 1 -1 1 1 -1 1 -1 1 -1 1 -1 -1 -1 1 -1 -1 1 1 -1 -1 1 -1 -1 1 1 1 1 -1 1 1 1 -1 -1 -1 1 1 -1 -1 -1 1 1 1 1 -1 -1 -1 -1 -1 1 1 -1 -1 -1 1 -1 -1 -1 -1 -1 -1 -1 1 -1 -1 1 1 -1 1 -1 -1 1 1 -1 1 
1 -1 -1 -1 -1 1 1 1 1 1 -1 1 -1 1 -1 1 -1 -1 1 -1 -1 -1 1 -1 -1 -1 1 1 -1 -1 1 -1 1 -1 1 -1 1 -1 1 1 -1 1 1 1 -1 -1 1 -1 1 -1 -1 -1 -1 1 1 -1 1 1 1 -1 -1 -1 1 1 -1 -1 1 -1 -1 -1 -1 1 -1 1 1 -1 -1 -1 -1 -1 -1 1 -1 -1 1 -1 1 -1 -1 -1 -1 -1 -1 1 1 1 1 1 -1 -1 1 1 -1 1 1 -1 1 -1 -1 1 1 1 1 1 1 -1 1 -1 1 1 1 -1 -1 -1 1 -1 -1 -1 
-1 1 1 -1 1 1 -1 -1 -1 -1 1 1 -1 1 1 1 1 1 -1 -1 -1 -1 -1 -1 1 1 -1 -1 -1 -1 1 -1 -1 -1 1 -1 -1 1 1 1 1 1 1 -1 -1 -1 1 -1 1 1 1 1 1 1 -1 -1 1 1 -1 -1 -1 1 -1 1 1 1 1 1 -1 -1 -1 1 -1 1 -1 -1 -1 1 1 1 1 -1 1 1 1 1 1 1 1 -1 -1 -1 -1 1 1 1 1 -1 -1 1 1 1 1 -1 1 -1 1 -1 1 -1 1 1 -1 -1 1 -1 -1 -1 1 1 1 1 1 -1 1 1 -1 -1 
-1 1 -1 1 1 1 1 1 1 1 1 1 -1 1 -1 1 -1 -1 1 1 1 1 -1 -1 -1 -1 -1 1 1 -1 1 1 -1 1 -1 -1 1 1 -1 -1 1 1 1 1 1 -1 -1 -1 -1 -1 1 -1 -1 1 -1 -1 1 1 1 -1 1 -1 -1 -1 -1 1 -1 -1 -1 1 1 -1 1 1 -1 -1 -1 -1 1 1 1 1 1 1 1 -1 -1 -1 1 -1 1 1 1 -1 -1 -1 1 -1 -1 -1 -1 1 -1 -1 -1 1 -1 -1 -1 1 1 -1 1 -1 1 -1 -1 1 1 -1 1 -1 -1 1 1 -1 -1 1 
1 1 1 -1 -1 -1 1 1 -1 1 1 1 1 -1 1 1 1 1 -1 -1 1 1 -1 1 -1 1 -1 1 -1 1 1 1 -1 -1 1 -1 -1 1 1 -1 -1 1 1 1 -1 1 -1 1 1 -1 -1 1 1 -1 -1 1 -1 -1 -1 1 -1 -1 1 -1 -1 1 1 -1 1 1 1 -1 -1 -1 -1 1 -1 -1 -1 -1 -1 1 1 1 -1 -1 -1 -1 1 1 1 1 -1 -1 -1 1 -1 1 1 -1 -1 1 -1 -1 1 -1 1 1 1 -1 1 1 1 -1 1 1 -1 1 -1 1 1 1 -1 -1 1 1 -1 1 
1 -1 1 -1 1 -1 1 1 1 1 1 -1 -1 1 1 -1 -1 -1 1 -1 1 1 -1 1 1 1 -1 -1 1 -1 -1 -1 1 -1 -1 1 -1 -1 1 1 -1 1 1 1 1 -1 -1 1 -1 1 1 1 1 1 1 1 1 -1 1 1 1 -1 -1 -1 1 -1 1 1 -1 -1 -1 -1 1 1 -1 -1 -1 1 -1 1 1 -1 -1 1 1 -1 1 1 1 1 1 1 1 1 1 -1 -1 -1 -1 -1 -1 1 1 1 1 -1 1 1 1 -1 -1 -1 -1 -1 1 -1 1 1 1 1 -1 1 1 1 -1 -1 -1 -1 
1 1 1 -1 1 -1 1 1 1 -1 1 -1 1 1 1 -1 1 -1 1 -1 -1 -1 -1 -1 1 1 1 -1 1 -1 -1 1 -1 1 1 1 1 1 1 1 1 -1 -1 -1 -1 -1 1 1 -1 1 1 1 -1 1 -1 1 -1 1 -1 -1 1 -1 -1 1 1 -1 -1 1 1 1 -1 1 1 -1 -1 -1 -1 1 -1 -1 1 -1 -1 -1 -1 1 1 -1 -1 1 1 -1 -1 1 1 -1 -1 -1 1 -1 1 -1 -1 -1 1 -1 -1 -1 1 1 1 1 1 -1 1 -1 1 1 -1 -1 1 -1 1 -1 1 -1 1 1 
-1 -1 1 1 -1 1 -1 -1 1 -1 -1 -1 1 1 1 1 1 -1 -1 -1 1 1 1 1 1 -1 1 -1 1 1 1 1 1 -1 -1 1 -1 1 1 1 -1 1 1 1 1 -1 1 1 -1 1 -1 1 1 1 -1 1 -1 -1 -1 -1 1 1 1 -1 -1 1 1 -1 1 1 1 -1 1 1 1 -1 1 1 1 1 1 -1 -1 1 -1 -1 -1 1 1 1 1 1 -1 -1 1 1 1 1 1 -1 1 -1 1 1 -1 -1 -1 1 1 -1 1 1 1 1 1 1 -1 -1 1 -1 -1 1 1 1 -1 1 -1 1 
1 1 -1 1 1 -1 -1 1 1 -1 1 -1 -1 1 -1 1 1 1 -1 1 1 -1 -1 -1 -1 1 -1 -1 1 1 -1 1 -1 1 1 -1 1 -1 1 1 1 -1 -1 1 -1 -1 -1 1 1 -1 1 -1 -1 -1 1 -1 -1 -1 -1 1 1 -1 1 1 -1 1 -1 1 1 1 1 1 -1 1 1 -1 1 1 -1 -1 1 1 1 -1 -1 1 -1 1 -1 -1 -1 1 -1 -1 1 -1 1 1 -1 -1 1 1 1 1 1 1 1 -1 -1 -1 1 1 1 1 1 1 -1 -1 -1 1 1 1 -1 -1 -1 1 -1 -1 
-1 1 1 1 -1 1 -1 -1 1 1 -1 -1 -1 1 1 -1 1 -1 1 1 -1 -1 1 1 1 1 -1 1 1 -1 1 -1 -1 1 -1 1 -1 1 1 1 -1 -1 1 -1 1 1 -1 -1 -1 -1 -1 -1 -1 1 -1 -1 -1 -1 1 -1 1 -1 -1 1 1 -1 1 1 1 -1 1 1 1 1 1 1 1 1 -1 1 1 1 1 1 -1 1 -1 1 1 1 -1 1 -1 -1 1 1 1 1 -1 1 -1 1 1 -1 -1 -1 1 -1 1 1 -1 -1 -1 1 -1 1 -1 -1 -1 1 1 1 -1 1 1 -1 1 1 
1 1 -1 1 -1 1 1 -1 -1 1 1 -1 -1 1 1 1 1 1 1 -1 1 1 1 -1 -1 1 -1 1 1 1 -1 -1 -1 1 1 -1 -1 1 -1 -1 1 -1 1 -1 -1 1 -1 1 1 1 1 -1 1 1 1 1 -1 -1 -1 -1 -1 -1 1 -1 1 1 1 1 1 -1 -1 1 -1 1 -1 -1 -1 1 -1 1 1 1 1 -1 -1 1 1 -1 1 1 -1 -1 -1 1 -1 1 -1 -1 -1 1 -1 1 -1 -1 1 -1 1 1 1 -1 1 -1 -1 1 1 -1 1 1 1 1 1 1 1 -1 -1 1 1 -1 
1 -1 1 -1 1 -1 -1 -1 -1 1 1 1 1 1 1 -1 -1 -1 1 1 1 1 -1 1 -1 1 -1 1 1 -1 -1 1 -1 1 1 -1 -1 -1 1 1 -1 -1 1 1 -1 1 -1 -1 1 1 1 1 1 -1 -1 1 1 -1 -1 -1 -1 1 1 -1 1 1 1 -1 -1 1 1 1 -1 -1 1 1 -1 -1 1 1 -1 -1 -1 1 1 1 -1 -1 1 1 -1 1 1 1 1 1 -1 1 1 1 1 -1 1 -1 1 -1 1 -1 1 1 -1 -1 1 1 1 -1 1 1 1 1 1 -1 -1 1 -1 -1 1 1 
-1 1 -1 1 -1 1 1 -1 1 -1 1 -1 -1 1 1 -1 1 1 1 -1 1 -1 -1 -1 1 -1 -1 1 1 1 1 -1 1 -1 1 -1 -1 -1 1 1 -1 -1 -1 1 1 1 -1 1 1 1 1 1 -1 1 1 1 -1 -1 1 -1 -1 1 1 -1 -1 1 1 1 -1 1 1 1 1 -1 1 -1 -1 -1 -1 1 1 1 -1 -1 1 1 -1 -1 -1 -1 -1 -1 1 1 1 1 -1 -1 1 -1 -1 1 -1 -1 1 1 -1 1 1 -1 1 1 1 1 -1 -1 -1 -1 -1 1 -1 -1 1 1 1 1 -1 -1 
-1 -1 -1 1 1 1 1 1 -1 -1 -1 1 -1 1 -1 1 -1 1 -1 1 1 1 -1 1 -1 -1 -1 -1 -1 1 1 -1 1 1 -1 1 1 1 -1 -1 -1 1 -1 -1 1 1 -1 -1 1 1 1 -1 1 1 1 -1 1 -1 1 1 1 -1 -1 -1 1 -1 1 1 1 1 1 -1 -1 -1 -1 -1 -1 1 1 -1 -1 -1 1 1 -1 1 1 1 -1 -1 1 -1 1 -1 -1 1 -1 -1 1 -1 -1 -1 1 1 -1 -1 -1 1 1 -1 -1 -1 1 -1 -1 1 1 1 1 1 1 -1 -1 -1 -1 -1 1 -1 
-1 1 -1 1 -1 1 -1 1 1 1 1 -1 -1 -1 -1 1 -1 -1 1 1 -1 -1 1 1 -1 -1 -1 -1 1 1 1 1 1 1 1 -1 -1 1 -1 1 1 -1 -1 1 -1 -1 1 -1 -1 1 1 -1 1 1 1 -1 -1 1 -1 -1 -1 1 -1 1 1 1 -1 1 -1 -1 1 -1 1 1 -1 1 -1 1 -1 -1 -1 -1 -1 -1 -1 1 -1 1 -1 1 1 1 1 1 -1 -1 -1 1 1 1 1 1 1 -1 1 -1 -1 -1 -1 -1 -1 -1 -1 1 -1 -1 1 1 -1 1 -1 -1 1 -1 1 1 1 -1 
1 1 1 1 -1 -1 1 -1 1 -1 1 1 -1 -1 1 -1 -1 -1 1 -1 1 -1 1 -1 1 1 1 -1 1 -1 1 -1 1 1 -1 -1 1 -1 -1 -1 1 1 -1 -1 1 -1 1 1 -1 1 -1 -1 -1 -1 -1 1 1 1 -1 1 1 1 -1 1 -1 1 1 1 1 -1 -1 -1 1 -1 1 1 -1 1 1 1 -1 -1 1 -1 1 -1 -1 1 1 1 1 -1 -1 1 1 -1 1 1 1 1 1 -1 1 1 1 -1 1 1 -1 1 1 1 -1 1 -1 -1 1 1 -1 1 1 -1 -1 1 -1 -1 -1 -1 
-1 -1 -1 1 -1 -1 1 1 -1 1 -1 -1 1 1 1 1 1 -1 -1 1 1 1 -1 -1 -1 1 1 -1 1 1 -1 1 -1 1 -1 1 1 1 1 1 1 1 -1 -1 1 -1 1 1 1 -1 1 -1 1 1 1 -1 1 -1 1 1 -1 -1 -1 -1 -1 1 1 1 -1 1 1 -1 -1 1 1 -1 -1 1 -1 1 -1 -1 1 -1 -1 1 1 1 -1 1 -1 1 -1 -1 1 -1 -1 -1 1 1 -1 -1 1 1 -1 1 1 -1 1 1 1 -1 1 -1 -1 -1 -1 -1 1 1 -1 -1 -1 1 1 1 1 -1 
-1 1 -1 1 -1 1 1 -1 -1 -1 1 -1 1 -1 -1 1 -1 -1 1 1 -1 -1 1 1 -1 -1 -1 1 -1 1 1 -1 1 -1 -1 -1 1 1 1 -1 1 1 1 -1 1 1 1 -1 1 1 -1 -1 1 -1 -1 -1 1 1 -1 -1 -1 -1 1 -1 -1 -1 -1 1 -1 1 -1 -1 1 1 -1 -1 -1 1 1 1 1 1 1 1 1 -1 1 -1 -1 -1 1 -1 1 -1 1 1 -1 -1 1 -1 -1 1 1 -1 1 -1 1 1 1 -1 1 -1 -1 1 1 1 -1 -1 -1 1 1 -1 1 -1 -1 1 1 1 
-1 -1 -1 1 1 1 1 1 -1 -1 1 1 -1 -1 -1 1 -1 1 -1 1 1 -1 1 1 -1 1 -1 1 1 -1 -1 1 1 1 1 -1 -1 -1 1 1 -1 -1 -1 1 1 -1 -1 1 -1 1 1 1 1 1 -1 1 1 -1 -1 -1 -1 -1 -1 -1 -1 1 1 1 -1 -1 -1 -1 -1 -1 -1 -1 1 -1 1 1 1 -1 1 1 -1 1 -1 1 1 -1 -1 1 1 1 1 1 1 -1 -1 1 1 1 -1 -1 -1 1 -1 -1 1 1 -1 1 1 -1 -1 -1 1 1 -1 -1 1 1 1 -1 -1 1 1 -1 
-1 1 -1 -1 -1 -1 -1 -1 -1 1 1 1 -1 -1 1 -1 1 -1 -1 -1 -1 -1 1 1 1 1 -1 1 1 -1 1 1 1 -1 -1 -1 -1 -1 1 1 1 1 1 -1 -1 1 -1 -1 1 -1 -1 -1 1 1 -1 -1 1 1 1 -1 1 -1 -1 1 1 1 1 1 1 -1 -1 1 1 1 1 1 -1 -1 -1 1 -1 1 1 1 -1 -1 -1 1 1 1 1 1 1 -1 -1 -1 -1 -1 -1 -1 1 -1 -1 -1 1 -1 1 1 -1 1 1 1 -1 1 -1 1 -1 1 -1 -1 1 1 -1 1 1 1 1 1 
-1 1 1 1 -1 1 -1 1 -1 1 1 -1 -1 -1 1 1 -1 1 1 1 -1 1 -1 -1 1 -1 1 -1 1 1 1 1 -1 -1 1 -1 -1 -1 -1 -1 1 -1 1 -1 1 -1 1 -1 1 -1 -1 1 -1 -1 -1 -1 -1 -1 1 -1 1 1 -1 -1 -1 1 -1 -1 -1 1 -1 1 -1 1 -1 1 1 -1 1 -1 1 -1 1 -1 -1 -1 1 -1 -1 1 1 1 -1 1 1 -1 -1 1 -1 -1 1 -1 -1 1 -1 1 -1 1 1 1 -1 1 -1 -1 -1 -1 -1 1 1 1 -1 -1 1 1 -1 1 -1 -1 
-1 1 -1 -1 1 -1 1 1 1 -1 1 1 1 -1 -1 1 -1 -1 1 1 1 1 -1 1 -1 -1 -1 1 -1 1 1 1 -1 1 -1 -1 1 1 1 1 1 -1 1 -1 1 1 1 -1 -1 -1 1 1 -1 1 -1 1 -1 -1 1 -1 1 1 -1 1 -1 1 -1 1 1 1 1 -1 -1 1 1 1 1 1 -1 -1 -1 -1 1 1 1 -1 -1 -1 -1 1 1 1 -1 1 -1 1 -1 -1 1 -1 1 1 1 -1 -1 -1 -1 -1 1 -1 1 1 1 -1 -1 1 -1 -1 1 1 -1 -1 1 1 1 -1 1 -1 
-1 1 -1 1 1 -1 1 1 -1 1 1 1 -1 1 -1 1 1 -1 1 1 -1 1 -1 1 1 1 1 1 -1 1 -1 1 1 1 1 -1 -1 1 1 1 -1 -1 1 -1 -1 1 -1 -1 -1 -1 1 1 1 -1 1 -1 1 1 1 -1 1 1 -1 1 1 1 1 1 1 -1 1 -1 -1 -1 -1 1 1 -1 1 -1 -1 1 1 1 -1 1 1 1 -1 1 -1 1 1 -1 1 -1 1 -1 -1 1 -1 -1 1 1 1 -1 -1 -1 1 -1 -1 1 1 1 -1 -1 -1 -1 1 -1 -1 -1 -1 1 -1 -1 1 1 
1 -1 1 1 -1 1 1 -1 -1 1 1 1 1 1 -1 -1 -1 -1 1 -1 1 1 1 -1 -1 1 1 -1 -1 1 -1 -1 -1 1 -1 -1 -1 1 1 -1 -1 -1 1 -1 1 -1 1 1 1 -1 -1 -1 1 1 1 1 -1 -1 -1 1 -1 1 1 -1 -1 -1 1 1 1 -1 1 -1 -1 -1 -1 1 -1 1 -1 -1 1 1 -1 -1 -1 1 1 -1 1 1 -1 1 1 -1 1 1 -1 -1 -1 1 1 -1 1 1 -1 -1 -1 -1 1 1 -1 1 -1 -1 -1 1 -1 1 -1 1 -1 -1 1 1 1 -1 1 1 
1 1 -1 1 -1 1 1 -1 -1 -1 1 1 -1 -1 1 -1 1 -1 -1 1 1 1 -1 1 -1 1 1 1 -1 1 -1 1 1 -1 -1 1 1 1 1 1 1 -1 -1 1 1 -1 1 -1 1 -1 1 -1 1 -1 -1 -1 1 1 1 -1 1 1 1 -1 -1 -1 1 1 1 -1 -1 1 -1 1 1 1 1 1 1 1 1 -1 1 -1 -1 1 1 -1 1 -1 -1 -1 -1 1 -1 -1 -1 1 -1 1 -1 -1 1 1 1 1 1 1 1 1 -1 -1 -1 1 1 1 1 -1 1 -1 -1 1 -1 1 1 1 1 -1 
1 1 1 -1 -1 -1 -1 1 -1 1 1 -1 1 -1 -1 -1 1 -1 1 -1 -1 1 1 1 1 1 -1 -1 -1 1 -1 -1 1 1 -1 -1 1 -1 -1 -1 1 1 -1 -1 1 1 -1 1 -1 1 -1 -1 -1 -1 -1 1 -1 1 1 -1 1 1 1 1 -1 1 -1 1 -1 1 -1 1 -1 -1 -1 1 1 1 -1 1 1 -1 -1 -1 1 1 -1 -1 1 -1 1 -1 1 1 -1 -1 1 -1 1 1 -1 1 1 1 1 -1 -1 1 1 -1 -1 -1 -1 -1 1 -1 1 -1 -1 1 -1 1 -1 1 1 1 1 -1 
1 1 1 1 -1 1 -1 -1 -1 -1 -1 -1 -1 -1 -1 1 -1 -1 -1 -1 -1 1 1 1 -1 -1 1 -1 -1 1 -1 -1 -1 1 -1 -1 -1 -1 -1 1 -1 1 1 -1 -1 -1 -1 1 1 -1 1 -1 1 -1 -1 1 1 -1 1 1 1 1 -1 1 -1 -1 -1 -1 -1 1 1 -1 -1 1 -1 1 -1 -1 -1 1 -1 -1 -1 1 -1 -1 -1 -1 1 -1 1 -1 -1 -1 1 -1 -1 -1 -1 1 -1 -1 1 -1 -1 -1 -1 1 -1 -1 1 -1 -1 1 -1 1 1 -1 -1 1 -1 1 -1 1 1 1 -1 1 
1 1 -1 -1 1 1 1 -1 1 1 1 -1 -1 1 1 1 -1 1 1 1 1 -1 1 1 1 -1 -1 -1 -1 -1 1 -1 -1 -1 1 -1 -1 -1 -1 -1 -1 -1 1 -1 1 -1 -1 1 1 1 1 1 1 -1 -1 1 -1 -1 -1 -1 1 -1 -1 -1 1 -1 1 1 1 1 1 1 1 -1 1 -1 1 -1 -1 -1 1 1 1 1 -1 -1 1 1 -1 1 -1 1 -1 1 -1 1 1 -1 -1 1 -1 -1 -1 -1 1 -1 1 -1 -1 -1 -1 1 1 -1 1 1 1 -1 -1 1 1 -1 -1 -1 -1 -1 -1 -1 
-1 1 1 -1 -1 -1 -1 1 1 1 1 1 1 1 1 1 1 1 1 -1 -1 -1 1 1 1 1 -1 1 1 1 1 1 1 -1 1 1 -1 -1 1 1 1 -1 1 1 1 1 1 1 1 1 -1 -1 1 -1 -1 -1 -1 -1 -1 1 1 -1 -1 1 1 -1 -1 -1 1 -1 -1 1 -1 -1 1 1 -1 -1 1 -1 1 1 1 -1 -1 1 -1 -1 -1 -1 -1 1 1 -1 -1 -1 -1 -1 -1 -1 -1 -1 -1 -1 -1 1 1 1 -1 -1 1 1 -1 1 -1 1 1 -1 -1 1 1 -1 1 1 -1 -1 -1 -1 
-1 1 1 -1 -1 -1 -1 1 1 1 -1 -1 -1 1 1 -1 1 -1 -1 -1 -1 1 1 -1 1 1 -1 1 1 -1 -1 -1 1 1 -1 1 -1 -1 -1 1 -1 -1 1 1 -1 -1 -1 -1 1 1 1 -1 1 1 -1 1 -1 -1 -1 -1 1 -1 -1 1 -1 1 1 1 -1 -1 -1 1 1 1 1 -1 1 1 -1 -1 1 -1 -1 -1 -1 1 -1 -1 1 -1 1 1 -1 -1 1 -1 1 -1 1 -1 1 1 -1 -1 -1 1 -1 -1 -1 -1 -1 -1 -1 -1 1 -1 -1 1 -1 -1 -1 -1 1 1 1 1 -1 -1 
-1 1 1 1 1 1 1 1 -1 1 -1 -1 -1 1 -1 -1 -1 1 1 1 -1 1 -1 1 -1 1 -1 -1 1 1 1 1 -1 1 1 1 1 1 1 -1 -1 1 1 -1 -1 -1 1 -1 1 1 1 -1 -1 1 -1 -1 -1 1 1 -1 1 1 1 1 -1 1 -1 1 1 1 -1 -1 -1 1 -1 -1 1 1 -1 -1 -1 1 1 1 1 -1 -1 1 -1 -1 -1 1 -1 -1 1 1 1 -1 -1 1 -1 -1 1 -1 -1 1 1 1 -1 -1 1 1 1 -1 1 1 -1 -1 -1 -1 1 -1 1 -1 1 1 1 -1 
-1 -1 1 -1 -1 1 1 1 -1 -1 -1 -1 1 -1 -1 1 1 -1 -1 -1 1 -1 1 1 1 -1 1 1 -1 1 1 -1 1 1 1 1 1 -1 -1 1 1 -1 -1 1 -1 -1 -1 -1 1 1 1 1 1 -1 -1 -1 -1 1 1 -1 -1 -1 1 1 1 1 -1 1 1 1 -1 -1 1 1 1 -1 -1 1 1 1 1 1 -1 -1 -1 1 -1 -1 -1 1 1 -1 1 -1 1 -1 1 -1 -1 1 -1 1 -1 1 1 -1 1 -1 -1 1 1 -1 -1 1 1 -1 1 -1 -1 1 -1 1 -1 -1 -1 1 -1 -1 
1 1 -1 1 -1 -1 -1 1 1 -1 1 -1 -1 1 -1 1 -1 -1 -1 -1 -1 1 1 -1 -1 -1 -1 -1 -1 -1 -1 -1 -1 1 1 1 1 1 1 1 -1 -1 -1 -1 1 -1 1 1 1 1 -1 -1 1 -1 -1 1 1 1 -1 -1 -1 1 1 1 1 1 -1 -1 -1 -1 -1 1 1 1 -1 1 -1 1 1 1 -1 -1 -1 1 1 -1 -1 1 -1 1 1 -1 -1 -1 -1 -1 1 1 1 -1 -1 -1 -1 -1 1 1 1 -1 1 1 1 1 1 1 1 1 -1 1 -1 1 1 -1 1 -1 1 -1 1 -1 
1 -1 -1 -1 -1 -1 -1 -1 -1 -1 1 1 1 1 -1 -1 -1 1 1 -1 -1 1 1 -1 -1 1 1 -1 -1 1 1 1 1 1 -1 1 -1 1 1 -1 1 1 1 -1 1 1 -1 1 -1 1 -1 1 -1 -1 1 -1 1 1 -1 -1 -1 1 1 1 -1 1 1 1 -1 1 -1 -1 1 -1 1 -1 1 1 1 1 1 1 -1 -1 -1 1 1 1 1 -1 -1 -1 1 -1 -1 -1 1 -1 1 -1 -1 -1 -1 -1 1 -1 -1 1 1 -1 -1 -1 1 1 1 -1 -1 -1 1 -1 -1 -1 -1 1 -1 1 1 -1 
-1 1 1 1 -1 -1 1 1 -1 1 -1 -1 -1 -1 1 1 -1 1 -1 1 -1 -1 1 -1 -1 1 1 -1 -1 1 -1 1 1 -1 -1 -1 -1 1 -1 1 1 -1 1 -1 1 -1 -1 1 -1 -1 1 -1 1 1 1 -1 -1 -1 -1 -1 -1 1 -1 1 -1 -1 -1 -1 -1 1 1 1 1 -1 -1 1 1 1 -1 -1 1 1 -1 1 -1 -1 1 -1 -1 1 -1 1 -1 1 1 1 1 -1 -1 -1 -1 1 -1 -1 -1 -1 -1 -1 -1 -1 1 1 1 -1 -1 -1 1 -1 1 -1 -1 1 1 -1 1 -1 1 1 
1 1 1 -1 1 1 -1 1 1 -1 -1 1 -1 1 -1 1 1 1 -1 -1 -1 -1 1 -1 1 1 -1 -1 -1 -1 1 -1 1 -1 -1 -1 1 1 1 -1 1 -1 1 1 -1 -1 1 -1 1 -1 -1 -1 -1 -1 1 1 -1 -1 1 1 1 -1 -1 1 1 -1 -1 -1 1 1 1 -1 1 1 -1 -1 1 -1 1 1 -1 -1 1 1 -1 1 -1 -1 -1 -1 -1 -1 1 -1 1 -1 -1 1 1 1 -1 -1 -1 1 1 1 1 -1 1 -1 -1 1 -1 1 -1 -1 -1 1 1 -1 -1 1 -1 1 1 1 -1 1 
-1 -1 -1 1 -1 1 -1 1 1 -1 1 -1 1 1 1 -1 -1 -1 -1 1 -1 -1 -1 -1 -1 -1 -1 -1 -1 1 -1 -1 1 1 1 1 -1 1 -1 -1 1 1 -1 1 -1 -1 -1 1 -1 1 -1 -1 -1 -1 -1 1 -1 1 1 1 1 -1 -1 1 1 1 1 1 -1 1 1 -1 -1 1 1 1 1 -1 1 -1 1 1 -1 -1 1 -1 -1 1 1 1 -1 -1 1 1 1 1 1 1 -1 -1 -1 -1 1 1 -1 -1 1 -1 -1 1 -1 1 -1 -1 -1 -1 1 1 1 -1 1 -1 -1 1 -1 1 -1 -1 
-1 -1 1 -1 1 -1 1 1 1 1 1 -1 -1 -1 1 1 -1 1 -1 1 1 -1 1 -1 1 -1 1 -1 1 1 1 1 1 1 -1 -1 1 1 -1 1 1 -1 -1 1 1 1 -1 -1 -1 1 1 -1 -1 1 -1 -1 1 1 1 1 1 -1 1 -1 -1 1 -1 1 1 1 1 1 -1 -1 -1 1 1 -1 -1 1 -1 1 -1 -1 -1 1 -1 -1 1 -1 -1 -1 1 -1 1 1 1 -1 1 -1 -1 -1 1 -1 -1 1 -1 1 1 -1 -1 1 -1 -1 1 1 1 1 -1 1 1 1 -1 1 1 1 -1 -1 
-1 1 -1 1 -1 -1 -1 1 -1 -1 -1 1 -1 1 1 1 1 1 1 -1 1 1 -1 -1 -1 1 1 -1 1 -1 1 1 1 -1 -1 -1 1 1 1 1 -1 1 1 -1 -1 -1 -1 1 1 1 -1 1 -1 1 -1 1 1 1 1 1 1 1 -1 -1 -1 1 1 1 -1 -1 -1 -1 -1 1 -1 -1 1 -1 -1 -1 1 -1 -1 1 -1 1 -1 1 1 1 1 1 1 -1 1 1 -1 -1 -1 1 -1 1 1 1 -1 1 -1 1 -1 -1 -1 -1 1 -1 -1 -1 1 1 1 -1 -1 -1 -1 1 1 1 -1 1 
-1 -1 -1 1 -1 1 -1 -1 1 1 -1 1 1 1 1 -1 -1 1 1 1 1 1 -1 1 -1 1 -1 1 1 1 1 1 -1 1 1 -1 1 1 1 -1 -1 1 1 1 1 -1 1 1 1 -1 1 1 1 1 -1 1 1 -1 -1 1 -1 -1 1 -1 -1 1 1 1 -1 1 -1 -1 1 1 -1 -1 -1 -1 1 -1 -1 -1 1 -1 -1 -1 -1 -1 -1 -1 1 -1 -1 1 1 -1 -1 -1 -1 1 1 -1 -1 1 1 -1 -1 1 1 -1 1 1 -1 -1 1 1 1 -1 -1 -1 -1 -1 -1 1 -1 1 -1 -1 
1 -1 -1 1 1 -1 1 1 1 1 1 1 -1 -1 -1 1 1 1 -1 -1 1 1 1 -1 -1 -1 -1 -1 -1 1 1 -1 -1 -1 -1 -1 1 -1 1 -1 -1 -1 1 -1 1 -1 1 1 -1 -1 1 -1 1 1 1 1 -1 1 -1 -1 -1 -1 1 -1 1 1 -1 -1 -1 1 1 1 1 1 1 1 -1 -1 -1 1 -1 -1 -1 1 -1 -1 -1 1 -1 -1 1 1 -1 1 -1 1 -1 -1 -1 -1 1 -1 -1 1 1 1 -1 1 1 -1 1 1 1 -1 1 1 1 1 -1 -1 -1 1 -1 -1 1 1 1 -1 
1 -1 -1 -1 -1 -1 1 -1 -1 -1 1 1 -1 -1 -1 1 -1 1 1 1 1 1 -1 1 1 -1 1 -1 1 1 -1 -1 -1 1 1 1 1 1 -1 1 -1 1 1 1 1 -1 -1 -1 1 1 1 1 1 -1 1 -1 -1 1 -1 -1 1 -1 -1 -1 -1 -1 -1 1 1 1 -1 -1 1 1 1 -1 1 -1 -1 -1 1 1 1 1 1 1 -1 -1 1 1 -1 -1 -1 1 -1 -1 1 1 -1 1 -1 1 -1 -1 -1 1 -1 1 1 -1 1 1 -1 -1 1 -1 -1 -1 1 -1 -1 1 -1 1 1 1 1 -1 
-1 1 -1 1 1 -1 1 -1 1 -1 -1 1 1 1 1 -1 1 1 1 1 -1 1 -1 1 -1 -1 -1 1 1 1 -1 1 1 1 1 1 1 1 -1 -1 -1 -1 1 1 -1 1 -1 1 1 -1 1 -1 1 1 -1 1 1 -1 -1 1 1 -1 -1 -1 1 1 1 -1 -1 1 -1 -1 1 1 -1 -1 1 1 1 1 -1 1 -1 -1 -1 -1 -1 1 -1 -1 -1 -1 -1 -1 -1 -1 -1 1 1 -1 -1 -1 1 1 -1 1 -1 -1 -1 1 1 -1 -1 -1 -1 1 -1 -1 -1 -1 -1 -1 1 -1 1 -1 1 1 
1 1 -1 1 1 -1 1 -1 1 1 -1 -1 1 -1 1 -1 1 1 1 -1 -1 -1 -1 -1 1 -1 -1 1 1 -1 -1 -1 1 1 -1 1 -1 1 -1 -1 -1 1 -1 -1 -1 -1 -1 -1 1 1 1 -1 1 1 1 -1 -1 -1 -1 1 1 1 1 1 -1 -1 1 1 1 -1 1 -1 1 -1 -1 1 1 -1 -1 1 -1 -1 -1 1 -1 -1 -1 1 -1 1 -1 -1 1 -1 -1 -1 1 -1 -1 1 -1 -1 1 -1 1 -1 -1 1 1 1 1 1 1 1 -1 1 1 1 1 1 1 1 -1 1 -1 -1 1 -1 
1 1 -1 -1 1 -1 -1 1 -1 -1 -1 -1 1 1 -1 1 -1 -1 1 -1 1 -1 1 -1 1 1 -1 1 1 -1 -1 -1 -1 1 1 1 -1 1 -1 -1 1 -1 1 -1 -1 1 1 -1 1 1 -1 1 -1 1 1 1 1 -1 1 -1 1 -1 -1 1 -1 1 1 1 -1 1 -1 1 1 1 1 1 -1 -1 -1 1 1 1 1 1 1 -1 -1 -1 1 -1 -1 -1 -1 -1 1 1 1 -1 -1 -1 1 1 -1 -1 1 -1 1 -1 -1 -1 -1 1 1 1 1 1 1 -1 -1 1 1 1 -1 1 1 1 1 1 
1 1 1 1 -1 -1 -1 1 1 1 1 1 1 -1 1 -1 -1 -1 1 -1 -1 1 1 -1 1 1 -1 1 -1 1 -1 -1 -1 -1 -1 -1 -1 -1 1 -1 -1 1 -1 -1 -1 1 1 1 1 -1 1 -1 1 1 -1 1 1 -1 1 1 -1 -1 -1 1 -1 1 1 -1 -1 -1 -1 1 -1 1 1 -1 -1 -1 1 -1 1 1 1 1 -1 -1 -1 -1 -1 1 -1 -1 -1 1 1 -1 1 1 1 -1 1 -1 -1 -1 1 -1 1 -1 -1 -1 -1 1 1 -1 -1 -1 -1 -1 -1 -1 -1 -1 -1 1 -1 1 -1 -1 
-1 1 1 1 -1 1 -1 1 -1 -1 1 -1 -1 -1 1 -1 1 -1 1 1 1 -1 -1 -1 -1 -1 1 1 1 1 1 1 1 1 -1 -1 1 1 1 -1 -1 -1 1 1 -1 -1 -1 -1 -1 -1 -1 1 1 1 1 -1 1 -1 -1 1 1 -1 1 1 1 -1 1 -1 1 1 1 -1 1 1 -1 1 -1 1 -1 -1 1 -1 1 1 -1 1 -1 -1 -1 1 1 1 -1 1 -1 -1 -1 1 1 -1 -1 1 1 1 -1 1 1 -1 1 1 1 1 -1 -1 -1 -1 1 -1 1 1 1 1 -1 1 1 -1 -1 -1 
-1 -1 -1 -1 1 1 1 1 1 1 1 -1 1 1 1 1 1 -1 1 1 1 1 1 1 1 -1 -1 1 -1 -1 1 -1 1 -1 -1 -1 1 1 -1 1 -1 -1 -1 1 -1 1 1 1 1 -1 -1 1 -1 1 -1 -1 1 1 -1 -1 -1 1 -1 -1 -1 -1 1 -1 -1 -1 1 -1 -1 -1 1 -1 1 -1 1 -1 -1 -1 1 -1 -1 -1 1 1 1 -1 1 -1 -1 1 -1 1 1 -1 1 1 1 -1 -1 -1 1 1 1 1 -1 -1 -1 1 -1 -1 -1 -1 1 -1 -1 -1 -1 -1 -1 -1 -1 -1 -1 1 
-1 1 1 1 -1 1 1 -1 -1 1 1 -1 1 -1 -1 1 -1 1 -1 -1 -1 -1 -1 1 1 -1 1 -1 1 1 -1 -1 1 1 1 -1 -1 -1 1 1 1 1 1 1 1 -1 -1 -1 1 1 -1 1 1 -1 -1 -1 1 1 -1 1 1 -1 1 1 -1 -1 1 1 1 1 -1 -1 -1 1 1 1 -1 1 -1 -1 -1 -1 1 -1 -1 1 1 -1 1 1 1 -1 -1 1 1 -1 -1 -1 -1 -1 -1 -1 1 1 1 1 1 1 -1 1 1 1 -1 1 -1 1 -1 1 1 1 1 1 -1 1 -1 -1 1 1 
1 1 -1 1 -1 1 1 -1 -1 1 -1 1 1 -1 -1 -1 1 -1 -1 1 1 1 -1 -1 1 -1 1 1 1 -1 -1 -1 -1 1 1 1 1 -1 1 1 -1 1 -1 1 -1 1 -1 -1 -1 -1 -1 1 1 1 -1 1 1 -1 1 -1 -1 -1 1 1 -1 1 -1 -1 1 -1 1 1 -1 1 -1 1 -1 1 1 -1 -1 -1 1 1 1 -1 1 -1 1 -1 -1 1 -1 -1 -1 1 1 1 1 1 -1 1 -1 -1 -1 1 1 -1 1 -1 -1 1 -1 -1 1 -1 1 1 1 -1 1 -1 1 -1 -1 -1 1 -1 
1 -1 -1 -1 1 -1 1 1 -1 -1 1 -1 -1 1 1 1 -1 1 -1 -1 -1 -1 -1 1 1 1 -1 -1 -1 -1 -1 1 -1 1 1 1 1 -1 -1 1 -1 1 -1 -1 1 1 1 -1 -1 1 -1 1 1 1 -1 1 -1 -1 -1 -1 1 -1 1 1 1 1 -1 1 1 1 1 1 -1 -1 1 1 1 -1 1 1 1 1 1 1 -1 -1 -1 -1 -1 -1 1 1 -1 1 -1 1 -1 1 1 1 -1 1 -1 -1 1 -1 -1 1 1 1 1 1 1 -1 1 1 1 -1 -1 -1 -1 1 -1 -1 -1 -1 1 -1 
-1 1 -1 -1 -1 -1 1 -1 -1 1 1 1 1 1 1 1 1 -1 1 -1 -1 1 1 1 -1 -1 1 1 -1 -1 1 1 1 1 -1 -1 1 -1 1 -1 1 1 1 -1 1 -1 -1 1 1 -1 1 1 1 -1 1 1 -1 1 -1 1 -1 1 -1 -1 1 -1 -1 1 -1 1 -1 -1 -1 1 1 -1 1 1 1 -1 -1 1 1 -1 -1 -1 -1 -1 -1 1 1 -1 -1 -1 1 -1 -1 -1 -1 -1 1 1 -1 -1 1 -1 1 -1 1 -1 -1 -1 -1 1 1 -1 -1 -1 1 -1 1 -1 1 1 -1 -1 1 -1 
1 -1 -1 1 1 1 -1 1 1 1 1 -1 1 1 -1 -1 1 -1 -1 1 -1 1 -1 1 -1 -1 1 1 -1 1 -1 1 -1 -1 1 -1 1 -1 -1 1 -1 1 1 1 1 1 1 -1 1 1 -1 1 1 -1 -1 -1 -1 -1 -1 1 1 1 1 -1 1 1 1 -1 1 -1 1 -1 -1 1 1 1 -1 1 -1 1 -1 -1 -1 -1 1 -1 1 -1 1 1 1 -1 1 -1 -1 -1 -1 1 1 1 1 1 -1 -1 1 -1 1 -1 1 -1 1 1 1 1 1 1 1 1 -1 1 -1 -1 1 1 -1 -1 -1 1 
1 1 1 -1 1 -1 -1 1 1 -1 1 1 1 1 -1 1 -1 1 -1 -1 1 1 -1 1 -1 -1 -1 1 -1 -1 1 -1 -1 -1 -1 -1 1 1 -1 -1 -1 1 -1 -1 1 -1 1 -1 1 -1 -1 -1 -1 1 1 -1 -1 1 -1 1 1 -1 1 -1 1 1 1 -1 -1 -1 1 -1 -1 1 -1 -1 1 1 1 1 1 1 -1 -1 -1 1 1 -1 1 -1 1 -1 1 1 1 1 -1 1 1 1 -1 1 1 1 1 1 1 1 1 -1 1 -1 -1 1 -1 -1 1 1 1 -1 -1 -1 1 -1 1 -1 1 1 
-1 1 1 -1 1 -1 1 -1 -1 1 1 -1 -1 1 -1 1 -1 -1 -1 1 -1 -1 -1 1 1 1 -1 -1 -1 -1 -1 1 -1 1 -1 1 -1 -1 1 -1 -1 1 -1 1 1 1 1 -1 -1 -1 1 -1 -1 1 -1 -1 1 -1 -1 1 -1 1 1 -1 1 1 1 -1 -1 1 1 1 -1 -1 1 -1 1 -1 -1 1 1 -1 -1 -1 -1 1 -1 -1 1 -1 1 1 1 -1 -1 -1 1 -1 1 -1 -1 1 1 1 -1 -1 -1 -1 1 -1 1 -1 -1 1 1 1 -1 1 -1 1 1 1 1 1 -1 -1 -1 1 
-1 -1 1 -1 -1 1 -1 1 -1 1 -1 -1 1 1 1 1 1 -1 1 -1 1 1 1 -1 1 1 1 1 1 -1 -1 1 1 -1 1 -1 -1 1 -1 -1 1 -1 1 1 1 -1 1 1 1 -1 -1 1 1 1 -1 1 1 1 -1 1 -1 -1 -1 -1 -1 1 1 1 1 1 1 -1 1 1 -1 1 -1 1 -1 -1 1 -1 1 -1 1 -1 1 -1 -1 1 1 1 -1 1 -1 -1 -1 -1 -1 -1 -1 1 1 -1 -1 -1 1 -1 -1 1 1 1 1 1 1 1 1 1 -1 1 -1 1 -1 -1 -1 1 -1 -1 
-1 -1 -1 -1 -1 1 1 1 -1 1 -1 1 1 1 1 1 -1 1 1 1 -1 -1 1 1 -1 -1 -1 1 1 1 -1 -1 -1 -1 1 1 1 -1 -1 -1 1 -1 1 1 -1 -1 -1 1 1 -1 -1 -1 1 1 -1 -1 1 1 -1 1 1 1 1 1 1 1 1 -1 1 1 -1 -1 -1 -1 -1 1 -1 -1 -1 -1 -1 -1 1 1 -1 1 -1 1 1 1 1 1 -1 -1 -1 1 -1 1 1 1 -1 -1 1 -1 -1 -1 -1 1 1 1 1 -1 1 1 1 1 1 -1 1 -1 -1 1 -1 -1 -1 -1 1 1 
1 -1 1 -1 -1 1 -1 -1 1 -1 -1 1 1 -1 -1 1 1 1 -1 1 1 -1 1 1 -1 -1 1 -1 -1 1 -1 -1 -1 -1 1 -1 -1 -1 -1 -1 -1 1 1 1 -1 1 -1 1 -1 1 1 -1 -1 1 -1 -1 -1 1 1 -1 -1 -1 1 -1 -1 1 1 1 -1 -1 -1 1 -1 -1 -1 1 -1 1 -1 1 -1 1 1 -1 1 1 1 -1 1 -1 1 -1 -1 -1 -1 1 -1 1 1 -1 1 1 1 -1 -1 -1 1 -1 1 -1 1 -1 1 1 1 -1 1 1 -1 -1 -1 1 -1 1 1 1 -1 -1 
1 -1 1 1 -1 -1 1 -1 -1 1 1 1 -1 1 1 1 1 1 -1 1 -1 -1 1 -1 -1 1 -1 1 -1 -1 1 1 -1 1 1 -1 1 -1 -1 -1 1 -1 -1 -1 1 1 -1 1 1 -1 1 1 -1 -1 -1 -1 -1 -1 -1 1 -1 -1 -1 1 1 -1 -1 -1 1 1 -1 1 1 1 -1 -1 1 -1 -1 -1 -1 -1 1 1 1 1 1 -1 -1 1 -1 -1 1 -1 1 1 1 1 1 -1 -1 1 1 -1 1 1 -1 1 1 -1 1 1 -1 1 1 1 -1 1 -1 -1 1 1 1 -1 1 1 1 1 
1 1 1 -1 -1 -1 1 -1 -1 1 1 1 -1 -1 1 1 -1 -1 -1 -1 1 -1 -1 -1 1 1 1 -1 1 1 -1 1 -1 1 -1 -1 -1 -1 -1 -1 1 -1 -1 -1 1 1 -1 -1 1 1 1 1 -1 -1 1 -1 1 -1 -1 -1 -1 1 1 1 1 -1 -1 -1 1 1 -1 1 1 1 -1 -1 1 1 1 -1 -1 1 -1 -1 -1 -1 -1 1 -1 -1 1 -1 -1 1 1 1 1 -1 1 -1 -1 1 -1 -1 -1 -1 1 1 -1 -1 1 1 1 1 -1 1 1 1 -1 -1 -1 -1 1 -1 1 -1 1 1 
-1 1 -1 -1 -1 -1 1 -1 -1 -1 -1 1 1 -1 -1 1 1 1 -1 1 1 -1 -1 -1 1 1 1 1 1 1 -1 1 1 -1 1 1 1 1 1 -1 -1 -1 -1 -1 1 1 1 1 1 -1 -1 -1 -1 -1 -1 1 -1 -1 1 1 1 1 -1 1 -1 1 -1 -1 1 1 -1 1 -1 -1 1 -1 -1 -1 1 1 1 -1 1 -1 -1 -1 -1 -1 -1 -1 -1 1 1 1 1 -1 1 -1 -1 1 -1 1 -1 -1 1 -1 1 1 -1 1 -1 1 -1 -1 1 -1 -1 -1 1 -1 -1 1 1 1 -1 1 -1 1 
1 -1 -1 -1 -1 -1 -1 1 -1 1 -1 -1 1 -1 -1 1 1 1 -1 -1 1 -1 -1 1 -1 -1 -1 -1 -1 1 1 -1 1 1 -1 1 -1 -1 -1 1 -1 -1 -1 -1 -1 -1 1 1 1 1 1 -1 -1 -1 1 1 1 1 1 1 1 -1 1 1 -1 -1 1 1 1 1 1 1 1 1 1 1 -1 -1 1 1 -1 1 -1 1 1 1 1 -1 -1 1 1 -1 -1 -1 -1 1 -1 -1 -1 -1 -1 1 1 -1 1 -1 1 -1 -1 -1 1 -1 1 1 -1 -1 -1 -1 -1 1 1 -1 1 1 1 1 1 -1 
-1 1 -1 1 1 -1 1 1 -1 1 1 1 1 1 -1 1 -1 -1 -1 1 1 1 -1 1 -1 1 -1 -1 1 -1 1 -1 -1 -1 1 -1 -1 -1 1 1 1 1 1 -1 -1 -1 1 -1 -1 1 1 1 1 -1 1 1 -1 1 -1 1 1 1 1 -1 1 -1 1 1 1 1 -1 1 -1 1 -1 1 1 1 -1 -1 -1 -1 -1 -1 -1 1 1 -1 1 -1 1 -1 -1 -1 1 1 -1 -1 -1 -1 -1 1 1 -1 1 -1 1 1 -1 1 -1 -1 1 -1 -1 -1 1 -1 -1 1 1 -1 1 -1 -1 1 -1 -1 
1 -1 1 -1 -1 1 -1 -1 1 -1 -1 1 1 -1 1 1 -1 1 -1 1 1 1 -1 -1 1 -1 -1 1 -1 1 -1 1 -1 1 1 -1 -1 1 -1 1 -1 1 1 1 -1 -1 1 -1 -1 -1 1 -1 1 1 1 1 -1 -1 1 -1 1 -1 1 1 -1 1 1 1 1 -1 -1 -1 -1 -1 -1 -1 1 1 -1 -1 -1 -1 1 1 1 -1 -1 -1 -1 1 -1 -1 1 1 -1 1 -1 -1 1 1 -1 1 1 -1 1 -1 1 -1 1 -1 -1 -1 1 1 1 1 1 -1 1 -1 -1 -1 -1 -1 -1 1 1 -1 
1 -1 1 1 -1 1 -1 1 1 -1 -1 1 -1 -1 -1 -1 -1 1 -1 -1 1 -1 -1 1 -1 1 -1 -1 1 -1 -1 -1 -1 -1 -1 1 1 -1 1 1 -1 -1 -1 -1 1 -1 -1 1 1 1 -1 -1 -1 -1 1 -1 1 1 -1 -1 1 -1 -1 1 1 1 -1 -1 1 -1 1 -1 1 -1 -1 1 1 -1 1 1 -1 1 -1 -1 -1 -1 1 1 1 -1 1 -1 1 -1 -1 -1 -1 -1 -1 -1 1 -1 -1 -1 -1 -1 -1 1 -1 1 1 1 1 -1 -1 -1 1 1 1 1 1 -1 -1 1 1 -1 -1 -1 
1 -1 -1 -1 -1 -1 -1 1 -1 1 -1 -1 1 1 -1 1 1 1 1 1 -1 -1 -1 -1 1 -1 1 1 1 -1 -1 -1 1 1 1 -1 1 -1 1 -1 1 1 -1 -1 1 -1 -1 1 1 -1 1 1 1 -1 -1 -1 1 -1 -1 -1 -1 1 -1 1 -1 1 -1 1 -1 1 1 -1 -1 1 1 -1 -1 1 1 1 1 1 1 1 1 -1 1 1 -1 -1 -1 1 -1 1 1 1 1 1 -1 1 -1 1 1 1 1 -1 1 -1 -1 1 1 -1 1 -1 -1 1 -1 -1 1 1 -1 -1 1 1 -1 1 -1 1 
-1 -1 -1 -1 1 1 -1 -1 -1 1 -1 1 -1 -1 -1 -1 -1 1 -1 1 1 -1 -1 1 1 1 1 -1 -1 -1 1 -1 -1 1 1 1 -1 -1 1 -1 -1 -1 1 1 1 -1 1 -1 1 1 1 -1 -1 -1 1 1 1 1 1 1 1 1 1 -1 1 -1 -1 1 -1 -1 1 -1 1 -1 1 -1 -1 1 -1 1 -1 1 1 1 1 -1 -1 1 1 -1 1 -1 1 1 -1 1 1 -1 1 1 1 -1 1 -1 1 -1 -1 -1 -1 -1 -1 1 -1 -1 -1 1 1 1 -1 1 -1 -1 1 -1 1 -1 -1 -1 
-1 1 -1 1 1 1 1 1 1 -1 1 1 1 1 -1 1 1 1 -1 1 1 -1 -1 1 1 1 1 -1 1 1 -1 1 1 1 1 1 1 1 1 -1 1 1 1 -1 -1 1 -1 1 1 -1 -1 1 -1 -1 -1 1 1 1 1 -1 1 -1 1 -1 -1 1 1 -1 1 -1 1 -1 1 -1 1 1 1 1 1 -1 -1 -1 1 1 1 -1 -1 1 1 1 -1 1 -1 1 1 1 1 1 1 1 -1 -1 1 1 -1 -1 -1 -1 -1 -1 -1 -1 -1 1 -1 1 1 -1 1 1 1 1 -1 1 -1 1 1 -1 
-1 -1 -1 -1 -1 1 1 1 1 -1 1 -1 -1 1 -1 -1 1 1 -1 -1 -1 1 1 1 1 1 -1 -1 -1 -1 1 -1 -1 -1 -1 1 1 -1 -1 -1 1 1 -1 1 -1 1 1 1 -1 1 1 1 1 -1 -1 -1 1 -1 -1 -1 -1 -1 -1 -1 1 -1 -1 1 1 1 -1 1 1 -1 1 1 1 1 -1 1 1 1 1 1 -1 -1 -1 -1 1 -1 1 1 1 -1 -1 -1 -1 -1 1 1 1 1 1 -1 -1 -1 1 1 1 1 -1 1 -1 -1 1 -1 1 1 -1 1 -1 1 -1 -1 -1 1 -1 -1 
-1 1 1 1 1 1 -1 1 -1 1 -1 1 -1 -1 1 -1 1 1 1 1 -1 1 1 -1 1 1 -1 -1 1 1 1 -1 1 1 -1 1 -1 1 1 1 -1 1 -1 -1 1 -1 -1 1 1 1 1 1 1 -1 -1 -1 -1 -1 1 -1 -1 1 1 -1 1 1 -1 1 -1 1 -1 -1 -1 -1 -1 1 -1 1 -1 -1 1 1 -1 -1 1 -1 -1 -1 -1 -1 -1 -1 1 1 -1 -1 1 -1 -1 -1 1 -1 1 -1 -1 1 1 -1 -1 -1 1 1 1 -1 1 -1 1 1 1 -1 -1 -1 -1 1 -1 -1 -1 -1 