128 -128 128 464 25406
60 6 93 38 58 78 37 77 24 32 71 77 98 35 97 85 54 46 32 53 9 66 31 19 87 71 59 80 82 61 99 58 22 2 40 14 38 22 24 46 88 26 30 92 27 26 92 27 36 41 67 57 78 7 60 1 9 76 63 23 27 10 73 52 14 85 25 99 44 31 83 52 77 99 100 85 18 47 95 12 41 43 61 18 6 63 54 42 63 84 62 58 86 81 98 15 20 37 75 22 10 96 55 12 12 30 87 26 34 10 99 10 82 60 93 82 62 88 99 22 19 84 20 87 77 84 72 26 
4 28 15 49 33 70 54 33 3 63 78 73 88 38 33 60 70 41 9 20 28 92 65 23 20 9 46 63 65 37 22 31 24 70 26 16 49 29 42 40 49 58 24 23 65 90 12 53 43 70 91 32 11 13 28 60 47 17 94 58 27 36 4 97 17 46 15 100 5 26 50 29 85 90 38 11 20 56 14 75 12 27 77 77 21 70 98 71 87 68 66 34 11 12 89 91 33 26 98 29 5 44 70 3 48 85 39 49 75 33 20 55 92 99 76 68 27 84 88 81 44 10 61 59 43 30 100 21 
86 54 68 58 8 67 56 58 99 3 78 100 28 24 63 87 9 43 60 41 66 72 69 65 18 9 82 34 70 12 72 40 30 13 15 65 28 93 12 10 65 94 1 96 28 38 85 45 55 61 29 45 58 55 14 8 24 29 12 4 41 8 89 12 5 52 9 35 19 55 67 82 54 73 84 82 60 42 41 83 6 88 16 24 43 56 74 15 77 62 85 23 52 10 37 18 36 60 49 92 81 37 60 51 65 84 56 55 24 17 47 78 79 80 1 59 63 29 10 3 37 95 95 63 45 59 69 4 
29 49 6 41 86 70 98 76 15 60 21 71 61 77 48 5 22 7 84 28 54 9 30 52 99 85 78 89 62 4 86 35 48 37 12 45 34 44 85 44 22 69 100 17 89 94 48 12 53 31 8 7 86 68 95 93 45 20 85 9 18 75 79 89 47 35 31 70 67 83 42 72 19 27 99 24 47 35 89 24 77 8 25 70 64 89 77 14 60 50 31 17 51 8 25 27 41 21 39 66 53 14 91 32 41 15 45 38 76 32 71 65 37 3 2 61 84 47 87 35 2 19 4 17 4 55 59 30 
80 31 83 28 27 58 14 70 49 87 58 22 73 69 53 97 72 59 24 66 90 42 32 3 71 86 78 84 54 73 8 11 15 57 60 91 20 36 100 44 84 17 68 36 70 19 26 97 51 34 61 65 78 37 57 87 5 51 62 24 15 11 90 74 44 59 21 31 93 3 89 54 51 43 8 37 85 96 51 41 88 91 48 35 4 53 99 2 50 19 74 6 24 94 23 11 40 93 54 49 26 73 21 18 32 68 84 35 40 55 3 51 5 48 75 19 6 93 50 8 58 11 88 45 34 13 2 90 
97 11 21 99 1 59 79 30 48 2 5 74 91 59 58 36 58 32 48 22 40 2 95 53 49 84 93 94 55 11 29 42 16 98 35 8 88 26 70 29 36 24 45 43 43 27 50 95 91 5 77 11 75 99 40 79 18 77 69 98 18 33 60 39 91 99 18 50 28 20 76 90 51 89 6 67 96 68 9 85 9 16 25 90 16 13 53 56 6 74 13 75 37 67 20 63 53 16 36 14 99 65 9 75 96 19 66 89 75 34 93 29 41 16 97 39 43 42 72 74 19 7 80 34 85 62 3 48 
43 28 84 85 97 98 92 34 62 48 86 91 1 16 96 60 37 34 83 32 32 39 20 64 67 77 99 94 91 19 38 87 10 100 33 68 29 2 11 75 80 10 32 31 89 3 84 60 73 96 54 18 89 76 81 69 97 36 42 90 20 68 73 10 8 41 4 16 81 54 93 49 99 9 96 64 10 21 79 35 18 13 78 31 90 7 3 14 41 48 53 88 33 5 70 55 20 21 50 36 79 32 46 74 36 53 18 79 20 81 47 16 20 46 88 22 69 73 1 53 30 84 95 72 82 19 41 23 
51 41 66 40 81 96 30 55 80 71 23 85 46 75 62 94 15 55 55 52 22 41 77 99 95 38 71 24 3 2 73 64 42 35 12 37 60 80 31 4 84 79 50 68 29 20 87 76 4 92 19 63 87 96 92 90 13 25 83 94 58 33 32 3 54 93 49 67 84 42 73 4 11 17 73 73 56 67 46 98 96 44 97 32 47 11 69 44 69 33 41 25 9 21 51 96 46 1 56 32 3 56 53 73 48 51 73 66 3 18 84 22 46 64 33 21 9 69 16 94 47 74 12 91 17 67 1 9 
19 78 62 57 44 46 88 24 42 99 38 92 98 41 5 16 82 58 59 81 73 42 87 12 86 13 32 98 26 84 52 94 50 28 27 7 58 61 98 91 23 89 9 74 68 78 30 25 46 56 81 43 35 26 6 43 70 3 36 42 100 44 75 36 12 99 38 34 69 86 91 18 81 95 18 45 30 7 35 16 76 35 23 28 45 67 64 42 82 2 41 69 91 35 23 19 76 95 8 24 33 87 42 90 57 97 73 84 91 97 58 58 100 77 85 100 48 69 13 29 55 39 83 12 23 44 25 58 
79 83 12 4 83 83 98 59 75 99 3 72 27 98 77 17 95 32 62 74 5 5 43 71 23 35 23 63 26 80 80 47 51 5 35 63 29 72 19 6 38 49 94 20 33 6 41 63 79 81 13 19 75 79 8 70 53 66 35 19 57 31 25 20 36 77 33 15 15 34 2 66 20 85 4 14 46 28 46 32 80 41 32 61 7 83 9 61 35 39 86 76 88 83 8 19 59 57 72 57 67 79 40 70 66 91 31 57 5 71 10 18 40 5 67 79 71 86 21 82 43 5 67 12 85 55 48 22 
97 1 26 41 81 83 6 72 7 76 52 56 92 23 82 18 63 43 15 17 5 99 39 66 1 81 55 75 34 53 28 29 76 97 72 100 5 99 80 83 8 36 24 73 33 27 69 17 71 82 52 30 75 96 28 55 10 88 26 70 55 68 48 39 36 41 25 70 17 83 2 41 39 23 13 35 91 69 87 4 19 20 69 46 82 98 46 13 70 5 93 80 12 45 35 68 3 41 71 62 37 15 47 41 21 54 24 59 47 43 80 29 40 42 11 78 88 74 61 2 28 55 29 1 30 86 14 59 
95 34 52 90 64 22 41 97 61 58 26 8 28 6 40 28 51 94 28 71 9 100 42 65 90 24 70 77 1 2 84 21 67 15 67 39 89 71 97 32 74 7 35 78 63 33 62 2 48 61 88 45 75 43 39 71 29 60 75 66 64 19 66 83 26 88 7 74 1 80 53 69 84 11 96 61 95 84 21 77 45 24 93 69 87 10 21 12 82 24 36 54 43 41 17 93 2 55 9 16 43 34 27 40 20 9 45 52 23 41 86 72 95 59 62 42 45 89 28 49 75 38 68 51 62 35 53 91 
25 52 45 17 8 82 49 24 86 58 40 40 54 3 29 50 62 41 80 5 52 73 14 55 49 8 72 61 32 82 98 49 34 38 71 73 29 11 11 87 87 36 56 36 36 53 14 21 57 75 10 87 56 70 86 67 45 61 81 96 10 61 65 47 42 96 85 18 66 27 33 13 72 31 26 66 4 55 84 34 5 52 33 3 51 93 90 33 73 45 6 97 57 16 50 2 4 30 5 63 8 44 49 97 51 86 82 52 90 30 40 85 38 5 38 45 47 88 8 51 34 12 5 10 16 73 54 74 
57 17 50 93 53 10 75 27 50 47 20 52 20 45 26 43 40 65 16 92 93 11 63 84 89 24 86 56 9 27 18 82 83 55 82 45 4 26 25 13 97 9 31 36 29 22 77 15 2 78 56 2 35 7 77 99 26 56 17 90 29 15 16 24 67 63 86 43 69 77 7 37 14 98 17 74 60 71 74 45 58 46 47 26 94 34 95 31 53 58 77 12 66 55 1 44 43 31 46 4 98 91 29 98 86 70 97 73 2 64 81 64 17 94 36 13 61 41 95 97 98 83 12 30 54 10 76 58 
26 29 7 100 68 9 12 96 53 26 38 86 80 35 12 35 70 11 48 64 9 52 83 78 17 14 81 95 44 58 95 24 11 77 33 60 69 38 74 24 63 12 93 47 23 68 20 44 43 41 6 79 49 24 31 60 58 46 69 75 21 20 61 30 3 49 19 52 70 60 76 9 31 72 43 79 7 6 26 42 47 52 98 17 88 80 62 78 89 26 56 9 1 75 87 41 65 85 97 6 89 80 16 30 55 62 66 81 85 10 71 68 39 7 39 80 22 77 96 60 22 61 11 24 37 91 93 21 
31 12 14 19 23 20 87 66 34 58 55 79 42 73 62 44 62 82 98 26 71 5 34 9 87 59 50 100 76 6 78 26 1 31 48 80 84 14 89 100 30 18 50 43 26 3 13 85 25 89 24 75 58 5 50 52 54 64 44 97 64 65 5 78 69 52 69 97 1 56 94 42 41 5 5 56 99 47 99 30 22 38 1 25 53 98 38 4 3 44 30 92 10 7 88 80 43 91 13 94 88 54 49 71 81 71 32 19 69 15 12 54 90 18 70 99 49 58 1 39 48 56 65 89 14 53 83 84 
29 94 84 93 79 94 98 44 45 82 83 88 17 56 35 38 11 7 47 67 25 32 32 6 30 39 42 66 88 7 12 25 91 3 53 28 73 30 17 31 79 98 8 61 96 90 75 19 92 14 10 91 81 12 76 69 15 56 40 30 75 36 35 21 93 53 1 65 7 80 90 72 56 80 3 34 48 97 44 73 88 19 95 98 73 28 66 16 98 40 84 47 81 69 59 19 16 61 92 68 42 4 38 86 47 4 17 10 19 47 30 86 63 75 52 16 69 69 36 24 89 11 32 42 35 59 55 3 
82 16 27 51 76 3 24 17 2 100 29 69 40 11 96 69 14 16 75 74 16 76 94 61 17 71 5 68 99 62 54 49 3 13 90 91 84 24 70 54 7 24 91 27 58 96 53 69 8 93 48 61 66 78 35 65 86 45 90 20 49 2 68 47 46 53 9 22 61 82 11 25 25 85 45 93 9 54 89 89 66 13 52 64 20 21 93 66 5 36 94 55 13 99 92 61 7 100 58 72 86 8 42 47 99 65 39 75 68 6 97 71 6 58 42 49 86 79 74 80 30 33 82 66 14 69 80 82 
74 9 71 8 88 36 30 80 94 54 2 64 65 24 49 8 8 72 37 29 10 41 23 85 77 35 66 98 100 70 57 99 36 62 67 25 85 87 9 91 97 13 40 65 61 73 65 1 100 45 94 23 21 57 59 45 50 37 84 46 88 50 24 97 87 87 24 66 32 31 14 73 32 14 56 85 93 31 10 10 15 3 73 65 55 84 7 93 85 30 86 36 46 74 23 62 9 28 78 64 52 33 55 79 41 66 81 13 29 59 31 87 45 89 75 6 27 74 3 50 83 93 80 43 68 3 25 28 
94 64 89 19 2 50 95 15 70 73 79 40 98 90 46 80 30 84 67 95 99 61 73 73 83 92 5 57 73 55 58 97 80 86 86 25 8 24 41 12 71 41 63 77 97 27 22 80 96 21 16 79 18 43 74 99 48 38 100 67 66 95 71 54 59 45 71 86 12 26 26 77 99 46 3 26 45 47 97 56 63 77 52 49 73 49 83 22 89 1 72 76 35 78 85 52 33 67 66 45 27 86 33 77 42 87 89 56 92 34 44 50 98 6 61 64 75 79 16 76 82 52 13 18 71 58 82 5 
67 72 29 17 49 82 37 9 83 77 10 51 92 46 44 90 65 63 28 5 6 41 24 91 70 18 90 74 97 74 83 16 86 13 8 18 80 79 68 74 97 99 82 16 97 12 13 3 15 31 93 9 89 11 24 78 2 57 65 69 30 22 85 94 40 92 91 2 69 64 52 36 97 17 92 84 17 2 5 47 19 24 83 99 13 38 26 91 41 85 58 9 40 52 98 49 35 66 15 89 99 50 38 99 56 98 66 29 26 10 8 33 26 85 12 38 70 62 97 17 97 11 59 21 67 100 73 58 
43 99 28 51 25 62 99 99 31 59 49 33 48 94 36 56 61 81 72 49 49 64 71 16 54 28 20 42 93 45 30 58 43 82 28 85 50 84 58 73 88 23 7 60 3 25 78 35 97 36 54 79 40 11 48 16 34 36 71 3 98 37 67 45 67 24 45 86 71 43 9 68 55 17 100 78 79 91 29 91 90 11 11 67 85 1 8 83 13 14 6 61 61 47 26 66 53 96 79 15 62 32 31 73 37 42 30 76 29 48 15 92 98 28 79 83 14 56 100 94 5 54 58 40 34 65 57 12 
5 93 54 92 39 47 87 70 70 37 61 29 41 27 82 92 79 46 66 60 87 12 68 72 54 95 46 32 24 31 15 99 18 24 48 73 33 13 33 98 56 95 25 74 15 14 47 9 69 93 84 74 27 73 68 26 16 20 79 43 13 87 87 36 42 27 45 35 59 37 84 5 4 70 96 19 50 47 49 1 27 8 76 59 19 3 32 17 11 3 25 67 33 26 61 71 63 17 59 80 68 67 78 48 9 46 39 61 47 41 15 39 12 16 51 74 81 69 33 41 11 34 6 16 73 71 27 90 
51 26 27 63 25 26 78 48 46 91 19 98 8 58 45 49 10 69 58 60 22 40 61 79 65 30 25 24 98 57 20 41 49 29 79 95 69 66 86 47 85 67 39 13 4 81 60 41 38 26 45 8 27 33 15 94 77 29 93 86 80 22 16 73 82 40 30 25 34 22 60 22 62 7 91 28 84 15 22 95 70 96 25 88 14 92 4 4 29 23 81 11 6 36 90 68 37 17 78 24 51 33 99 70 87 2 69 83 66 96 100 55 1 7 40 73 85 1 82 87 17 2 5 17 81 20 84 1 
52 90 16 86 42 87 89 48 22 36 75 61 63 96 87 19 5 57 66 2 36 75 30 76 55 7 25 32 38 90 93 8 5 100 40 9 91 64 72 46 14 32 83 28 52 36 33 76 46 29 36 59 92 36 36 49 63 55 97 97 10 45 65 71 42 90 96 13 40 94 56 26 63 1 52 63 63 3 51 91 59 64 56 55 41 1 93 46 36 85 59 17 59 83 17 80 70 97 51 87 41 7 1 35 68 80 15 98 100 79 30 86 56 59 68 77 9 54 15 70 72 73 21 36 33 88 37 71 
70 43 23 89 99 23 53 12 84 82 28 34 63 50 1 36 57 80 4 30 12 59 6 6 41 27 60 92 42 38 39 73 5 33 59 46 8 57 60 18 41 46 91 36 9 79 16 73 75 26 3 20 1 59 42 50 59 67 78 98 99 29 72 23 52 56 9 75 19 14 35 47 84 97 32 67 35 11 58 20 70 98 28 80 48 2 2 48 37 30 71 26 77 46 17 81 13 37 13 13 46 82 65 68 37 77 53 40 69 33 61 13 88 35 96 75 64 98 26 3 66 21 48 80 55 89 58 48 
31 12 93 58 16 74 84 74 4 38 25 35 72 26 51 14 16 2 37 9 37 5 39 7 8 34 44 18 23 37 81 86 27 24 96 90 34 68 10 95 84 81 71 47 37 53 8 35 20 98 54 44 71 58 65 31 38 82 29 13 26 80 44 41 78 34 41 61 83 90 70 17 90 97 52 48 23 90 23 34 84 69 86 74 84 63 45 98 90 99 33 60 81 69 99 18 4 32 41 98 77 79 43 39 15 85 100 9 58 82 61 83 76 13 86 77 78 64 45 53 41 67 93 83 27 18 10 65 
20 53 16 31 33 2 26 7 8 92 63 37 1 31 60 4 17 68 15 49 38 15 2 33 99 48 22 11 52 80 41 10 93 93 40 64 60 65 28 21 30 72 22 38 63 5 31 31 87 72 42 73 21 5 30 19 67 26 77 18 66 34 65 63 22 79 81 100 44 77 27 88 32 10 90 96 31 42 87 69 66 79 81 91 57 6 12 88 48 78 73 90 28 54 85 67 85 2 85 29 63 74 99 95 2 89 76 81 45 26 6 8 62 82 93 72 48 6 11 92 73 24 96 80 68 70 29 43 
34 81 19 18 64 90 33 97 52 36 78 1 71 23 36 83 82 93 32 91 21 10 88 95 3 83 31 24 15 97 81 84 70 16 46 84 53 34 30 50 44 61 58 3 59 77 9 51 18 18 90 94 51 72 16 21 14 71 44 20 11 52 76 9 43 35 80 3 50 87 30 14 69 3 64 27 70 75 7 35 45 83 76 71 58 5 81 41 85 39 76 81 3 99 48 8 15 65 64 100 83 7 29 44 14 57 34 31 52 54 45 69 89 16 70 63 75 46 2 89 59 87 66 93 32 92 75 11 
13 20 92 33 8 19 19 96 71 64 29 21 33 64 90 78 73 26 90 5 37 36 77 33 52 20 28 95 47 24 2 55 26 56 97 77 65 52 69 49 75 7 43 42 64 59 40 90 79 38 18 33 92 14 14 23 15 76 1 31 97 18 85 90 47 4 16 25 45 71 3 92 75 75 91 65 22 98 69 45 35 20 56 81 58 26 11 97 4 48 95 14 84 49 71 75 63 98 33 10 48 79 25 57 20 29 13 5 10 61 66 85 85 26 5 1 91 91 43 50 73 75 52 33 30 77 94 45 
32 44 20 24 8 43 40 39 90 47 30 42 74 22 34 16 29 1 54 19 52 41 49 61 34 40 57 15 62 28 45 69 86 81 50 72 37 48 1 48 35 24 40 82 28 43 69 52 64 66 91 93 95 4 46 66 49 90 80 27 78 3 58 72 71 36 38 48 9 11 53 1 35 86 34 9 100 27 87 46 25 100 1 42 72 75 3 62 23 74 77 40 84 50 73 50 37 6 15 74 99 93 42 64 89 87 33 36 6 43 91 44 61 20 88 25 62 36 13 64 55 20 34 44 97 32 63 46 
92 90 89 77 36 62 57 47 48 96 63 55 81 87 21 80 100 1 31 53 76 97 48 54 14 81 82 76 29 94 44 47 51 28 37 22 71 74 85 48 74 65 6 81 17 33 86 39 86 17 93 70 25 89 57 39 13 37 18 73 87 23 11 52 89 61 69 44 35 46 71 45 100 34 52 74 14 96 40 23 54 91 3 43 94 65 50 64 92 35 91 48 85 28 43 71 40 58 88 50 52 32 57 7 100 49 68 48 50 18 76 46 53 60 90 52 16 50 9 45 79 40 2 27 15 65 98 46 
87 89 80 42 46 72 33 40 45 86 56 90 4 59 29 24 97 13 60 74 99 76 31 38 99 13 22 45 74 90 2 89 17 3 47 57 80 75 70 61 18 68 72 65 71 59 29 86 7 28 70 12 5 2 29 7 94 26 75 5 81 66 22 81 89 4 49 93 93 59 25 55 24 25 55 99 16 87 6 51 62 81 72 95 88 83 65 75 60 83 53 95 78 89 11 71 91 56 43 69 49 85 79 93 45 58 83 24 89 45 26 6 6 65 52 58 40 94 33 72 19 43 20 56 52 10 75 56 
4 32 98 45 3 54 65 14 14 93 56 73 19 100 58 9 80 70 62 87 57 38 7 24 90 99 36 35 66 10 1 34 90 2 34 39 6 35 33 98 56 44 62 74 65 89 86 68 18 3 52 24 5 31 6 40 86 95 92 90 27 73 70 70 61 45 85 83 26 57 89 47 56 2 71 53 62 94 24 2 17 46 20 37 2 86 8 88 56 89 69 78 65 60 91 57 10 80 28 18 94 7 42 24 86 84 98 31 58 92 16 36 77 51 60 24 21 32 88 16 22 84 4 100 74 31 94 38 
100 92 9 9 37 26 16 76 78 71 97 91 82 6 13 34 21 59 64 25 88 1 70 69 8 82 8 69 21 45 59 53 10 5 34 17 55 18 16 47 15 16 74 16 4 52 61 44 94 50 34 7 13 27 29 30 92 37 69 76 70 3 53 42 95 54 5 84 78 92 70 35 53 28 69 90 87 96 29 27 32 76 81 57 79 34 98 93 34 21 61 6 52 76 32 36 5 57 64 6 89 73 23 15 51 57 68 95 4 61 15 44 34 70 39 1 69 35 48 39 60 60 73 32 99 41 13 42 
77 80 19 37 71 89 40 47 72 29 65 37 39 70 78 49 17 70 47 29 61 1 77 93 45 84 92 79 70 71 86 10 44 67 92 15 65 13 49 35 4 87 83 29 1 91 59 35 49 96 72 50 50 22 28 26 48 62 17 49 10 14 63 72 12 77 24 69 93 79 49 95 23 54 66 31 63 18 94 78 66 52 33 92 33 63 48 41 42 4 63 9 20 78 100 92 31 24 21 23 48 3 95 65 59 95 73 91 52 73 14 50 80 61 99 58 66 39 96 82 83 96 2 34 31 63 6 12 
25 8 10 98 77 26 91 52 26 3 75 78 56 67 67 31 15 91 45 54 41 93 49 61 34 10 24 38 76 23 79 2 46 36 44 15 2 93 23 86 88 41 91 51 53 96 40 58 48 55 41 25 42 26 19 28 10 6 68 93 57 61 44 25 6 59 22 78 19 44 12 4 57 37 44 95 52 44 78 17 45 7 88 31 70 95 80 10 40 25 79 17 7 62 100 25 15 23 23 84 6 15 18 46 38 16 23 90 86 52 95 16 20 48 31 34 100 29 6 34 32 49 95 7 75 36 95 19 
65 64 68 37 32 26 75 1 15 79 40 19 70 17 84 29 88 78 99 13 63 27 75 5 16 22 95 93 88 8 56 41 16 72 72 90 18 19 56 39 99 35 97 59 55 67 56 4 80 35 4 96 7 10 22 28 51 50 25 41 74 8 17 61 40 66 5 77 61 20 33 85 37 76 32 3 17 32 73 90 37 89 17 12 42 93 1 57 58 96 93 17 54 18 3 11 51 100 46 98 70 75 46 76 32 91 17 76 42 5 73 23 89 81 33 13 17 12 75 11 26 41 79 95 27 30 47 51 
54 74 100 12 49 5 58 89 19 50 72 33 18 21 3 85 34 23 80 61 4 26 65 98 84 21 52 2 80 30 66 28 11 29 94 6 80 5 76 67 89 82 50 9 35 87 69 59 38 18 44 94 40 66 69 2 60 48 76 17 68 90 91 70 94 31 84 73 97 57 76 68 58 45 32 28 18 2 87 70 3 33 20 17 86 66 92 13 97 54 48 56 40 41 87 75 73 84 56 54 99 47 61 39 35 71 12 49 83 33 62 13 3 82 89 16 99 28 83 31 53 97 26 79 47 65 98 23 
67 19 65 2 49 22 84 30 87 49 92 63 10 48 75 31 61 80 80 15 70 61 32 5 68 1 25 48 15 100 66 81 52 61 42 43 16 65 75 51 14 73 51 59 50 42 48 16 42 23 61 23 54 91 67 99 57 17 25 20 90 19 84 45 48 70 56 6 19 42 49 37 21 66 45 73 79 84 21 78 49 11 98 71 84 54 60 46 82 30 56 95 30 68 80 17 87 56 1 43 53 4 41 61 71 87 21 65 72 16 53 8 77 35 69 96 23 40 9 10 47 24 48 49 60 89 35 72 
61 17 38 72 27 58 57 100 8 1 10 7 97 87 44 13 14 38 21 64 21 37 8 59 53 86 40 12 86 60 94 7 12 18 49 29 89 43 61 30 27 5 76 62 59 2 72 87 70 53 50 89 68 59 89 23 38 86 54 41 57 96 42 21 21 32 18 67 66 26 13 66 73 19 33 92 16 91 53 38 46 97 89 69 92 34 70 87 52 13 40 90 94 98 45 19 28 75 15 71 6 4 82 35 29 89 30 94 42 15 43 85 77 51 42 65 30 6 74 51 41 9 28 43 86 69 67 11 
14 70 77 42 84 51 86 69 25 34 51 26 28 58 86 65 68 46 94 62 58 54 63 34 48 66 53 12 2 13 48 8 82 83 100 18 17 34 53 38 13 42 66 93 56 3 40 54 72 31 88 59 24 46 16 45 31 28 9 72 80 81 94 4 82 39 59 11 81 90 36 36 75 90 29 31 49 97 45 28 85 82 77 97 24 58 50 6 92 23 75 77 58 68 1 34 24 10 12 98 20 33 87 16 80 41 23 22 30 51 19 11 100 30 3 85 39 62 57 21 47 86 86 64 59 71 66 13 
1 84 77 65 29 28 91 37 33 78 81 43 19 45 28 42 96 23 63 62 36 53 69 6 80 75 33 88 11 67 9 51 24 68 22 37 15 24 85 8 12 81 76 55 54 65 81 77 79 65 4 20 51 3 12 98 15 66 85 40 51 95 86 90 7 77 19 40 35 42 48 9 42 5 73 83 84 1 59 40 43 47 91 85 3 32 68 54 27 12 45 100 4 47 19 38 50 95 67 38 7 57 1 38 42 76 74 17 53 92 7 69 52 15 9 63 34 63 25 60 11 10 22 53 42 79 59 31 
71 83 39 65 46 68 77 79 63 52 99 76 73 34 73 46 77 59 83 17 24 100 27 62 39 96 5 90 94 84 72 98 16 33 92 59 67 92 79 56 94 11 11 91 8 6 48 31 64 38 26 55 16 5 97 66 99 48 93 68 59 35 90 64 80 60 25 7 76 55 16 14 36 47 27 58 88 10 21 29 73 8 67 18 30 21 34 63 95 69 68 92 67 80 95 58 14 68 44 86 61 36 13 31 55 24 69 62 10 46 22 46 21 75 64 82 64 85 22 38 52 42 97 94 56 83 31 73 
1 44 70 68 45 35 55 47 94 42 72 67 6 83 92 4 50 7 13 94 42 39 10 95 60 13 20 74 86 75 17 48 48 92 53 8 44 26 65 43 32 61 45 32 57 21 85 3 55 81 19 48 93 19 96 93 42 4 55 14 71 21 26 63 47 9 95 1 7 82 8 77 87 65 41 72 52 26 16 2 96 53 79 43 64 65 97 74 10 11 80 36 65 48 54 10 85 20 69 45 27 43 76 6 10 73 100 98 87 69 77 98 37 5 31 64 2 67 92 61 14 86 74 34 78 65 73 85 
65 85 26 34 4 71 70 55 7 52 50 47 45 48 22 7 56 38 62 72 2 59 33 48 60 89 29 53 78 51 49 92 30 60 89 82 17 65 10 7 18 100 49 35 70 14 88 57 88 22 72 25 51 3 57 33 69 4 77 22 89 26 51 31 14 62 72 100 7 45 49 65 65 36 53 51 78 56 60 78 35 26 40 59 77 83 62 54 67 66 91 71 52 69 45 80 99 97 89 79 66 24 49 89 13 40 93 72 46 62 45 70 95 8 44 22 12 10 44 26 40 15 71 78 30 39 93 62 
62 38 99 60 31 44 10 85 28 88 75 30 23 76 33 82 61 71 20 90 100 41 95 94 13 99 1 81 74 52 94 37 27 86 57 88 72 47 60 74 55 16 9 13 77 99 67 6 36 5 89 10 96 49 83 3 7 58 48 33 58 4 86 59 46 7 8 82 2 96 86 6 19 67 45 22 66 65 23 97 88 50 11 18 11 51 98 32 70 32 36 96 77 54 66 2 39 97 97 49 87 66 81 65 92 27 84 6 1 50 80 6 94 33 87 53 28 49 67 20 13 64 47 19 19 27 67 24 
90 47 16 3 64 48 87 98 35 76 8 27 34 70 51 65 8 65 40 6 81 97 61 83 79 7 97 94 5 59 99 1 31 39 93 75 33 79 85 35 42 5 22 32 67 31 98 40 30 98 83 70 64 24 92 70 10 25 35 88 79 76 85 88 42 96 56 24 17 87 86 92 90 64 11 24 29 32 67 30 98 67 57 72 31 51 4 39 9 24 51 89 31 6 31 96 43 22 45 72 25 1 82 90 39 50 7 46 68 95 45 78 69 76 43 45 49 30 89 55 49 100 10 25 27 64 20 85 
69 68 17 94 71 28 25 14 34 70 80 76 13 99 60 11 16 17 6 6 68 46 56 26 1 1 73 46 67 53 56 36 55 20 56 4 61 6 59 27 68 10 13 40 62 11 96 32 98 32 88 32 50 28 39 77 91 55 23 15 87 49 90 89 36 78 54 76 84 72 80 5 22 71 49 27 31 97 60 78 38 100 78 33 39 91 84 8 93 21 69 2 23 41 47 83 11 41 1 22 96 78 89 93 48 97 16 52 98 33 75 49 51 60 66 56 78 49 68 95 72 68 72 66 23 77 43 94 
57 20 47 19 6 48 86 5 5 70 59 43 48 82 40 94 3 68 50 66 32 10 35 65 91 76 97 41 20 86 75 17 10 91 5 50 79 51 81 68 5 12 38 30 74 64 19 52 18 49 9 18 29 100 38 10 65 50 31 39 90 60 39 72 31 67 77 55 40 85 28 56 84 46 54 79 16 65 90 97 62 72 67 35 73 53 64 67 35 44 52 10 61 3 7 97 2 23 12 21 73 66 20 59 31 13 2 73 81 88 75 88 70 23 52 40 10 30 76 83 2 3 70 65 38 71 88 55 
81 19 99 26 89 75 54 49 40 83 67 72 26 44 31 12 25 83 23 10 27 30 28 18 68 14 90 100 100 91 30 6 2 62 71 67 15 86 68 93 8 72 20 52 98 96 47 48 33 64 36 1 7 59 54 24 87 7 99 72 40 92 53 46 44 78 87 29 97 66 4 3 19 86 48 88 76 43 9 2 87 67 38 32 3 23 11 72 63 66 92 86 11 12 69 26 58 90 69 68 64 69 62 83 58 47 87 26 75 97 34 98 97 2 87 19 88 19 64 43 1 71 12 85 30 87 19 34 
27 70 74 55 93 59 95 72 67 14 17 3 9 24 14 24 33 25 84 2 53 60 93 7 6 81 11 1 25 24 50 63 98 9 91 10 90 55 20 70 32 7 91 9 38 8 73 2 36 53 96 99 82 96 61 71 15 99 38 44 65 99 22 46 44 37 16 77 80 57 86 54 71 37 30 61 1 14 49 24 47 50 50 78 89 58 42 37 94 1 87 96 95 4 3 79 13 65 3 55 10 80 9 61 67 82 58 90 70 90 25 37 50 44 73 89 78 50 9 25 37 61 99 22 28 61 9 74 
35 58 68 60 75 3 81 85 78 2 67 46 57 2 42 75 90 75 27 15 79 43 55 16 60 8 53 64 92 95 15 7 4 14 23 67 9 76 52 67 71 31 33 84 62 9 84 33 75 69 17 94 42 83 9 40 63 34 66 4 84 86 74 75 44 4 39 39 31 61 63 39 8 72 68 23 8 22 89 76 18 58 20 41 99 70 99 96 98 48 73 39 67 30 74 69 5 44 41 88 6 82 46 82 14 92 49 5 100 76 1 65 98 95 2 29 87 76 34 42 39 54 81 95 14 55 95 47 
37 27 31 99 81 64 53 65 16 63 56 70 96 49 19 64 38 96 67 21 71 42 22 62 74 35 38 7 72 44 100 91 67 69 38 77 7 10 1 99 23 13 52 62 59 17 68 20 64 41 68 56 78 1 8 98 19 100 53 83 94 39 15 55 6 50 1 1 24 87 8 73 62 67 82 56 36 51 40 43 73 9 28 72 38 39 58 21 55 63 82 64 94 5 9 77 63 59 15 46 25 20 87 92 80 30 98 97 90 82 53 18 49 57 67 90 39 94 32 17 24 74 63 40 73 80 53 62 
55 33 98 80 55 7 69 55 7 95 48 40 37 82 8 29 14 6 96 37 45 47 6 13 82 34 28 58 35 90 9 83 38 46 15 75 66 49 9 23 97 36 33 94 26 3 94 41 83 87 92 43 15 79 46 32 44 22 72 42 86 43 81 23 73 8 97 57 10 39 3 76 61 10 92 39 81 16 45 20 21 20 88 63 95 42 54 20 7 74 84 42 94 84 23 52 38 85 7 20 61 36 72 66 65 67 66 65 97 84 94 95 48 71 14 77 71 74 92 49 22 68 96 69 69 79 32 38 
31 47 8 99 45 48 9 45 33 36 50 95 19 30 94 29 46 85 86 80 29 52 57 81 88 74 3 67 62 34 13 37 10 38 84 33 72 52 16 94 83 34 63 25 43 66 27 16 5 40 35 71 87 72 44 92 35 4 11 59 11 35 60 30 82 31 100 53 22 80 30 82 15 11 74 68 26 1 81 34 89 34 35 62 17 64 85 53 43 20 19 64 99 48 90 68 84 19 92 44 34 88 60 92 43 27 59 34 10 100 10 66 38 55 91 13 82 40 28 33 6 53 68 90 70 51 42 67 
2 17 34 67 11 32 2 83 53 43 52 9 19 9 40 6 87 90 38 94 48 18 30 6 37 93 77 23 30 12 12 62 33 26 88 76 77 6 17 69 61 68 47 20 17 53 86 64 68 58 25 45 80 8 86 34 52 65 11 77 98 77 88 33 3 7 24 57 9 38 64 69 26 91 61 85 72 87 64 100 70 40 48 26 90 89 21 2 20 26 55 69 48 55 19 43 79 92 42 28 13 38 12 88 20 42 39 19 49 10 90 95 27 55 5 78 69 94 10 6 82 91 96 71 69 16 56 12 
35 33 35 74 2 29 59 12 98 80 86 80 81 98 95 61 40 4 22 87 45 73 35 91 48 89 73 13 33 26 71 81 97 14 5 72 8 15 86 40 34 17 100 80 1 36 22 35 98 83 29 41 10 49 91 71 28 80 32 56 83 35 46 70 57 2 25 15 88 28 54 12 69 28 63 26 14 9 36 1 83 62 51 51 6 23 5 13 36 3 44 2 20 100 95 80 65 34 90 81 80 46 33 23 46 14 74 50 35 24 23 57 90 4 93 24 78 40 21 95 33 64 51 59 34 88 39 20 
13 61 73 73 97 81 96 52 24 64 52 69 80 3 58 52 61 51 58 44 15 99 39 20 73 96 92 16 80 27 67 36 58 67 37 44 92 6 42 51 29 38 97 84 57 56 87 9 50 3 11 66 62 47 45 16 74 8 39 3 89 65 60 67 92 34 63 93 79 27 15 26 76 67 75 97 79 11 80 63 2 21 21 54 61 59 98 42 18 98 100 65 47 7 71 47 34 94 7 47 27 31 89 28 100 50 74 15 71 28 25 10 73 67 84 29 63 15 46 45 68 11 59 41 56 25 40 7 
35 83 51 84 13 72 97 93 63 59 44 24 48 53 32 39 78 46 76 58 61 40 38 11 5 75 3 75 43 38 67 100 67 68 12 17 47 74 61 25 45 89 45 86 63 36 49 37 48 94 86 63 50 54 65 44 6 46 11 5 16 1 10 72 83 76 42 81 99 8 70 50 27 29 38 43 45 68 84 56 57 30 93 26 56 79 54 4 92 2 77 2 11 68 3 65 50 8 61 91 28 4 50 82 12 27 6 90 2 57 68 93 18 44 12 7 89 72 13 32 4 28 2 77 71 29 45 42 
91 48 14 33 37 2 18 84 56 28 53 11 34 9 83 9 6 42 29 92 65 17 43 11 46 82 35 27 16 28 21 97 68 32 14 97 4 8 2 38 59 33 64 54 50 54 93 67 28 57 24 21 48 70 32 9 55 74 68 72 47 18 31 3 37 13 6 11 34 67 9 67 73 83 46 92 26 12 4 58 95 53 62 71 12 30 48 88 94 51 94 73 63 61 45 60 80 21 61 19 54 56 77 8 15 47 62 30 32 6 60 68 75 88 65 13 2 62 44 66 39 89 73 13 32 24 63 57 
45 47 96 48 45 22 88 39 74 14 3 71 75 76 56 91 88 50 91 82 95 13 57 82 98 16 51 30 53 13 54 5 87 91 22 25 10 71 77 65 78 3 38 93 3 17 96 72 81 71 62 25 33 3 54 23 2 27 62 3 35 31 98 89 60 50 89 98 39 84 73 34 54 56 27 62 60 82 34 83 100 96 31 20 50 99 88 36 18 6 81 12 55 8 96 14 13 69 51 17 95 25 88 57 32 96 5 99 11 37 45 25 67 68 82 47 71 51 54 29 96 30 38 73 44 8 49 26 
59 32 46 1 3 3 14 33 90 43 10 29 71 23 42 51 46 18 19 59 20 4 93 49 49 52 18 5 76 17 33 48 22 40 81 43 97 50 19 2 13 36 51 19 76 88 85 28 92 58 77 36 85 82 98 99 19 91 91 36 76 96 96 76 10 34 67 98 11 31 80 54 88 39 28 4 18 89 21 66 69 18 57 43 56 65 65 93 69 95 3 15 5 40 10 15 26 30 63 87 4 87 39 61 49 95 90 18 78 27 96 37 18 52 66 68 85 34 100 96 70 96 2 13 69 92 63 78 
63 81 94 34 46 96 100 29 42 27 78 32 79 54 28 65 91 90 48 30 15 22 3 19 23 74 46 5 94 98 33 64 20 57 43 24 69 24 3 83 51 91 79 53 33 41 85 71 30 56 21 70 97 75 78 9 55 38 70 54 39 35 31 90 67 32 31 14 14 14 74 68 85 6 83 77 90 39 26 74 19 61 37 24 19 67 52 88 72 51 33 100 67 78 11 39 43 83 38 49 32 27 66 15 40 92 36 47 37 16 87 94 17 15 59 35 65 75 63 54 82 85 76 51 49 6 8 89 
75 63 48 78 52 69 32 59 90 74 49 81 58 3 48 27 5 87 74 82 68 56 21 8 1 29 41 7 66 60 20 96 79 97 4 86 99 58 82 76 11 39 38 75 86 12 64 68 23 82 40 10 10 36 49 17 90 27 35 35 3 26 66 33 2 28 55 47 7 4 70 47 54 81 63 47 95 57 52 48 75 20 88 84 3 7 35 53 70 64 60 77 14 37 28 15 100 77 86 31 35 35 84 57 22 37 32 88 81 34 22 90 20 25 97 9 67 35 28 87 9 59 38 35 9 22 96 15 
92 4 82 20 69 28 18 37 54 14 15 81 79 66 49 19 53 85 78 64 57 27 73 27 37 24 16 53 5 93 44 76 26 18 24 50 4 80 17 66 24 69 32 29 56 40 77 26 66 20 97 73 99 39 64 60 12 11 49 4 82 5 43 29 35 6 79 64 40 86 1 84 74 24 42 81 65 7 89 68 52 89 10 25 2 72 5 84 36 82 6 36 58 100 94 62 100 95 37 12 20 61 46 96 38 22 12 3 90 12 25 86 67 13 12 16 77 18 39 65 99 18 1 17 20 37 45 82 
36 96 43 33 97 30 72 66 87 49 64 83 17 87 70 66 8 38 48 59 7 90 88 87 45 49 43 85 48 72 22 8 86 79 30 49 14 18 19 50 76 97 29 72 53 14 72 37 83 47 81 24 80 71 7 78 65 12 29 45 85 99 12 11 29 49 26 62 9 49 17 31 26 87 8 28 74 46 1 8 69 50 91 31 82 69 18 24 60 56 23 45 100 19 85 65 72 19 37 48 68 84 19 89 3 79 98 73 75 11 54 23 70 75 33 89 34 9 42 43 96 85 92 27 47 22 11 55 
53 87 90 45 73 2 43 14 37 100 16 24 53 80 50 49 26 95 89 65 10 19 56 39 97 4 32 33 93 15 42 82 39 31 57 20 72 88 46 49 18 86 8 39 2 70 49 13 73 76 52 4 46 13 67 58 85 41 21 71 18 14 92 78 24 70 9 57 61 10 33 79 85 26 74 57 91 2 11 48 2 49 92 49 20 23 16 53 87 18 66 54 73 3 94 11 32 79 32 92 74 95 33 5 33 32 34 2 88 31 78 54 71 53 79 23 61 64 56 40 87 96 13 25 34 57 19 68 
23 41 46 85 55 58 53 79 43 67 97 42 87 27 18 59 61 23 91 84 22 55 61 37 85 48 78 56 28 67 58 42 24 6 76 15 66 27 81 10 43 26 36 49 71 37 17 100 16 38 21 82 96 84 59 42 93 97 3 1 32 1 50 62 90 40 69 87 18 17 73 15 67 58 12 1 56 19 82 35 88 93 11 70 18 38 56 22 79 96 42 32 15 98 72 94 23 68 35 37 82 44 5 8 95 36 51 44 19 98 58 76 55 58 27 33 4 3 87 71 13 91 81 66 98 23 49 53 
25 64 2 60 49 37 6 54 30 91 67 37 75 5 46 78 22 63 12 46 16 7 30 16 92 90 81 98 58 39 86 35 31 42 15 34 90 29 26 79 82 62 78 54 18 100 27 46 30 25 96 90 56 66 62 23 76 38 65 82 33 53 55 65 68 44 87 64 42 89 72 85 68 66 16 60 19 70 53 87 51 21 35 14 9 17 28 86 51 44 58 14 18 10 19 100 49 58 33 96 38 5 23 66 24 2 24 24 10 31 77 69 81 27 87 47 16 50 78 16 12 80 9 30 58 93 86 88 
21 68 8 54 35 100 9 76 81 33 91 75 25 60 10 81 66 84 2 45 23 94 21 45 46 49 55 49 21 11 14 8 21 39 11 84 61 10 25 47 81 61 56 46 58 27 77 10 72 30 34 77 34 70 47 57 39 91 30 11 30 45 90 12 95 54 73 47 95 30 10 55 38 8 71 64 37 21 94 74 100 1 64 70 28 95 81 72 51 62 94 32 65 77 10 28 97 51 49 82 38 97 10 96 62 51 61 60 86 91 53 14 33 83 67 36 41 71 85 78 51 11 75 94 26 83 1 78 
68 36 82 20 7 34 9 70 45 60 61 26 100 50 81 22 25 61 56 72 47 26 47 17 4 62 88 13 60 32 12 70 99 38 68 88 34 35 74 25 5 23 25 7 45 72 32 73 6 96 4 22 40 72 17 32 28 61 44 76 3 70 46 58 48 89 43 92 62 2 22 10 51 11 11 24 87 31 60 86 36 25 27 70 87 63 59 10 1 98 32 82 13 97 51 31 3 47 72 62 27 93 29 40 13 85 40 30 37 43 76 38 92 66 7 5 27 24 77 98 98 6 26 41 49 99 46 6 
39 91 14 16 13 90 34 22 41 94 31 61 80 3 71 9 6 88 65 18 89 30 31 17 74 25 56 31 99 100 37 67 70 57 7 75 88 39 54 82 38 40 92 73 70 10 14 63 98 12 84 83 92 99 36 57 14 60 32 53 14 22 21 86 92 28 42 4 93 91 99 53 16 72 53 5 2 95 76 64 26 61 74 77 9 97 87 47 72 94 65 44 4 58 91 83 84 4 27 47 21 6 40 77 97 83 9 86 61 96 2 48 62 81 41 6 65 30 61 24 30 16 22 26 10 4 83 90 
50 10 18 51 42 81 52 9 24 1 17 5 94 81 47 44 12 70 50 100 39 12 31 29 35 9 71 47 56 15 54 56 15 97 50 61 90 31 13 64 8 7 63 15 76 69 27 19 43 92 15 7 11 24 48 68 93 92 88 12 11 95 15 91 5 58 34 6 86 19 38 44 92 18 30 36 39 18 74 48 98 2 49 24 73 21 17 97 68 79 9 43 75 84 80 9 97 69 70 24 63 62 5 64 100 25 19 99 48 84 39 16 89 33 81 12 75 77 85 34 14 41 96 62 94 100 52 88 
5 18 62 82 52 54 92 5 16 93 57 21 37 77 51 9 89 3 85 85 78 53 7 26 62 99 7 51 60 27 64 10 70 40 3 20 79 7 96 77 41 22 73 1 43 85 6 84 14 82 11 60 79 96 9 74 88 27 35 5 50 57 12 42 65 11 97 39 12 27 16 92 51 28 34 67 19 65 94 40 30 96 49 94 37 78 31 81 48 100 48 49 18 8 78 41 92 28 64 24 40 62 71 40 88 84 85 65 40 19 97 7 60 72 39 36 38 44 40 95 44 76 52 54 92 73 90 28 
21 32 63 11 59 61 100 88 8 67 74 28 17 60 65 65 13 31 85 87 57 31 64 63 6 80 7 69 81 8 67 89 12 43 64 15 24 55 49 25 73 64 22 96 45 37 64 32 80 85 78 4 38 73 34 40 9 71 73 44 24 91 13 25 51 83 83 56 23 43 80 64 28 45 92 25 97 42 32 18 21 19 91 5 40 77 63 21 91 56 44 42 44 48 92 55 54 40 44 59 88 89 18 61 24 1 82 91 61 99 68 81 29 11 97 31 24 83 71 98 37 58 36 41 7 22 68 64 
90 1 45 74 90 30 10 69 40 60 23 47 86 69 72 99 33 30 86 69 32 6 92 56 60 100 61 84 77 86 80 71 12 68 52 100 29 22 49 88 57 75 40 36 69 98 98 96 43 70 18 28 4 43 77 34 61 25 2 54 55 93 22 37 85 40 56 60 48 57 74 46 26 43 39 76 92 25 67 54 77 41 36 15 30 37 93 91 67 65 32 85 37 89 21 31 30 52 75 32 27 51 60 39 41 8 64 75 65 62 43 26 35 74 94 64 58 68 35 86 53 7 31 1 63 99 64 89 
12 94 91 1 33 37 15 64 2 13 41 96 75 46 41 25 80 37 79 49 29 22 30 10 74 64 83 60 8 15 21 63 78 75 86 48 60 56 100 63 34 12 18 81 57 61 52 7 64 86 3 90 16 59 92 15 49 64 59 71 66 46 87 76 22 74 94 27 12 53 12 52 11 99 63 66 77 91 44 44 95 20 73 71 27 67 54 89 73 67 55 53 96 100 17 5 55 32 68 2 99 69 21 81 39 72 45 47 57 92 47 25 9 91 60 27 56 13 49 67 4 71 39 69 28 97 20 32 
43 8 14 9 76 76 80 8 54 65 63 3 64 27 35 76 10 49 64 93 22 13 4 87 19 55 91 62 7 17 84 23 54 8 7 32 91 26 76 42 3 83 41 50 27 70 70 22 27 43 48 96 69 24 87 42 40 89 17 83 90 37 32 16 82 46 46 60 62 17 48 5 47 58 15 2 12 98 45 18 89 39 32 2 21 62 49 88 37 86 69 63 43 61 48 37 65 4 23 42 31 77 78 32 86 18 98 24 64 30 35 33 54 30 94 23 46 54 22 26 62 64 96 72 79 53 48 41 
29 64 83 50 7 40 76 28 2 22 46 88 63 55 33 8 91 1 52 92 12 39 24 9 68 3 18 21 71 89 82 64 35 6 20 92 87 22 39 87 9 34 96 54 35 91 27 56 3 40 4 52 89 80 56 58 33 60 30 68 81 55 97 66 37 87 35 18 54 13 60 58 17 100 59 76 44 80 65 8 52 56 34 77 39 85 87 77 40 6 37 98 30 74 22 79 5 67 45 40 89 47 17 73 59 9 51 29 73 20 4 17 75 68 70 77 83 79 43 50 63 89 90 2 6 89 7 12 
38 14 14 4 89 42 98 47 36 72 78 22 5 87 44 10 59 43 69 68 87 88 57 50 39 100 1 61 82 28 9 78 78 86 68 62 100 61 71 66 82 58 10 28 22 26 37 6 53 27 78 89 26 39 66 99 44 17 5 20 66 31 94 44 25 44 14 36 20 12 38 44 81 89 79 2 32 32 96 48 3 9 2 68 76 61 12 96 93 33 73 87 43 44 99 38 100 80 1 77 70 78 71 33 17 78 98 90 40 59 57 34 47 73 44 87 83 58 43 38 74 33 46 29 56 62 10 78 
34 58 13 11 14 27 98 98 26 88 71 18 78 33 91 54 75 82 51 33 13 75 11 54 50 45 97 50 54 91 8 19 21 26 9 2 26 2 76 87 42 73 79 94 35 46 63 65 11 73 80 27 17 77 80 58 46 9 46 65 20 1 87 50 4 18 31 14 22 10 15 49 92 6 40 49 38 58 7 97 27 26 39 95 72 64 40 63 53 36 78 47 36 59 59 61 34 71 97 90 93 53 22 24 93 11 97 26 96 18 61 39 26 43 7 63 38 70 98 41 23 49 5 65 14 7 77 4 
93 41 3 40 46 40 59 54 73 30 44 66 24 66 30 15 79 66 21 20 58 68 60 73 75 62 95 16 2 34 40 36 26 75 71 46 94 59 53 14 88 77 47 13 45 82 35 22 29 44 95 48 88 82 46 49 22 74 8 12 78 23 78 50 63 8 65 63 98 28 40 61 83 48 10 79 31 80 52 29 12 57 33 39 20 16 95 22 29 19 48 68 11 34 45 11 46 96 7 68 27 30 25 33 75 7 64 45 52 19 9 94 36 64 32 80 84 39 49 69 77 72 37 5 85 85 97 89 
6 12 9 13 56 1 55 51 88 80 87 2 37 59 58 47 63 31 22 56 35 11 1 18 54 65 96 41 78 42 75 26 92 41 68 54 23 19 83 37 95 47 29 17 39 26 99 57 47 39 10 75 18 51 7 6 51 42 76 89 96 18 66 78 81 63 3 70 8 55 48 59 78 52 4 85 81 31 23 48 22 41 60 41 6 86 69 26 28 66 93 50 37 24 28 44 65 22 56 58 41 46 16 84 83 8 39 37 39 61 32 30 60 82 38 91 19 65 60 18 56 57 61 59 64 7 39 60 
48 11 48 92 86 11 92 28 40 87 60 47 80 45 25 95 94 6 64 1 1 30 71 70 77 33 32 59 29 75 77 40 62 73 55 72 6 94 54 90 49 58 78 72 92 20 9 65 9 49 42 26 34 47 88 67 1 28 85 91 93 61 48 66 67 6 97 88 52 95 3 22 100 72 84 7 56 14 56 7 17 4 97 86 65 48 27 99 89 75 64 55 69 86 63 84 28 69 77 72 62 9 3 5 7 73 42 29 97 26 52 34 31 81 66 30 20 8 71 61 76 75 67 65 23 40 39 32 
99 44 97 20 69 8 73 41 7 97 74 77 74 22 86 45 56 81 14 31 1 44 2 63 34 4 97 35 93 54 59 21 7 28 17 98 45 6 7 63 25 88 76 95 48 28 10 91 24 5 35 1 37 44 76 34 89 5 1 51 72 91 57 100 94 58 98 87 19 66 92 87 10 43 96 83 24 49 68 64 74 71 58 27 93 58 90 100 94 20 14 92 62 89 63 28 83 99 23 27 79 91 90 61 99 67 64 26 17 61 95 62 54 91 100 21 66 10 56 32 10 43 22 82 52 41 13 10 
81 19 52 32 33 68 80 54 46 23 65 60 42 49 84 13 37 78 9 21 2 73 28 84 27 44 53 72 30 62 17 13 11 25 8 37 61 25 76 86 29 40 52 49 68 63 9 61 92 83 1 41 49 10 60 23 19 13 70 98 83 74 30 69 21 31 70 35 24 15 3 82 20 96 35 75 73 37 38 21 4 77 11 12 56 61 89 26 44 99 32 70 52 59 34 62 100 85 35 94 65 58 4 82 80 81 41 34 47 81 75 27 41 83 38 72 81 12 78 74 24 9 67 14 72 86 22 66 
14 68 19 4 21 52 83 92 38 90 23 20 84 89 29 30 77 42 12 36 15 67 33 21 95 3 35 78 4 91 47 52 35 89 83 93 88 64 24 100 31 96 15 96 87 45 63 29 30 23 5 20 98 47 73 24 100 25 46 56 65 77 4 54 2 13 12 67 18 7 45 7 41 28 19 33 37 83 75 10 58 24 45 99 39 19 48 81 14 86 8 89 7 25 54 42 85 50 95 55 11 80 89 46 63 22 3 5 45 46 98 32 9 6 88 97 61 73 20 34 74 4 18 44 40 12 66 72 
30 97 29 85 62 52 56 46 34 33 35 17 26 62 51 43 5 15 70 15 19 82 50 1 82 40 98 3 67 57 27 65 77 72 6 78 30 80 40 67 45 24 62 21 96 19 32 43 82 21 71 22 46 53 38 72 66 60 2 60 5 66 93 78 67 10 37 78 6 44 20 53 64 6 3 79 22 48 91 39 91 22 5 96 92 29 44 47 42 76 75 89 60 79 99 20 97 63 5 19 66 41 12 84 85 25 2 6 96 9 56 43 76 61 77 45 34 75 33 31 52 70 100 33 93 25 17 94 
81 51 32 66 42 50 36 62 71 54 76 45 67 63 87 58 21 64 94 71 89 36 91 70 87 71 85 85 45 61 92 38 84 49 72 7 55 24 22 78 67 16 91 80 20 11 82 62 98 7 52 52 5 15 42 24 64 83 22 11 65 69 54 68 48 50 96 56 76 51 17 89 24 33 87 25 18 6 14 62 18 34 96 89 43 34 57 35 79 21 29 25 41 10 17 36 63 16 6 21 22 11 7 12 75 77 83 16 25 20 35 6 75 96 4 35 27 8 66 17 9 70 22 17 53 56 93 74 
2 22 75 97 62 96 60 13 21 50 96 95 54 96 41 87 12 68 53 77 10 66 32 38 25 67 2 33 90 83 2 84 96 15 66 64 13 72 34 77 99 31 83 97 3 43 8 7 40 66 17 43 95 43 51 100 79 60 88 31 57 49 12 60 23 86 35 67 83 48 65 5 39 87 78 100 61 50 44 81 71 97 41 56 71 12 63 47 33 99 84 11 69 22 100 73 39 33 85 85 76 86 72 23 46 72 4 33 47 34 10 6 82 97 52 84 77 76 4 68 45 92 62 15 45 5 82 3 
4 17 56 53 48 38 98 10 90 11 76 77 88 14 38 55 30 39 75 9 98 2 93 75 51 44 74 90 97 44 90 18 92 52 87 14 82 63 60 73 48 34 14 12 86 34 82 69 36 86 64 62 16 1 48 79 50 81 5 37 61 63 54 77 59 39 94 27 65 33 33 57 21 92 97 38 39 59 53 45 38 27 26 48 83 98 23 54 43 13 80 53 74 76 56 89 74 54 51 17 66 94 8 2 45 17 50 65 26 42 89 7 71 11 83 9 54 65 15 66 84 100 33 68 33 5 29 65 
64 44 38 26 86 12 11 1 38 22 21 89 88 95 77 63 82 31 77 39 90 72 11 54 52 41 61 19 62 17 23 51 50 64 45 46 72 73 98 94 41 49 35 76 14 65 62 63 41 45 37 77 68 72 34 3 76 26 64 46 64 96 59 17 73 89 40 65 45 19 68 64 100 56 39 57 80 47 63 56 29 50 33 98 88 96 24 99 70 31 40 49 63 70 76 28 90 79 24 100 85 86 24 21 41 87 73 3 2 36 31 42 14 79 57 22 36 23 73 1 93 55 24 85 66 50 53 9 
37 58 77 72 6 95 53 94 91 1 36 75 8 56 28 37 29 16 2 72 11 1 12 61 14 45 46 83 27 98 3 20 43 42 52 5 23 73 28 28 98 9 73 34 50 53 4 80 96 85 45 25 28 87 88 77 42 26 98 64 17 15 36 81 23 76 90 50 66 85 45 72 4 24 6 81 84 25 27 11 46 40 61 8 55 100 40 7 48 10 49 91 24 88 70 86 25 12 86 48 8 58 31 98 35 51 38 29 22 64 9 45 26 9 96 22 9 80 13 33 21 82 94 94 63 54 98 76 
68 29 26 3 8 6 59 6 22 45 94 43 96 100 19 40 27 47 51 54 53 23 87 46 11 32 62 37 29 46 84 41 39 76 24 26 34 1 1 83 1 89 51 35 100 80 43 28 76 48 41 6 73 19 42 75 91 64 99 50 41 27 85 79 84 57 60 99 41 44 18 7 28 36 27 83 84 83 37 93 94 90 56 82 17 56 77 55 54 7 38 18 56 11 89 87 78 34 41 76 33 38 75 58 7 75 78 66 12 1 77 40 27 2 9 87 92 36 15 81 20 9 69 50 10 5 84 41 
14 59 53 75 41 48 48 1 82 60 69 89 70 62 14 17 44 76 58 33 91 34 33 41 81 6 58 28 14 77 91 94 28 52 36 65 58 76 48 25 78 55 25 69 57 1 6 87 82 40 44 41 65 35 52 30 78 1 33 16 52 52 70 22 85 36 50 24 6 73 65 71 88 74 95 79 80 89 88 98 63 22 17 37 77 42 3 54 5 30 65 10 67 8 46 1 12 83 35 37 77 94 7 93 77 93 15 52 53 51 61 95 29 88 2 69 15 57 44 57 81 7 97 80 29 44 1 35 
20 7 67 61 23 52 46 79 10 38 95 64 64 24 4 30 94 96 30 78 65 86 14 100 75 23 45 20 54 97 47 99 40 63 44 17 88 79 15 65 95 95 71 55 34 99 81 21 92 50 58 75 100 38 12 9 9 22 18 1 48 55 96 91 14 28 79 10 63 38 81 64 85 24 86 35 78 39 31 54 44 71 46 68 38 57 30 8 12 12 86 87 96 49 43 61 9 26 12 59 67 29 80 54 14 4 66 38 82 29 20 54 17 1 24 5 84 56 54 47 12 52 34 45 40 13 82 42 
35 88 100 21 72 40 12 3 43 91 46 72 38 29 77 82 12 31 53 98 95 96 83 37 27 9 49 30 76 85 29 62 16 5 85 4 73 40 59 40 62 46 10 38 29 22 51 92 35 62 19 70 35 24 70 42 24 61 24 27 5 52 22 65 81 25 57 66 79 66 24 67 21 68 38 54 34 73 95 63 76 65 67 44 36 98 77 7 40 28 38 65 76 93 58 44 42 44 27 54 66 96 95 55 74 24 55 46 32 36 62 14 94 58 28 59 58 98 63 83 82 34 61 72 2 19 40 47 
69 91 91 51 25 56 48 97 37 74 2 35 2 38 67 82 1 65 70 15 58 90 92 63 50 81 2 67 86 67 10 100 60 69 75 89 95 35 50 39 82 33 65 20 46 97 48 35 96 25 73 83 100 22 9 42 72 18 98 27 89 83 41 98 40 91 34 61 20 38 94 90 41 83 41 87 1 9 66 40 60 48 54 76 50 54 8 78 92 22 27 70 58 91 98 37 71 74 64 7 50 97 53 77 22 99 65 41 13 13 80 79 95 21 2 54 12 26 83 99 62 82 75 23 99 29 73 60 
77 69 33 61 2 48 77 42 40 57 55 76 5 76 64 18 99 43 31 41 94 80 18 60 12 64 58 72 85 56 72 35 41 10 46 87 24 86 21 50 78 89 3 91 11 26 97 12 31 67 52 98 21 65 82 89 79 24 37 17 79 98 90 42 16 83 23 15 24 18 51 99 15 22 38 73 49 85 3 4 72 79 78 24 26 73 79 24 93 65 11 60 11 21 4 44 91 40 48 11 93 63 6 85 73 12 98 84 19 98 1 26 18 56 66 79 75 26 88 9 22 17 93 82 4 64 56 38 
46 11 49 66 81 18 38 64 97 4 94 29 57 86 62 39 16 92 40 27 30 100 76 40 54 13 48 82 58 16 43 69 20 64 66 90 71 11 33 96 24 32 38 10 31 80 66 83 62 95 21 67 92 27 60 51 41 90 13 92 7 36 12 36 19 44 29 20 93 36 63 8 21 4 84 42 19 13 88 63 33 14 63 93 54 7 89 41 98 16 59 19 47 36 27 20 64 44 62 18 80 27 24 64 46 85 41 27 8 63 92 79 2 59 76 11 87 54 52 93 76 24 4 39 68 9 93 88 
18 89 87 7 30 62 19 74 35 23 71 23 97 36 100 52 24 52 21 65 59 92 24 37 25 100 69 12 30 95 73 41 88 4 84 82 26 8 22 74 52 22 50 40 23 1 76 10 98 7 13 46 90 63 38 83 16 44 63 68 15 95 24 34 69 78 76 46 78 92 47 81 36 23 58 20 90 92 16 37 64 20 37 30 89 30 46 3 44 73 52 78 8 53 26 34 18 57 70 54 68 17 56 19 86 55 67 79 97 26 15 69 16 53 3 79 66 30 86 78 79 91 11 36 66 100 10 48 
83 13 57 16 9 76 79 37 82 53 69 58 34 92 16 73 41 23 91 40 36 32 89 68 53 66 59 11 79 9 73 67 25 93 75 99 13 40 17 66 81 10 100 6 73 90 11 17 99 87 71 50 52 83 96 46 96 88 100 20 17 22 39 65 83 41 34 42 45 45 8 94 54 23 18 88 14 93 46 82 57 89 2 53 10 50 75 55 82 36 33 17 42 95 58 7 94 63 84 21 83 80 6 6 24 98 28 86 74 47 43 80 65 25 51 50 75 41 35 16 32 68 77 1 21 55 93 34 
6 87 18 3 33 51 63 39 16 81 8 58 17 88 51 54 50 25 80 1 94 90 29 15 46 46 10 51 11 95 38 38 52 61 39 97 71 53 2 62 23 4 29 1 65 71 53 16 34 97 96 45 48 73 35 42 84 87 73 54 87 70 53 93 35 74 54 87 34 38 10 73 5 14 4 65 71 28 69 48 28 2 72 63 47 49 48 94 29 33 99 23 4 35 85 23 22 4 87 86 62 16 75 25 17 81 89 21 91 39 33 97 61 17 61 57 16 66 8 31 6 45 66 7 16 88 51 38 
86 28 28 10 33 65 35 5 91 80 58 60 28 30 8 91 45 35 52 37 93 16 92 28 97 72 69 6 1 93 52 38 37 33 83 47 89 23 56 93 42 56 58 46 47 36 99 100 13 51 72 68 40 8 82 47 61 6 16 24 72 16 62 34 35 90 95 34 66 49 44 92 36 13 26 70 59 98 80 41 74 2 71 59 26 50 62 57 79 12 36 62 54 45 43 18 70 41 20 92 53 92 29 80 94 24 20 78 63 58 2 55 66 10 29 56 7 36 78 74 85 99 23 30 22 95 36 77 
99 6 22 86 44 85 40 2 80 17 46 37 61 22 3 62 5 87 100 40 67 83 16 40 86 10 58 7 96 39 85 62 8 86 13 18 51 100 15 89 94 40 26 28 19 61 25 51 74 68 90 65 98 36 26 81 54 23 67 51 61 45 43 25 95 85 85 52 49 50 45 15 89 95 8 85 72 99 17 96 48 58 89 16 82 6 84 5 31 24 64 66 29 93 55 62 42 30 71 16 16 4 79 83 91 98 83 61 46 22 36 91 85 76 1 74 29 8 62 11 94 46 28 20 52 5 97 84 
67 79 59 29 97 85 45 47 10 26 26 91 41 36 6 28 44 33 34 30 22 73 42 59 63 14 16 76 59 44 91 2 79 16 92 66 46 58 11 63 4 50 58 31 18 27 8 51 97 80 11 18 16 33 70 83 95 98 78 95 71 81 29 12 11 24 57 72 14 24 27 9 48 53 98 37 50 26 43 19 97 25 48 38 25 71 55 14 9 4 58 74 8 72 5 48 61 11 63 25 25 52 38 54 74 41 38 57 36 45 96 88 76 1 51 56 81 59 48 100 54 87 21 75 50 56 4 26 
4 99 55 56 1 62 20 66 92 59 41 20 89 37 80 18 24 43 72 84 39 87 56 19 33 74 88 91 1 16 31 4 18 69 88 29 1 6 47 47 45 33 35 33 83 33 44 98 70 30 26 16 56 14 22 100 83 47 64 77 55 46 39 30 95 36 93 2 77 98 93 11 76 86 41 25 67 11 4 7 69 17 5 11 41 42 64 76 96 79 58 31 39 23 77 86 74 9 13 53 20 30 16 47 30 46 61 95 99 76 6 11 89 7 92 79 93 31 80 33 4 25 49 47 27 34 23 24 
78 22 60 2 51 56 72 92 57 14 42 85 96 80 20 73 18 22 8 14 12 80 70 21 79 53 68 86 47 29 16 80 7 97 18 77 70 80 94 56 59 44 58 95 4 19 21 58 81 3 7 48 39 28 57 35 100 2 21 64 58 62 10 88 43 76 51 40 18 85 35 61 72 31 64 64 4 20 27 16 43 7 12 75 6 68 79 59 86 77 87 47 32 31 50 34 62 1 51 4 89 55 31 34 26 93 20 19 77 18 99 67 42 25 59 70 88 20 6 60 75 14 59 76 6 59 11 65 
18 99 45 57 22 3 35 51 37 20 8 65 82 12 30 57 6 88 67 99 78 28 64 77 41 28 17 61 46 33 8 8 47 37 46 82 80 98 78 22 88 73 96 37 36 8 94 2 74 55 67 6 83 70 13 40 82 97 97 92 20 88 91 35 54 90 37 47 41 81 51 11 2 34 62 48 34 19 96 14 29 81 29 39 85 78 83 73 16 9 11 50 54 49 96 55 20 69 83 53 61 63 8 32 34 33 54 54 90 16 4 91 51 74 96 15 71 31 86 18 19 25 22 10 89 23 26 91 
71 16 38 81 1 2 56 23 7 26 96 72 84 60 96 1 36 22 43 77 60 45 46 13 55 74 79 68 11 76 99 46 63 48 6 24 49 27 73 65 24 25 7 65 96 32 91 13 91 91 41 62 64 17 75 72 42 13 56 64 21 48 93 71 42 44 78 70 37 38 48 43 41 81 95 52 88 31 75 47 66 95 38 56 98 55 33 84 3 42 45 36 88 30 62 84 47 57 79 71 50 86 81 65 59 26 43 95 24 40 83 83 74 60 14 91 2 53 37 35 56 41 64 53 35 75 62 6 
71 80 29 79 37 41 44 66 40 56 1 99 2 93 97 42 28 61 12 95 3 34 72 10 28 24 32 35 7 62 21 59 14 96 85 19 15 5 17 72 37 45 67 68 49 67 41 9 88 40 73 100 76 6 81 28 73 90 40 9 37 32 97 49 90 49 100 61 23 12 54 6 36 29 70 13 63 55 71 7 22 34 77 91 81 14 88 73 1 2 51 78 98 36 15 99 55 59 27 23 71 16 7 99 70 11 5 55 17 95 76 65 41 40 81 21 48 7 30 54 80 16 65 78 49 90 87 67 
92 22 71 21 94 29 53 24 45 52 28 9 42 70 78 1 24 71 76 25 61 75 42 58 77 80 25 25 78 98 69 5 77 21 96 13 81 13 93 8 48 50 75 41 77 72 88 56 21 45 5 55 74 48 55 57 75 75 19 72 39 39 81 72 78 61 21 50 4 43 86 89 52 14 26 12 54 84 80 17 26 54 1 98 22 38 58 38 57 11 26 93 12 76 94 85 49 6 88 16 32 96 83 67 82 58 25 16 68 58 1 14 5 50 7 33 21 73 10 72 5 39 87 21 1 40 24 95 
17 6 23 36 98 46 69 61 99 41 57 35 96 78 82 11 69 77 19 99 82 63 36 34 55 93 21 33 32 59 32 66 88 47 14 2 75 75 12 24 27 93 91 70 22 55 54 71 11 41 31 99 67 17 60 28 6 17 90 49 23 16 78 83 100 95 51 84 73 92 98 23 72 62 14 83 36 5 69 44 13 41 31 41 82 20 19 61 82 26 60 46 7 54 83 90 55 63 18 1 10 11 44 98 71 23 84 36 32 36 98 87 22 46 43 49 39 2 16 8 18 29 99 80 42 28 66 79 
97 32 82 38 35 83 40 68 100 51 74 43 39 35 67 85 50 98 55 30 63 91 15 39 18 88 96 44 54 51 64 88 95 91 87 16 88 75 89 67 87 44 18 12 66 28 10 11 72 64 8 100 20 80 95 45 74 84 9 25 59 12 75 65 79 65 94 18 77 19 29 44 50 11 85 90 77 66 78 63 1 18 62 97 75 84 25 37 3 13 35 19 93 10 64 10 54 98 61 90 82 13 35 68 91 39 73 46 23 99 61 38 19 93 64 48 98 61 78 70 94 70 5 80 70 29 10 4 
31 79 59 88 94 8 46 19 82 68 15 74 41 86 68 11 45 7 41 28 46 65 84 31 67 70 8 61 58 62 41 95 8 28 98 88 67 37 60 23 12 36 23 1 51 58 37 97 30 28 66 44 94 87 29 57 53 40 70 73 88 48 3 61 50 31 81 23 34 5 6 30 86 86 22 76 32 3 33 67 54 44 5 59 29 66 68 16 22 52 62 43 15 17 30 6 29 22 12 6 49 30 95 46 47 100 30 49 30 93 77 63 47 14 48 93 34 68 7 75 32 93 91 62 86 89 13 36 
49 46 98 6 44 25 94 32 50 37 28 79 20 89 13 58 89 81 46 45 78 42 32 84 100 38 92 55 87 37 52 17 48 17 31 17 85 7 32 67 65 82 35 45 60 66 70 35 62 71 53 89 12 69 96 1 45 58 54 21 34 87 6 67 9 88 78 31 42 84 4 33 44 32 69 48 71 69 77 80 6 64 49 70 11 34 88 55 33 29 94 61 38 13 55 40 64 80 7 79 85 82 67 27 42 86 5 79 96 77 95 61 90 18 12 11 86 83 28 35 59 64 87 58 12 32 18 35 
38 93 25 93 19 41 86 29 47 13 40 16 98 63 77 78 69 100 21 53 34 19 14 9 95 24 25 76 35 88 64 97 58 76 5 30 14 7 18 92 4 29 70 4 81 21 66 94 50 85 48 51 25 27 23 17 84 90 74 68 31 80 21 10 39 19 70 76 43 27 80 21 5 4 77 90 56 22 73 56 1 79 58 63 46 81 23 95 30 41 38 58 65 17 30 37 34 27 13 46 83 34 44 57 99 58 81 30 42 91 12 75 82 20 12 31 92 84 67 58 35 22 80 69 73 43 92 75 
10 56 33 84 28 44 13 8 41 34 33 14 83 15 83 100 17 19 32 18 34 41 64 54 26 93 64 33 39 50 62 36 86 57 73 36 14 77 43 100 51 23 78 15 67 53 28 31 53 84 64 59 66 79 35 15 31 31 40 74 98 34 86 16 54 30 4 68 100 77 88 87 68 46 23 52 74 68 89 22 41 64 5 3 63 11 100 66 6 15 57 18 90 37 29 2 60 79 18 34 57 95 50 82 2 2 48 78 91 97 68 46 82 51 38 61 66 82 57 87 62 23 85 24 74 26 87 72 
80 92 75 49 54 39 3 89 97 54 40 27 15 80 5 24 68 82 3 35 63 60 5 67 23 43 62 33 18 41 74 4 4 78 68 24 93 86 82 71 53 17 42 99 38 68 87 97 69 69 96 95 58 53 57 77 72 39 51 94 13 51 94 95 18 59 80 23 43 55 9 81 20 80 66 37 6 92 55 96 34 33 90 41 12 67 22 52 28 38 4 55 73 27 79 28 35 12 9 57 42 80 46 62 31 42 81 34 93 89 69 98 86 52 75 74 91 40 43 91 38 71 85 40 52 32 10 81 
88 99 74 49 58 78 88 84 25 87 87 39 58 70 84 84 93 65 90 34 90 28 47 62 48 61 70 31 46 32 48 50 52 16 21 15 18 25 67 36 19 92 28 3 23 41 70 19 98 84 37 84 43 32 41 31 54 53 81 27 52 18 92 57 65 56 85 98 11 62 10 58 4 45 14 63 45 78 76 36 4 57 55 3 25 80 79 69 49 15 3 86 48 15 9 89 62 6 82 5 35 49 10 97 10 94 71 68 6 19 94 100 100 59 32 68 97 11 71 86 64 37 12 17 81 27 93 70 
44 53 47 63 37 88 69 32 22 27 70 22 64 63 89 11 21 83 25 58 80 21 61 94 3 83 19 93 2 77 92 68 94 9 55 39 93 91 44 61 69 51 99 97 51 61 23 77 97 95 69 21 8 26 79 96 64 90 72 10 78 19 10 26 75 74 4 51 9 53 13 15 31 20 75 48 80 65 41 85 88 19 22 21 23 89 69 10 52 80 63 23 6 19 69 49 50 51 96 20 32 52 69 17 17 2 78 84 13 20 57 92 85 26 37 100 5 97 91 54 67 58 26 24 95 68 59 72 
53 31 78 21 39 7 19 50 53 81 81 76 96 88 94 18 96 4 78 14 23 82 43 21 31 78 5 99 36 75 90 53 14 3 75 77 84 40 6 75 52 99 89 58 56 67 97 63 48 56 30 36 10 84 41 60 19 5 21 49 68 42 95 48 4 65 1 86 30 53 97 11 9 8 35 82 84 16 99 73 54 20 59 95 29 70 7 83 71 34 18 14 3 71 81 90 78 1 99 13 46 37 10 47 64 72 40 14 87 68 62 99 13 8 73 67 4 16 83 88 52 64 98 33 38 74 7 1 
3 94 70 98 98 17 3 32 92 44 25 45 42 11 25 77 25 33 47 17 49 25 61 57 30 100 67 100 38 84 6 98 60 4 33 90 93 66 47 17 1 46 10 39 63 18 4 83 29 47 1 38 13 74 46 16 92 51 58 68 52 15 26 83 48 28 78 23 85 39 38 65 16 36 90 80 20 32 24 54 31 16 73 68 35 91 42 34 38 40 9 67 86 35 14 50 16 72 65 78 67 89 51 4 1 99 10 73 32 88 1 90 77 13 76 70 99 22 94 92 39 54 80 88 3 54 54 6 
51 26 60 39 5 10 45 9 33 35 34 40 62 46 6 55 64 37 19 36 91 56 18 48 7 36 32 70 40 23 5 49 48 97 87 15 73 75 75 9 41 9 85 19 29 93 22 74 87 47 1 13 21 78 7 30 100 19 71 91 29 38 8 10 27 91 23 23 20 96 38 20 87 6 57 1 65 97 31 88 25 23 51 62 20 46 87 73 37 99 57 24 77 63 47 67 26 96 60 76 53 94 41 48 78 76 68 11 92 67 77 89 37 86 31 84 38 59 97 86 15 53 52 8 41 95 64 9 
87 49 86 30 73 58 94 8 40 91 56 46 80 10 37 94 74 62 2 82 44 52 84 51 23 8 96 23 76 9 89 45 35 75 88 94 20 21 57 56 71 55 26 96 66 3 55 11 91 14 33 77 54 21 48 40 34 21 38 46 77 92 51 9 93 80 60 33 28 65 3 66 13 21 80 51 61 74 69 55 28 64 40 31 66 1 75 32 100 36 42 27 5 97 74 54 37 88 55 23 92 97 56 40 26 24 68 23 63 55 77 71 59 31 92 59 37 100 71 2 3 19 77 33 88 78 30 57 
64 34 18 48 27 3 10 70 48 28 5 99 86 50 59 68 8 46 79 31 91 76 91 61 66 22 32 99 64 67 55 49 5 35 76 42 95 8 26 66 28 92 60 10 28 88 12 29 96 23 3 65 67 6 94 1 10 80 14 1 11 3 27 87 70 36 88 12 70 99 74 16 54 83 64 43 3 75 47 41 80 27 79 53 36 100 95 45 15 12 99 97 1 51 41 33 96 64 19 35 30 60 57 44 89 91 37 56 69 28 42 14 58 11 14 80 41 33 73 13 19 48 23 70 77 47 29 91 
26 79 12 44 94 99 52 71 37 6 82 5 86 45 5 75 60 99 50 9 37 61 9 74 39 33 72 36 46 76 73 39 89 77 25 48 57 18 68 68 47 38 86 28 41 94 91 81 91 59 70 29 41 51 21 11 4 47 92 51 51 19 84 66 23 21 59 28 35 90 38 64 15 55 94 92 49 10 10 32 60 99 57 59 95 72 89 73 49 28 12 58 91 14 70 66 55 23 98 73 14 29 62 32 67 81 22 92 90 86 99 47 100 45 29 72 32 95 2 74 29 38 65 68 88 5 97 10 
1 1 1 -1 -1 1 1 -1 1 1 -1 -1 1 -1 -1 -1 1 1 1 -1 1 -1 1 1 -1 1 -1 1 -1 -1 1 -1 -1 -1 -1 1 -1 -1 -1 -1 -1 -1 1 -1 -1 1 -1 1 -1 1 1 -1 -1 1 -1 -1 1 1 1 1 -1 1 -1 1 -1 -1 1 -1 -1 1 1 -1 1 1 1 -1 1 -1 1 1 -1 -1 1 -1 1 -1 -1 1 -1 -1 1 -1 1 1 1 -1 -1 -1 1 1 -1 1 -1 1 -1 1 1 1 1 1 -1 1 -1 1 1 1 -1 -1 1 -1 -1 1 1 1 1 1 1 -1 
1 -1 1 1 -1 1 -1 -1 -1 1 -1 -1 1 1 -1 1 -1 1 1 1 -1 -1 -1 -1 -1 -1 1 -1 -1 -1 1 1 -1 -1 -1 1 -1 -1 -1 -1 1 -1 1 -1 -1 -1 1 -1 -1 -1 -1 -1 1 1 1 -1 1 1 -1 1 1 1 1 -1 -1 1 1 -1 -1 -1 -1 1 1 1 1 -1 -1 1 1 1 -1 -1 -1 -1 -1 1 1 1 -1 1 -1 1 -1 1 -1 1 -1 1 1 1 -1 1 -1 1 1 -1 1 1 -1 -1 1 -1 -1 -1 -1 1 -1 -1 1 1 1 1 1 -1 1 1 1 -1 
1 1 -1 -1 -1 1 -1 -1 -1 -1 -1 1 1 -1 -1 -1 1 1 -1 -1 -1 1 -1 -1 1 1 1 -1 -1 1 -1 1 1 -1 1 -1 1 1 1 -1 -1 -1 1 1 -1 1 1 1 1 -1 -1 1 1 -1 -1 1 -1 1 1 1 -1 -1 -1 -1 1 -1 1 -1 1 -1 1 1 -1 -1 1 1 1 -1 -1 -1 1 1 1 -1 1 1 -1 -1 -1 1 -1 -1 -1 -1 1 -1 1 -1 -1 1 1 -1 1 1 -1 1 1 -1 1 -1 1 -1 -1 -1 -1 1 -1 1 -1 -1 1 1 1 -1 -1 1 1 -1 
-1 1 -1 -1 1 1 1 1 1 -1 -1 1 -1 -1 -1 -1 1 -1 1 1 1 -1 1 -1 -1 -1 1 1 -1 -1 1 1 1 1 1 1 -1 -1 1 -1 1 1 -1 1 -1 1 -1 -1 -1 -1 -1 -1 1 1 1 -1 1 -1 1 -1 1 1 1 -1 1 1 -1 1 -1 -1 1 -1 -1 1 1 -1 1 -1 -1 1 1 1 1 1 1 1 1 -1 1 1 -1 1 -1 -1 1 -1 -1 -1 1 1 1 1 -1 -1 1 -1 1 1 -1 1 1 1 -1 1 1 -1 1 1 -1 -1 -1 -1 -1 1 1 1 1 -1 
-1 -1 -1 1 1 1 1 1 -1 1 -1 -1 1 -1 1 1 1 1 -1 -1 1 -1 -1 1 1 1 -1 1 1 -1 1 1 -1 -1 1 -1 -1 -1 1 -1 -1 -1 1 -1 -1 -1 1 1 -1 -1 1 1 1 -1 -1 1 1 -1 1 1 1 -1 -1 1 1 -1 1 -1 1 1 -1 1 -1 1 1 1 1 -1 -1 -1 1 1 -1 1 -1 1 1 -1 1 -1 1 1 1 1 1 1 1 1 -1 -1 1 -1 -1 -1 -1 1 1 -1 1 1 -1 1 1 1 -1 1 1 1 -1 -1 1 -1 -1 1 -1 -1 -1 -1 
1 1 1 1 1 -1 1 -1 1 1 1 -1 -1 1 1 1 1 -1 1 1 -1 1 -1 1 -1 -1 1 -1 1 -1 1 -1 1 -1 -1 1 -1 -1 1 1 -1 -1 -1 -1 1 1 1 1 -1 -1 1 1 1 1 -1 -1 -1 1 -1 1 1 -1 -1 -1 1 -1 -1 -1 1 -1 1 -1 -1 -1 -1 -1 -1 -1 -1 -1 -1 -1 1 1 1 1 -1 1 -1 1 1 1 1 1 1 -1 1 -1 1 1 1 1 -1 -1 1 -1 -1 -1 1 -1 1 -1 -1 -1 -1 -1 1 -1 -1 1 -1 1 1 -1 -1 1 -1 1 
1 -1 -1 1 1 1 -1 1 1 -1 1 -1 1 -1 1 1 -1 1 -1 1 -1 1 1 1 -1 -1 -1 1 1 1 1 -1 -1 -1 -1 1 1 -1 1 -1 1 1 1 1 1 -1 -1 1 1 1 1 -1 1 -1 1 1 1 1 1 1 1 1 -1 -1 -1 1 1 1 -1 -1 -1 -1 1 1 -1 -1 1 -1 -1 1 1 -1 -1 -1 1 1 -1 -1 -1 1 1 1 -1 -1 -1 -1 1 1 1 -1 1 -1 -1 -1 -1 1 1 1 -1 -1 -1 -1 1 1 -1 -1 -1 1 1 -1 1 -1 1 1 1 1 -1 1 
-1 -1 -1 1 1 -1 1 1 1 -1 1 -1 -1 -1 -1 1 1 -1 1 -1 -1 -1 -1 1 1 -1 1 1 -1 1 -1 -1 1 1 1 1 -1 1 -1 -1 -1 1 -1 -1 -1 1 -1 -1 -1 1 -1 -1 -1 -1 -1 -1 -1 1 -1 -1 1 1 1 1 1 1 -1 1 1 1 1 1 1 1 1 1 1 -1 1 1 -1 1 -1 1 1 -1 -1 1 1 1 -1 -1 -1 1 -1 1 -1 1 -1 1 -1 -1 1 -1 1 -1 -1 -1 1 1 1 -1 -1 1 1 -1 1 -1 -1 1 1 -1 1 -1 1 -1 -1 -1 
1 -1 -1 1 -1 1 1 1 -1 1 1 1 -1 -1 1 1 1 -1 -1 -1 1 -1 1 1 1 -1 1 -1 1 1 -1 1 1 1 1 1 -1 -1 -1 1 1 -1 -1 -1 1 1 1 1 1 1 1 1 -1 -1 1 -1 -1 1 -1 -1 -1 1 -1 -1 -1 -1 1 1 -1 -1 -1 1 -1 1 1 1 1 -1 1 1 -1 1 -1 1 -1 1 -1 -1 -1 -1 1 -1 1 1 -1 1 1 1 1 1 1 1 -1 1 1 1 1 1 -1 -1 1 -1 -1 1 -1 1 -1 1 1 1 -1 1 -1 1 -1 -1 1 -1 
1 1 -1 -1 1 1 -1 -1 1 1 1 1 -1 1 -1 -1 1 -1 -1 -1 1 1 1 1 1 -1 1 1 -1 1 1 1 -1 1 -1 -1 -1 -1 1 1 -1 -1 1 1 1 1 1 1 -1 1 1 1 1 -1 1 -1 1 -1 1 1 -1 1 1 1 1 1 1 1 1 -1 1 -1 1 1 -1 -1 -1 -1 -1 -1 -1 -1 1 1 1 1 1 1 -1 -1 1 1 1 1 -1 1 -1 1 1 1 -1 -1 1 1 1 1 1 -1 -1 1 -1 1 1 -1 -1 1 1 1 -1 1 -1 -1 1 -1 -1 -1 1 1 
-1 -1 -1 -1 -1 1 1 1 1 1 -1 -1 -1 1 1 -1 1 -1 1 1 1 1 1 1 1 -1 1 1 -1 1 -1 1 -1 1 -1 -1 1 1 -1 1 1 1 -1 -1 -1 -1 1 1 1 1 1 -1 -1 1 -1 -1 1 -1 -1 -1 -1 -1 -1 1 1 1 -1 1 1 1 1 -1 -1 1 -1 -1 1 -1 1 -1 1 -1 1 -1 1 1 -1 1 -1 1 -1 1 1 -1 1 1 1 1 1 1 1 1 -1 1 1 1 -1 1 -1 1 -1 -1 1 1 -1 1 -1 1 -1 1 -1 1 -1 -1 -1 -1 1 -1 
-1 -1 1 1 -1 -1 -1 -1 1 1 -1 -1 -1 1 -1 -1 -1 -1 1 1 1 -1 1 -1 -1 -1 1 -1 1 1 -1 -1 1 -1 -1 1 -1 1 1 1 -1 1 -1 1 1 -1 1 -1 1 -1 1 1 -1 -1 1 1 1 -1 -1 -1 -1 1 1 1 -1 1 -1 -1 -1 1 1 -1 -1 -1 -1 -1 1 1 1 1 1 -1 1 -1 -1 -1 -1 1 1 1 1 1 -1 -1 -1 -1 -1 1 -1 -1 -1 -1 -1 1 -1 1 -1 1 1 -1 -1 -1 -1 -1 1 -1 1 -1 1 1 -1 1 -1 1 1 -1 1 1 
1 1 1 -1 1 -1 1 -1 -1 -1 -1 -1 1 1 1 -1 1 -1 1 -1 -1 -1 -1 1 -1 1 -1 -1 -1 1 -1 -1 -1 1 1 -1 -1 1 1 1 1 -1 1 -1 -1 1 1 1 -1 1 -1 -1 -1 1 -1 -1 1 1 1 1 1 1 1 -1 -1 -1 -1 -1 -1 -1 -1 -1 -1 -1 1 1 -1 -1 -1 1 -1 1 1 1 1 -1 1 1 1 1 1 -1 1 1 1 1 1 1 1 1 -1 1 -1 -1 -1 -1 1 1 -1 1 1 1 -1 -1 1 1 -1 -1 -1 1 -1 1 1 -1 1 -1 -1 1 
-1 1 -1 -1 -1 1 -1 -1 -1 1 1 1 1 1 -1 1 1 -1 1 1 -1 1 -1 1 1 1 1 1 -1 -1 1 1 -1 1 -1 -1 1 1 1 -1 1 -1 1 1 1 -1 -1 1 1 1 1 1 1 -1 1 -1 1 1 -1 1 -1 1 -1 -1 1 1 1 1 1 -1 1 1 -1 1 1 1 -1 1 1 1 1 -1 1 -1 -1 1 1 -1 -1 -1 1 -1 1 -1 -1 -1 -1 -1 1 1 1 1 -1 1 -1 -1 -1 -1 -1 -1 1 1 1 1 1 1 -1 1 1 1 1 -1 1 1 -1 -1 -1 -1 
-1 -1 -1 -1 1 1 1 -1 1 -1 1 -1 1 -1 -1 -1 1 -1 -1 1 1 1 1 1 -1 1 -1 -1 -1 -1 -1 1 1 1 -1 1 -1 1 1 -1 1 -1 1 1 1 1 1 1 -1 -1 1 1 1 1 1 -1 1 -1 1 -1 -1 1 1 -1 -1 -1 1 -1 1 -1 1 1 -1 -1 -1 1 -1 1 -1 1 -1 -1 1 -1 1 -1 -1 -1 1 -1 -1 1 -1 -1 1 -1 1 -1 1 -1 -1 -1 -1 -1 -1 -1 1 1 1 1 -1 1 1 1 -1 -1 1 1 -1 -1 1 -1 1 -1 1 1 -1 -1 
-1 1 -1 -1 1 1 1 1 1 -1 -1 -1 -1 1 -1 1 1 -1 -1 -1 1 1 -1 1 1 1 1 1 1 1 1 1 1 1 1 -1 -1 -1 -1 1 1 1 -1 -1 1 -1 1 1 1 -1 1 -1 -1 1 -1 -1 1 1 -1 -1 -1 1 -1 -1 -1 -1 1 -1 1 -1 -1 1 -1 1 -1 -1 -1 -1 -1 -1 1 -1 1 1 -1 -1 -1 1 1 1 -1 -1 1 -1 -1 -1 1 1 -1 1 -1 -1 -1 -1 1 1 1 -1 1 -1 -1 1 1 1 -1 -1 1 -1 1 -1 1 -1 -1 -1 -1 -1 1 -1 
1 -1 1 1 1 1 -1 1 1 1 1 -1 1 1 1 1 1 1 1 -1 -1 1 1 -1 1 -1 -1 -1 -1 -1 1 -1 -1 1 -1 -1 -1 1 -1 1 -1 -1 1 1 -1 -1 1 1 -1 1 1 1 1 -1 1 -1 -1 1 1 1 1 -1 -1 -1 -1 -1 1 1 1 1 -1 1 1 1 1 -1 -1 -1 1 1 -1 -1 1 1 1 -1 1 1 1 1 -1 1 -1 -1 1 -1 -1 -1 -1 1 -1 1 -1 1 -1 1 -1 -1 -1 1 1 1 -1 -1 -1 -1 -1 -1 1 1 1 -1 -1 1 -1 -1 -1 -1 
1 1 1 -1 1 -1 1 -1 -1 -1 -1 -1 -1 -1 -1 -1 1 -1 1 -1 1 1 1 -1 1 1 1 -1 1 1 -1 1 1 1 -1 -1 1 -1 1 -1 1 -1 1 1 -1 1 -1 -1 1 -1 -1 1 -1 1 -1 -1 -1 1 -1 1 -1 -1 -1 -1 1 1 -1 -1 -1 -1 -1 -1 -1 1 1 -1 1 -1 -1 -1 -1 1 -1 1 -1 1 1 1 -1 -1 1 1 1 -1 -1 -1 1 1 -1 1 -1 1 1 -1 -1 -1 1 -1 1 -1 1 -1 1 -1 -1 1 -1 1 -1 -1 1 -1 1 -1 -1 -1 -1 1 
1 1 -1 1 -1 1 -1 1 -1 -1 1 1 1 1 -1 -1 1 1 -1 -1 1 -1 -1 1 -1 1 -1 -1 1 -1 -1 -1 1 1 -1 1 1 -1 1 1 -1 1 -1 -1 1 1 1 -1 1 -1 -1 -1 1 1 -1 1 -1 -1 -1 1 1 1 1 -1 -1 1 1 1 1 1 -1 1 -1 -1 -1 -1 1 1 1 1 -1 1 -1 1 -1 1 1 1 1 -1 1 -1 -1 1 1 1 -1 1 -1 1 1 -1 -1 -1 1 1 -1 -1 -1 -1 1 1 -1 -1 -1 1 1 1 1 -1 -1 -1 1 1 1 1 -1 1 
-1 1 -1 1 -1 1 1 -1 -1 -1 1 1 -1 1 1 -1 -1 -1 -1 -1 -1 1 1 -1 -1 -1 -1 1 1 1 1 -1 -1 -1 1 1 1 1 -1 1 -1 1 1 1 -1 1 -1 -1 1 1 -1 -1 1 -1 -1 -1 -1 1 1 -1 -1 -1 -1 -1 1 1 1 1 1 1 -1 1 -1 1 -1 -1 -1 1 -1 -1 -1 -1 1 -1 -1 1 1 -1 1 1 -1 -1 1 -1 1 1 -1 -1 1 1 -1 -1 -1 -1 1 -1 -1 -1 -1 1 1 -1 -1 -1 1 1 -1 1 -1 -1 1 -1 -1 1 1 1 -1 1 
1 -1 -1 1 1 -1 -1 -1 1 1 1 1 -1 -1 1 1 -1 1 1 -1 1 -1 1 -1 -1 1 -1 -1 -1 1 1 -1 1 -1 1 1 -1 1 -1 -1 1 -1 -1 -1 1 1 -1 1 -1 -1 -1 -1 1 -1 1 1 -1 -1 1 1 -1 1 1 1 -1 1 -1 1 1 -1 -1 -1 1 1 1 -1 -1 -1 1 1 1 -1 1 1 -1 -1 1 -1 -1 1 -1 1 1 -1 -1 1 1 1 1 -1 -1 -1 1 -1 -1 -1 -1 1 1 1 1 -1 1 1 1 1 1 -1 1 -1 1 -1 -1 -1 1 -1 1 1 
-1 -1 1 -1 -1 1 1 -1 -1 1 1 -1 -1 1 1 1 1 1 -1 1 -1 -1 1 -1 1 -1 -1 -1 -1 -1 -1 -1 -1 1 -1 1 1 1 1 1 1 1 -1 1 -1 1 1 -1 1 -1 1 -1 -1 1 1 1 1 -1 -1 -1 -1 -1 -1 -1 1 -1 -1 1 -1 1 1 1 -1 -1 1 -1 -1 1 -1 -1 -1 1 1 -1 1 1 -1 -1 -1 -1 1 1 -1 -1 -1 -1 1 1 -1 1 1 1 -1 -1 1 1 1 -1 1 -1 1 1 -1 1 1 -1 1 -1 -1 1 1 -1 1 1 -1 -1 1 1 
1 -1 -1 1 -1 -1 1 -1 1 1 1 1 -1 -1 1 -1 1 1 -1 1 1 1 -1 1 1 -1 1 1 1 1 -1 -1 -1 -1 1 -1 1 1 1 1 -1 -1 -1 1 -1 -1 -1 1 -1 -1 1 1 -1 1 -1 -1 1 -1 -1 -1 -1 1 1 -1 -1 1 -1 1 1 -1 -1 1 -1 -1 1 1 -1 -1 1 1 -1 -1 -1 -1 1 1 1 -1 1 -1 1 1 1 1 -1 -1 -1 -1 1 -1 1 -1 1 -1 1 1 -1 1 1 -1 -1 1 -1 -1 -1 1 1 1 -1 -1 -1 1 -1 1 -1 -1 1 1 
1 -1 -1 -1 1 1 1 1 1 1 1 -1 1 1 1 1 -1 -1 1 -1 -1 -1 1 -1 1 -1 -1 -1 -1 1 -1 -1 1 -1 1 1 -1 -1 1 1 -1 -1 -1 -1 1 1 1 -1 1 -1 -1 -1 1 1 -1 -1 -1 1 -1 -1 1 1 -1 1 -1 1 1 -1 1 1 1 1 1 -1 -1 1 -1 -1 -1 -1 -1 -1 -1 -1 1 -1 1 1 1 1 1 -1 -1 1 -1 -1 -1 -1 1 1 -1 -1 1 -1 1 1 -1 1 1 1 1 -1 1 1 -1 1 -1 1 1 1 1 1 -1 -1 -1 1 1 1 
-1 -1 1 -1 1 -1 -1 1 1 1 1 -1 -1 1 -1 1 1 1 -1 -1 -1 1 1 1 -1 1 -1 -1 -1 -1 -1 1 1 -1 -1 1 -1 1 -1 -1 1 1 -1 1 1 1 -1 1 -1 1 1 1 -1 1 1 1 1 1 1 1 -1 -1 1 -1 1 -1 -1 -1 -1 -1 -1 1 -1 1 -1 1 1 1 -1 1 1 1 1 1 -1 1 1 1 -1 1 1 -1 -1 1 1 1 -1 -1 -1 -1 -1 -1 -1 -1 -1 -1 -1 -1 1 1 -1 1 -1 -1 1 -1 -1 1 1 -1 -1 1 1 -1 -1 1 -1 1 
1 -1 1 -1 1 -1 -1 -1 -1 -1 -1 -1 1 1 1 1 -1 1 1 -1 1 -1 -1 -1 1 -1 1 -1 1 -1 1 -1 -1 1 1 1 1 -1 1 -1 -1 1 -1 1 1 -1 1 1 1 -1 -1 -1 1 1 1 1 -1 1 1 1 -1 1 1 -1 1 -1 -1 1 1 -1 1 1 1 -1 1 1 -1 1 1 -1 -1 1 -1 -1 -1 1 -1 1 1 1 -1 1 -1 -1 1 1 -1 1 1 -1 1 1 1 1 -1 1 -1 1 -1 -1 -1 1 -1 1 -1 -1 1 1 1 1 1 1 1 1 1 1 -1 -1 
-1 1 1 1 -1 1 -1 1 1 1 1 1 -1 1 -1 1 -1 1 -1 -1 -1 -1 1 -1 -1 1 -1 -1 -1 1 1 -1 -1 -1 -1 -1 1 -1 -1 1 -1 -1 -1 -1 1 -1 -1 1 -1 1 -1 -1 -1 -1 1 -1 -1 1 1 1 -1 1 1 -1 1 1 1 1 -1 1 1 1 -1 -1 1 -1 1 1 1 1 -1 1 -1 -1 -1 -1 -1 -1 1 -1 -1 1 -1 -1 1 -1 -1 -1 -1 -1 1 1 1 -1 1 -1 1 -1 1 1 -1 -1 -1 1 -1 -1 -1 -1 1 -1 -1 1 -1 1 1 1 1 1 
1 -1 -1 1 1 -1 1 1 -1 1 1 -1 -1 1 -1 1 -1 -1 -1 1 -1 -1 1 -1 -1 -1 -1 1 -1 -1 -1 1 1 -1 1 1 -1 -1 -1 1 -1 -1 1 -1 1 1 1 1 -1 -1 -1 1 -1 1 -1 -1 -1 -1 1 1 -1 1 1 -1 -1 -1 -1 1 -1 1 1 1 -1 -1 -1 -1 -1 1 1 -1 -1 -1 -1 -1 -1 -1 1 -1 -1 -1 1 -1 1 1 -1 -1 1 -1 1 1 -1 -1 1 -1 1 -1 -1 1 1 -1 1 1 -1 1 1 -1 -1 1 -1 1 -1 -1 -1 1 1 -1 -1 -1 
-1 -1 -1 -1 1 1 1 -1 1 -1 -1 1 -1 -1 -1 1 -1 1 1 1 -1 -1 1 -1 -1 1 -1 -1 -1 1 1 -1 -1 1 1 1 1 1 -1 1 1 1 -1 1 1 1 1 1 1 -1 -1 -1 -1 1 1 1 -1 1 -1 1 1 -1 1 1 -1 1 1 1 1 1 -1 -1 1 1 1 -1 -1 1 -1 1 1 1 1 1 -1 -1 1 1 -1 1 1 1 -1 1 -1 -1 1 -1 -1 -1 -1 -1 1 1 1 -1 1 1 1 1 1 -1 1 -1 1 1 -1 1 -1 -1 -1 1 -1 -1 -1 -1 -1 -1 
-1 -1 1 -1 -1 -1 1 1 1 1 1 1 1 -1 -1 1 -1 1 -1 1 1 -1 1 1 -1 -1 1 -1 1 -1 1 1 -1 1 1 -1 -1 -1 -1 1 1 -1 1 -1 -1 1 1 -1 1 1 1 1 1 -1 -1 1 -1 1 -1 -1 1 1 1 -1 -1 -1 1 -1 -1 1 -1 1 -1 1 1 1 -1 1 1 -1 -1 -1 -1 -1 -1 -1 1 1 1 1 -1 1 -1 1 1 1 1 -1 1 1 -1 1 1 1 1 1 -1 -1 1 1 -1 -1 -1 1 -1 -1 -1 1 1 -1 -1 -1 1 -1 1 -1 -1 1 
1 1 -1 1 1 1 1 -1 -1 1 -1 -1 -1 1 -1 1 1 -1 -1 1 1 -1 -1 -1 -1 1 1 -1 1 1 1 1 -1 -1 -1 1 -1 1 -1 1 -1 1 1 1 -1 1 1 1 -1 1 -1 -1 1 1 1 -1 1 -1 1 -1 1 -1 1 1 -1 1 1 -1 1 1 1 -1 -1 -1 1 1 1 -1 -1 1 1 -1 -1 1 1 -1 1 -1 1 1 -1 -1 -1 -1 1 1 1 -1 1 -1 -1 -1 1 1 -1 -1 -1 -1 1 -1 -1 1 -1 -1 -1 1 -1 1 1 1 -1 -1 -1 -1 1 -1 1 -1 
-1 1 1 1 1 -1 -1 -1 1 1 1 -1 -1 1 1 1 -1 1 -1 -1 -1 -1 -1 -1 1 -1 -1 1 -1 1 1 -1 -1 1 -1 -1 1 -1 -1 -1 -1 1 1 1 -1 -1 -1 1 -1 -1 1 1 -1 1 -1 -1 -1 -1 1 1 -1 1 1 -1 1 1 1 -1 -1 1 1 1 1 1 1 -1 1 -1 -1 -1 1 -1 -1 -1 1 1 -1 -1 -1 1 -1 -1 -1 -1 1 1 1 1 -1 1 1 1 1 -1 -1 1 1 1 -1 1 -1 -1 -1 1 1 -1 -1 -1 -1 -1 1 -1 -1 -1 1 -1 1 -1 
-1 -1 1 1 -1 1 -1 1 1 -1 -1 1 -1 -1 1 1 -1 1 1 -1 1 -1 -1 1 1 -1 -1 1 -1 -1 -1 -1 1 1 -1 1 -1 1 1 1 -1 -1 -1 -1 -1 -1 1 -1 -1 -1 1 -1 -1 1 1 -1 1 1 1 -1 1 1 1 -1 1 -1 -1 -1 -1 -1 1 1 -1 -1 1 1 -1 1 1 -1 1 -1 1 1 1 1 -1 -1 -1 -1 -1 1 -1 -1 -1 -1 1 -1 -1 1 1 1 -1 -1 1 -1 1 -1 -1 1 -1 1 1 1 1 1 -1 -1 1 1 1 -1 1 1 1 1 1 -1 
-1 -1 -1 1 -1 -1 -1 1 1 1 1 -1 1 1 1 1 1 1 1 -1 -1 1 -1 -1 -1 1 -1 -1 1 1 -1 1 1 1 1 -1 1 1 1 -1 1 -1 -1 -1 -1 -1 1 -1 -1 -1 -1 -1 -1 1 -1 1 -1 -1 -1 -1 1 -1 1 1 1 1 -1 -1 -1 -1 1 1 1 1 -1 -1 -1 -1 1 1 1 -1 -1 -1 -1 1 1 1 -1 -1 1 1 1 -1 -1 -1 1 -1 -1 1 1 -1 -1 1 -1 -1 1 1 1 1 -1 1 1 1 -1 1 1 -1 1 -1 -1 1 1 -1 -1 -1 -1 -1 
-1 -1 1 1 1 -1 -1 1 1 -1 -1 -1 1 -1 -1 1 -1 -1 -1 1 1 -1 1 1 -1 1 -1 1 1 1 -1 -1 -1 1 1 -1 -1 -1 -1 1 -1 1 -1 -1 1 1 1 1 -1 1 1 -1 1 1 -1 1 1 -1 -1 1 1 -1 -1 -1 -1 1 1 -1 -1 -1 -1 -1 1 1 -1 1 -1 1 -1 1 1 1 1 -1 1 1 -1 1 1 1 1 -1 1 -1 1 1 -1 1 1 1 -1 1 -1 -1 -1 -1 -1 -1 1 1 1 -1 1 1 1 1 -1 1 1 -1 -1 1 -1 1 1 -1 -1 1 
1 1 -1 1 -1 1 1 1 1 -1 -1 1 -1 -1 1 -1 -1 -1 1 1 1 1 -1 1 1 1 -1 1 1 -1 1 -1 1 -1 -1 1 1 -1 -1 1 1 -1 -1 1 1 -1 1 -1 1 1 -1 1 -1 -1 -1 -1 -1 1 -1 1 1 1 -1 -1 1 1 -1 1 1 -1 -1 1 -1 1 -1 1 -1 1 1 1 1 1 1 -1 1 1 -1 1 1 1 1 1 -1 1 1 1 1 -1 1 1 1 1 1 1 -1 1 -1 1 1 -1 1 1 -1 -1 -1 1 1 -1 -1 -1 -1 -1 -1 -1 1 1 1 1 
-1 -1 1 -1 -1 -1 1 -1 -1 -1 1 -1 -1 1 -1 -1 -1 1 1 1 -1 1 1 -1 -1 1 1 -1 1 -1 -1 1 -1 1 -1 1 1 1 -1 -1 -1 1 1 -1 1 -1 1 -1 1 1 1 1 1 1 -1 1 -1 -1 -1 1 1 -1 1 -1 1 -1 1 -1 -1 -1 1 1 -1 -1 1 -1 1 -1 -1 1 -1 -1 1 1 1 -1 -1 -1 1 1 1 1 -1 -1 1 -1 1 -1 1 -1 1 1 -1 1 1 -1 -1 -1 -1 -1 -1 1 1 1 1 1 -1 1 -1 1 -1 1 -1 -1 -1 1 -1 1 
-1 -1 1 -1 -1 -1 -1 1 -1 -1 1 1 1 1 1 -1 1 -1 -1 1 1 1 1 -1 1 -1 -1 -1 1 -1 1 -1 1 1 -1 -1 1 1 -1 -1 -1 1 1 -1 -1 1 -1 -1 1 -1 -1 -1 1 1 1 1 1 1 -1 1 1 1 1 -1 -1 -1 1 -1 -1 1 1 -1 -1 1 1 -1 -1 1 -1 -1 1 1 1 -1 -1 1 -1 -1 1 -1 1 1 -1 -1 1 1 1 -1 -1 -1 -1 -1 -1 -1 1 -1 -1 -1 1 1 1 -1 -1 1 1 1 1 -1 1 -1 1 -1 -1 -1 -1 1 1 1 
-1 -1 1 1 1 1 1 -1 -1 1 -1 1 1 1 1 -1 -1 1 1 -1 -1 1 1 1 -1 1 -1 -1 -1 -1 -1 -1 1 1 -1 -1 -1 -1 -1 -1 1 1 -1 1 1 1 1 1 1 1 1 1 1 -1 1 -1 1 1 -1 1 -1 -1 1 -1 -1 1 -1 -1 1 1 -1 -1 -1 -1 -1 1 -1 1 -1 1 1 1 -1 -1 -1 1 -1 1 -1 1 -1 -1 -1 1 1 1 -1 -1 1 -1 1 1 -1 -1 -1 -1 1 1 1 1 -1 1 -1 -1 -1 1 -1 1 1 -1 1 -1 1 1 1 1 1 1 
-1 -1 -1 -1 -1 1 -1 -1 1 1 1 1 1 -1 -1 1 1 -1 1 1 -1 1 1 1 -1 -1 1 1 1 1 1 -1 1 -1 1 1 -1 -1 -1 -1 1 -1 1 -1 -1 1 -1 1 -1 -1 1 -1 -1 1 1 1 -1 1 1 1 -1 -1 -1 -1 -1 -1 1 -1 -1 -1 -1 -1 1 1 -1 1 1 -1 1 -1 -1 -1 -1 -1 -1 -1 -1 1 -1 -1 -1 -1 -1 1 -1 -1 1 -1 -1 -1 1 1 -1 1 -1 -1 -1 -1 -1 -1 1 1 1 1 1 -1 1 1 -1 1 1 -1 1 1 1 1 1 -1 
-1 1 -1 1 -1 -1 1 -1 1 -1 1 -1 1 1 1 1 -1 1 -1 -1 1 1 -1 -1 1 -1 -1 -1 1 1 -1 -1 -1 1 -1 1 -1 -1 1 1 1 -1 1 1 -1 -1 1 1 1 -1 -1 -1 -1 1 1 -1 -1 -1 1 1 -1 1 -1 -1 1 -1 1 1 -1 -1 1 -1 1 1 1 1 1 -1 1 1 1 1 -1 1 1 -1 -1 1 1 -1 1 1 -1 -1 -1 1 1 1 -1 1 -1 -1 1 1 -1 -1 -1 -1 -1 1 1 -1 1 1 1 -1 1 -1 -1 1 1 1 1 1 1 1 1 -1 
-1 -1 -1 1 -1 -1 1 1 -1 -1 1 1 -1 -1 -1 1 -1 -1 1 1 -1 1 -1 -1 1 1 -1 -1 1 -1 1 1 -1 -1 1 -1 1 1 1 -1 -1 1 1 1 1 -1 -1 -1 -1 1 1 -1 -1 -1 -1 -1 1 1 1 1 -1 -1 1 1 -1 -1 1 -1 1 -1 -1 1 -1 -1 1 -1 -1 1 -1 1 -1 -1 1 1 1 1 1 -1 -1 1 1 1 -1 1 -1 -1 -1 1 -1 -1 -1 1 -1 1 -1 -1 -1 -1 -1 -1 1 -1 -1 -1 -1 -1 1 -1 -1 -1 -1 1 -1 -1 -1 -1 -1 -1 
1 1 1 -1 1 -1 1 -1 -1 1 -1 -1 1 1 1 -1 1 1 -1 1 -1 -1 -1 -1 -1 -1 -1 1 -1 1 1 1 -1 -1 -1 -1 1 1 -1 1 1 1 1 -1 1 -1 1 1 -1 -1 -1 1 1 1 1 -1 1 -1 -1 -1 -1 1 -1 1 1 -1 1 -1 1 1 1 -1 1 1 -1 1 1 1 -1 -1 1 1 1 1 -1 -1 -1 1 1 -1 1 -1 -1 1 -1 1 -1 -1 1 -1 1 -1 1 1 1 1 -1 1 -1 -1 -1 1 -1 -1 1 1 -1 -1 -1 1 -1 1 1 -1 1 -1 1 -1 
-1 -1 1 1 -1 -1 1 -1 -1 1 -1 1 -1 1 1 -1 1 1 -1 1 -1 1 1 -1 1 1 -1 -1 1 -1 1 1 -1 -1 -1 1 -1 -1 1 -1 1 1 -1 1 -1 -1 1 1 -1 -1 -1 1 1 -1 -1 -1 1 1 -1 1 -1 1 -1 1 1 1 1 -1 -1 -1 -1 1 1 1 -1 -1 -1 1 1 -1 -1 -1 1 1 1 1 -1 1 1 1 -1 1 1 -1 1 -1 -1 1 -1 -1 1 1 -1 1 1 1 1 1 1 1 -1 1 1 1 -1 1 1 -1 -1 1 1 1 1 -1 1 -1 1 -1 
-1 -1 -1 -1 -1 1 1 -1 1 1 -1 1 -1 1 1 1 -1 -1 1 -1 1 -1 -1 1 1 1 1 1 1 -1 -1 -1 -1 -1 1 1 1 -1 1 -1 -1 1 1 -1 1 1 -1 1 1 -1 1 -1 -1 1 -1 1 -1 -1 -1 1 1 -1 1 -1 1 1 1 1 1 1 -1 -1 -1 -1 -1 1 -1 1 1 1 1 -1 -1 -1 1 -1 -1 -1 -1 1 -1 1 1 -1 -1 -1 -1 -1 1 1 1 -1 1 1 -1 1 -1 1 1 1 1 1 1 -1 -1 1 -1 -1 1 -1 -1 -1 1 1 -1 1 -1 1 
1 -1 1 1 -1 1 -1 1 1 1 -1 -1 1 -1 1 -1 -1 1 1 1 1 1 -1 1 1 -1 -1 1 1 1 1 -1 -1 -1 1 -1 -1 1 1 1 -1 -1 -1 -1 1 1 1 -1 -1 1 1 -1 -1 1 -1 1 1 1 -1 -1 1 1 1 1 -1 1 -1 1 1 -1 1 -1 1 1 -1 -1 -1 -1 1 1 -1 1 1 1 1 1 1 1 1 1 -1 1 -1 -1 -1 1 -1 -1 1 1 -1 -1 1 1 -1 1 -1 1 -1 -1 -1 -1 -1 -1 -1 -1 -1 -1 1 -1 1 1 -1 1 1 1 1 -1 
-1 1 1 -1 1 1 -1 -1 1 1 1 1 1 -1 1 1 1 -1 1 -1 -1 1 -1 1 -1 1 -1 1 1 1 1 -1 1 1 1 1 1 -1 1 -1 1 -1 1 1 -1 1 -1 -1 -1 -1 1 1 1 -1 -1 -1 1 -1 1 1 1 -1 -1 1 1 -1 1 -1 1 -1 1 -1 1 1 -1 1 1 -1 -1 -1 1 -1 1 -1 -1 -1 1 1 1 1 1 -1 1 1 -1 1 -1 1 -1 1 -1 -1 1 1 1 1 1 1 1 1 1 1 -1 -1 -1 -1 1 1 1 -1 1 -1 1 -1 -1 -1 -1 1 
1 -1 1 -1 1 1 1 -1 1 1 1 -1 1 1 1 1 1 -1 -1 -1 1 -1 1 -1 1 1 1 1 1 -1 1 1 -1 -1 1 -1 -1 -1 1 1 1 -1 1 1 1 -1 -1 -1 -1 -1 -1 -1 1 -1 -1 -1 1 1 1 -1 1 -1 -1 1 1 1 -1 -1 1 1 1 -1 1 -1 -1 -1 1 1 1 1 1 1 -1 -1 1 1 -1 -1 1 1 -1 -1 -1 -1 -1 -1 -1 1 -1 1 1 1 1 1 1 -1 1 -1 1 1 -1 -1 1 1 -1 1 -1 -1 1 1 -1 -1 -1 1 1 1 1 -1 
-1 -1 1 -1 -1 -1 1 -1 1 -1 1 1 -1 1 -1 1 -1 1 1 1 -1 1 -1 1 -1 1 -1 -1 1 1 -1 -1 -1 -1 -1 1 1 1 1 -1 1 -1 -1 -1 1 -1 -1 -1 1 -1 1 -1 1 1 1 1 1 -1 -1 1 1 1 1 -1 1 -1 -1 -1 -1 -1 -1 -1 -1 1 1 -1 -1 1 -1 1 1 1 -1 1 -1 1 1 -1 -1 1 -1 -1 -1 -1 -1 1 -1 1 -1 1 1 -1 1 1 1 -1 -1 -1 -1 -1 1 -1 1 -1 1 1 1 -1 1 1 -1 1 1 1 1 -1 -1 1 
1 -1 -1 -1 -1 -1 1 1 1 1 1 -1 1 1 -1 -1 1 -1 -1 1 -1 -1 -1 -1 1 -1 1 -1 -1 1 1 -1 -1 -1 1 1 1 -1 1 -1 -1 1 -1 -1 -1 1 -1 -1 -1 -1 -1 1 1 1 1 -1 1 -1 -1 1 1 1 1 -1 -1 -1 1 1 -1 -1 -1 1 -1 1 -1 -1 -1 1 -1 1 1 -1 1 -1 -1 -1 -1 1 -1 1 -1 -1 1 1 -1 1 1 1 -1 1 -1 -1 1 1 1 -1 1 -1 1 -1 1 1 -1 -1 -1 1 -1 -1 1 -1 -1 -1 -1 -1 -1 -1 -1 -1 
1 -1 -1 -1 1 1 1 -1 1 1 1 1 -1 1 1 1 1 -1 -1 -1 -1 1 1 -1 1 -1 -1 -1 -1 1 -1 1 1 -1 1 -1 1 -1 1 1 -1 1 -1 -1 1 1 1 -1 1 -1 1 -1 1 1 1 -1 1 -1 1 -1 1 -1 1 1 -1 1 -1 1 1 1 1 1 1 1 -1 1 -1 -1 1 1 1 1 1 1 1 -1 1 1 1 1 1 -1 -1 1 1 1 1 -1 -1 1 -1 -1 -1 -1 1 -1 -1 -1 -1 -1 1 1 -1 -1 1 -1 1 1 1 -1 -1 -1 1 1 1 1 -1 1 
-1 -1 1 -1 1 1 -1 -1 1 1 -1 1 -1 1 1 -1 1 1 -1 -1 -1 -1 1 -1 1 -1 -1 1 -1 1 -1 1 -1 -1 -1 1 1 -1 1 -1 -1 -1 1 1 -1 -1 1 -1 -1 1 -1 1 1 -1 1 -1 -1 -1 1 1 -1 -1 -1 -1 1 -1 1 -1 -1 -1 1 1 1 1 -1 -1 -1 1 1 -1 -1 -1 -1 1 -1 -1 1 1 -1 -1 1 -1 1 -1 -1 1 -1 1 1 -1 1 -1 1 1 -1 1 1 -1 -1 -1 -1 -1 1 -1 1 -1 -1 -1 -1 -1 1 -1 1 -1 1 -1 1 1 
-1 1 1 1 1 1 1 -1 -1 1 -1 -1 -1 1 1 -1 1 -1 1 1 1 -1 -1 1 -1 1 -1 -1 -1 1 1 -1 -1 -1 1 -1 1 1 1 -1 -1 -1 1 1 -1 -1 1 1 1 1 1 1 -1 -1 -1 1 1 1 1 1 1 1 1 1 1 1 1 1 1 -1 -1 -1 -1 1 -1 -1 -1 -1 -1 -1 1 1 -1 -1 -1 1 1 1 -1 1 -1 -1 1 -1 1 -1 -1 1 1 -1 -1 1 1 1 -1 1 -1 1 1 -1 1 -1 1 1 -1 1 -1 1 1 -1 1 -1 1 1 1 1 1 1 
1 1 -1 1 -1 1 -1 -1 -1 -1 1 -1 1 -1 1 1 -1 1 1 -1 -1 1 1 1 1 1 -1 1 1 -1 1 1 1 1 1 -1 1 1 -1 1 1 -1 1 -1 1 1 -1 -1 1 1 1 -1 -1 -1 1 -1 -1 -1 -1 1 -1 1 1 -1 -1 1 -1 -1 1 -1 -1 -1 -1 1 1 -1 -1 1 -1 1 1 1 1 1 -1 -1 1 1 -1 -1 -1 1 -1 -1 1 1 1 1 -1 -1 1 -1 -1 1 1 1 -1 -1 -1 1 -1 1 -1 1 -1 -1 -1 1 -1 1 -1 1 1 1 -1 1 1 -1 
-1 1 -1 1 -1 -1 1 -1 1 1 -1 1 -1 1 1 -1 1 -1 -1 -1 1 1 -1 -1 1 1 1 -1 1 -1 1 -1 1 -1 -1 -1 -1 1 1 1 1 -1 1 -1 -1 -1 -1 -1 1 1 1 1 -1 1 -1 1 -1 -1 -1 -1 1 1 -1 1 -1 1 -1 1 1 -1 -1 -1 1 1 -1 1 1 -1 1 1 -1 -1 -1 -1 -1 1 1 1 1 -1 1 -1 -1 1 -1 1 1 1 1 1 -1 1 -1 -1 1 1 -1 -1 1 -1 -1 -1 1 -1 -1 -1 1 1 1 1 -1 -1 1 1 -1 -1 1 -1 
-1 -1 1 -1 1 -1 1 -1 -1 -1 -1 1 -1 -1 -1 -1 -1 -1 1 -1 1 1 -1 -1 1 1 -1 -1 1 1 -1 -1 -1 1 1 -1 1 1 -1 1 -1 -1 -1 -1 1 1 -1 -1 1 -1 -1 -1 1 -1 1 -1 -1 -1 1 1 1 1 1 1 -1 1 1 -1 1 -1 1 -1 -1 -1 1 1 1 -1 -1 -1 -1 -1 1 1 1 1 -1 -1 1 1 -1 -1 1 1 -1 1 1 1 1 -1 -1 1 -1 1 -1 -1 1 -1 1 -1 -1 -1 1 -1 1 1 1 -1 1 1 -1 -1 -1 1 1 1 -1 1 
1 1 -1 1 1 -1 1 -1 -1 1 1 1 1 1 1 1 -1 -1 -1 -1 -1 1 1 -1 1 -1 -1 -1 -1 -1 1 -1 1 -1 1 -1 -1 1 1 -1 -1 1 1 1 -1 1 1 1 1 1 1 -1 1 -1 -1 -1 1 1 1 -1 1 -1 1 1 1 1 -1 -1 -1 -1 1 1 -1 -1 1 1 1 1 -1 1 -1 -1 1 -1 -1 -1 1 1 1 1 1 1 -1 -1 1 -1 1 1 1 1 1 -1 1 1 -1 -1 1 -1 1 -1 1 1 1 -1 1 -1 1 -1 1 1 -1 -1 -1 -1 -1 1 -1 1 
1 1 1 -1 -1 1 1 1 1 -1 -1 -1 1 1 -1 1 1 1 -1 1 -1 -1 -1 1 1 1 1 -1 1 1 -1 -1 1 -1 -1 1 -1 1 1 1 -1 1 -1 1 -1 1 -1 1 -1 -1 -1 -1 1 -1 -1 -1 1 -1 1 -1 -1 -1 1 -1 1 -1 1 1 -1 -1 -1 -1 -1 -1 1 -1 -1 1 1 1 1 -1 1 -1 1 1 1 -1 -1 -1 -1 -1 1 1 1 -1 -1 -1 1 1 1 1 -1 1 -1 1 -1 -1 -1 -1 -1 -1 1 -1 1 -1 -1 -1 -1 1 1 -1 -1 1 -1 -1 -1 1 
1 -1 1 1 1 -1 1 -1 -1 1 -1 -1 1 -1 1 -1 1 -1 -1 1 1 -1 -1 -1 1 1 1 1 -1 -1 1 1 1 -1 -1 -1 -1 -1 -1 1 1 1 -1 -1 -1 -1 1 1 -1 -1 1 1 1 -1 -1 1 1 1 1 1 -1 1 -1 1 -1 -1 -1 1 -1 1 -1 1 -1 -1 -1 1 1 -1 1 -1 -1 -1 1 -1 -1 1 1 -1 -1 1 1 1 -1 -1 -1 -1 -1 -1 1 -1 1 1 1 1 -1 1 1 -1 1 1 -1 -1 1 1 1 -1 1 -1 1 1 -1 1 -1 -1 -1 1 -1 1 
1 1 1 -1 1 1 1 -1 -1 1 -1 -1 1 1 -1 -1 1 1 1 -1 1 -1 -1 -1 1 1 1 1 1 -1 -1 1 -1 -1 1 1 1 1 1 1 1 1 -1 1 1 -1 1 -1 1 1 -1 1 1 1 -1 1 -1 -1 1 1 1 1 -1 1 1 -1 1 -1 1 -1 -1 1 1 1 -1 -1 1 1 -1 1 -1 1 1 1 -1 -1 1 1 1 1 1 -1 -1 -1 1 1 1 -1 -1 -1 1 -1 1 -1 1 -1 1 -1 1 1 -1 1 1 1 1 -1 -1 1 1 -1 -1 -1 -1 1 -1 1 -1 1 
-1 1 -1 1 1 1 1 1 -1 -1 -1 -1 1 -1 -1 -1 1 -1 1 -1 -1 -1 -1 1 -1 -1 -1 -1 1 1 1 -1 1 1 1 1 1 1 -1 -1 -1 -1 -1 -1 1 1 1 1 1 1 1 -1 1 -1 1 1 1 -1 -1 1 1 1 -1 1 1 1 -1 1 1 1 1 1 1 1 1 1 -1 1 1 -1 -1 -1 -1 1 -1 -1 -1 1 1 1 1 -1 -1 -1 1 1 1 1 -1 -1 1 1 1 -1 -1 1 1 1 1 1 -1 -1 1 1 -1 -1 1 1 1 1 1 1 -1 -1 1 1 1 1 
1 1 -1 1 -1 -1 1 1 1 1 -1 1 1 1 1 1 -1 -1 1 -1 1 -1 1 1 -1 1 1 1 -1 1 -1 1 1 -1 -1 1 -1 1 -1 -1 1 -1 1 1 -1 1 -1 -1 1 1 -1 -1 1 1 1 1 -1 -1 1 1 1 -1 1 1 -1 -1 1 1 1 1 1 1 1 1 -1 -1 1 -1 1 1 1 -1 -1 1 -1 1 1 1 1 1 1 1 -1 1 -1 -1 1 -1 -1 -1 1 -1 1 1 1 -1 1 -1 1 -1 1 -1 -1 1 -1 1 -1 -1 -1 -1 1 1 1 -1 -1 -1 -1 1 
-1 1 -1 1 -1 -1 -1 1 -1 1 -1 1 1 -1 1 -1 -1 -1 1 -1 1 -1 1 -1 1 1 1 1 1 1 1 1 1 1 -1 -1 1 1 1 -1 -1 1 -1 -1 1 1 -1 -1 1 1 1 -1 1 1 -1 1 1 1 -1 -1 -1 1 1 1 -1 1 1 1 1 1 1 1 1 1 -1 1 1 1 1 1 -1 1 -1 -1 -1 1 -1 1 1 -1 1 -1 -1 1 -1 1 -1 -1 1 1 1 1 1 -1 -1 -1 -1 -1 -1 -1 -1 1 1 -1 -1 -1 -1 1 -1 1 1 -1 -1 -1 1 -1 -1 -1 
1 -1 -1 -1 1 -1 -1 1 -1 1 1 1 -1 -1 -1 -1 -1 -1 -1 -1 1 -1 -1 1 -1 -1 -1 -1 1 -1 1 -1 -1 1 -1 -1 -1 -1 -1 -1 -1 1 1 1 -1 1 1 1 -1 -1 1 -1 1 -1 1 1 1 -1 1 1 1 1 1 1 1 -1 1 -1 -1 1 1 1 -1 1 1 -1 -1 1 -1 -1 -1 1 -1 1 1 -1 -1 -1 -1 1 1 1 -1 -1 1 1 1 1 1 -1 -1 -1 1 -1 -1 -1 1 1 -1 1 1 -1 1 -1 -1 -1 -1 -1 -1 -1 1 -1 1 1 -1 1 -1 -1 
-1 -1 1 1 1 1 -1 1 -1 1 1 -1 -1 1 -1 -1 -1 1 -1 1 -1 1 -1 -1 1 1 1 -1 -1 -1 -1 1 1 1 -1 1 1 -1 -1 -1 1 -1 1 1 1 -1 1 1 1 -1 -1 1 1 -1 -1 -1 1 1 -1 1 1 -1 -1 1 -1 1 -1 1 1 1 1 1 -1 -1 1 1 1 -1 -1 -1 -1 1 -1 1 1 -1 -1 -1 1 -1 -1 1 -1 -1 1 1 1 1 -1 1 -1 -1 -1 -1 -1 -1 -1 -1 1 1 -1 -1 1 -1 1 1 -1 -1 1 -1 -1 -1 1 1 -1 -1 1 -1 
-1 1 -1 1 -1 -1 1 1 -1 1 1 1 -1 1 -1 -1 -1 1 1 1 1 -1 1 1 -1 -1 1 -1 1 -1 1 1 -1 1 1 1 -1 -1 1 -1 -1 -1 -1 1 1 1 -1 1 -1 -1 1 -1 1 1 1 1 1 -1 -1 -1 1 -1 1 -1 1 -1 1 1 1 -1 -1 1 -1 -1 -1 1 1 1 -1 -1 -1 -1 -1 -1 -1 1 -1 -1 -1 1 1 -1 1 1 1 1 -1 -1 -1 -1 1 1 1 -1 -1 1 -1 -1 1 1 1 -1 1 1 -1 -1 -1 1 -1 -1 -1 1 1 1 1 1 1 1 
1 1 1 -1 1 -1 1 -1 1 1 -1 -1 -1 1 1 1 1 -1 1 1 -1 -1 -1 1 -1 -1 1 -1 1 1 1 1 -1 -1 1 -1 1 1 -1 1 1 1 1 1 1 -1 1 -1 -1 1 -1 1 1 -1 -1 1 -1 1 -1 1 -1 1 1 1 -1 1 1 1 -1 -1 -1 1 -1 1 1 -1 -1 1 -1 1 1 -1 1 -1 1 1 1 1 1 1 -1 -1 1 1 1 -1 -1 -1 -1 1 1 -1 1 1 1 -1 1 -1 1 1 1 1 -1 1 1 1 -1 1 -1 1 1 1 1 -1 1 -1 1 1 
-1 -1 -1 1 -1 -1 1 1 1 1 1 -1 -1 1 -1 -1 1 -1 1 1 1 1 1 -1 -1 1 1 1 1 -1 -1 -1 -1 -1 -1 1 -1 -1 -1 -1 1 -1 -1 -1 1 1 -1 -1 -1 1 1 -1 1 -1 1 -1 -1 1 1 -1 1 1 1 -1 1 1 1 1 1 -1 -1 -1 -1 -1 1 1 -1 -1 1 -1 1 1 1 -1 1 -1 1 1 -1 -1 -1 -1 1 -1 1 1 -1 1 1 -1 -1 -1 1 -1 1 -1 1 1 -1 1 -1 1 -1 1 -1 1 1 1 -1 -1 -1 -1 1 1 1 -1 1 1 
-1 -1 1 -1 1 1 -1 1 -1 1 1 -1 -1 1 1 1 1 -1 1 1 1 -1 1 1 -1 1 -1 -1 1 -1 1 -1 -1 -1 -1 1 -1 -1 1 -1 -1 1 1 -1 1 1 1 1 -1 -1 1 -1 1 1 1 1 -1 -1 -1 1 1 1 1 -1 1 1 -1 1 -1 1 1 1 1 1 -1 1 1 -1 1 -1 -1 1 1 -1 -1 1 -1 -1 1 -1 1 -1 1 -1 -1 1 1 1 -1 -1 -1 -1 -1 -1 -1 1 -1 -1 -1 -1 -1 -1 -1 1 -1 -1 1 1 1 -1 -1 -1 -1 1 1 -1 1 1 
1 -1 -1 -1 1 -1 -1 1 -1 -1 1 1 -1 -1 -1 -1 1 -1 1 1 -1 1 -1 1 -1 -1 1 1 1 1 1 1 -1 -1 -1 -1 -1 1 1 -1 -1 -1 1 -1 1 -1 -1 1 -1 -1 1 -1 -1 -1 -1 -1 -1 -1 1 -1 1 1 1 1 1 -1 -1 -1 1 1 -1 1 1 -1 1 1 -1 1 1 1 -1 1 1 1 -1 -1 -1 -1 1 1 -1 1 -1 -1 -1 1 1 1 -1 1 -1 1 1 1 1 1 -1 -1 -1 -1 1 -1 1 -1 1 1 1 1 -1 1 -1 -1 1 1 -1 1 -1 -1 
1 -1 1 1 -1 1 -1 1 -1 1 1 1 -1 1 1 -1 -1 -1 -1 -1 -1 1 -1 1 -1 1 1 1 -1 -1 1 1 1 1 -1 -1 1 1 -1 -1 1 -1 1 -1 -1 1 1 1 -1 -1 1 1 -1 -1 -1 1 1 -1 -1 -1 1 1 1 1 1 -1 -1 -1 1 -1 1 -1 -1 1 -1 1 1 -1 1 1 1 1 1 -1 1 -1 -1 -1 -1 -1 1 1 1 -1 1 1 -1 -1 1 1 1 -1 -1 1 1 1 1 -1 -1 1 1 -1 -1 1 -1 -1 1 -1 -1 -1 -1 -1 1 -1 -1 1 -1 1 
-1 1 1 -1 1 -1 -1 1 1 -1 -1 -1 -1 1 1 1 1 -1 1 1 -1 1 1 1 1 1 1 1 -1 1 -1 1 1 1 -1 1 1 -1 -1 -1 -1 1 -1 1 -1 -1 -1 -1 -1 1 1 1 -1 -1 -1 -1 1 -1 1 1 1 1 1 1 1 1 1 -1 1 1 -1 1 -1 1 -1 -1 -1 -1 1 1 -1 -1 1 1 1 1 -1 -1 -1 1 -1 -1 1 1 1 -1 1 -1 1 -1 1 1 -1 -1 1 1 1 1 1 -1 1 -1 1 -1 -1 -1 -1 -1 -1 1 -1 1 -1 -1 1 -1 1 -1 
1 1 -1 -1 -1 -1 1 1 -1 1 -1 -1 -1 -1 -1 -1 1 -1 -1 -1 1 -1 -1 1 -1 1 -1 -1 1 -1 -1 1 -1 1 1 -1 -1 -1 -1 1 1 -1 1 1 -1 1 1 1 -1 -1 1 1 -1 -1 1 -1 -1 -1 -1 1 1 1 1 -1 -1 -1 -1 -1 1 1 -1 -1 -1 -1 1 -1 1 -1 1 -1 1 1 1 1 -1 -1 1 1 -1 1 -1 1 -1 -1 1 -1 1 -1 -1 -1 -1 1 1 -1 -1 -1 1 1 1 -1 -1 -1 -1 1 -1 -1 1 1 -1 1 -1 -1 -1 1 1 -1 1 1 
1 1 -1 1 1 -1 1 1 1 1 1 -1 -1 1 -1 1 1 1 -1 1 1 -1 -1 -1 1 -1 -1 -1 1 1 -1 1 -1 1 1 1 -1 1 -1 1 1 -1 1 1 -1 1 1 -1 1 1 1 1 1 1 1 -1 -1 -1 -1 1 1 1 1 1 -1 -1 1 -1 1 -1 1 1 -1 -1 1 -1 1 1 -1 1 -1 1 -1 1 1 -1 1 -1 1 1 1 1 1 1 1 1 1 1 1 1 1 -1 1 1 1 1 1 -1 1 1 1 -1 -1 -1 -1 -1 1 -1 1 1 -1 -1 -1 1 1 -1 -1 -1 
1 1 1 1 1 -1 -1 1 1 -1 -1 -1 1 1 -1 -1 1 1 -1 -1 1 1 1 -1 -1 1 1 -1 1 1 1 1 1 -1 -1 -1 1 1 -1 -1 1 1 -1 -1 -1 -1 -1 -1 1 -1 -1 -1 -1 1 -1 1 1 1 -1 -1 1 -1 -1 1 1 -1 1 1 -1 1 -1 -1 1 1 -1 -1 -1 -1 1 -1 -1 1 1 -1 -1 -1 1 1 -1 1 -1 1 1 1 1 -1 1 -1 -1 -1 -1 -1 1 -1 -1 -1 -1 -1 -1 1 1 1 1 -1 -1 -1 -1 1 -1 1 -1 -1 -1 -1 -1 -1 1 1 
-1 -1 1 -1 1 -1 -1 1 1 -1 -1 -1 1 1 1 -1 -1 -1 -1 -1 -1 -1 1 1 1 1 -1 -1 -1 1 1 -1 1 -1 1 1 -1 -1 1 1 1 -1 1 -1 1 -1 1 -1 -1 -1 1 -1 -1 -1 1 1 1 -1 1 -1 1 -1 1 -1 1 1 -1 1 1 1 1 -1 -1 -1 -1 1 -1 1 -1 1 1 1 -1 -1 -1 1 -1 1 1 1 1 1 1 1 1 -1 -1 -1 -1 1 -1 1 1 1 -1 -1 -1 -1 1 1 1 -1 1 1 -1 -1 1 1 -1 -1 1 1 -1 1 1 -1 -1 -1 
1 -1 1 1 1 -1 1 1 1 -1 1 1 -1 -1 -1 -1 -1 1 1 -1 -1 -1 -1 -1 1 -1 1 -1 -1 -1 1 1 -1 -1 -1 -1 1 -1 -1 1 1 -1 1 -1 -1 -1 1 1 -1 -1 -1 -1 -1 -1 1 1 1 -1 1 1 -1 1 1 -1 1 1 -1 -1 1 -1 1 -1 1 1 -1 -1 -1 1 -1 -1 1 1 -1 -1 1 -1 -1 1 -1 -1 1 1 -1 1 -1 -1 1 -1 -1 1 1 1 1 1 -1 -1 1 1 -1 -1 1 1 1 -1 -1 -1 -1 -1 1 -1 1 1 -1 1 -1 1 1 -1 
-1 1 -1 -1 -1 -1 -1 -1 -1 -1 -1 1 -1 1 1 -1 -1 -1 1 1 -1 1 -1 -1 1 1 1 1 1 1 -1 -1 1 -1 1 1 -1 1 1 -1 -1 1 1 1 1 -1 -1 1 1 1 -1 1 -1 1 -1 -1 1 1 -1 1 1 -1 1 1 -1 1 1 -1 -1 1 -1 -1 -1 1 -1 1 1 -1 1 1 1 1 -1 -1 1 1 -1 1 1 -1 -1 1 1 1 1 -1 -1 -1 -1 1 1 -1 -1 1 1 -1 1 -1 1 1 1 -1 1 1 -1 -1 1 -1 -1 1 -1 -1 1 1 1 1 -1 -1 
1 1 -1 -1 -1 -1 -1 1 1 -1 1 1 -1 1 -1 -1 1 -1 1 -1 1 -1 1 -1 -1 1 1 1 -1 1 -1 -1 1 1 -1 1 -1 -1 -1 1 1 -1 -1 1 1 1 -1 1 -1 -1 1 1 -1 -1 1 -1 -1 1 1 -1 1 1 1 -1 -1 -1 -1 1 1 1 1 1 1 -1 1 -1 -1 1 1 1 1 1 -1 1 1 1 1 -1 1 1 -1 1 1 -1 1 -1 1 -1 -1 -1 1 1 -1 1 -1 -1 1 1 -1 -1 1 -1 1 1 1 -1 1 -1 1 -1 -1 -1 1 1 -1 1 1 1 
1 1 -1 1 -1 -1 1 1 1 -1 -1 1 1 1 1 -1 1 -1 1 -1 1 -1 1 -1 1 -1 1 -1 1 -1 1 -1 -1 1 1 1 1 -1 1 -1 1 1 -1 -1 1 1 -1 1 1 1 1 -1 -1 1 1 -1 1 1 -1 1 -1 1 1 -1 -1 -1 1 -1 -1 1 1 1 -1 1 -1 1 -1 1 1 1 1 1 1 -1 -1 -1 -1 1 -1 1 1 1 -1 1 -1 -1 1 1 -1 1 1 1 -1 1 1 -1 -1 1 -1 -1 -1 1 1 1 1 1 -1 1 -1 -1 -1 -1 -1 -1 1 -1 1 -1 
-1 -1 1 1 1 -1 1 -1 -1 -1 1 1 -1 1 -1 1 -1 -1 -1 -1 1 -1 -1 -1 1 -1 -1 -1 1 -1 1 1 1 1 1 1 -1 1 1 -1 1 -1 1 -1 1 -1 1 1 1 1 1 -1 1 1 -1 -1 -1 1 -1 -1 -1 1 -1 -1 -1 -1 1 1 -1 -1 1 -1 1 -1 -1 1 1 1 1 1 1 -1 -1 1 -1 1 1 -1 1 -1 -1 1 -1 1 -1 -1 1 1 1 1 1 -1 1 1 1 1 -1 -1 -1 1 -1 -1 -1 1 -1 -1 1 1 -1 1 -1 -1 -1 1 -1 1 1 1 
-1 -1 1 1 1 -1 -1 1 1 -1 -1 -1 1 -1 -1 -1 -1 1 1 -1 -1 1 -1 -1 1 1 1 -1 1 -1 -1 -1 -1 -1 1 1 -1 1 1 -1 1 -1 1 -1 -1 1 -1 1 1 -1 1 -1 1 1 -1 -1 -1 -1 -1 1 -1 -1 1 1 1 -1 -1 1 1 1 1 -1 1 1 1 1 1 1 1 1 -1 1 -1 1 1 1 -1 1 -1 1 1 -1 -1 1 1 1 -1 -1 -1 -1 1 1 1 -1 1 -1 1 -1 1 1 -1 -1 1 -1 1 1 1 -1 -1 1 -1 1 1 -1 1 1 -1 1 
1 -1 1 1 -1 1 -1 -1 -1 1 1 1 1 1 1 1 1 -1 -1 1 1 1 -1 -1 1 -1 -1 -1 1 -1 -1 -1 1 -1 1 1 1 1 -1 -1 -1 1 1 1 -1 1 1 -1 -1 1 1 -1 -1 1 -1 1 1 1 1 1 -1 -1 -1 -1 -1 -1 1 1 1 1 1 1 1 -1 1 -1 -1 -1 -1 1 -1 -1 1 1 1 -1 -1 -1 1 1 1 1 1 1 -1 -1 1 1 -1 1 -1 -1 1 1 1 1 -1 -1 1 -1 1 1 -1 1 -1 1 1 1 1 1 1 1 1 1 1 1 1 -1 
-1 -1 -1 1 1 1 -1 1 1 1 -1 -1 1 -1 -1 1 1 1 1 -1 1 -1 -1 -1 1 -1 -1 -1 1 -1 1 -1 1 -1 -1 -1 1 -1 -1 -1 1 1 1 1 -1 1 -1 -1 1 -1 1 1 -1 1 -1 1 -1 -1 -1 1 1 1 -1 1 1 -1 -1 -1 -1 1 -1 1 1 1 -1 -1 -1 -1 1 -1 1 1 1 -1 1 -1 -1 -1 -1 1 -1 1 1 -1 1 1 1 -1 1 -1 -1 -1 -1 1 1 1 1 -1 -1 1 -1 1 1 -1 -1 -1 -1 -1 1 -1 -1 1 -1 1 1 1 -1 -1 
1 -1 1 1 -1 1 1 1 -1 1 1 -1 1 -1 1 -1 1 -1 -1 -1 -1 1 1 1 -1 -1 -1 -1 -1 -1 1 1 1 -1 1 1 1 -1 -1 -1 1 1 -1 1 1 1 -1 1 -1 -1 1 -1 -1 -1 -1 1 -1 1 -1 -1 -1 -1 -1 1 1 -1 1 1 -1 -1 1 1 -1 1 -1 -1 1 1 1 -1 -1 1 1 1 1 -1 1 -1 1 1 1 -1 -1 1 1 1 1 -1 -1 -1 -1 1 -1 -1 1 1 -1 -1 1 1 1 -1 1 -1 1 -1 -1 1 1 -1 1 -1 1 1 1 -1 1 -1 
-1 1 1 1 1 1 1 -1 1 1 1 -1 -1 1 -1 -1 -1 1 1 1 -1 1 1 -1 1 1 -1 -1 -1 -1 -1 1 1 1 1 1 -1 1 1 -1 -1 1 -1 1 -1 1 -1 1 1 -1 -1 -1 1 -1 1 1 -1 1 1 -1 -1 1 1 -1 -1 1 1 -1 1 -1 -1 1 -1 -1 -1 1 -1 1 1 -1 1 1 -1 -1 -1 1 -1 -1 1 1 1 -1 -1 1 1 1 1 1 -1 1 -1 1 1 1 -1 -1 -1 1 -1 -1 1 -1 1 -1 1 1 -1 1 1 -1 -1 1 1 -1 1 -1 -1 1 
-1 1 -1 1 1 -1 -1 -1 -1 1 -1 -1 1 1 -1 -1 1 1 1 1 1 -1 1 1 1 -1 -1 1 1 1 1 -1 -1 1 -1 -1 -1 -1 -1 -1 -1 1 -1 -1 -1 1 1 -1 1 -1 1 1 1 1 1 -1 1 1 1 1 -1 1 -1 -1 -1 -1 1 1 -1 -1 -1 -1 1 1 1 -1 -1 -1 1 -1 1 -1 -1 -1 1 -1 -1 -1 -1 1 1 1 1 1 -1 -1 1 -1 -1 -1 -1 -1 1 -1 1 1 -1 1 -1 1 -1 -1 -1 -1 -1 1 -1 -1 -1 1 -1 1 -1 1 -1 -1 -1 -1 
1 1 -1 -1 -1 1 -1 1 -1 1 1 1 1 -1 -1 1 1 1 1 -1 -1 -1 -1 1 1 1 -1 -1 1 1 -1 -1 -1 1 1 1 -1 -1 1 1 1 -1 1 1 -1 1 1 -1 -1 1 1 1 1 1 1 -1 1 -1 -1 1 1 1 1 -1 -1 -1 1 1 -1 -1 -1 -1 1 -1 1 1 1 1 -1 1 -1 1 -1 -1 -1 -1 -1 -1 -1 1 -1 1 1 1 -1 -1 -1 1 -1 -1 -1 -1 1 -1 -1 -1 1 1 -1 -1 -1 -1 1 -1 -1 -1 -1 1 1 -1 1 -1 -1 -1 1 1 -1 -1 
-1 -1 -1 1 1 -1 -1 1 -1 -1 -1 1 1 -1 1 1 1 -1 1 1 -1 -1 1 1 -1 1 1 -1 -1 1 1 -1 -1 -1 1 1 1 1 -1 -1 1 -1 1 1 -1 1 1 1 -1 -1 1 -1 -1 -1 1 1 1 -1 -1 1 1 1 1 -1 1 -1 1 -1 1 1 -1 -1 -1 1 -1 1 -1 1 1 -1 1 -1 1 -1 1 1 -1 -1 1 -1 1 -1 -1 1 1 1 1 1 1 -1 1 1 -1 1 1 -1 1 1 1 -1 -1 -1 -1 -1 -1 -1 -1 -1 -1 -1 1 -1 1 -1 -1 1 1 -1 
-1 1 1 1 -1 1 1 1 -1 -1 1 1 1 -1 -1 1 1 -1 -1 1 1 -1 -1 1 1 1 -1 -1 1 1 1 1 -1 -1 1 1 1 -1 1 -1 -1 1 -1 1 1 1 1 1 1 1 1 -1 1 -1 -1 1 1 -1 1 1 1 1 -1 1 -1 1 1 -1 -1 1 -1 1 1 1 1 1 -1 -1 1 1 -1 1 1 1 1 1 1 1 -1 1 -1 -1 -1 1 -1 1 -1 -1 -1 -1 1 -1 -1 -1 1 1 -1 1 -1 -1 -1 -1 1 1 -1 -1 1 -1 1 -1 1 1 1 1 1 1 -1 -1 
1 -1 -1 -1 1 1 1 -1 1 1 -1 1 1 1 -1 -1 -1 1 1 -1 -1 1 1 1 1 -1 -1 1 1 -1 -1 -1 -1 1 1 1 1 1 -1 -1 1 1 1 -1 -1 -1 1 -1 -1 -1 1 1 -1 -1 1 -1 1 -1 1 1 1 1 1 1 -1 1 -1 -1 1 -1 1 -1 -1 1 -1 1 1 -1 -1 1 -1 1 1 -1 1 1 1 -1 1 -1 -1 -1 1 -1 -1 -1 -1 1 1 1 1 1 -1 1 -1 1 -1 1 -1 -1 1 -1 1 -1 -1 -1 1 1 1 1 -1 1 1 1 -1 -1 1 -1 
-1 1 -1 1 1 1 1 -1 -1 1 1 1 -1 -1 1 -1 1 1 -1 -1 1 1 1 -1 -1 1 1 -1 1 1 -1 -1 1 1 -1 1 1 1 -1 -1 1 1 -1 1 1 1 -1 -1 -1 -1 -1 -1 -1 1 -1 -1 1 -1 1 -1 -1 1 -1 1 1 -1 -1 -1 -1 1 1 -1 1 1 1 1 1 1 1 1 1 -1 1 1 -1 -1 1 1 -1 -1 -1 -1 -1 1 1 1 -1 -1 1 -1 1 -1 -1 1 1 1 1 -1 -1 1 1 -1 -1 -1 -1 -1 1 1 -1 -1 1 1 -1 1 1 1 -1 -1 
1 -1 -1 -1 1 1 -1 -1 1 1 1 -1 1 1 -1 1 -1 1 -1 1 1 -1 1 -1 -1 -1 -1 1 -1 -1 -1 -1 -1 1 1 -1 -1 -1 -1 -1 -1 -1 -1 1 1 -1 1 -1 -1 1 -1 1 1 -1 -1 1 -1 1 -1 -1 -1 -1 -1 -1 -1 1 1 1 1 -1 1 1 -1 1 1 1 -1 1 1 -1 -1 -1 1 1 -1 -1 1 1 -1 -1 1 -1 1 -1 1 1 1 -1 -1 1 1 1 -1 1 -1 1 1 1 1 -1 1 -1 1 1 1 -1 -1 -1 -1 -1 1 1 1 1 -1 1 -1 -1 
1 1 -1 -1 1 1 -1 1 1 1 -1 -1 1 -1 -1 -1 -1 -1 1 -1 -1 -1 1 1 1 -1 -1 1 1 1 -1 -1 -1 -1 -1 1 -1 -1 1 1 -1 1 1 -1 -1 -1 1 -1 -1 1 1 -1 -1 -1 1 1 -1 1 -1 -1 -1 1 1 -1 -1 1 1 -1 -1 -1 -1 1 -1 1 1 1 1 1 -1 1 1 1 1 -1 1 1 1 1 1 1 -1 1 -1 1 -1 1 1 1 1 -1 1 -1 -1 -1 -1 -1 1 1 1 1 -1 -1 1 -1 1 1 1 1 -1 -1 1 1 -1 -1 -1 1 1 -1 
1 -1 1 1 1 1 -1 -1 -1 -1 1 -1 1 -1 1 -1 1 -1 1 1 -1 -1 -1 -1 1 1 1 -1 -1 1 1 1 -1 -1 1 1 1 1 1 -1 -1 -1 -1 1 -1 -1 -1 -1 -1 -1 1 -1 1 1 -1 -1 1 1 -1 1 1 -1 -1 1 1 1 1 1 -1 -1 1 1 1 1 1 1 -1 1 1 -1 -1 1 -1 1 1 1 -1 -1 1 -1 -1 1 1 -1 1 -1 1 1 -1 1 -1 -1 1 -1 1 1 -1 -1 1 -1 -1 1 -1 1 -1 1 -1 -1 1 1 -1 1 -1 -1 -1 -1 1 -1 
-1 1 -1 -1 1 -1 -1 1 1 1 1 -1 1 -1 -1 -1 -1 -1 1 1 1 -1 -1 -1 1 1 -1 -1 -1 1 1 1 -1 -1 1 1 -1 1 1 -1 1 -1 1 -1 -1 1 1 -1 1 1 1 1 -1 1 1 1 -1 -1 -1 1 1 -1 1 1 1 1 -1 1 1 1 1 -1 -1 1 -1 -1 -1 -1 -1 -1 -1 1 -1 1 1 1 -1 -1 1 1 -1 1 1 1 -1 1 1 1 -1 1 -1 1 -1 1 1 -1 -1 1 1 -1 -1 -1 1 -1 1 -1 1 1 -1 -1 1 1 1 -1 1 1 1 1 
-1 -1 1 -1 1 1 1 -1 1 -1 1 -1 1 -1 1 1 -1 1 -1 -1 1 1 -1 -1 -1 -1 -1 1 1 1 1 1 1 1 -1 1 1 1 -1 1 1 -1 -1 -1 -1 -1 -1 -1 -1 1 1 -1 -1 1 1 1 1 -1 -1 1 1 1 -1 1 1 -1 -1 -1 1 1 -1 1 1 1 1 -1 1 -1 1 1 1 -1 1 1 1 1 1 -1 1 -1 -1 -1 1 1 1 1 -1 -1 -1 1 -1 -1 -1 -1 1 1 1 -1 -1 -1 1 1 -1 -1 1 -1 1 1 -1 1 1 -1 -1 1 1 1 -1 1 
-1 1 -1 -1 1 -1 1 1 1 1 1 1 1 -1 -1 1 -1 1 1 -1 1 1 -1 -1 -1 1 -1 -1 -1 -1 -1 1 -1 -1 1 -1 -1 -1 -1 -1 1 1 -1 1 -1 -1 1 1 1 1 -1 1 1 1 1 1 1 -1 -1 -1 1 -1 -1 1 1 -1 -1 1 1 1 -1 -1 -1 1 -1 -1 -1 -1 -1 1 1 -1 1 -1 -1 1 -1 1 1 -1 1 -1 -1 1 1 1 -1 1 -1 1 -1 1 1 1 -1 1 -1 -1 -1 -1 -1 -1 1 1 -1 1 1 -1 -1 1 1 1 -1 1 -1 -1 -1 -1 
1 1 -1 1 -1 1 1 -1 1 1 1 -1 1 1 1 -1 -1 -1 -1 1 1 -1 1 1 -1 1 -1 1 -1 1 1 -1 -1 -1 1 1 1 -1 1 -1 -1 -1 1 -1 1 1 -1 -1 -1 -1 -1 1 1 -1 1 1 1 1 1 -1 -1 -1 1 1 -1 -1 -1 1 -1 -1 1 1 -1 1 -1 -1 -1 -1 -1 -1 1 -1 -1 1 -1 -1 -1 -1 1 -1 1 1 -1 1 -1 -1 -1 -1 -1 -1 -1 1 1 -1 -1 1 1 -1 -1 -1 1 1 1 -1 -1 -1 1 1 -1 1 -1 1 1 1 -1 -1 -1 1 
1 1 1 1 -1 1 -1 1 1 1 1 -1 1 1 -1 1 1 1 1 1 -1 1 -1 1 -1 -1 -1 1 -1 1 -1 1 1 1 1 1 -1 -1 -1 -1 1 -1 -1 -1 1 1 1 1 1 1 1 -1 -1 -1 1 -1 1 1 -1 -1 -1 -1 1 -1 1 -1 1 -1 -1 1 1 -1 -1 1 -1 1 1 1 -1 1 1 -1 1 -1 -1 1 -1 -1 -1 -1 1 -1 1 -1 1 1 1 1 -1 1 1 -1 1 -1 -1 1 -1 -1 -1 -1 1 -1 1 -1 -1 1 1 1 1 -1 1 1 -1 1 -1 -1 -1 1 
-1 -1 1 1 1 1 1 -1 1 -1 1 -1 -1 1 -1 -1 -1 -1 1 -1 -1 1 1 -1 -1 1 1 -1 -1 -1 -1 1 1 1 -1 1 1 -1 1 1 -1 -1 1 1 1 -1 -1 1 1 -1 -1 1 -1 1 -1 -1 1 1 1 1 1 1 1 -1 -1 1 1 -1 -1 -1 1 1 -1 1 -1 -1 1 1 1 1 1 1 -1 -1 -1 -1 -1 -1 1 1 1 1 1 1 -1 -1 -1 -1 -1 1 -1 -1 -1 1 -1 -1 1 -1 1 1 1 -1 -1 1 1 -1 -1 1 -1 1 -1 -1 1 -1 -1 -1 1 -1 
1 1 -1 1 -1 1 -1 -1 1 -1 1 -1 1 1 -1 -1 1 1 -1 -1 -1 1 -1 -1 -1 1 1 -1 -1 1 -1 1 1 -1 1 1 1 -1 1 1 -1 1 -1 1 -1 -1 -1 1 -1 -1 -1 -1 1 -1 1 1 -1 1 1 -1 1 -1 1 -1 -1 1 -1 -1 -1 1 -1 1 1 -1 -1 1 1 -1 1 1 -1 1 -1 -1 1 1 -1 -1 1 -1 1 -1 1 -1 -1 1 -1 1 1 -1 -1 -1 1 -1 1 -1 1 -1 -1 -1 -1 1 -1 1 1 1 -1 -1 1 1 1 1 -1 1 1 -1 -1 1 
-1 -1 1 -1 -1 -1 -1 1 -1 1 -1 -1 -1 -1 -1 -1 -1 1 -1 -1 1 -1 1 1 -1 1 1 1 1 1 1 1 -1 -1 -1 1 -1 -1 -1 -1 1 -1 1 -1 1 1 1 1 1 1 -1 1 1 -1 -1 -1 1 -1 1 1 1 1 1 1 -1 1 1 1 -1 1 -1 -1 1 1 1 1 1 -1 -1 -1 1 1 1 -1 -1 1 1 1 -1 -1 -1 -1 -1 -1 1 -1 -1 1 1 1 -1 1 1 -1 1 1 1 1 -1 -1 1 -1 -1 1 -1 -1 -1 1 1 -1 -1 -1 1 1 1 -1 -1 -1 
1 1 1 -1 -1 -1 -1 -1 1 1 1 1 -1 1 -1 -1 1 -1 -1 -1 -1 -1 -1 -1 -1 1 -1 -1 1 1 1 -1 -1 1 -1 1 1 -1 -1 1 1 1 1 1 1 1 1 1 1 1 -1 1 1 1 -1 1 1 1 1 -1 -1 1 -1 -1 -1 -1 1 -1 -1 1 1 -1 -1 1 -1 1 1 1 1 1 1 -1 1 1 -1 1 -1 -1 1 -1 1 1 1 -1 -1 1 -1 1 -1 -1 1 -1 -1 -1 -1 -1 1 -1 -1 1 -1 -1 1 1 -1 -1 -1 -1 1 1 1 -1 1 -1 1 -1 1 -1 
-1 1 -1 1 -1 1 -1 1 1 1 1 -1 -1 -1 -1 1 -1 -1 1 1 -1 1 1 1 -1 -1 1 1 1 1 -1 -1 1 -1 -1 -1 1 1 -1 -1 -1 -1 1 1 -1 -1 1 1 1 1 1 -1 -1 1 1 -1 -1 -1 -1 1 -1 1 -1 -1 -1 -1 1 1 -1 1 1 1 -1 1 -1 -1 -1 1 -1 1 1 1 1 1 1 -1 1 -1 1 1 -1 1 -1 -1 1 1 1 -1 -1 -1 -1 1 1 -1 1 -1 -1 -1 -1 -1 -1 1 1 -1 -1 1 1 1 -1 -1 1 1 -1 -1 -1 -1 -1 1 
1 -1 1 -1 1 -1 1 -1 1 1 1 1 -1 -1 -1 1 1 -1 1 -1 -1 1 1 1 -1 1 -1 -1 -1 1 -1 1 -1 -1 -1 1 -1 -1 -1 -1 -1 -1 1 1 1 1 1 -1 -1 -1 -1 1 1 1 1 -1 -1 1 1 -1 1 -1 -1 -1 -1 1 -1 -1 1 1 1 1 -1 1 -1 -1 -1 -1 -1 -1 1 -1 1 1 1 -1 1 -1 -1 1 1 1 1 -1 1 -1 1 1 1 1 -1 -1 1 -1 -1 -1 -1 1 -1 -1 -1 -1 -1 -1 1 -1 1 1 1 1 1 -1 -1 1 -1 1 1 -1 
1 1 1 1 1 -1 1 -1 1 1 -1 -1 1 -1 1 1 -1 1 -1 -1 -1 1 -1 -1 -1 -1 1 -1 1 -1 -1 1 1 1 -1 -1 -1 -1 1 -1 -1 -1 -1 1 -1 -1 1 1 -1 1 -1 1 -1 -1 -1 1 1 -1 1 1 1 1 -1 1 -1 -1 1 1 -1 -1 1 1 1 1 -1 -1 1 1 1 -1 -1 1 -1 1 -1 -1 -1 1 1 -1 -1 1 1 1 -1 -1 1 -1 1 -1 1 1 1 1 -1 -1 1 -1 1 -1 -1 1 1 -1 1 -1 -1 1 1 1 1 -1 -1 -1 -1 1 -1 1 
1 1 -1 1 -1 -1 1 -1 1 -1 1 1 1 -1 1 -1 -1 -1 -1 -1 1 -1 1 1 -1 1 -1 1 1 -1 -1 1 -1 1 -1 1 -1 -1 1 -1 -1 -1 1 1 1 1 1 -1 -1 -1 -1 -1 1 -1 -1 -1 -1 -1 -1 -1 1 -1 -1 1 -1 -1 -1 1 -1 -1 -1 1 1 -1 -1 -1 1 -1 1 1 -1 -1 -1 -1 -1 1 1 1 1 1 1 -1 1 1 -1 1 -1 -1 -1 -1 -1 -1 1 -1 -1 1 -1 1 1 1 1 1 -1 1 -1 1 -1 1 1 -1 1 1 -1 -1 1 -1 -1 -1 
1 -1 1 -1 1 1 -1 1 -1 -1 -1 1 -1 -1 1 1 -1 1 -1 -1 1 1 1 1 1 -1 1 1 1 1 1 -1 -1 1 1 1 -1 1 1 -1 -1 -1 -1 1 1 -1 1 1 -1 1 -1 -1 1 -1 1 1 1 -1 1 1 1 1 -1 -1 1 1 1 -1 -1 -1 -1 1 1 1 -1 1 -1 1 -1 -1 -1 1 1 -1 1 -1 -1 -1 1 -1 -1 -1 1 1 1 1 -1 -1 -1 -1 1 -1 -1 -1 -1 -1 1 1 -1 -1 -1 -1 1 -1 1 1 -1 1 1 -1 1 -1 1 1 1 1 -1 1 
1 -1 -1 1 1 -1 -1 1 -1 1 1 -1 1 -1 1 -1 1 -1 -1 1 1 -1 -1 1 1 -1 1 -1 1 1 -1 1 1 1 1 -1 -1 1 1 -1 1 -1 -1 1 1 -1 1 1 -1 -1 -1 -1 -1 1 -1 -1 -1 -1 1 1 1 -1 -1 1 1 1 1 1 -1 -1 1 -1 -1 1 1 1 -1 1 -1 -1 1 1 -1 1 1 -1 1 -1 -1 -1 -1 1 -1 1 -1 -1 -1 -1 -1 -1 1 -1 -1 1 -1 -1 -1 1 -1 1 1 -1 -1 1 -1 1 1 -1 1 1 -1 -1 -1 1 1 1 1 1 
-1 1 1 1 -1 1 -1 1 1 -1 -1 -1 1 1 -1 -1 1 1 1 1 1 1 -1 1 -1 -1 -1 1 1 -1 -1 -1 -1 -1 1 1 -1 1 -1 1 1 1 -1 -1 1 -1 1 -1 1 1 1 -1 1 -1 -1 -1 1 -1 -1 -1 -1 1 -1 1 -1 1 1 -1 -1 1 1 1 -1 1 1 1 1 1 1 -1 -1 -1 1 -1 1 1 -1 -1 -1 -1 1 1 1 -1 -1 -1 1 -1 1 1 1 -1 1 -1 -1 -1 -1 1 -1 1 -1 1 -1 1 -1 1 1 -1 -1 -1 -1 -1 1 1 1 1 1 1 
1 -1 -1 1 1 -1 -1 -1 -1 1 -1 -1 1 1 1 1 1 -1 1 -1 -1 1 1 -1 1 1 -1 1 -1 -1 1 -1 1 1 -1 1 1 -1 1 1 -1 -1 1 1 1 -1 1 -1 -1 1 1 -1 -1 1 -1 -1 1 -1 -1 1 -1 -1 1 -1 -1 -1 1 1 -1 -1 -1 -1 -1 -1 1 -1 1 -1 -1 1 -1 -1 1 1 -1 -1 -1 -1 -1 -1 -1 -1 -1 -1 1 -1 1 -1 1 -1 -1 1 -1 -1 1 -1 1 1 -1 -1 1 -1 1 1 1 -1 -1 1 -1 -1 1 -1 1 -1 1 -1 -1 1 
-1 -1 -1 -1 1 -1 1 -1 -1 1 1 -1 -1 1 1 1 -1 1 -1 -1 1 -1 -1 1 -1 -1 -1 -1 1 -1 -1 -1 1 1 1 -1 1 -1 -1 1 1 -1 -1 1 1 -1 -1 1 1 -1 -1 1 1 -1 1 1 1 1 1 1 1 -1 1 1 1 1 -1 -1 -1 1 -1 1 -1 -1 1 1 1 1 1 1 -1 1 -1 1 1 1 -1 1 -1 1 1 -1 1 1 -1 1 -1 1 1 1 -1 -1 -1 1 1 -1 1 -1 1 -1 -1 1 1 1 -1 -1 -1 1 -1 -1 1 -1 -1 -1 1 -1 1 -1 
1 -1 -1 1 1 -1 1 1 1 -1 1 -1 -1 1 1 1 -1 -1 -1 -1 1 1 -1 1 -1 1 1 1 -1 1 -1 1 1 1 1 -1 1 1 -1 1 1 -1 -1 1 -1 -1 -1 1 -1 -1 -1 -1 1 1 -1 -1 -1 -1 1 1 1 1 -1 -1 -1 1 1 1 1 -1 1 -1 1 -1 -1 1 -1 1 1 1 1 -1 1 -1 -1 -1 -1 -1 -1 1 -1 -1 1 -1 1 -1 -1 1 -1 -1 1 1 1 1 -1 -1 -1 1 -1 1 1 1 1 1 -1 -1 -1 -1 -1 -1 1 1 1 -1 1 1 -1 -1 
1 -1 -1 1 -1 -1 -1 1 -1 -1 -1 1 1 1 -1 -1 -1 -1 -1 1 1 1 -1 -1 1 -1 -1 1 1 -1 -1 1 1 -1 1 -1 1 1 -1 1 1 -1 1 -1 -1 -1 -1 -1 1 -1 1 1 -1 -1 -1 1 1 1 1 1 -1 -1 -1 -1 1 -1 1 -1 -1 1 -1 -1 -1 -1 -1 -1 -1 -1 1 1 -1 1 -1 -1 1 1 -1 -1 -1 -1 -1 -1 1 1 -1 1 1 -1 -1 -1 1 1 -1 -1 -1 1 1 -1 1 -1 -1 1 -1 -1 -1 -1 1 -1 1 1 1 -1 -1 -1 1 1 1 -1 
1 1 1 -1 1 -1 -1 -1 1 1 1 -1 1 1 -1 -1 -1 1 1 1 1 -1 1 1 -1 -1 -1 -1 1 -1 1 -1 1 1 1 1 1 1 1 -1 -1 -1 1 1 1 -1 -1 1 1 1 -1 -1 1 -1 -1 1 -1 -1 -1 -1 -1 1 -1 -1 1 -1 1 1 -1 1 -1 -1 -1 -1 -1 -1 -1 -1 -1 1 -1 1 1 -1 -1 1 1 -1 -1 -1 -1 -1 -1 1 1 -1 -1 1 -1 1 -1 1 -1 -1 1 -1 -1 1 1 1 1 -1 -1 -1 -1 1 1 1 1 1 1 -1 -1 1 1 -1 1 1 
-1 -1 -1 1 1 1 -1 1 -1 1 -1 1 -1 -1 1 1 -1 -1 1 -1 1 1 1 -1 -1 1 -1 -1 -1 -1 -1 -1 -1 1 -1 1 -1 1 -1 1 1 1 -1 1 -1 -1 1 -1 1 -1 1 -1 -1 -1 1 1 1 -1 1 -1 1 -1 -1 -1 -1 -1 -1 1 1 1 1 -1 1 1 -1 1 -1 1 1 -1 1 1 1 -1 -1 -1 -1 -1 -1 1 1 1 -1 1 -1 1 1 1 1 1 -1 -1 -1 -1 1 1 -1 -1 -1 1 1 -1 -1 -1 1 1 1 1 1 -1 -1 1 1 -1 -1 1 1 -1 
-1 -1 1 1 1 -1 1 -1 1 1 1 -1 -1 1 1 -1 -1 1 1 1 -1 -1 1 1 1 1 -1 1 1 1 1 -1 -1 -1 1 -1 1 -1 1 1 -1 -1 -1 -1 -1 -1 1 -1 -1 -1 1 -1 1 1 1 -1 -1 -1 -1 1 1 -1 1 -1 -1 1 1 1 1 1 -1 -1 1 -1 1 1 -1 -1 -1 1 1 -1 1 -1 1 1 -1 1 -1 -1 1 1 -1 1 -1 1 1 -1 1 1 1 -1 1 -1 1 1 1 1 1 -1 -1 1 1 -1 -1 1 1 1 1 1 1 1 -1 -1 -1 1 -1 1 
1 1 -1 -1 -1 -1 1 -1 1 -1 -1 1 -1 1 -1 1 1 -1 1 -1 1 -1 -1 1 1 1 1 -1 -1 1 1 -1 1 1 1 -1 -1 1 1 -1 -1 -1 -1 -1 1 1 1 1 1 1 1 -1 1 -1 1 1 1 -1 1 1 1 -1 -1 -1 1 -1 -1 -1 1 -1 -1 -1 -1 1 -1 -1 1 -1 1 -1 -1 -1 1 1 1 1 -1 1 -1 1 1 -1 -1 -1 1 -1 -1 -1 -1 1 -1 1 1 1 -1 1 1 1 1 1 -1 -1 -1 -1 1 1 1 1 1 -1 -1 -1 1 1 1 1 -1 1 
-1 1 -1 -1 -1 1 -1 1 1 1 1 1 1 1 -1 -1 1 -1 -1 -1 -1 1 -1 1 -1 1 -1 1 -1 -1 1 -1 1 -1 -1 -1 1 -1 -1 1 1 -1 1 1 -1 -1 -1 1 1 -1 -1 -1 -1 1 1 1 1 1 1 -1 1 -1 1 -1 -1 -1 1 -1 -1 1 -1 1 1 1 1 -1 -1 1 -1 -1 1 1 1 -1 -1 -1 1 -1 -1 -1 1 -1 -1 -1 1 -1 1 1 1 -1 1 1 -1 1 -1 1 1 -1 -1 1 -1 -1 -1 -1 1 1 -1 1 -1 -1 -1 -1 1 -1 -1 1 -1 1 
-1 1 1 -1 1 -1 1 1 -1 -1 -1 -1 -1 1 1 1 1 1 -1 1 1 1 -1 1 -1 1 -1 -1 -1 -1 -1 1 1 -1 -1 -1 -1 1 1 1 1 -1 -1 1 -1 1 1 -1 -1 -1 -1 1 1 -1 -1 -1 -1 1 -1 -1 1 1 1 1 -1 -1 1 -1 -1 -1 -1 -1 -1 -1 -1 1 1 -1 -1 -1 -1 -1 1 -1 1 -1 -1 1 1 1 -1 1 1 1 -1 1 1 1 -1 1 -1 1 -1 1 1 1 1 1 1 -1 -1 1 1 1 1 1 -1 1 -1 -1 1 1 -1 1 -1 1 1 1 
1 1 1 -1 -1 1 -1 -1 1 -1 1 1 1 -1 -1 -1 -1 -1 -1 -1 -1 -1 1 1 1 1 1 -1 1 -1 -1 -1 -1 1 1 -1 1 -1 -1 -1 1 1 1 1 -1 1 -1 -1 1 -1 -1 -1 -1 1 -1 -1 -1 -1 1 -1 1 1 -1 -1 -1 1 1 -1 -1 -1 -1 1 -1 -1 -1 1 1 -1 -1 -1 -1 1 1 1 -1 1 1 -1 -1 1 1 1 1 1 1 1 -1 1 1 1 -1 1 -1 -1 1 -1 -1 1 -1 -1 -1 -1 -1 1 -1 -1 1 1 -1 -1 1 -1 1 1 -1 -1 1 -1 
1 1 1 -1 -1 1 1 1 -1 1 -1 -1 1 1 1 -1 -1 1 1 -1 -1 1 -1 -1 1 1 -1 -1 -1 1 -1 -1 1 1 -1 -1 -1 -1 1 1 1 -1 1 1 1 -1 1 -1 1 -1 1 1 1 1 1 -1 -1 -1 -1 -1 -1 1 -1 1 1 1 1 1 -1 1 1 -1 -1 -1 -1 -1 -1 1 1 -1 -1 1 1 -1 1 1 -1 -1 1 1 1 -1 1 -1 -1 1 -1 -1 1 -1 1 -1 1 1 -1 -1 -1 -1 1 -1 1 1 -1 1 -1 -1 1 -1 1 1 -1 1 -1 -1 1 1 -1 -1 
1 -1 -1 1 1 -1 1 -1 1 -1 -1 1 -1 1 -1 -1 1 -1 1 1 -1 1 1 -1 -1 1 1 1 -1 -1 -1 -1 1 -1 1 -1 -1 -1 1 1 1 -1 -1 -1 1 1 -1 1 1 -1 1 -1 1 1 1 1 -1 1 -1 1 -1 -1 -1 1 1 1 -1 1 1 1 -1 -1 1 1 -1 1 1 1 1 -1 1 -1 1 1 1 -1 1 -1 -1 1 1 1 1 -1 -1 -1 1 1 1 1 -1 1 1 -1 -1 1 -1 -1 1 1 1 -1 -1 -1 -1 1 -1 -1 1 -1 1 1 -1 -1 1 1 1 -1 
1 1 -1 1 -1 -1 1 1 -1 -1 -1 1 1 -1 1 -1 -1 -1 1 1 1 -1 -1 -1 -1 1 1 1 -1 1 1 1 1 -1 1 1 -1 -1 1 1 1 -1 1 1 -1 1 -1 1 1 -1 1 1 1 -1 -1 1 -1 -1 -1 -1 1 -1 1 -1 -1 1 1 1 1 -1 -1 1 1 1 -1 1 -1 1 -1 1 -1 1 1 1 1 1 -1 1 -1 1 -1 1 -1 -1 -1 1 1 -1 -1 -1 -1 1 1 1 -1 -1 -1 1 1 1 1 1 1 1 1 1 -1 -1 1 -1 -1 -1 1 1 1 1 -1 -1 
1 1 1 1 -1 1 1 -1 -1 -1 -1 -1 -1 -1 1 -1 -1 -1 1 1 -1 -1 -1 1 1 1 1 -1 -1 -1 -1 -1 1 -1 -1 1 1 1 1 1 1 -1 -1 -1 1 1 -1 1 -1 -1 1 -1 1 1 -1 1 1 -1 1 1 1 -1 -1 1 -1 1 -1 -1 -1 1 1 -1 -1 -1 -1 -1 1 1 1 -1 1 1 1 1 -1 -1 -1 1 1 1 -1 1 1 1 -1 1 1 -1 -1 -1 -1 -1 -1 -1 -1 1 1 -1 1 1 1 -1 -1 1 1 -1 1 1 1 1 1 -1 1 1 1 1 -1 1 
1 1 1 1 -1 -1 -1 -1 1 1 1 1 -1 -1 -1 1 -1 -1 -1 -1 1 1 1 1 -1 -1 1 -1 -1 -1 1 1 1 -1 -1 1 -1 1 1 1 1 -1 1 1 -1 1 -1 1 -1 -1 -1 1 1 1 1 -1 -1 -1 -1 -1 1 -1 -1 -1 1 1 1 1 1 -1 -1 1 1 -1 1 -1 1 -1 1 1 1 -1 1 -1 1 -1 -1 -1 1 -1 1 -1 -1 1 1 1 -1 -1 -1 -1 1 -1 -1 1 -1 1 -1 -1 -1 1 1 -1 1 -1 1 1 1 -1 -1 -1 1 1 -1 1 -1 -1 -1 -1 
-1 -1 -1 -1 -1 1 1 -1 -1 1 -1 1 1 -1 -1 -1 -1 1 1 1 1 1 1 1 1 -1 1 -1 -1 1 -1 -1 -1 -1 1 1 1 1 1 -1 -1 -1 -1 -1 1 -1 1 -1 1 -1 1 1 1 -1 -1 1 1 1 1 1 1 1 -1 -1 -1 1 1 1 1 -1 1 -1 1 -1 1 -1 -1 -1 1 -1 1 1 -1 -1 -1 1 -1 -1 -1 -1 -1 -1 -1 -1 -1 1 1 -1 1 1 -1 1 -1 -1 1 -1 1 -1 1 1 1 1 -1 -1 -1 1 -1 1 1 1 1 -1 -1 -1 -1 1 -1 1 