128
33 73 69 86 69 73 89 63 44 83 91 61 96 65 75 68 91 81 98 91 80 69 94 31 40 66 23 18 40 17 60 92 88 16 67 100 95 57 7 44 63 67 45 77 63 18 81 2 8 6 80 9 100 77 30 77 100 51 44 7 39 5 71 31 39 96 80 8 8 32 14 63 63 55 42 68 53 63 88 58 56 9 36 52 90 20 64 15 55 19 80 71 70 56 53 40 100 11 27 43 16 4 6 34 22 79 52 30 28 67 52 14 62 24 60 51 56 63 6 15 9 62 38 54 62 62 44 1 
62 42 65 36 8 51 49 76 99 32 33 70 74 50 74 63 66 26 83 80 87 2 90 92 76 19 45 69 66 66 67 3 66 89 84 71 88 22 63 27 80 96 37 95 15 41 40 35 93 4 30 33 80 81 27 47 16 98 2 63 4 97 54 32 4 25 8 46 31 36 80 70 7 76 99 12 93 25 30 77 10 43 53 91 24 22 53 85 28 75 73 50 74 54 28 11 60 37 28 13 89 73 17 99 55 11 76 47 100 8 6 45 10 67 43 52 82 21 54 86 77 83 100 21 70 62 10 96 
3 33 13 6 55 92 78 82 11 63 25 75 75 65 62 71 50 87 61 86 70 54 32 57 95 18 100 26 38 20 20 56 76 98 41 47 26 29 18 90 48 46 100 89 96 3 94 33 84 2 12 75 39 71 48 89 80 66 81 78 25 95 36 22 75 32 85 1 6 41 16 12 6 15 26 65 48 95 40 10 30 51 19 60 89 100 46 60 98 36 21 99 24 27 50 85 70 61 28 90 78 73 75 11 43 6 14 28 76 58 89 74 21 61 79 55 4 1 90 53 51 62 91 16 3 72 75 25 
67 69 91 93 59 94 62 26 27 5 1 71 88 6 94 68 27 58 83 100 14 62 88 99 94 100 22 19 95 78 25 6 20 46 78 70 71 50 79 67 22 88 69 79 34 28 9 97 75 30 53 45 7 73 14 43 45 27 30 72 81 36 16 9 43 54 51 39 69 31 82 73 78 28 96 49 21 13 88 13 77 24 36 37 99 50 95 17 24 21 34 36 90 22 21 90 85 29 19 73 43 38 40 36 11 70 50 50 39 87 14 26 5 98 90 42 4 25 6 73 90 23 57 15 92 58 19 97 
7 70 85 37 77 55 9 7 52 46 8 5 89 42 44 7 79 9 93 48 83 46 68 61 1 92 68 2 25 21 24 4 19 26 64 43 30 86 5 53 53 27 34 2 19 89 48 19 40 47 11 46 43 25 51 14 100 63 12 32 29 59 61 97 14 12 60 26 86 19 81 31 32 24 50 76 14 95 53 63 26 91 60 96 20 63 7 45 5 12 65 82 89 51 24 17 94 78 64 17 72 89 56 69 44 42 66 45 1 26 22 63 17 61 51 8 89 59 56 47 23 50 23 64 42 10 32 29 
30 24 67 24 87 55 23 17 91 73 45 82 34 72 20 15 49 29 68 79 95 63 44 16 16 15 63 41 57 95 71 83 16 73 78 21 94 58 55 83 55 40 100 89 89 49 90 89 89 50 70 18 99 18 65 80 30 29 49 47 13 82 71 83 13 38 64 69 46 30 61 96 12 20 51 28 30 90 22 8 47 42 35 80 97 46 11 78 21 51 69 2 65 84 75 99 81 50 61 44 88 89 57 28 97 8 91 36 3 85 18 71 81 14 36 18 67 58 24 8 96 46 8 100 12 67 66 31 
31 37 62 45 80 97 12 47 78 32 41 95 82 13 52 91 39 55 4 28 55 6 58 52 23 17 95 34 87 45 96 59 64 100 98 48 46 95 41 74 7 86 31 57 48 35 71 53 93 94 44 52 57 23 84 36 89 25 58 8 16 83 83 70 3 45 84 32 22 22 31 66 17 78 74 94 72 85 12 67 65 17 14 95 89 80 37 75 91 40 20 57 87 95 96 1 18 22 77 64 55 16 8 4 68 18 57 70 36 19 26 10 85 95 90 21 84 77 38 28 57 79 100 62 19 65 98 68 
46 47 4 65 5 54 47 18 76 30 50 19 69 8 74 21 68 41 95 16 31 28 73 74 62 65 86 87 66 17 81 94 75 90 36 100 85 93 62 25 78 83 3 87 92 34 94 30 22 13 42 66 14 22 90 57 52 65 69 12 97 19 19 16 65 36 5 49 67 91 3 33 34 80 16 95 49 82 2 59 54 20 70 75 8 74 97 59 34 14 16 20 2 46 66 38 17 28 87 16 73 48 26 14 71 16 61 90 86 21 1 47 100 9 13 17 49 48 18 80 60 62 46 29 57 43 16 75 
100 65 6 18 29 46 20 88 46 24 79 41 43 66 91 64 38 9 43 19 95 73 94 29 92 33 60 8 82 13 82 33 43 46 53 34 71 10 40 25 75 23 82 45 89 35 49 44 78 35 62 55 92 86 42 92 81 65 38 92 98 11 91 31 75 72 71 36 3 82 93 66 69 73 82 12 85 19 50 83 50 75 65 83 58 27 71 34 97 6 92 70 49 37 29 88 85 50 42 2 21 93 62 12 31 61 61 55 26 14 96 88 48 12 29 20 95 86 58 90 27 9 86 19 71 55 4 26 
49 2 93 95 33 76 60 9 81 56 96 31 53 31 50 64 50 44 47 69 20 28 53 11 42 86 12 8 60 57 57 42 48 92 40 48 25 80 87 50 48 86 95 85 15 33 16 84 29 98 34 36 5 42 82 28 60 1 67 62 99 2 22 93 22 38 16 13 40 54 3 15 7 53 72 22 99 80 70 79 4 14 85 84 4 1 17 5 44 92 85 74 76 81 92 56 63 15 79 7 84 3 25 99 18 40 60 88 41 53 9 6 67 58 28 99 37 69 17 64 28 47 31 96 24 64 24 72 
67 69 98 1 96 4 79 56 86 2 12 79 86 77 21 46 51 82 73 58 62 99 84 62 97 79 100 15 94 20 43 85 54 21 95 74 58 7 4 85 69 72 12 89 4 91 56 3 66 83 48 55 19 98 43 33 66 64 76 90 65 69 83 1 64 84 82 83 6 66 86 89 53 18 70 83 67 41 54 62 33 26 9 75 21 86 15 25 86 25 26 39 5 12 90 94 50 11 81 3 71 29 15 70 84 33 83 34 97 52 49 43 80 23 26 70 75 85 44 12 65 71 88 85 97 62 4 12 
47 89 60 44 33 79 25 63 2 80 14 87 13 28 90 79 20 4 48 39 48 76 14 77 50 47 9 97 88 21 11 79 44 14 99 79 46 30 36 30 58 9 57 44 45 99 78 93 18 5 4 67 29 64 70 55 83 54 42 51 73 14 46 21 65 44 3 14 9 64 57 7 66 93 85 74 16 19 51 25 29 100 100 3 83 52 74 44 99 71 42 90 46 65 81 27 81 87 28 96 38 90 74 58 65 35 59 13 24 3 86 89 30 84 62 92 58 49 21 7 40 78 43 24 23 76 53 62 
4 2 79 87 12 3 99 49 81 48 67 81 59 44 3 58 23 13 33 56 20 35 62 20 29 48 98 63 33 45 69 88 93 92 63 76 73 57 38 60 84 11 83 84 52 62 98 79 79 44 37 46 100 25 74 14 21 57 29 94 94 63 65 75 52 23 65 62 95 44 43 72 73 1 75 37 24 35 85 45 69 7 100 3 85 90 5 55 29 24 25 12 77 95 60 88 65 69 62 45 29 2 89 17 25 67 56 95 49 24 24 10 21 81 38 53 4 35 44 51 72 86 38 31 90 24 74 28 
74 94 52 49 32 22 28 46 21 75 4 100 34 23 53 7 48 90 30 13 38 50 26 4 47 19 94 98 1 23 20 69 71 4 98 38 75 95 80 58 96 63 91 94 83 32 35 48 75 57 70 48 4 78 77 99 60 87 81 7 45 2 30 84 28 86 24 55 21 87 66 89 61 77 67 17 87 27 70 89 20 85 90 83 57 23 73 96 66 63 76 33 41 81 73 31 31 54 39 99 52 99 76 50 83 24 33 39 4 28 94 8 43 67 89 79 31 57 98 39 10 7 18 49 12 28 1 16 
73 88 20 88 46 51 69 46 9 58 15 81 11 14 83 54 24 4 30 24 82 24 77 23 71 80 14 28 34 32 33 58 75 28 82 50 21 34 34 62 44 33 19 55 50 94 99 23 93 58 40 52 50 50 57 23 19 57 41 86 18 29 69 5 92 85 65 100 22 75 12 89 52 33 72 75 94 45 14 22 25 13 46 32 31 59 97 22 75 31 95 46 23 12 84 98 78 39 82 90 37 17 10 20 3 13 80 36 96 97 87 16 7 51 83 53 30 100 32 53 93 22 21 3 40 84 21 54 
87 3 42 62 65 53 26 94 73 26 85 77 89 50 93 29 51 79 7 79 81 37 19 15 82 100 65 59 49 54 23 2 29 29 69 19 8 81 72 87 93 91 7 90 71 33 23 42 61 12 22 59 49 18 41 73 66 49 71 29 3 32 48 87 55 60 21 19 92 43 30 75 96 46 43 78 23 44 82 97 5 88 75 47 14 28 96 76 39 5 72 60 62 37 15 41 36 81 16 92 96 87 85 67 88 37 59 18 63 81 69 30 47 56 45 84 97 50 20 92 31 58 5 37 26 6 34 20 
27 41 55 15 49 59 43 63 32 37 94 78 100 10 80 47 32 11 88 56 82 65 27 49 40 97 42 86 100 62 10 3 17 3 6 15 55 3 29 15 95 59 21 18 3 80 16 10 54 91 98 62 37 14 45 75 100 54 27 89 49 23 22 6 67 4 49 88 91 80 87 32 22 83 92 23 28 32 37 68 3 19 46 38 53 27 83 98 50 10 93 32 81 72 86 75 99 30 24 93 38 24 65 33 40 40 72 86 23 89 69 28 18 60 18 75 66 82 69 20 48 62 98 36 18 35 47 34 
79 52 75 47 69 55 38 14 30 41 45 10 61 74 99 49 6 100 18 4 79 76 71 18 100 22 53 42 91 9 80 81 58 11 4 89 82 54 34 14 72 2 29 28 30 65 5 3 31 39 26 61 2 51 76 37 83 80 48 76 87 30 32 23 14 83 56 63 14 16 56 37 39 9 49 85 19 54 1 100 41 38 68 35 86 35 33 58 98 47 10 72 19 87 71 35 25 98 98 27 87 22 94 44 95 57 86 56 40 64 92 13 88 66 43 17 89 48 9 91 37 33 13 29 32 25 93 2 
88 28 89 95 70 88 82 87 84 69 58 1 54 5 13 27 6 67 24 51 59 3 28 4 17 76 15 100 44 1 11 5 30 37 55 44 87 84 78 69 97 55 77 93 95 54 24 29 7 22 52 75 33 93 85 86 20 36 50 48 59 65 61 42 72 25 6 62 65 53 66 9 36 37 56 65 24 88 60 17 86 65 52 22 10 44 86 22 62 54 85 35 46 9 56 5 66 20 27 100 5 47 37 38 31 47 67 24 56 54 92 62 16 58 75 62 63 84 24 3 47 22 97 4 100 32 100 9 
30 51 98 68 78 16 9 77 20 92 33 85 9 30 83 91 96 95 2 88 85 92 40 22 67 22 18 17 36 40 62 60 12 21 11 78 52 55 42 11 88 70 57 26 62 85 83 40 6 28 63 48 88 16 8 2 84 11 20 46 15 55 25 8 41 43 95 9 32 84 88 59 74 7 88 44 73 43 45 52 100 11 3 76 58 17 37 77 51 88 6 72 3 38 18 85 79 35 34 6 20 97 42 71 28 59 20 81 98 4 73 54 77 97 31 42 9 62 77 12 66 31 44 99 19 27 10 7 
61 10 66 69 93 8 58 65 73 66 74 86 29 3 20 33 62 75 19 95 11 85 49 17 98 84 93 35 49 12 65 28 16 18 63 10 100 62 90 85 100 2 91 5 24 70 67 15 58 80 20 94 61 93 44 27 61 95 55 53 80 9 13 28 94 98 23 88 2 98 14 22 76 30 74 90 41 44 15 86 12 17 9 45 88 26 13 23 36 64 99 80 98 9 46 48 76 62 40 25 1 60 3 66 63 48 81 7 63 68 48 98 90 4 44 62 36 9 92 18 17 13 96 57 77 11 10 36 
33 88 28 100 78 58 84 88 47 15 24 94 97 68 74 7 35 63 64 88 26 34 93 55 35 6 14 98 26 65 47 70 99 3 86 55 75 30 71 58 2 78 94 58 33 27 97 54 92 81 93 92 7 78 61 81 92 14 51 66 63 88 9 38 7 75 35 50 90 7 25 88 62 58 70 54 26 21 52 12 74 87 71 54 64 22 35 52 12 68 26 91 42 24 50 99 23 91 51 84 78 25 4 38 100 78 44 63 11 73 4 95 74 38 50 67 32 27 73 71 16 98 14 100 15 89 49 5 
2 67 37 98 18 44 58 53 30 54 97 82 38 72 9 25 20 98 7 43 30 60 3 89 51 88 91 59 46 81 58 34 74 32 95 49 100 5 63 35 29 78 93 4 47 42 87 48 12 30 31 3 66 29 45 76 67 88 88 72 38 16 79 33 95 36 10 51 88 86 28 67 48 51 12 34 64 80 81 78 44 43 56 2 42 4 48 31 44 34 7 36 75 63 76 46 39 24 80 4 66 59 55 94 75 50 78 39 2 99 70 80 77 74 33 3 10 30 98 87 98 97 69 37 98 5 1 43 
96 27 72 15 56 84 86 37 96 80 32 83 5 15 58 31 31 72 13 54 42 72 29 53 96 49 37 69 22 29 38 61 43 7 58 10 8 53 79 5 15 16 79 15 74 66 64 20 56 76 42 66 64 35 66 15 81 31 36 40 3 8 9 15 78 86 53 45 58 33 84 10 43 81 40 95 20 1 33 65 10 44 34 51 38 16 34 66 10 95 36 10 56 50 48 89 36 40 21 36 95 97 50 74 83 63 78 58 92 29 54 8 10 27 58 28 62 33 58 9 7 48 39 55 47 46 59 29 
10 1 41 99 27 60 80 69 78 16 47 34 100 42 37 90 49 83 59 64 23 52 56 76 42 57 17 35 26 36 61 29 28 60 91 58 22 57 20 51 19 55 56 80 74 85 2 99 5 100 75 89 76 19 22 92 13 40 60 68 1 60 81 72 90 61 13 7 28 54 76 28 50 6 93 23 42 92 65 16 12 2 66 61 6 18 72 16 54 17 86 27 91 10 40 95 59 26 21 88 43 35 3 62 18 15 28 40 29 98 80 76 93 96 23 65 90 90 81 77 76 70 53 49 32 72 28 56 
52 26 81 66 96 64 3 41 34 82 55 34 20 2 20 9 62 63 75 72 73 98 84 43 15 50 79 84 58 98 20 7 63 11 12 32 96 6 14 12 21 28 51 45 98 58 8 60 100 100 61 39 56 13 47 61 100 74 8 47 14 93 83 33 7 100 64 99 46 47 75 82 40 25 56 51 19 35 30 94 19 82 73 21 60 2 46 51 41 71 27 36 7 18 54 60 97 22 17 80 36 43 87 53 53 98 5 90 92 41 94 96 55 85 87 55 85 52 70 68 45 57 67 2 86 100 23 72 
82 74 86 56 8 76 90 93 12 65 58 50 62 19 49 45 61 41 2 36 33 60 81 34 77 81 15 55 82 46 47 96 58 26 30 20 67 53 3 27 12 23 8 75 80 19 27 14 55 29 98 36 92 52 93 23 47 75 100 35 82 85 55 100 41 21 55 47 51 41 50 47 59 82 82 97 48 37 83 86 45 72 10 51 2 91 81 30 89 19 100 30 35 2 1 35 34 15 34 62 8 28 46 50 83 28 57 21 53 32 78 15 66 57 71 20 58 29 6 74 85 79 43 58 7 12 22 31 
17 77 19 80 71 95 82 20 51 9 82 50 1 41 87 10 68 32 92 27 24 16 99 27 89 41 81 45 3 49 28 30 27 69 79 59 30 100 55 23 34 50 21 6 89 11 45 98 2 85 7 6 100 59 98 73 68 84 8 55 17 10 70 34 20 82 21 32 16 61 35 23 28 8 86 36 98 24 54 44 10 92 3 80 4 59 96 24 17 22 93 48 48 84 79 20 34 29 82 61 50 42 87 89 93 90 38 20 35 24 56 64 49 31 61 21 25 35 90 1 22 20 82 41 14 87 65 54 
13 61 11 42 22 86 90 47 19 24 71 25 26 49 97 9 90 11 36 15 57 40 23 42 89 79 96 61 43 68 32 35 70 45 89 7 98 91 46 9 98 33 17 75 96 85 96 42 100 65 88 45 52 90 66 31 99 6 37 88 9 12 21 64 28 100 82 60 92 91 49 71 78 16 73 51 5 57 72 10 21 32 72 61 44 71 85 84 93 75 12 43 96 47 76 56 59 67 15 62 35 85 58 94 65 71 27 10 32 36 65 95 74 99 77 24 68 73 68 77 54 60 82 5 96 93 27 73 
13 20 32 38 17 42 40 83 89 72 21 23 47 78 82 45 96 7 28 25 98 56 1 83 50 89 81 94 92 42 51 25 74 43 96 36 68 8 61 42 93 63 15 56 13 100 27 25 95 97 3 18 10 32 51 95 99 2 43 9 75 39 97 37 80 77 84 90 85 86 85 81 66 54 11 66 80 62 49 1 94 47 62 68 2 40 60 50 30 36 50 34 9 77 10 43 72 75 85 2 49 15 92 26 61 19 24 6 29 14 11 66 87 50 82 38 9 96 59 37 21 35 69 36 47 35 79 74 
5 25 66 56 1 29 13 100 78 26 17 46 5 41 36 10 24 11 35 47 76 60 86 76 51 46 54 73 85 12 35 31 3 51 34 86 70 27 37 13 53 31 100 33 23 47 91 28 4 43 89 86 45 1 77 13 52 81 63 14 63 77 49 9 40 44 48 51 73 75 71 92 41 10 58 21 4 87 13 69 97 90 25 28 10 54 93 21 3 21 8 96 78 22 20 39 53 2 60 51 96 49 74 6 45 20 85 34 75 88 71 73 12 76 42 95 82 88 55 90 18 63 17 94 71 41 84 23 
4 57 40 66 80 63 93 77 6 41 10 9 83 91 53 13 18 80 72 63 95 79 21 6 81 34 100 100 96 51 97 49 30 71 53 65 29 72 72 5 23 1 91 84 99 23 87 88 35 24 99 55 41 21 77 88 30 50 26 70 21 100 100 72 71 46 14 76 68 66 36 32 39 83 4 27 2 98 60 22 74 30 17 100 59 51 43 14 77 60 92 98 2 5 64 38 38 10 83 22 57 75 5 48 60 7 6 39 77 7 48 52 95 4 74 56 8 42 34 10 52 45 79 99 4 62 59 10 
97 4 89 20 70 70 62 79 35 35 49 12 37 51 16 43 18 43 24 42 34 94 100 88 79 69 10 19 89 7 12 66 84 11 10 36 60 4 75 20 60 17 52 68 14 60 30 37 27 84 97 23 71 69 13 18 59 51 71 71 89 60 15 91 62 95 16 61 32 75 42 92 58 97 77 42 2 2 29 8 78 77 86 2 52 69 31 12 26 5 32 94 28 1 75 23 7 70 57 74 51 1 42 96 77 90 31 90 39 35 1 20 4 44 73 89 29 54 100 39 38 79 78 61 87 19 33 5 
32 20 73 61 4 31 50 54 98 37 88 90 51 49 3 29 85 48 68 67 11 56 41 52 20 95 29 52 67 64 11 55 42 15 73 50 76 10 18 97 64 42 44 45 5 19 81 72 87 73 67 71 84 41 40 62 30 18 66 67 57 37 96 14 43 4 54 56 44 27 45 25 74 90 90 14 62 37 65 62 90 62 30 72 98 30 96 86 61 83 53 15 89 12 61 46 80 55 11 97 74 63 23 45 19 71 82 79 39 37 63 51 10 95 75 82 67 86 53 57 31 20 6 70 98 37 88 45 
24 71 72 40 58 6 23 68 68 60 12 72 62 9 20 97 66 31 77 91 49 69 18 86 19 93 79 49 44 15 15 25 54 9 15 81 34 77 59 37 60 65 83 78 18 74 49 25 65 3 23 64 5 93 87 62 82 33 66 51 2 58 61 60 97 60 25 79 76 3 37 2 2 18 61 28 95 62 18 68 32 49 25 37 83 94 30 90 41 33 93 61 5 53 25 7 23 36 2 43 69 23 38 95 44 51 65 87 36 9 20 7 48 54 73 92 34 98 54 64 59 81 65 26 28 29 35 65 
56 67 59 5 46 23 91 31 74 3 13 13 38 46 70 32 47 86 19 72 92 8 5 16 48 19 70 75 58 99 16 6 55 26 3 5 42 11 64 92 44 38 84 5 82 73 89 21 32 34 65 64 23 96 82 63 83 81 6 86 11 71 42 57 24 98 66 81 86 47 66 64 1 31 40 7 35 64 53 12 55 14 32 59 86 96 47 20 64 41 16 87 43 22 96 73 2 25 14 33 34 93 56 33 82 67 86 49 88 96 7 11 78 48 39 51 14 20 58 9 25 87 2 5 77 23 80 48 
87 51 61 12 8 60 63 50 12 98 93 8 76 41 16 99 88 46 37 48 96 59 56 91 13 60 7 12 66 34 12 88 10 26 75 36 97 44 98 5 67 51 49 78 85 27 10 52 42 96 47 92 11 20 29 26 64 15 6 62 78 2 67 55 89 33 27 64 88 90 32 2 16 99 19 70 33 68 59 84 8 43 42 49 35 74 53 68 1 31 35 46 59 73 8 72 77 22 44 50 80 59 86 51 97 65 39 83 7 6 7 73 94 12 22 57 5 59 48 82 88 13 44 72 40 49 38 100 
81 22 39 23 65 46 79 26 87 98 60 76 91 78 17 31 43 43 75 38 95 96 9 86 46 14 97 13 27 14 36 69 99 95 35 30 52 72 84 56 55 6 66 57 68 21 91 45 72 3 4 28 80 55 15 68 79 65 55 83 79 43 84 43 2 37 76 67 55 38 47 97 2 5 85 5 75 41 44 91 79 95 37 45 76 54 20 16 20 54 67 27 68 18 35 52 47 9 71 41 18 97 67 71 69 74 2 77 87 60 82 94 13 93 16 86 7 96 95 4 75 77 89 56 49 43 42 59 
94 90 35 77 13 80 56 20 61 26 79 8 41 65 81 82 66 87 36 18 14 24 75 63 6 51 14 29 41 27 99 29 32 24 3 70 80 42 93 29 23 28 11 52 91 90 38 34 33 52 86 89 13 71 97 5 91 85 10 66 99 38 32 42 51 26 34 36 15 33 89 40 66 75 63 91 87 98 65 65 68 30 10 55 92 23 55 96 90 25 20 44 1 3 59 41 98 100 64 32 16 87 72 88 19 66 56 89 14 33 39 95 48 97 88 94 54 58 18 46 35 55 89 54 83 5 60 100 
94 99 40 9 50 32 28 2 72 80 4 50 7 12 90 6 96 81 99 40 73 16 5 62 56 64 73 74 59 74 66 97 52 68 50 10 90 17 55 34 72 9 86 33 99 62 67 79 66 32 86 3 9 42 37 49 70 89 94 30 70 14 34 30 75 79 93 95 22 98 9 75 42 65 21 65 65 81 38 56 16 37 67 59 76 18 98 55 20 91 82 76 21 78 61 5 30 6 6 47 86 23 37 83 53 99 8 43 83 97 73 78 57 40 42 4 95 4 20 7 99 31 90 85 77 38 43 60 
81 41 10 100 72 78 25 5 89 59 25 92 29 100 84 35 7 19 65 70 91 90 92 87 30 66 16 40 17 54 22 44 58 38 66 6 40 7 65 100 10 96 71 62 25 76 98 89 82 44 4 87 37 36 98 97 74 48 58 55 41 85 64 31 23 47 59 86 21 98 43 14 38 79 13 78 45 82 33 59 30 85 80 4 47 40 14 31 90 55 36 35 30 78 3 45 73 57 16 9 6 77 29 29 12 69 7 65 78 62 57 40 38 93 62 23 41 66 43 31 25 35 72 28 44 36 81 36 
5 77 9 96 10 66 50 88 35 28 85 40 31 82 98 7 9 21 8 84 76 80 10 36 39 45 24 80 31 83 54 96 63 42 60 98 96 78 88 11 75 38 30 20 29 90 70 8 64 61 14 33 20 58 14 46 1 93 20 26 49 73 37 61 33 36 7 40 83 41 25 49 19 41 57 71 40 41 57 69 82 91 75 45 32 98 55 2 54 31 64 33 40 67 91 25 94 62 85 84 74 20 89 94 13 70 22 35 97 90 6 40 1 53 67 41 11 71 42 45 5 28 39 23 10 36 42 32 
54 9 55 99 39 44 74 59 95 23 99 77 99 62 60 83 87 8 77 100 33 31 28 96 68 50 82 55 78 61 56 92 58 27 71 70 2 81 18 33 36 62 70 17 97 53 35 77 72 92 22 53 76 17 73 27 39 50 84 99 84 31 15 57 91 61 61 57 56 97 30 78 94 88 11 40 49 44 19 64 53 63 49 29 31 41 77 48 64 49 44 54 82 45 57 77 13 91 55 1 5 45 52 80 73 64 45 25 35 20 42 63 11 13 71 71 67 77 32 42 100 39 43 68 68 58 59 94 
23 43 27 42 74 91 75 76 10 39 18 11 34 64 31 66 88 65 19 52 59 84 62 15 30 62 88 19 44 85 30 19 79 53 22 85 48 56 26 92 73 94 31 41 62 31 66 58 66 39 8 4 5 87 86 63 80 15 73 59 17 29 15 21 26 22 54 50 50 43 40 79 38 15 26 26 95 13 32 13 86 37 70 17 42 92 65 35 71 93 30 46 69 21 58 22 90 99 12 93 4 33 55 23 12 36 78 10 25 83 31 50 89 45 62 26 93 31 74 38 10 65 65 86 19 4 66 51 
91 82 12 38 82 61 3 40 34 14 20 60 5 50 52 13 46 50 35 99 100 76 27 84 5 46 39 71 4 4 9 25 16 1 43 66 86 73 67 72 54 20 52 10 38 83 54 18 96 49 29 21 95 95 33 28 36 9 65 42 21 37 12 50 43 60 86 95 30 95 82 78 93 70 90 54 29 24 41 85 35 59 32 45 85 59 91 34 31 58 23 47 87 97 85 97 23 40 86 22 16 25 70 57 57 24 24 52 44 38 18 85 80 78 25 93 12 54 36 97 83 16 42 64 69 16 31 86 
36 16 36 89 77 25 57 78 5 92 44 21 11 83 42 75 98 15 44 92 58 35 33 23 14 96 8 4 88 66 38 33 55 61 3 99 8 53 84 20 31 88 62 51 32 87 64 26 84 83 68 77 92 95 11 61 56 29 13 83 76 14 84 46 73 81 7 9 98 95 51 55 22 29 17 34 30 96 97 78 39 67 43 96 40 24 57 91 58 37 80 87 80 43 33 33 5 41 1 29 53 20 53 95 50 32 21 92 68 62 9 50 51 10 62 35 54 79 35 35 99 59 52 37 3 84 45 9 
14 34 51 40 7 50 56 1 52 42 8 41 3 64 73 28 63 66 35 84 99 19 89 40 4 25 40 51 99 77 31 97 42 10 55 36 67 18 60 37 31 39 1 71 15 61 11 81 27 68 51 50 20 48 19 1 44 97 62 88 18 6 47 42 71 62 92 49 53 73 29 1 85 64 25 38 47 20 86 50 19 48 47 98 49 91 3 83 73 50 72 41 81 11 68 78 70 75 82 68 30 20 35 21 73 68 100 88 52 86 2 22 10 65 45 75 20 37 4 59 88 53 27 33 44 41 2 36 
26 1 100 61 95 82 9 79 100 31 2 90 90 45 42 68 16 63 31 72 28 8 8 91 73 86 100 69 43 63 62 53 23 90 59 11 37 1 59 99 65 77 57 32 32 62 41 87 24 58 36 58 37 43 63 43 38 41 50 96 82 41 25 48 89 22 21 10 86 78 56 13 4 91 29 26 76 26 73 86 79 35 45 13 64 22 73 77 76 5 79 20 3 17 62 2 95 60 77 44 91 84 64 39 14 51 73 1 14 27 9 13 82 69 96 56 75 97 55 54 58 26 40 3 30 17 2 7 
84 31 63 98 43 99 8 1 10 94 14 50 12 80 52 91 50 40 63 71 71 54 34 26 29 12 25 38 94 70 92 21 26 55 65 39 69 74 15 78 47 83 62 99 36 98 16 60 12 76 41 93 34 26 64 81 62 87 50 68 89 83 89 47 31 20 71 5 50 24 76 99 80 21 45 49 98 55 77 40 39 100 16 56 50 56 75 63 83 61 23 60 62 52 91 59 43 12 36 51 45 19 98 80 78 13 15 13 42 20 77 24 65 94 16 50 59 69 52 72 16 50 84 46 27 49 40 85 
89 7 19 34 66 10 100 76 91 46 21 6 50 46 5 19 97 22 89 57 86 79 15 72 27 97 12 83 16 17 16 61 79 15 52 90 94 92 93 2 22 25 49 97 48 3 68 50 51 74 32 16 55 50 69 52 5 91 10 8 67 26 30 41 92 76 91 1 49 13 19 66 91 74 30 57 58 48 3 95 34 76 87 2 50 54 64 34 82 41 60 46 70 58 89 24 55 45 38 16 47 31 72 88 1 26 18 100 63 55 89 77 91 84 13 12 80 32 33 11 38 80 43 71 52 51 75 48 
29 81 100 32 80 74 39 17 95 31 73 18 28 93 68 72 46 55 66 70 56 56 96 78 89 97 12 1 16 25 26 53 37 59 80 90 79 85 59 81 45 42 89 9 79 82 71 33 79 69 59 38 41 75 58 6 98 84 79 48 42 18 14 49 87 44 16 56 70 41 63 44 92 43 17 42 86 91 13 61 10 3 99 8 68 3 40 64 9 91 45 1 82 42 46 93 53 39 16 22 3 48 99 59 58 47 11 92 36 86 99 56 38 9 58 50 78 16 19 30 19 80 98 55 53 6 30 70 
68 83 65 81 61 50 17 51 9 9 17 12 57 39 42 30 9 80 99 77 32 37 71 48 65 82 14 99 77 34 17 97 48 43 7 15 20 98 68 18 21 55 65 99 33 48 83 83 6 82 10 84 21 1 66 15 81 88 64 57 84 17 56 37 84 14 43 95 100 66 9 23 3 97 66 36 74 73 59 66 54 27 11 62 35 67 51 77 100 5 34 76 80 89 50 83 79 70 51 36 6 99 89 47 24 46 98 87 46 93 78 84 93 100 14 75 46 56 52 75 78 83 40 32 2 5 23 24 
8 69 76 61 91 84 5 50 77 26 72 8 79 61 83 53 35 25 23 83 61 35 90 62 90 27 39 71 31 12 48 51 83 51 71 65 58 69 4 92 98 51 79 28 65 35 2 9 61 11 15 5 37 8 27 79 57 45 25 23 27 34 77 12 35 30 29 95 19 40 88 71 57 57 74 22 78 14 78 80 59 57 21 28 89 42 98 10 47 11 47 74 46 19 22 48 31 17 14 39 80 74 20 33 94 31 91 50 32 93 97 96 86 99 21 15 85 2 3 3 78 73 82 61 86 70 4 38 
56 33 56 100 5 78 63 92 53 92 38 95 89 85 100 94 87 13 49 41 43 32 48 99 3 23 14 46 30 92 96 88 25 77 6 18 25 42 84 66 92 16 63 22 19 57 28 54 12 89 74 98 22 65 57 78 26 38 47 67 94 17 68 38 54 49 73 11 37 10 40 91 80 82 77 52 74 67 65 37 2 13 50 62 24 4 26 54 51 25 86 75 84 84 78 70 48 69 99 23 39 78 46 46 17 51 4 69 33 7 82 25 91 31 64 63 99 59 4 66 9 35 14 89 90 91 71 82 
33 24 42 7 87 81 93 27 25 21 17 57 18 3 46 57 33 63 2 77 67 65 44 9 74 25 67 86 11 59 87 76 9 78 17 50 56 18 91 26 29 23 24 19 99 26 32 8 41 62 88 45 61 17 15 32 84 40 61 25 94 98 76 96 3 60 94 87 54 41 12 36 21 68 9 80 72 92 33 33 73 62 9 28 8 48 24 97 46 5 62 82 28 10 100 57 25 17 99 21 41 14 24 31 71 96 59 42 6 70 70 89 31 52 70 68 22 53 34 92 74 86 16 100 60 52 11 18 
49 70 70 47 25 95 27 70 88 43 84 46 91 90 13 45 59 50 9 40 12 12 92 64 83 24 70 74 62 30 41 4 42 59 73 81 93 4 75 2 58 55 23 91 81 54 2 5 93 67 96 20 17 92 17 80 73 8 12 26 65 99 3 12 68 49 34 71 89 92 58 7 77 44 9 88 77 71 63 69 41 75 87 82 28 45 10 70 98 35 59 89 1 56 23 86 34 81 32 74 32 22 21 54 34 74 38 82 13 60 62 40 79 13 38 1 94 67 30 91 60 30 27 41 88 4 95 31 
26 14 61 63 47 11 89 94 74 28 49 65 51 57 39 86 70 64 1 19 14 24 66 45 42 62 89 50 63 94 81 96 4 78 67 52 93 59 20 24 89 74 84 75 57 96 74 2 69 94 42 43 37 90 72 35 9 1 51 93 30 52 19 16 43 55 34 28 59 5 1 12 94 51 82 59 78 79 66 18 32 96 17 61 13 43 74 15 18 83 40 11 36 72 40 67 7 74 91 68 68 64 84 30 40 11 81 60 41 45 34 51 47 53 94 70 94 94 77 62 78 69 87 44 39 83 74 21 
85 55 82 73 42 94 41 53 10 54 5 27 75 17 70 23 72 66 85 75 47 55 10 13 61 73 17 28 69 79 30 77 47 9 20 42 21 4 13 99 27 28 37 39 57 90 78 17 45 63 25 42 21 65 36 2 14 33 55 19 74 23 31 89 3 17 84 68 52 83 24 18 67 30 64 24 1 6 46 51 44 83 60 31 57 71 29 64 10 74 61 34 26 54 29 39 99 31 80 54 99 17 41 75 58 30 59 80 2 12 93 33 8 96 59 30 48 4 76 19 76 3 88 22 37 61 38 1 
7 93 32 67 74 94 34 73 58 47 48 91 3 72 63 82 67 22 79 56 53 24 67 81 29 100 88 34 85 56 69 41 73 11 50 43 14 85 37 2 86 25 19 73 16 46 22 23 34 99 69 64 93 50 62 73 80 8 44 95 16 53 73 18 15 40 13 61 91 17 92 75 23 36 57 76 33 63 10 51 97 96 69 41 30 43 23 2 28 33 47 97 57 18 7 18 50 25 32 77 86 55 54 9 93 40 43 93 21 48 31 54 22 23 65 33 29 54 25 45 71 20 10 87 100 8 14 33 
94 38 88 35 85 65 10 45 87 34 70 9 3 97 22 41 86 65 88 20 8 17 21 83 5 66 49 53 43 61 44 31 44 48 12 4 17 44 91 57 30 85 87 13 84 37 31 92 60 33 92 73 36 15 17 19 87 32 2 1 9 83 16 54 58 48 24 72 97 55 84 4 74 35 67 54 86 11 25 41 46 84 63 79 68 67 73 20 83 9 80 85 94 60 100 80 16 2 19 83 75 29 32 43 82 93 75 81 22 13 97 16 49 36 78 15 96 66 7 39 43 34 27 57 18 12 48 82 
41 51 57 54 59 52 97 85 32 87 29 16 7 34 93 93 36 63 94 90 60 60 29 88 70 88 80 51 26 61 59 18 86 93 64 98 79 59 26 90 29 95 99 48 72 31 50 58 95 87 43 99 42 84 97 29 65 52 49 16 1 41 14 43 8 42 32 80 78 66 89 8 87 85 21 18 84 46 63 9 78 81 26 77 20 38 49 80 33 64 91 16 38 6 24 13 63 20 31 23 85 10 88 85 17 92 97 70 52 47 90 24 57 59 26 21 66 73 79 14 17 43 32 25 62 55 88 63 
72 81 100 99 22 99 62 24 22 56 73 24 17 75 24 57 16 87 37 47 2 99 62 23 82 43 52 29 30 97 21 98 49 44 24 56 12 58 26 12 22 40 51 23 40 49 54 11 9 62 50 89 87 95 36 8 73 87 63 32 80 53 1 69 53 75 55 88 13 81 66 29 62 9 29 29 97 62 22 67 85 57 9 17 81 4 16 19 47 91 8 30 88 33 16 60 1 95 14 9 52 7 6 53 79 43 17 60 19 27 69 67 53 11 55 54 24 31 18 21 41 69 84 23 50 14 57 58 
66 70 62 30 66 45 75 13 24 46 6 47 66 28 53 44 86 80 49 18 41 4 87 96 24 19 50 69 22 54 1 41 19 85 82 39 91 73 85 37 78 94 76 65 4 43 25 73 9 79 99 100 54 49 13 85 71 2 7 93 71 62 26 87 71 56 67 38 81 40 64 28 36 92 29 44 47 5 47 1 49 38 94 54 96 10 25 44 37 72 31 45 27 93 63 63 29 99 53 42 72 79 59 13 69 22 56 42 19 23 51 55 53 93 62 74 83 70 64 16 71 26 13 66 32 20 44 84 
8 98 99 93 74 84 40 74 63 68 17 70 38 39 26 7 61 74 57 41 5 56 78 58 71 72 68 96 23 3 25 47 9 94 53 8 64 99 82 62 62 40 88 27 97 83 2 69 66 84 56 92 24 51 11 20 54 55 55 6 64 2 90 4 44 35 83 94 76 45 37 6 30 20 99 25 4 42 4 22 33 17 17 3 83 58 32 60 96 85 32 85 34 3 24 74 77 29 43 49 58 26 98 58 53 12 53 1 94 18 39 2 94 63 65 1 82 69 75 83 37 88 83 44 80 94 56 63 
42 51 82 96 83 79 13 20 26 10 26 16 16 81 21 100 80 18 100 42 59 3 99 94 26 24 90 37 19 33 23 42 41 61 80 83 21 94 29 80 99 57 34 96 54 54 77 21 30 77 43 66 91 20 91 17 23 72 30 96 69 70 86 62 64 46 86 74 32 89 47 31 25 87 88 43 12 45 94 69 99 48 64 8 81 78 71 13 94 74 42 16 68 90 74 65 17 63 27 25 7 11 55 99 31 5 13 52 48 55 90 26 69 39 15 8 80 81 62 37 26 53 27 70 50 93 28 34 
41 25 5 34 87 74 5 48 99 20 3 71 1 55 41 43 87 7 43 88 79 100 23 78 67 29 72 80 83 37 9 27 94 70 83 55 71 39 42 90 48 49 31 82 50 64 9 52 77 12 19 25 86 77 5 89 72 87 55 61 14 45 82 52 80 81 20 14 43 35 11 52 10 80 48 100 87 32 25 35 44 1 76 44 82 57 94 72 70 46 54 44 33 79 52 35 39 32 32 75 56 74 10 100 43 67 43 87 37 78 95 7 47 43 70 32 72 72 47 16 94 10 60 50 64 26 9 15 
44 83 49 8 15 79 78 47 82 87 86 1 17 79 37 2 68 26 80 85 54 89 73 32 46 84 27 34 74 92 36 23 92 37 96 38 79 27 67 32 75 14 82 92 76 2 89 14 80 44 50 22 24 74 80 56 25 89 23 33 46 55 11 95 15 35 15 79 92 28 61 99 59 13 47 93 52 71 94 74 96 62 77 90 3 44 61 84 33 92 69 38 47 78 93 47 82 48 62 100 44 88 97 62 99 35 21 97 46 96 63 60 10 93 65 60 61 28 76 65 65 91 32 94 9 30 49 42 
29 88 62 16 54 2 28 3 61 95 3 51 87 78 42 48 12 5 77 22 95 44 57 76 82 7 77 19 5 85 77 13 43 32 32 72 4 69 19 66 55 48 87 83 3 18 40 35 33 62 31 38 90 7 92 46 5 70 14 61 71 74 64 70 74 34 7 66 97 68 82 62 52 47 80 32 33 54 48 51 78 52 96 40 74 83 55 44 67 39 35 88 43 81 7 2 86 47 47 17 35 36 45 56 45 49 94 75 1 32 32 75 99 37 26 22 57 32 62 19 59 17 52 24 11 85 48 66 
36 40 95 17 46 11 53 4 63 97 57 8 99 32 98 22 23 63 95 26 20 77 74 90 66 62 81 7 42 86 100 28 10 22 75 69 58 73 89 46 67 15 97 40 28 28 75 100 94 40 70 27 71 40 87 91 79 10 13 15 42 85 54 77 75 20 4 79 64 80 9 41 23 48 53 69 41 9 40 85 57 34 36 17 87 10 73 75 32 75 11 76 51 24 82 73 20 84 40 28 91 48 49 95 60 20 52 20 1 96 92 62 90 30 67 17 13 43 80 52 51 96 3 12 49 38 15 56 
95 34 9 31 64 52 56 87 35 79 95 60 73 34 63 25 11 55 23 64 17 55 78 69 62 100 51 16 66 61 4 49 84 89 8 34 54 65 75 50 73 80 59 88 46 90 82 15 49 63 73 66 61 100 41 14 37 42 22 13 45 96 77 29 19 92 85 54 50 93 100 24 87 28 5 27 56 1 58 93 12 93 92 59 97 100 11 12 94 61 21 41 5 74 45 3 54 8 35 20 59 44 75 13 10 75 10 19 12 39 16 91 4 38 51 78 9 26 74 29 97 15 88 42 73 2 97 61 
37 61 7 22 86 51 40 47 33 54 91 44 96 96 70 88 19 93 69 51 50 23 43 27 95 74 78 26 71 8 57 33 66 82 55 10 95 77 58 32 72 63 66 77 41 65 42 12 65 76 28 81 99 35 73 60 16 94 41 73 27 34 87 6 48 74 94 70 15 93 3 63 70 20 76 59 43 18 12 11 63 38 81 21 11 59 15 64 26 7 76 22 44 96 25 16 30 78 99 76 68 19 32 48 70 65 65 96 29 43 59 82 27 8 26 89 70 44 13 53 54 69 78 21 67 88 74 5 
3 65 61 74 29 18 5 33 46 79 7 55 91 67 78 19 79 76 37 91 31 64 5 21 100 90 95 72 55 9 42 8 6 60 49 26 33 4 34 31 24 16 76 59 40 95 17 32 20 44 39 41 46 99 90 82 28 31 6 75 68 51 64 78 74 36 79 96 34 18 79 73 69 93 100 52 60 6 33 72 32 33 38 11 20 49 87 100 74 59 88 99 10 25 13 77 55 91 26 79 75 81 92 22 37 20 69 58 32 91 93 65 20 40 54 34 81 14 100 76 48 93 49 53 95 3 97 69 
89 44 84 5 55 31 30 28 9 16 58 25 96 33 4 20 100 57 46 58 64 55 39 3 66 46 3 73 67 2 24 87 20 56 85 99 3 11 94 74 63 74 66 44 50 57 93 52 25 66 66 71 43 54 1 6 37 68 21 53 84 4 31 29 96 49 16 93 68 89 42 77 37 37 55 37 65 52 25 92 42 31 18 11 51 71 82 83 11 19 64 15 80 5 56 72 53 88 6 62 26 48 68 37 69 11 72 30 76 11 76 24 44 98 13 69 66 92 14 100 73 22 64 89 42 90 45 32 
28 7 68 40 10 9 75 44 50 29 53 81 3 55 54 70 87 98 23 74 90 56 50 81 30 98 46 60 26 100 15 48 29 45 75 9 4 8 72 57 7 63 94 43 95 17 94 25 79 39 58 68 22 69 87 83 51 62 54 43 45 39 4 89 67 91 20 61 85 65 83 61 14 78 26 96 11 29 71 16 66 97 36 31 36 76 29 25 15 37 42 44 69 68 10 100 90 41 55 30 70 40 55 63 73 61 42 10 70 32 37 20 47 74 27 91 74 80 3 75 30 71 16 69 32 45 84 81 
55 50 66 23 19 85 51 24 7 56 7 68 51 60 35 41 53 94 78 39 1 15 44 52 85 65 28 96 6 44 56 10 43 55 93 95 61 43 100 68 85 49 73 85 5 50 18 88 17 59 91 31 23 61 71 32 95 9 42 78 29 9 98 68 67 9 95 3 33 20 5 75 37 9 85 29 72 45 70 3 56 73 90 78 28 21 98 95 61 29 48 12 56 65 61 34 90 58 39 98 87 68 58 19 27 35 81 67 32 37 21 71 47 99 69 9 70 37 38 71 1 63 80 5 53 98 81 75 
72 98 16 38 72 7 19 24 27 7 72 99 36 46 61 46 21 56 11 85 67 37 67 19 27 79 55 61 76 6 91 78 47 8 33 50 58 69 98 88 15 62 48 5 25 39 20 48 4 89 24 69 60 96 7 22 59 46 14 46 54 55 73 29 98 46 44 83 19 90 31 51 89 3 63 25 20 78 93 76 100 54 81 23 72 60 92 63 40 57 77 51 53 57 1 96 87 41 63 43 48 70 92 51 43 1 63 48 11 28 66 72 18 64 10 95 20 75 33 94 79 4 13 36 53 44 88 96 
41 13 6 55 29 36 76 55 88 85 30 48 39 98 55 23 33 92 11 45 86 73 55 9 18 41 12 68 19 30 34 35 89 51 63 17 100 31 81 40 82 17 51 18 55 22 12 39 21 36 38 95 11 37 20 7 80 24 17 5 36 43 79 21 97 42 1 48 3 59 9 70 7 30 57 93 66 29 92 92 69 16 38 81 99 43 60 8 95 48 19 30 61 84 20 64 32 32 59 81 76 96 59 66 26 53 35 47 87 79 34 86 76 26 76 11 37 47 30 62 13 46 46 85 40 71 59 61 
68 14 22 66 16 27 83 74 41 80 100 26 54 63 86 56 67 81 76 81 3 73 16 57 99 76 90 58 94 23 59 87 38 51 38 3 90 62 7 1 28 82 91 70 86 50 39 40 4 26 17 69 65 71 49 83 94 31 73 31 59 28 28 47 51 91 24 68 52 82 88 47 49 92 51 10 17 34 92 91 91 43 52 100 94 89 55 2 58 57 34 75 7 40 18 55 79 96 86 55 76 98 78 28 18 12 63 45 51 72 26 71 90 50 8 81 48 99 38 23 81 10 75 80 93 60 100 89 
44 8 11 84 75 99 48 80 54 10 6 48 1 72 55 82 84 11 61 69 52 50 19 18 96 21 80 29 11 23 78 32 82 46 21 40 59 29 22 39 52 96 71 53 59 22 46 70 51 58 8 25 2 64 35 39 87 97 9 30 76 97 69 4 5 79 72 14 22 86 21 100 78 34 88 6 79 33 7 59 73 66 20 20 37 52 40 5 52 70 82 26 53 42 23 18 59 90 47 68 62 5 55 53 76 96 78 55 46 37 52 64 51 11 83 100 88 43 94 93 94 44 73 9 65 72 27 70 
21 45 23 17 4 34 62 59 76 64 43 14 66 99 94 55 85 52 47 29 63 24 84 29 80 93 49 19 31 3 7 77 8 26 48 83 47 99 71 2 59 4 34 70 60 75 54 37 70 59 36 30 12 60 30 58 9 72 58 38 19 31 81 51 46 78 23 15 17 11 98 69 84 18 68 19 17 56 8 15 69 43 32 94 76 71 32 17 98 42 13 89 93 89 58 26 10 72 22 10 78 57 54 55 81 38 41 46 60 62 86 79 55 83 77 81 52 86 75 14 50 75 52 75 30 45 38 59 
15 95 44 27 49 57 92 55 7 18 57 42 5 94 31 19 8 90 19 81 2 48 21 59 63 72 32 42 94 96 75 31 31 98 66 55 9 6 12 46 53 26 40 14 25 15 87 48 51 58 46 71 65 40 29 63 57 18 84 89 82 75 55 66 7 68 29 56 46 75 26 81 20 72 96 32 98 43 7 31 54 9 8 49 8 15 22 59 13 4 67 47 22 53 28 74 32 74 8 86 84 64 70 71 84 44 38 81 82 10 95 30 50 79 21 45 17 93 97 75 99 24 38 42 13 7 6 42 
44 33 42 78 47 12 32 61 24 82 51 25 55 32 88 24 81 27 43 2 48 39 81 77 90 15 80 15 74 29 3 19 99 60 95 31 34 13 83 70 60 36 27 24 60 39 52 54 73 53 2 93 96 16 80 87 13 33 39 20 11 82 89 36 54 1 51 25 18 64 84 14 96 7 70 14 63 38 5 31 56 44 86 69 51 98 97 31 39 10 21 63 19 86 37 20 47 9 18 5 24 24 17 59 3 52 77 96 79 3 25 69 23 2 7 77 49 60 4 82 17 99 80 6 11 22 16 29 
20 31 97 59 49 41 50 79 36 4 68 70 31 93 45 78 53 15 7 8 17 1 95 83 58 100 2 91 69 79 87 51 51 83 24 80 63 55 96 98 16 84 29 78 10 15 99 63 60 80 75 22 9 3 44 17 86 77 96 87 60 92 80 25 46 79 15 91 33 8 49 86 83 31 3 44 20 73 16 94 98 7 64 88 24 19 55 63 87 18 44 49 23 60 25 23 92 76 3 78 1 97 86 40 71 1 5 83 34 27 92 96 4 7 80 86 85 79 27 58 23 13 46 77 62 47 59 74 
5 63 77 99 62 87 6 5 87 64 4 4 92 78 57 76 25 65 8 29 52 55 9 79 76 58 85 98 71 8 19 36 22 77 17 87 29 95 70 19 33 55 45 31 23 66 43 57 7 39 85 43 16 69 2 67 9 89 36 75 58 3 44 80 70 39 93 11 85 85 44 19 66 8 54 91 47 87 23 97 67 87 17 9 50 17 55 89 7 13 66 23 29 2 45 26 53 24 7 45 98 33 30 62 44 1 36 3 34 4 76 47 22 32 92 38 80 95 25 45 43 87 15 27 16 57 61 32 
39 82 22 33 3 19 98 74 94 7 53 93 74 99 85 40 73 21 66 45 49 36 97 1 60 66 42 80 42 33 9 19 93 73 98 50 99 6 24 86 15 86 24 19 58 11 100 55 42 13 79 16 38 97 38 59 50 3 8 30 58 84 31 71 33 36 65 9 72 77 76 15 26 71 42 25 98 72 28 91 32 8 20 51 31 6 22 93 88 89 99 72 41 91 56 18 35 7 45 70 83 86 2 42 60 90 4 59 63 61 59 19 82 25 53 51 37 48 1 11 69 53 64 5 75 18 55 70 
19 47 100 1 26 35 92 17 80 38 11 100 10 100 40 71 5 96 95 40 83 61 21 5 71 57 52 6 84 15 56 38 74 1 42 11 75 100 74 15 76 76 67 22 39 55 53 75 38 46 39 24 93 31 70 79 65 27 39 80 58 91 93 13 6 74 14 53 56 40 70 89 20 16 12 71 54 32 83 31 17 56 80 80 54 73 31 59 68 28 69 53 71 29 44 29 68 12 8 74 91 23 37 31 95 57 80 27 93 34 13 42 73 36 61 62 96 99 29 78 8 6 63 54 97 6 7 89 
58 42 14 73 78 33 69 46 92 34 42 22 67 99 43 17 78 99 97 98 27 4 56 63 73 19 59 82 68 34 41 15 3 98 2 85 64 65 1 11 9 74 55 20 44 20 50 50 95 49 38 84 81 27 35 50 62 62 4 53 30 22 70 73 20 39 64 55 24 84 41 51 18 20 42 88 83 51 70 11 98 75 45 16 52 95 46 99 54 34 75 90 45 8 7 3 85 35 94 72 3 36 18 36 46 2 86 74 6 93 43 2 16 100 99 100 28 66 92 13 50 87 47 83 90 87 17 50 
49 78 33 89 99 23 95 65 34 45 70 3 4 72 21 81 45 96 75 63 88 59 51 65 27 28 77 39 28 16 85 87 60 79 13 82 66 70 90 15 79 100 4 34 90 54 49 77 91 4 56 6 34 51 74 23 46 8 80 55 87 26 74 37 5 98 11 76 93 39 51 36 43 86 75 60 93 38 98 67 83 61 78 58 16 2 2 95 95 43 53 3 17 10 12 21 31 30 32 22 97 58 17 60 56 26 92 100 77 46 43 99 29 80 15 49 90 28 96 30 48 85 66 22 58 20 69 44 
32 83 94 96 72 45 14 17 14 76 5 49 72 79 64 25 2 84 55 79 71 65 17 63 58 99 57 25 42 77 34 51 23 97 77 76 56 66 71 87 32 46 49 45 83 4 20 58 32 86 92 26 23 62 91 98 57 93 36 58 50 42 38 6 41 86 76 53 6 26 4 30 99 41 99 85 48 50 6 4 99 69 28 91 12 44 61 20 36 82 86 1 70 88 55 4 62 21 89 19 3 74 41 95 42 60 33 86 95 30 86 86 76 5 30 39 29 17 52 18 94 5 10 21 39 91 46 100 
77 80 98 52 4 85 51 75 60 80 69 63 65 30 24 27 99 9 18 31 5 32 24 87 85 48 84 4 44 65 37 94 63 23 86 32 49 89 40 85 66 14 95 58 58 39 59 72 10 35 20 55 17 26 97 13 70 56 79 77 98 53 20 57 28 77 27 2 59 80 20 60 92 19 89 37 48 66 79 81 31 44 65 23 43 39 90 25 36 8 14 27 80 6 52 25 53 47 17 76 92 89 49 6 61 93 91 91 35 65 41 24 37 23 3 35 99 68 10 68 57 57 91 67 16 89 27 99 
59 60 28 81 99 79 45 70 78 23 82 2 19 17 61 6 7 6 60 14 100 70 77 61 47 24 78 32 18 17 38 20 49 14 11 11 54 27 35 33 48 73 67 4 48 39 80 44 48 86 82 11 83 54 98 17 63 6 35 8 24 23 30 18 34 62 23 55 13 84 65 25 88 65 39 24 99 98 81 89 41 34 71 27 63 70 77 32 8 51 20 74 82 79 57 59 76 85 87 94 51 8 100 37 44 36 30 100 36 76 36 18 76 45 96 24 26 15 63 85 94 79 71 76 85 57 74 6 
76 12 5 3 24 66 84 82 92 29 47 42 98 75 49 49 53 35 72 4 8 61 92 48 31 29 50 48 11 24 74 95 80 93 3 15 61 51 56 83 20 86 31 37 51 75 47 44 26 73 10 12 79 9 4 78 40 46 84 47 49 7 96 55 12 72 44 88 41 21 92 31 68 90 59 59 25 27 18 93 56 40 86 6 44 15 94 51 25 37 83 59 67 62 61 76 33 76 84 61 14 2 2 7 39 46 1 95 78 100 100 96 66 22 20 19 12 90 26 38 7 11 12 2 75 51 30 98 
71 64 91 3 88 63 43 20 25 33 46 2 41 42 30 89 94 91 33 34 51 11 69 94 61 29 14 5 35 16 12 52 89 53 44 12 49 72 51 83 70 89 52 18 38 73 31 89 42 45 84 64 57 14 4 20 79 45 72 86 62 80 55 59 71 2 48 77 78 42 71 72 44 9 54 98 8 39 50 61 40 6 6 43 68 100 53 70 79 21 85 75 5 58 88 22 64 45 8 11 62 64 48 44 79 47 70 4 75 48 53 78 74 51 38 77 89 6 64 48 9 3 86 53 62 51 2 69 
41 27 59 32 77 21 31 11 43 17 93 74 24 10 93 81 39 80 98 46 7 62 55 74 22 64 19 9 86 14 78 52 62 68 52 41 8 80 25 62 29 91 47 26 96 64 76 33 42 5 89 30 1 9 90 14 81 33 38 69 44 2 63 1 77 17 37 41 45 83 71 63 11 77 91 51 21 30 15 48 1 84 97 49 97 53 24 17 42 87 4 28 34 79 34 47 64 97 94 15 80 70 83 65 45 64 36 4 34 95 23 89 95 35 21 77 47 91 79 67 88 98 25 66 66 32 61 92 
38 78 10 74 93 1 98 50 98 27 73 70 51 24 88 3 68 12 58 2 88 68 4 18 1 74 21 61 4 61 89 56 55 11 79 61 85 79 65 25 30 19 39 73 10 44 70 99 47 97 57 32 13 26 99 91 76 51 94 59 19 41 15 88 99 39 5 75 92 4 60 20 54 89 87 75 58 51 95 20 27 69 21 92 10 76 56 35 14 31 95 28 16 29 30 30 24 36 74 56 16 39 56 21 92 77 57 31 70 45 87 47 80 67 90 40 33 29 11 54 39 63 51 1 91 10 1 28 
72 40 77 14 44 63 37 66 27 11 3 33 31 62 17 38 80 81 35 98 63 51 63 82 44 68 44 1 80 5 69 18 31 51 40 10 25 59 10 65 81 53 21 11 99 12 44 15 7 19 26 55 98 78 41 39 81 19 45 7 37 7 100 13 63 34 4 7 99 95 34 15 24 63 92 78 84 84 25 85 99 59 27 70 69 42 65 43 34 70 81 56 85 60 34 46 77 10 4 83 6 75 67 28 79 86 6 97 87 23 65 23 70 34 90 51 43 65 51 45 40 80 64 45 84 46 84 14 
42 77 67 78 6 87 70 58 61 81 68 90 78 44 84 12 36 93 34 28 97 49 58 68 30 50 5 18 45 51 96 78 62 47 47 59 100 83 94 25 29 79 46 61 64 47 26 35 96 47 47 54 27 29 89 7 8 12 49 71 89 8 91 14 95 33 32 32 20 56 42 80 89 14 86 90 17 43 91 43 5 100 24 36 82 73 7 5 53 94 48 99 12 97 34 54 14 97 25 78 47 76 69 56 76 25 59 57 70 98 25 29 75 11 92 38 90 15 10 77 94 81 34 72 67 52 40 30 
43 72 67 31 1 83 39 44 55 52 81 87 25 1 96 54 90 75 27 28 46 59 82 64 9 72 42 37 26 63 40 46 51 36 16 85 85 16 34 70 97 6 24 98 7 86 38 36 65 99 21 95 78 50 4 31 31 34 69 22 41 69 15 77 87 30 46 5 14 47 5 64 30 45 98 8 20 44 53 93 48 35 74 100 11 83 35 78 72 35 59 95 74 36 71 90 5 22 84 93 91 100 41 77 10 41 88 21 49 76 59 65 90 69 9 66 61 76 98 11 71 58 28 38 36 16 17 64 
39 78 21 46 48 45 61 12 50 51 54 74 80 43 57 9 48 9 36 32 65 8 33 41 93 77 97 2 22 25 59 57 77 79 45 38 32 72 68 59 83 28 12 32 13 71 99 16 30 26 25 61 55 19 43 8 65 71 39 73 58 81 66 73 80 51 11 29 64 34 7 22 47 6 65 63 99 61 58 29 52 53 13 3 77 25 73 62 44 44 26 32 48 94 70 99 12 59 26 59 1 68 59 43 85 73 55 56 81 27 71 65 71 67 1 7 52 4 86 50 40 31 42 26 98 19 20 75 
28 96 31 72 20 36 16 82 17 86 100 46 1 32 84 56 13 98 98 55 58 10 11 33 72 41 88 47 95 27 10 52 64 49 91 83 95 26 63 23 75 30 67 74 73 56 19 54 72 67 29 47 34 4 22 64 83 63 85 57 29 90 58 73 4 23 12 21 45 43 33 82 7 48 5 47 33 59 90 40 43 64 59 62 11 7 53 39 77 12 73 19 1 73 29 73 30 25 96 46 12 20 58 82 18 84 8 53 46 2 30 79 26 75 86 94 42 1 5 48 58 69 80 64 63 84 24 3 
34 81 67 69 64 36 65 55 42 95 64 55 87 71 55 9 78 39 20 99 56 72 51 73 62 64 27 60 50 50 59 93 40 55 88 97 7 91 33 33 24 21 81 98 55 42 18 25 38 78 26 22 100 33 54 72 99 10 12 52 3 24 25 35 44 73 2 78 83 87 84 95 64 64 43 40 53 76 97 72 50 81 78 100 90 96 13 50 50 79 88 48 99 66 58 45 97 57 41 26 6 17 76 15 66 79 62 89 71 67 54 4 14 90 48 67 99 85 69 55 2 83 21 98 86 62 64 16 
16 7 5 22 66 47 31 19 92 5 29 49 51 65 69 94 23 69 43 54 97 54 24 44 34 37 27 33 1 38 87 7 76 55 98 77 58 97 17 10 54 10 56 28 42 86 30 87 26 18 57 4 30 72 44 100 11 44 86 78 16 76 12 55 87 56 15 27 10 80 95 65 13 73 82 21 95 75 93 80 53 67 50 12 72 70 87 98 46 10 59 41 76 33 14 49 34 32 14 74 22 41 80 94 95 51 21 62 7 97 80 54 9 16 26 44 14 11 54 31 76 86 13 88 88 45 30 92 
19 100 18 15 5 11 6 32 41 63 87 13 84 60 40 60 52 1 30 28 17 84 3 40 37 48 95 1 45 69 67 75 38 93 7 72 60 3 13 52 42 56 85 98 23 16 52 9 30 15 48 72 32 54 16 61 8 17 47 85 90 41 92 65 100 72 74 55 83 5 70 15 19 6 70 57 84 17 21 6 80 58 76 17 62 36 83 21 98 87 88 22 43 26 35 79 38 51 12 64 42 25 73 8 43 42 9 43 97 47 14 60 92 86 78 65 40 82 27 31 32 91 57 36 52 52 85 11 
65 36 45 26 64 23 38 39 39 71 41 83 59 63 21 31 42 95 71 54 39 62 65 86 57 66 9 14 29 14 32 45 15 86 49 28 3 97 8 92 30 36 28 73 33 44 58 86 7 89 48 72 16 88 30 42 94 33 28 48 6 9 52 35 95 13 12 74 47 33 23 47 94 3 56 62 29 98 100 76 95 18 90 25 98 24 53 54 29 75 38 6 64 72 77 76 11 36 70 87 80 75 15 29 68 80 10 100 96 9 69 7 91 72 67 24 9 72 37 93 3 84 35 94 45 81 72 94 
54 56 2 11 32 16 49 68 17 91 83 56 70 76 31 78 26 8 75 34 14 5 74 20 61 22 23 81 21 92 97 60 41 74 52 17 44 10 6 34 41 80 59 94 21 79 43 72 23 69 82 39 79 14 82 93 40 69 58 28 37 8 71 55 97 62 71 4 53 33 58 61 2 10 82 91 92 24 12 84 27 50 8 84 7 81 98 6 73 23 67 63 36 11 3 57 37 96 41 20 88 88 83 34 38 17 4 44 18 46 71 23 4 57 59 30 36 3 86 85 2 15 49 24 100 53 66 82 
31 73 72 57 49 85 62 47 32 27 76 28 34 37 86 91 13 79 10 34 90 93 38 38 85 88 100 6 10 82 21 47 1 42 22 90 81 100 52 80 80 69 50 60 76 50 92 66 12 23 71 98 70 31 98 50 31 55 3 64 30 88 4 89 94 11 27 19 47 43 95 14 32 90 34 58 4 71 91 18 44 85 81 17 82 69 60 63 87 89 57 29 73 23 93 18 95 49 12 74 39 97 41 48 20 48 2 59 58 39 11 50 32 29 36 85 65 5 95 97 71 75 55 55 19 66 54 36 
72 82 67 40 31 67 84 97 58 34 98 19 95 25 62 80 94 43 5 96 74 59 14 68 58 81 46 40 77 61 83 33 97 21 96 46 7 76 8 59 78 27 46 50 99 30 59 62 95 21 94 15 92 34 18 2 12 95 59 37 15 97 24 34 73 23 65 19 26 42 57 22 28 64 53 78 34 52 90 60 14 9 39 100 91 43 99 74 81 75 97 26 34 45 70 55 23 70 79 74 51 73 67 38 78 6 85 31 9 97 73 8 60 46 56 45 61 39 29 65 39 76 13 43 83 74 63 65 
31 82 47 13 62 82 76 10 79 95 18 13 10 76 98 43 12 99 72 68 36 19 74 15 99 26 73 71 80 80 11 1 28 96 20 77 94 19 20 26 83 75 95 27 44 98 29 5 94 96 52 63 90 41 43 23 23 47 28 100 1 3 67 51 86 4 97 62 47 11 27 8 48 97 71 45 28 95 28 11 77 74 84 32 65 100 8 77 51 41 35 1 59 28 71 68 86 5 45 90 36 80 36 61 21 98 83 28 7 58 55 23 37 26 59 16 16 14 52 1 72 59 69 58 58 60 86 37 
68 76 3 42 35 47 40 20 58 75 69 74 97 37 38 94 25 97 22 13 97 11 39 35 14 3 84 64 100 36 10 53 94 62 86 38 68 39 41 80 85 89 7 31 76 7 2 85 30 64 10 49 27 44 59 45 56 54 68 77 61 4 56 58 85 71 1 71 57 77 70 37 15 100 47 11 59 24 59 55 25 27 73 16 17 1 14 77 92 63 1 40 10 60 11 64 51 94 66 19 61 15 84 37 19 12 46 16 29 41 57 14 18 44 47 87 4 66 72 65 7 96 95 27 61 23 25 22 
66 79 80 25 57 76 34 40 93 5 64 26 52 38 51 55 5 28 70 12 23 18 72 56 73 58 60 100 56 70 63 63 56 55 95 13 25 32 35 6 45 64 1 51 14 70 4 35 9 12 87 46 97 1 13 21 61 99 39 24 31 69 61 7 41 10 9 29 92 21 66 93 50 61 94 52 73 12 73 71 6 99 84 58 52 74 31 84 3 92 42 79 36 74 25 66 22 62 10 36 9 94 40 52 5 48 44 47 14 98 68 6 37 77 61 78 77 10 11 77 32 1 51 68 39 31 5 90 
62 30 30 34 62 42 78 20 38 36 25 33 9 89 92 67 31 96 5 11 81 87 89 6 27 96 30 6 99 51 24 15 47 48 96 24 100 12 76 98 94 96 55 68 26 29 47 76 5 61 24 20 83 40 28 22 17 41 47 68 40 45 5 69 33 26 36 86 79 65 81 84 75 37 52 96 71 48 13 37 55 70 26 58 99 58 99 76 37 98 22 12 60 98 98 8 47 45 91 3 23 32 46 47 43 3 92 93 6 91 7 70 5 74 76 33 61 32 42 99 13 72 55 87 39 2 55 18 
21 99 35 90 44 69 94 84 99 27 81 18 12 75 84 83 86 83 66 10 69 69 97 45 10 23 94 34 31 9 10 16 3 69 37 93 93 4 20 20 85 56 15 93 70 30 55 71 85 96 71 32 56 27 75 36 61 77 70 95 38 31 46 39 10 82 71 45 17 93 49 82 90 15 17 49 33 9 40 5 77 96 97 33 99 91 20 68 59 80 18 9 43 58 59 44 79 74 6 96 29 86 34 49 28 43 53 10 91 13 91 16 6 26 91 3 70 7 40 90 44 30 13 18 92 49 58 3 
52 16 31 13 98 19 16 43 77 78 55 90 42 74 90 88 85 65 83 42 90 61 31 49 27 96 93 90 87 58 74 23 54 50 23 20 79 35 82 77 82 64 19 30 48 32 96 65 40 9 50 55 9 58 59 98 61 65 73 66 91 22 27 3 84 84 50 58 97 63 41 17 79 63 67 82 27 88 45 63 37 60 38 4 90 21 81 76 26 42 53 14 30 72 49 57 67 61 62 27 22 85 14 37 73 82 74 27 30 77 2 54 52 4 46 51 17 73 8 76 79 26 26 40 100 13 67 69 
50 86 80 81 1 30 46 97 59 28 16 23 84 86 20 43 57 82 55 39 30 41 9 98 100 82 52 22 6 98 3 3 78 46 38 22 6 23 45 74 4 29 100 76 54 15 24 88 64 37 34 34 72 43 86 87 78 27 96 45 55 90 31 14 74 58 81 6 77 2 10 27 81 50 92 12 41 8 85 66 72 33 77 94 61 10 82 19 76 36 43 90 50 43 100 33 12 51 42 6 40 33 97 8 46 8 33 37 98 85 13 75 24 99 8 2 28 92 90 54 72 9 30 94 37 17 33 53 
44 22 6 31 35 55 68 88 89 81 18 46 28 7 40 64 16 24 7 5 91 56 79 70 69 21 89 38 41 95 75 78 42 75 94 11 24 29 55 51 14 26 81 100 22 94 63 35 74 96 51 57 86 25 34 56 1 82 29 94 71 39 37 83 73 17 68 56 32 39 36 44 88 7 75 44 75 33 63 66 58 37 37 48 62 55 29 66 14 18 30 49 44 19 22 8 87 94 24 95 2 29 7 31 60 35 62 84 29 44 58 64 57 73 59 35 78 2 38 90 91 19 78 41 16 73 20 34 
87 19 47 66 82 63 41 29 7 86 20 34 5 95 5 66 19 41 68 17 74 66 75 34 14 77 19 97 17 35 38 31 2 23 53 72 91 5 58 21 77 27 29 64 46 1 69 78 38 73 10 22 38 47 45 15 22 29 43 91 94 12 62 40 83 66 18 92 91 12 54 3 99 2 36 56 61 30 80 46 89 66 40 29 36 44 58 43 56 82 52 61 63 62 60 43 32 93 9 35 51 77 33 36 33 92 26 64 54 27 63 49 29 34 27 14 81 33 54 80 19 7 37 31 85 81 94 88 
56 70 78 36 16 72 61 85 14 56 65 86 62 79 3 53 42 62 27 28 58 25 23 54 55 49 99 99 99 98 66 79 7 43 73 46 51 95 8 98 18 10 73 83 31 57 8 35 3 59 17 4 58 93 57 92 7 52 18 8 66 50 24 34 14 52 52 47 1 28 83 21 11 29 56 94 99 96 91 28 45 6 57 68 68 30 70 15 34 41 34 28 14 78 90 70 73 13 30 28 2 46 52 77 12 83 77 24 14 88 60 31 62 41 72 80 47 79 89 23 35 35 91 38 61 21 29 39 
29 84 7 30 76 96 37 72 95 39 28 87 66 96 48 19 47 20 45 52 72 2 32 82 49 64 92 30 87 79 97 40 52 75 18 9 88 81 62 28 41 30 18 50 60 19 40 83 26 89 31 5 76 82 80 8 32 4 63 84 80 61 69 50 75 35 13 69 45 22 84 76 77 47 55 81 86 32 44 8 48 67 40 37 27 31 3 1 52 78 30 42 28 85 75 27 44 25 100 53 71 80 6 13 65 92 11 89 90 93 15 75 67 3 58 25 67 87 57 28 53 68 22 100 4 66 39 95 
30 33 34 74 28 38 37 38 95 17 9 71 15 100 60 38 93 20 52 86 90 26 1 19 92 17 63 46 4 28 53 1 86 37 80 41 49 23 96 16 84 34 99 8 83 27 57 85 54 17 18 58 83 32 39 88 85 15 95 76 87 17 81 39 65 37 50 21 74 5 94 54 7 23 37 53 34 12 8 66 63 38 100 85 77 53 61 18 46 34 74 20 85 49 52 19 53 75 80 94 100 62 50 85 67 7 11 16 35 53 25 4 67 90 44 27 79 19 52 91 24 47 85 33 15 91 100 54 
53 68 48 27 86 6 58 77 68 85 24 80 13 49 42 22 29 57 56 99 87 96 31 28 30 1 96 48 93 14 75 4 52 97 19 64 51 54 80 91 50 99 42 38 34 5 15 66 33 23 72 87 44 58 50 65 83 68 100 26 41 9 84 16 37 57 72 77 27 79 35 49 97 22 41 66 53 37 43 62 56 63 33 71 21 41 94 82 28 31 100 93 23 99 19 51 9 10 99 69 23 30 86 44 81 17 84 44 47 23 77 10 29 8 4 34 4 17 94 38 61 75 2 21 47 7 18 92 
78 66 59 63 69 86 18 41 31 85 61 45 11 88 81 37 57 22 24 61 12 100 14 88 46 95 76 8 14 15 99 9 9 26 53 80 13 42 23 32 66 63 43 63 21 82 51 56 73 30 56 97 35 63 20 36 32 17 32 42 71 47 15 82 37 5 29 19 84 83 10 43 26 68 16 40 35 56 49 89 89 56 37 15 67 2 83 78 54 77 49 11 90 64 48 38 90 23 18 94 39 71 55 72 9 3 9 92 79 31 28 44 64 9 48 67 98 47 80 49 61 71 70 89 77 99 90 72 
29 6 17 48 80 36 33 70 56 13 31 41 92 9 64 97 2 90 8 32 35 100 62 89 75 22 61 84 37 52 10 87 45 45 61 13 74 70 87 74 43 98 11 47 39 71 16 95 22 17 24 41 66 57 43 13 58 78 58 94 29 86 58 31 37 30 26 72 59 42 88 3 7 17 27 1 15 77 38 3 5 43 50 34 100 26 43 67 38 2 92 36 98 51 41 14 54 65 91 100 81 69 86 99 67 8 27 13 33 25 34 25 37 89 33 75 57 31 46 87 4 5 52 49 24 84 49 39 
86 51 40 76 73 69 100 21 38 28 48 87 23 36 6 96 52 5 83 58 44 86 37 79 32 34 30 11 6 45 68 37 7 33 89 40 6 16 14 12 8 53 77 20 14 96 93 96 47 70 89 95 35 40 75 75 64 82 62 92 34 54 67 99 28 18 24 52 4 37 8 79 65 38 36 16 87 7 11 37 21 21 78 92 94 69 38 73 22 79 30 15 46 67 11 24 99 93 32 12 98 38 56 61 72 72 82 24 9 8 28 30 4 52 64 2 70 83 27 82 16 29 72 82 45 97 80 81 
31 20 98 27 41 90 72 72 92 59 41 43 78 3 53 75 76 95 97 34 60 28 19 21 77 29 35 18 29 18 6 11 38 58 79 19 83 80 22 68 92 16 100 77 43 50 49 61 61 49 73 30 9 28 58 40 3 4 52 14 63 61 3 77 47 50 60 11 70 20 44 15 59 100 89 29 7 40 71 74 63 54 55 44 87 42 32 88 56 86 51 10 26 67 34 20 55 90 31 55 74 85 72 51 36 2 45 99 96 82 21 8 13 5 93 72 63 90 31 43 20 26 50 56 35 2 88 55 
100 85 94 97 96 54 66 24 5 48 41 23 57 47 16 93 59 92 51 15 86 79 90 74 67 56 57 54 69 55 57 97 49 31 25 16 4 34 34 76 46 1 42 59 93 66 57 80 8 31 91 48 29 4 33 79 42 92 73 71 54 80 15 75 8 72 26 50 10 70 65 94 50 72 94 30 35 27 94 38 22 49 4 77 7 99 26 41 77 68 98 8 42 64 75 33 98 19 13 82 23 97 18 95 67 99 50 60 23 24 91 9 51 100 57 19 85 59 98 91 70 16 22 95 26 28 77 55 
77 39 26 89 61 24 63 36 6 25 97 2 89 78 35 39 82 55 70 8 23 74 27 30 34 68 43 22 43 78 10 5 57 95 28 26 45 71 14 28 14 18 22 99 52 50 51 51 44 65 71 33 75 79 85 48 13 17 8 21 23 7 59 47 75 91 68 13 96 20 76 73 96 40 9 6 35 32 33 75 86 37 96 35 33 20 28 100 99 62 14 96 1 88 70 81 39 50 15 98 23 47 22 68 48 36 1 40 49 19 96 42 74 1 94 99 44 74 11 43 24 39 73 2 23 86 70 21 
80 70 28 81 54 81 15 92 99 87 45 14 58 68 40 35 56 75 73 1 41 3 59 49 24 58 95 19 9 8 26 23 24 70 35 61 80 25 19 39 28 87 44 77 71 2 22 75 42 77 49 25 36 52 66 6 12 85 72 49 32 25 41 57 88 17 59 73 82 64 96 70 79 44 100 25 63 73 59 4 80 29 30 34 84 21 63 85 47 100 39 44 83 100 27 45 73 39 37 90 99 62 10 9 52 75 13 81 75 81 89 65 82 85 29 59 94 90 74 79 44 87 11 27 58 52 16 8 
82 85 55 91 62 6 55 36 77 92 37 60 39 8 23 90 76 97 62 38 68 37 8 51 39 87 56 41 41 87 78 95 53 84 87 42 4 20 41 29 59 15 75 20 61 39 87 80 90 5 4 75 53 72 62 79 72 35 71 80 64 75 33 52 85 23 24 38 60 19 16 81 82 59 78 38 56 22 34 67 59 51 5 4 4 55 14 94 11 51 64 36 50 62 28 36 92 100 98 54 38 24 18 57 19 87 63 52 22 28 58 29 35 35 69 71 7 5 80 55 6 85 76 81 63 84 63 96 
1 -1 1 1 -1 -1 -1 -1 1 -1 -1 -1 -1 -1 -1 -1 1 1 -1 -1 -1 -1 1 -1 -1 -1 -1 -1 -1 1 1 1 -1 1 -1 1 1 -1 -1 1 1 -1 1 -1 -1 -1 1 -1 -1 -1 -1 1 1 1 1 -1 -1 -1 -1 1 -1 1 -1 -1 1 -1 1 1 -1 -1 -1 -1 -1 1 -1 -1 1 -1 -1 1 -1 -1 -1 -1 -1 1 1 1 1 -1 -1 1 -1 -1 1 1 1 1 1 -1 1 1 -1 -1 1 1 1 1 -1 1 1 1 -1 -1 1 1 1 -1 1 -1 1 -1 -1 -1 -1 -1 -1 -1 
-1 -1 -1 -1 1 -1 -1 1 1 1 -1 -1 -1 1 1 1 1 -1 1 1 -1 -1 -1 1 -1 1 1 -1 -1 1 1 -1 -1 1 -1 -1 -1 -1 -1 -1 -1 1 1 -1 -1 1 1 -1 1 1 -1 1 -1 -1 -1 1 -1 -1 1 1 1 1 1 -1 1 -1 -1 1 1 -1 -1 1 -1 -1 -1 -1 1 1 1 1 -1 -1 1 1 -1 1 1 -1 -1 -1 1 -1 -1 1 1 -1 1 1 -1 1 1 1 1 1 1 1 -1 1 1 1 1 -1 -1 1 1 1 1 -1 -1 1 1 1 1 1 -1 1 -1 -1 
1 -1 1 -1 -1 1 1 1 1 -1 -1 -1 1 1 -1 1 -1 1 -1 -1 -1 -1 1 -1 -1 -1 -1 -1 -1 -1 1 -1 -1 -1 1 -1 -1 -1 -1 1 1 -1 1 -1 -1 1 1 -1 1 1 -1 1 1 1 1 -1 1 1 1 -1 -1 -1 -1 -1 1 1 1 -1 -1 -1 -1 1 1 -1 1 -1 -1 -1 -1 -1 1 -1 1 1 -1 -1 1 1 1 -1 1 1 1 1 1 -1 -1 -1 1 1 1 -1 -1 -1 1 -1 1 1 -1 1 -1 -1 -1 -1 1 -1 1 1 1 1 1 1 -1 1 1 1 1 1 
1 -1 -1 -1 1 -1 1 1 -1 -1 1 -1 -1 -1 -1 -1 -1 1 -1 -1 -1 -1 -1 -1 -1 -1 -1 1 -1 -1 -1 1 1 1 1 -1 1 -1 1 -1 -1 1 -1 -1 -1 -1 1 -1 1 1 -1 1 1 1 -1 1 1 1 1 1 1 1 1 -1 1 1 1 -1 1 -1 -1 1 1 1 1 -1 -1 1 1 -1 -1 -1 -1 -1 -1 -1 1 -1 1 -1 -1 1 -1 -1 -1 -1 -1 -1 1 1 -1 -1 1 1 1 1 -1 1 -1 1 1 1 1 -1 -1 1 -1 1 1 1 -1 1 -1 -1 -1 1 1 -1 
-1 1 -1 1 1 1 -1 -1 -1 1 -1 -1 1 1 1 -1 1 1 1 -1 1 1 1 1 1 1 -1 1 1 1 -1 -1 1 -1 1 1 -1 -1 -1 1 1 1 1 -1 -1 -1 -1 1 -1 1 -1 1 1 -1 1 1 1 -1 1 -1 1 -1 1 1 -1 -1 1 1 -1 -1 -1 -1 1 -1 -1 -1 -1 1 1 -1 1 1 1 1 -1 1 -1 -1 1 1 1 1 1 1 -1 1 1 -1 1 1 1 -1 1 -1 1 1 -1 -1 -1 -1 1 1 -1 -1 -1 -1 -1 1 -1 1 -1 1 1 1 1 1 -1 -1 
-1 -1 1 -1 1 1 -1 -1 -1 1 -1 -1 1 -1 1 1 -1 -1 1 -1 -1 1 1 -1 1 1 1 -1 1 1 -1 1 -1 -1 1 1 1 1 -1 -1 1 -1 -1 -1 1 -1 -1 -1 -1 1 1 -1 1 1 1 1 -1 -1 -1 1 -1 1 -1 1 -1 -1 -1 -1 -1 -1 -1 1 -1 -1 1 1 1 1 -1 -1 -1 -1 1 1 1 1 -1 1 -1 1 1 1 1 -1 1 -1 1 1 -1 -1 -1 1 -1 -1 -1 -1 -1 1 -1 -1 1 -1 -1 -1 -1 1 1 1 1 1 1 -1 1 1 -1 1 -1 1 
-1 -1 1 1 -1 -1 1 1 -1 -1 1 1 1 -1 1 1 -1 -1 -1 -1 -1 -1 -1 -1 1 -1 -1 1 1 1 -1 -1 1 -1 -1 1 1 -1 1 1 1 1 -1 -1 -1 1 -1 1 1 -1 1 1 -1 -1 1 -1 -1 -1 -1 1 -1 -1 1 -1 -1 1 -1 -1 1 -1 1 1 1 1 1 -1 -1 1 1 -1 -1 1 -1 1 1 1 -1 -1 -1 -1 1 1 -1 -1 -1 1 1 -1 1 1 -1 -1 -1 1 1 1 1 -1 -1 -1 1 -1 -1 1 -1 -1 1 1 1 1 1 -1 1 -1 1 -1 1 1 
-1 1 1 1 -1 -1 1 1 -1 1 -1 -1 -1 -1 1 -1 -1 1 -1 -1 -1 -1 -1 -1 -1 -1 1 -1 -1 1 1 1 -1 1 1 -1 -1 -1 -1 1 -1 -1 -1 1 1 -1 1 -1 -1 -1 1 1 -1 -1 -1 -1 -1 1 -1 1 1 1 1 -1 1 1 1 -1 1 1 1 1 1 -1 -1 1 1 1 1 1 -1 1 -1 1 -1 1 -1 -1 -1 -1 1 1 -1 1 -1 -1 1 -1 -1 -1 -1 -1 -1 1 -1 -1 -1 1 1 1 -1 1 1 -1 -1 1 -1 1 1 1 1 -1 -1 -1 -1 -1 1 1 
1 1 1 -1 -1 -1 -1 -1 -1 1 1 -1 -1 1 -1 1 -1 1 1 -1 1 -1 -1 -1 -1 -1 -1 1 -1 -1 -1 -1 -1 1 -1 -1 -1 -1 1 -1 -1 -1 1 1 1 1 1 -1 -1 -1 1 1 -1 -1 -1 -1 1 1 1 -1 -1 -1 -1 -1 -1 1 1 1 -1 1 1 -1 1 1 -1 1 1 1 1 1 -1 -1 1 1 1 1 1 -1 1 1 1 1 -1 1 -1 -1 -1 1 1 1 -1 1 1 -1 -1 1 1 1 -1 1 -1 1 1 1 -1 1 1 1 1 -1 -1 -1 -1 -1 -1 1 -1 -1 
-1 1 -1 -1 1 1 -1 1 1 -1 1 1 1 1 1 -1 1 1 -1 1 1 1 -1 -1 -1 -1 1 1 1 -1 -1 -1 -1 -1 1 -1 1 1 1 -1 1 -1 -1 -1 -1 -1 -1 1 -1 1 -1 1 1 -1 -1 1 1 -1 -1 -1 1 -1 -1 -1 -1 1 1 -1 1 -1 -1 -1 -1 1 -1 -1 1 1 -1 -1 -1 -1 1 -1 1 -1 1 -1 -1 1 1 1 1 1 -1 1 -1 1 -1 -1 1 -1 1 -1 -1 1 -1 1 1 1 -1 -1 1 1 -1 -1 -1 -1 1 -1 -1 -1 1 1 -1 -1 -1 -1 
-1 -1 -1 1 -1 -1 1 -1 1 1 1 -1 1 -1 -1 -1 -1 -1 -1 -1 -1 1 1 1 -1 1 -1 -1 -1 1 -1 -1 1 1 1 1 1 1 -1 -1 1 1 1 -1 -1 -1 1 -1 1 1 -1 1 1 -1 -1 -1 1 1 -1 1 1 1 1 1 1 1 1 -1 1 -1 1 1 -1 -1 -1 -1 1 -1 -1 1 -1 -1 -1 -1 1 1 -1 1 1 -1 -1 -1 -1 -1 -1 -1 -1 1 1 -1 -1 -1 -1 1 -1 1 1 1 1 1 -1 -1 -1 1 -1 -1 -1 -1 1 -1 1 -1 -1 1 -1 -1 -1 1 
-1 -1 -1 -1 -1 -1 1 -1 -1 1 -1 -1 1 1 1 -1 -1 -1 1 -1 1 -1 1 1 1 1 -1 1 1 1 1 -1 1 -1 -1 1 1 1 -1 1 -1 -1 -1 -1 -1 1 1 1 -1 1 -1 -1 -1 -1 -1 -1 -1 -1 1 1 -1 1 1 -1 1 -1 1 1 -1 -1 1 1 1 1 -1 1 -1 -1 -1 1 1 1 1 1 -1 -1 -1 -1 -1 -1 -1 1 1 -1 1 -1 -1 -1 -1 1 1 -1 -1 -1 -1 1 -1 1 1 -1 1 1 -1 1 1 -1 -1 1 -1 1 1 1 1 1 1 1 1 1 
-1 -1 1 -1 1 1 1 -1 -1 1 1 1 -1 -1 1 -1 -1 1 -1 1 -1 1 -1 1 1 -1 -1 1 1 -1 -1 -1 1 1 1 -1 -1 -1 1 -1 -1 1 -1 1 -1 1 1 -1 1 -1 -1 -1 -1 1 1 -1 1 1 -1 -1 -1 1 -1 1 1 1 -1 -1 -1 1 -1 -1 1 1 -1 1 -1 -1 1 1 1 -1 -1 1 -1 1 -1 1 -1 1 1 -1 1 -1 1 -1 1 -1 1 1 1 1 1 -1 1 1 1 -1 1 1 1 1 1 -1 1 -1 1 -1 1 -1 1 1 1 1 1 1 1 -1 
-1 1 1 -1 1 -1 -1 -1 1 1 -1 1 -1 -1 1 -1 -1 1 -1 1 1 1 -1 1 -1 1 -1 -1 -1 1 1 -1 1 -1 1 -1 1 -1 1 -1 -1 1 1 1 1 1 1 1 -1 1 1 1 -1 1 -1 1 -1 -1 1 -1 -1 1 1 1 -1 -1 -1 -1 1 -1 1 1 1 1 -1 -1 1 1 -1 -1 1 -1 -1 1 1 -1 1 1 1 -1 1 -1 1 1 1 1 -1 1 -1 1 -1 1 1 1 1 1 -1 -1 -1 -1 1 -1 -1 1 1 1 -1 -1 1 -1 -1 -1 1 1 -1 -1 -1 1 
-1 1 -1 -1 1 1 1 1 -1 1 -1 1 1 1 1 1 -1 -1 1 1 1 -1 -1 1 -1 -1 1 1 -1 -1 -1 1 1 1 1 1 -1 1 -1 -1 1 1 1 1 -1 -1 -1 -1 -1 1 -1 -1 1 1 -1 1 1 1 -1 1 -1 1 -1 1 1 1 -1 1 -1 1 1 1 -1 -1 -1 -1 1 -1 -1 1 1 -1 -1 -1 -1 1 1 1 1 1 1 1 -1 -1 -1 -1 1 -1 1 -1 -1 1 -1 -1 1 -1 -1 -1 -1 1 1 1 1 -1 -1 -1 -1 1 -1 1 -1 -1 1 1 1 1 1 -1 
-1 1 1 -1 -1 1 1 -1 1 -1 -1 -1 -1 -1 1 1 1 -1 1 -1 -1 1 1 -1 -1 -1 1 -1 -1 -1 -1 1 1 1 -1 1 1 -1 1 1 -1 -1 -1 -1 -1 1 -1 1 -1 1 -1 -1 1 1 -1 1 -1 -1 -1 -1 1 1 1 1 1 1 -1 1 1 -1 -1 1 1 -1 1 1 1 -1 1 1 1 1 -1 1 1 -1 1 1 1 -1 1 -1 1 -1 -1 -1 1 -1 -1 -1 -1 -1 -1 1 -1 -1 -1 1 1 1 -1 1 -1 1 1 -1 -1 1 -1 -1 -1 1 1 -1 1 1 1 -1 
1 1 -1 -1 1 -1 -1 -1 -1 1 -1 -1 -1 -1 -1 1 -1 1 -1 -1 1 -1 1 -1 1 -1 1 -1 1 -1 -1 -1 -1 1 -1 -1 -1 -1 1 -1 -1 1 1 -1 1 1 -1 1 -1 -1 -1 1 -1 1 1 -1 1 1 1 1 -1 1 1 1 -1 -1 -1 -1 1 -1 -1 1 -1 1 1 -1 1 1 -1 -1 1 1 1 -1 1 1 1 -1 -1 -1 -1 1 -1 -1 -1 1 -1 1 1 -1 1 1 -1 -1 -1 -1 1 1 -1 1 -1 1 1 1 -1 1 -1 1 -1 1 1 -1 -1 1 1 -1 -1 -1 
1 -1 1 1 1 -1 -1 1 1 1 -1 -1 1 1 -1 -1 1 1 -1 -1 -1 -1 1 -1 1 -1 1 -1 1 1 -1 1 -1 1 -1 1 1 -1 -1 -1 1 1 1 1 -1 -1 -1 -1 1 1 -1 -1 1 -1 -1 1 -1 1 1 -1 1 1 -1 1 -1 -1 -1 -1 -1 1 1 1 1 -1 1 -1 -1 -1 1 -1 1 1 1 1 1 -1 1 1 -1 1 1 -1 1 1 -1 1 -1 1 1 1 -1 1 1 -1 1 1 -1 1 -1 -1 1 -1 -1 -1 1 -1 1 1 1 -1 -1 -1 -1 1 1 1 -1 -1 
-1 1 -1 -1 1 1 -1 -1 1 -1 -1 1 -1 -1 1 1 -1 -1 -1 1 1 -1 1 -1 -1 -1 1 1 -1 -1 1 -1 -1 -1 -1 -1 1 -1 -1 -1 1 -1 -1 1 -1 -1 -1 1 -1 1 1 1 1 -1 1 -1 -1 1 -1 1 -1 1 1 1 -1 1 1 1 1 -1 -1 -1 1 -1 -1 -1 -1 -1 1 1 1 1 1 1 -1 1 1 -1 1 1 1 1 1 1 1 -1 1 1 1 -1 1 -1 -1 1 1 -1 1 -1 -1 -1 1 -1 1 1 -1 -1 1 1 -1 -1 1 1 -1 -1 1 1 1 1 
-1 1 -1 -1 -1 -1 -1 -1 -1 1 -1 -1 1 1 1 -1 -1 -1 1 1 1 1 -1 -1 1 1 -1 -1 -1 -1 -1 -1 -1 1 1 -1 1 -1 1 -1 -1 1 1 1 1 -1 -1 1 1 -1 1 1 -1 -1 -1 1 1 -1 -1 1 1 1 -1 1 1 1 -1 -1 1 1 -1 -1 -1 1 1 -1 1 -1 1 -1 -1 1 -1 -1 -1 1 1 -1 1 -1 -1 1 1 -1 1 -1 -1 -1 -1 -1 -1 1 1 -1 -1 1 -1 1 1 -1 -1 -1 -1 -1 -1 1 -1 1 1 1 -1 -1 1 -1 -1 1 -1 -1 
-1 -1 -1 -1 1 -1 -1 -1 1 1 -1 1 -1 1 1 -1 1 -1 1 1 -1 1 1 -1 1 -1 1 1 -1 -1 1 1 1 -1 1 -1 1 1 1 -1 1 1 -1 -1 1 -1 -1 1 1 1 1 1 -1 -1 1 -1 1 -1 -1 -1 -1 -1 1 1 1 -1 -1 -1 1 1 -1 1 1 1 1 1 1 1 -1 -1 1 1 1 1 -1 -1 1 -1 -1 1 1 1 -1 -1 1 1 -1 1 -1 -1 -1 -1 -1 1 -1 -1 1 -1 1 1 1 -1 1 1 -1 -1 1 1 1 -1 -1 -1 -1 1 1 1 1 -1 
-1 -1 -1 -1 1 1 -1 -1 -1 1 1 -1 1 1 -1 1 -1 -1 -1 1 1 -1 1 1 1 1 1 -1 -1 1 1 -1 -1 1 -1 1 1 1 1 1 -1 -1 -1 1 1 -1 -1 -1 -1 -1 1 1 1 -1 -1 1 1 1 1 1 -1 1 1 -1 1 -1 -1 -1 1 -1 -1 -1 -1 -1 1 -1 1 1 -1 1 -1 1 1 -1 -1 1 -1 -1 1 -1 -1 -1 1 -1 1 -1 -1 -1 1 -1 -1 1 -1 1 -1 -1 1 1 1 -1 1 -1 1 -1 -1 1 -1 1 -1 1 -1 1 -1 -1 -1 1 1 -1 
1 -1 1 -1 1 1 -1 -1 -1 -1 1 1 -1 -1 -1 1 1 1 1 -1 1 1 1 1 -1 -1 -1 -1 -1 -1 -1 1 -1 1 -1 1 -1 -1 1 1 -1 1 -1 -1 1 -1 1 1 1 1 1 1 -1 1 1 1 -1 1 1 1 -1 -1 -1 -1 -1 -1 1 -1 1 1 -1 1 1 -1 -1 -1 1 -1 1 -1 -1 1 -1 -1 -1 -1 1 -1 -1 1 -1 1 1 1 -1 -1 1 1 1 -1 1 1 1 -1 -1 -1 1 1 1 -1 1 1 1 1 -1 -1 -1 1 1 1 1 -1 1 1 -1 1 -1 1 
-1 1 -1 -1 1 -1 -1 -1 -1 -1 1 1 1 1 1 -1 -1 -1 -1 -1 -1 1 1 1 -1 1 -1 -1 1 -1 1 1 -1 1 -1 1 -1 -1 -1 1 -1 -1 1 1 1 -1 -1 1 -1 1 -1 1 1 -1 1 -1 -1 -1 1 1 -1 -1 1 1 1 1 -1 1 -1 1 1 -1 -1 1 1 -1 -1 -1 1 -1 1 1 1 -1 1 -1 -1 -1 -1 1 -1 -1 -1 1 -1 -1 1 1 1 -1 -1 1 1 -1 -1 1 -1 -1 -1 1 -1 1 1 -1 -1 1 -1 -1 1 1 -1 1 -1 1 1 -1 -1 1 
-1 -1 -1 -1 1 1 1 -1 -1 -1 -1 1 1 -1 -1 -1 1 1 -1 1 1 1 -1 -1 -1 -1 -1 -1 1 -1 -1 -1 -1 1 1 -1 -1 -1 1 -1 1 1 -1 1 1 1 1 -1 -1 1 -1 -1 1 1 1 -1 1 -1 -1 1 1 1 1 -1 1 -1 1 1 -1 1 1 -1 -1 1 1 -1 -1 -1 -1 1 -1 1 1 -1 1 -1 -1 1 1 1 -1 -1 1 1 -1 1 -1 1 1 1 -1 -1 1 1 1 -1 1 1 1 -1 1 -1 -1 -1 1 1 -1 1 -1 1 1 -1 -1 1 -1 1 1 1 
-1 1 -1 -1 1 1 -1 -1 -1 -1 1 1 -1 1 -1 -1 -1 -1 -1 1 -1 1 -1 1 -1 -1 1 -1 1 1 -1 -1 1 -1 -1 -1 -1 1 -1 1 -1 1 -1 -1 1 -1 -1 1 -1 1 -1 -1 1 1 -1 -1 -1 -1 -1 -1 -1 -1 1 -1 1 1 1 1 -1 1 1 -1 -1 1 1 1 -1 -1 -1 -1 1 1 -1 1 1 1 -1 -1 -1 1 -1 -1 -1 -1 1 1 -1 1 1 -1 1 1 -1 1 -1 -1 -1 1 1 -1 -1 -1 -1 1 1 -1 1 -1 1 -1 -1 1 1 1 1 -1 -1 1 
-1 1 -1 -1 -1 1 -1 1 -1 1 -1 -1 -1 -1 1 1 1 1 1 -1 1 1 -1 -1 -1 1 -1 1 -1 -1 1 1 -1 1 -1 -1 1 -1 1 -1 -1 1 -1 -1 -1 1 1 1 1 -1 1 1 1 1 1 -1 1 1 1 -1 1 -1 -1 -1 -1 1 1 1 -1 -1 -1 -1 1 1 -1 -1 -1 -1 -1 1 1 1 1 1 1 1 -1 -1 1 -1 -1 1 1 -1 -1 -1 -1 -1 -1 -1 1 -1 -1 1 -1 1 1 -1 -1 -1 -1 -1 -1 1 1 1 -1 1 -1 1 1 -1 1 -1 1 1 1 -1 
-1 -1 -1 1 1 -1 1 -1 1 1 -1 1 1 -1 1 -1 -1 -1 1 -1 1 -1 -1 -1 -1 -1 1 -1 1 -1 -1 -1 -1 1 1 -1 1 1 -1 1 1 1 1 -1 1 1 1 -1 -1 -1 -1 1 -1 -1 1 1 1 1 1 -1 -1 1 -1 -1 -1 -1 1 1 -1 -1 1 1 -1 1 -1 1 -1 -1 1 -1 -1 -1 1 1 -1 1 1 1 -1 1 1 1 1 -1 -1 -1 -1 -1 -1 -1 -1 -1 -1 1 1 -1 -1 1 -1 -1 -1 1 -1 1 -1 1 1 -1 -1 1 1 -1 -1 -1 -1 1 -1 -1 
-1 -1 -1 -1 1 1 1 -1 -1 1 -1 1 1 -1 -1 -1 1 1 -1 -1 -1 -1 -1 1 1 1 -1 1 -1 -1 -1 -1 -1 -1 -1 -1 -1 1 -1 1 -1 -1 -1 1 -1 1 -1 -1 -1 -1 -1 -1 1 -1 -1 -1 -1 -1 -1 -1 1 -1 1 -1 1 1 -1 -1 1 1 -1 -1 1 -1 -1 -1 -1 1 1 1 1 -1 1 1 -1 1 1 -1 -1 -1 1 -1 -1 -1 1 1 1 1 -1 -1 -1 -1 1 1 -1 -1 1 -1 1 -1 1 1 -1 -1 1 1 1 -1 1 1 -1 -1 -1 1 -1 1 -1 -1 
1 1 -1 -1 1 1 1 1 -1 -1 1 1 -1 1 -1 -1 -1 1 -1 -1 -1 1 -1 -1 -1 1 -1 -1 -1 -1 1 1 -1 -1 -1 1 1 1 1 1 1 1 1 -1 1 1 -1 1 -1 1 -1 -1 1 1 1 -1 1 -1 1 -1 1 -1 -1 -1 -1 1 1 1 -1 -1 1 -1 1 -1 -1 1 -1 1 1 -1 -1 1 1 1 -1 1 -1 1 1 -1 1 1 1 1 -1 1 1 -1 1 -1 -1 -1 -1 1 1 -1 -1 1 -1 1 -1 -1 -1 -1 -1 -1 1 -1 -1 1 1 -1 -1 -1 1 -1 1 1 
1 1 1 -1 -1 -1 -1 1 -1 -1 -1 1 -1 1 -1 -1 -1 -1 1 -1 1 1 -1 1 -1 -1 1 -1 -1 1 -1 1 -1 -1 -1 1 1 1 -1 1 1 -1 -1 1 1 1 1 -1 1 1 1 1 1 1 1 1 -1 1 1 -1 1 1 -1 -1 1 1 1 1 -1 1 -1 -1 -1 -1 -1 -1 1 -1 -1 1 -1 -1 -1 -1 -1 -1 1 -1 1 1 1 -1 1 1 1 -1 -1 -1 -1 -1 -1 -1 -1 1 -1 1 1 -1 1 -1 1 -1 -1 -1 -1 -1 1 1 -1 1 -1 -1 -1 -1 -1 1 -1 -1 
1 -1 -1 1 -1 1 -1 1 -1 -1 -1 -1 -1 -1 1 1 -1 1 -1 -1 1 -1 1 1 -1 -1 1 -1 -1 1 1 -1 -1 1 -1 -1 1 1 1 -1 1 1 -1 1 1 1 1 -1 -1 -1 1 -1 1 -1 -1 -1 1 -1 -1 -1 -1 -1 -1 1 -1 1 -1 -1 -1 -1 1 1 -1 -1 1 1 -1 1 -1 1 1 1 1 1 -1 1 1 -1 -1 -1 -1 -1 -1 1 1 -1 1 1 -1 -1 -1 1 -1 -1 -1 1 1 -1 1 -1 -1 -1 1 -1 1 -1 1 1 -1 1 -1 1 1 -1 1 1 -1 1 
-1 -1 -1 1 1 -1 1 -1 -1 -1 1 1 1 1 1 1 -1 -1 -1 -1 1 -1 -1 -1 -1 1 -1 -1 -1 -1 -1 -1 1 1 1 -1 1 1 1 -1 1 -1 1 -1 1 -1 1 -1 -1 -1 1 1 -1 -1 -1 1 -1 1 1 -1 1 -1 1 1 -1 -1 1 -1 -1 1 1 -1 -1 -1 -1 1 1 -1 1 -1 -1 -1 1 1 -1 1 -1 -1 1 -1 1 1 1 1 -1 1 -1 1 1 1 -1 1 1 -1 -1 -1 1 -1 -1 1 -1 1 1 -1 -1 1 1 1 1 -1 1 1 1 1 1 1 1 -1 
1 1 -1 1 -1 -1 -1 1 1 -1 1 -1 1 -1 1 1 1 1 -1 1 -1 1 1 1 1 -1 1 1 -1 -1 -1 1 1 -1 -1 1 1 -1 1 1 1 -1 1 -1 -1 1 1 -1 1 1 -1 -1 1 -1 -1 -1 -1 -1 1 1 -1 1 1 1 -1 1 -1 1 -1 1 -1 1 1 1 -1 1 -1 1 -1 1 1 -1 1 1 1 -1 -1 1 -1 -1 -1 -1 1 -1 1 -1 -1 -1 1 -1 1 1 -1 1 -1 1 1 1 -1 1 -1 -1 -1 -1 -1 1 1 1 -1 1 1 1 1 -1 1 1 -1 1 
-1 -1 1 1 1 1 -1 1 -1 1 1 -1 1 1 1 -1 -1 -1 -1 1 1 -1 -1 -1 1 -1 -1 1 -1 -1 -1 -1 1 -1 -1 1 -1 1 -1 1 1 -1 1 -1 -1 -1 -1 -1 -1 -1 -1 1 1 1 -1 1 -1 -1 1 1 1 1 -1 1 1 1 -1 -1 -1 -1 1 1 -1 -1 -1 1 1 -1 1 -1 -1 -1 -1 -1 -1 -1 1 1 -1 1 1 1 -1 1 -1 1 1 1 1 1 -1 -1 1 -1 1 1 1 -1 -1 1 1 -1 1 1 1 1 1 -1 1 1 -1 1 -1 1 -1 -1 -1 -1 
1 -1 -1 -1 1 1 1 -1 -1 -1 1 1 -1 -1 1 1 -1 1 -1 -1 -1 1 1 1 -1 -1 -1 -1 -1 1 1 -1 -1 1 1 1 1 -1 -1 -1 -1 -1 1 1 1 -1 1 -1 1 1 -1 -1 -1 1 -1 1 1 1 -1 1 -1 -1 -1 1 -1 1 1 1 1 1 1 1 -1 1 1 1 -1 1 -1 1 -1 1 1 -1 -1 -1 -1 -1 1 1 1 1 -1 -1 1 -1 1 -1 1 -1 -1 -1 -1 -1 -1 -1 -1 -1 -1 -1 1 1 -1 -1 -1 1 -1 -1 -1 1 1 1 1 -1 1 -1 1 1 
1 -1 -1 1 -1 1 1 -1 -1 1 1 1 -1 1 -1 1 -1 1 1 1 1 1 -1 -1 -1 -1 1 1 -1 1 1 1 1 1 -1 1 1 1 1 -1 1 -1 1 1 1 1 1 1 1 -1 1 -1 1 -1 -1 1 1 1 1 -1 -1 1 -1 1 1 -1 1 -1 -1 -1 1 -1 -1 -1 -1 1 -1 -1 -1 -1 -1 1 -1 1 1 1 -1 -1 -1 1 -1 -1 -1 1 1 -1 -1 1 1 -1 1 -1 1 -1 1 1 1 -1 -1 -1 -1 1 -1 1 1 1 1 -1 1 1 1 -1 1 -1 1 -1 -1 1 
-1 -1 -1 -1 -1 1 -1 -1 -1 1 1 1 -1 -1 1 -1 -1 -1 -1 -1 1 1 -1 -1 -1 1 -1 1 1 1 1 1 1 -1 1 -1 1 1 1 -1 -1 1 1 1 -1 -1 1 1 1 1 -1 -1 -1 -1 -1 1 1 1 1 -1 1 -1 -1 -1 1 1 1 1 -1 -1 -1 1 1 1 1 1 1 -1 -1 1 1 -1 1 1 -1 1 1 1 -1 -1 1 1 -1 -1 -1 1 -1 -1 1 -1 -1 1 -1 -1 -1 1 -1 -1 1 1 -1 -1 1 -1 1 1 1 1 -1 1 1 -1 -1 1 -1 1 1 -1 
-1 -1 -1 1 -1 -1 1 -1 1 1 -1 -1 1 1 -1 1 1 -1 -1 1 1 1 1 -1 1 -1 1 -1 -1 1 -1 1 1 1 -1 -1 1 1 -1 1 1 1 -1 -1 1 1 -1 -1 -1 1 -1 1 -1 -1 1 1 -1 1 -1 1 -1 1 -1 1 1 1 1 1 -1 1 1 -1 -1 -1 1 -1 1 1 -1 -1 1 -1 -1 1 -1 -1 -1 1 1 1 -1 1 1 1 1 1 -1 1 -1 -1 1 -1 1 1 1 1 -1 -1 1 1 1 -1 -1 1 1 -1 -1 1 1 -1 -1 -1 1 -1 1 1 1 -1 
1 -1 1 -1 1 -1 1 1 -1 -1 -1 1 -1 -1 -1 1 -1 -1 -1 -1 -1 1 1 1 -1 1 -1 1 1 1 1 -1 -1 1 1 -1 -1 -1 1 1 1 -1 -1 -1 -1 -1 -1 1 -1 -1 -1 1 -1 -1 -1 1 1 1 1 1 1 -1 -1 1 -1 -1 1 1 1 -1 1 1 1 1 -1 -1 1 -1 1 1 1 1 1 -1 -1 1 1 1 1 1 1 -1 1 -1 -1 1 -1 1 -1 -1 -1 1 -1 -1 1 -1 -1 -1 1 1 1 1 1 -1 -1 1 1 1 -1 1 1 1 1 -1 1 -1 1 -1 
1 -1 1 -1 1 1 1 -1 -1 1 1 -1 -1 -1 1 -1 -1 1 1 -1 1 -1 -1 -1 1 -1 -1 1 -1 1 1 1 1 1 1 -1 1 -1 1 1 -1 -1 1 -1 -1 1 -1 -1 1 1 1 1 -1 -1 1 -1 -1 -1 1 1 -1 -1 1 -1 -1 1 1 -1 -1 1 1 1 1 -1 -1 1 1 -1 1 -1 -1 1 -1 -1 1 -1 -1 -1 -1 1 -1 1 1 -1 -1 1 -1 -1 1 -1 1 -1 1 -1 1 -1 1 -1 1 1 1 -1 -1 -1 -1 1 -1 1 -1 1 -1 -1 -1 1 -1 1 -1 1 
-1 1 -1 1 1 -1 1 -1 -1 -1 1 -1 1 1 1 -1 1 1 -1 1 1 -1 1 -1 1 1 1 1 -1 1 -1 1 -1 -1 -1 -1 -1 1 1 -1 -1 -1 1 1 1 1 1 1 -1 1 1 -1 1 -1 -1 -1 1 1 1 -1 1 1 -1 1 -1 1 -1 1 -1 -1 -1 1 1 -1 1 1 1 1 1 1 -1 1 1 1 -1 1 -1 -1 1 1 1 -1 1 1 1 1 -1 -1 1 1 1 1 1 1 -1 -1 1 -1 1 -1 -1 -1 -1 -1 -1 1 1 1 1 -1 -1 -1 1 1 -1 1 -1 1 
1 1 1 -1 1 -1 -1 -1 1 -1 1 -1 -1 1 1 -1 1 1 -1 1 -1 -1 -1 1 -1 -1 -1 1 -1 1 -1 -1 1 1 1 1 1 1 -1 -1 1 1 1 -1 1 -1 1 -1 -1 1 1 -1 -1 -1 1 -1 -1 -1 -1 -1 1 -1 -1 1 -1 1 1 1 1 1 1 1 1 -1 -1 1 -1 1 -1 1 1 1 1 -1 -1 1 -1 -1 1 -1 1 1 1 1 1 1 -1 1 1 -1 1 1 1 1 -1 1 1 -1 -1 -1 1 1 -1 -1 1 -1 1 -1 -1 -1 -1 -1 -1 -1 -1 1 1 -1 
-1 -1 -1 -1 -1 -1 -1 1 1 -1 -1 -1 1 1 1 -1 -1 1 1 1 -1 1 -1 1 1 -1 -1 -1 1 -1 1 1 -1 -1 -1 1 1 1 -1 -1 -1 1 -1 1 -1 -1 1 1 1 -1 1 1 1 1 -1 -1 -1 1 1 1 1 -1 -1 1 1 1 1 -1 1 1 -1 1 1 1 1 -1 -1 1 1 1 1 -1 1 -1 -1 1 1 -1 1 1 -1 -1 -1 1 1 1 1 1 -1 -1 -1 -1 -1 1 1 1 -1 -1 1 1 1 -1 -1 -1 -1 -1 1 -1 1 -1 -1 1 1 -1 1 1 1 1 
-1 -1 -1 -1 -1 1 -1 1 1 -1 -1 -1 -1 1 -1 -1 1 -1 -1 1 1 1 1 1 1 1 -1 1 -1 1 1 1 1 -1 -1 1 1 -1 1 -1 -1 1 1 -1 -1 -1 -1 -1 1 -1 1 -1 1 -1 -1 1 -1 1 1 -1 1 1 -1 -1 -1 1 1 1 -1 1 -1 -1 1 1 -1 -1 1 1 1 1 1 1 1 -1 1 -1 -1 1 1 1 -1 -1 1 1 1 1 1 1 -1 -1 1 -1 1 -1 1 -1 1 -1 -1 1 -1 1 -1 1 1 -1 1 -1 -1 -1 -1 1 1 -1 1 -1 -1 -1 
-1 1 1 -1 -1 -1 1 -1 1 -1 -1 1 1 1 -1 1 1 -1 -1 -1 -1 -1 -1 -1 1 -1 1 1 1 1 1 1 -1 1 -1 -1 1 -1 1 -1 1 1 -1 -1 -1 -1 1 -1 -1 1 -1 -1 1 -1 1 -1 1 1 -1 1 1 1 -1 -1 -1 -1 1 -1 1 -1 -1 1 1 -1 -1 -1 -1 1 1 1 1 1 1 -1 1 1 -1 1 -1 -1 -1 -1 -1 1 -1 1 1 1 -1 1 -1 -1 1 -1 -1 1 1 -1 -1 -1 1 1 1 1 -1 1 -1 1 -1 1 1 -1 -1 1 -1 -1 1 -1 
1 1 1 1 -1 -1 -1 1 1 -1 1 1 1 1 -1 -1 -1 -1 -1 -1 -1 -1 1 -1 1 -1 1 1 -1 -1 1 1 1 1 -1 1 1 1 -1 -1 -1 1 1 1 -1 1 -1 1 -1 1 -1 -1 -1 1 -1 -1 1 1 1 1 1 1 1 -1 -1 -1 -1 1 1 1 -1 1 1 -1 1 -1 -1 1 1 -1 1 1 -1 -1 1 1 1 1 1 -1 -1 1 -1 1 1 1 1 1 1 -1 -1 -1 1 1 1 -1 1 -1 -1 -1 1 -1 -1 1 1 -1 1 1 -1 -1 1 -1 1 1 1 -1 -1 1 
-1 -1 -1 -1 1 -1 1 -1 -1 1 -1 1 -1 1 -1 1 1 -1 1 1 1 -1 1 1 -1 1 1 -1 -1 1 -1 -1 -1 -1 -1 -1 1 1 -1 1 -1 1 -1 1 -1 -1 1 -1 1 -1 -1 -1 -1 -1 -1 -1 -1 1 -1 -1 -1 1 1 -1 -1 1 1 -1 1 -1 -1 -1 1 1 1 1 -1 -1 1 1 -1 -1 1 1 -1 -1 -1 1 -1 -1 -1 1 1 -1 1 -1 -1 -1 1 1 -1 -1 -1 1 -1 1 1 1 -1 -1 -1 -1 1 -1 -1 -1 1 1 -1 1 1 -1 -1 1 1 -1 1 1 
-1 1 1 1 -1 -1 1 -1 -1 -1 1 -1 1 -1 -1 -1 -1 1 -1 1 1 -1 1 -1 -1 -1 1 -1 -1 -1 1 -1 -1 1 -1 1 1 1 -1 -1 1 -1 -1 1 1 -1 -1 1 1 1 -1 1 1 -1 1 -1 -1 1 1 -1 1 -1 1 1 1 -1 -1 -1 1 1 -1 1 -1 -1 -1 -1 -1 -1 1 1 -1 1 -1 1 1 -1 -1 -1 -1 -1 -1 -1 1 1 -1 1 -1 1 -1 -1 -1 -1 -1 1 1 -1 -1 1 -1 1 -1 -1 1 1 -1 -1 -1 -1 -1 -1 1 1 1 1 1 -1 -1 -1 
-1 1 1 1 1 1 -1 -1 -1 1 1 1 -1 1 1 1 -1 1 1 -1 1 -1 1 1 1 1 -1 -1 -1 1 1 -1 -1 1 -1 1 -1 1 1 -1 1 1 1 -1 -1 1 1 -1 1 -1 -1 -1 -1 -1 1 -1 1 -1 1 -1 -1 1 -1 1 1 -1 -1 -1 -1 1 -1 1 1 -1 -1 -1 -1 -1 1 -1 -1 1 -1 1 1 1 1 -1 -1 -1 1 1 1 -1 -1 1 -1 1 1 1 1 -1 -1 1 1 -1 -1 -1 1 1 -1 -1 -1 1 1 1 -1 1 1 -1 1 -1 1 1 -1 1 -1 -1 
-1 -1 -1 -1 -1 1 1 1 1 -1 -1 -1 -1 1 -1 -1 -1 -1 1 1 1 1 1 -1 -1 -1 1 -1 -1 -1 1 1 1 -1 -1 -1 1 -1 -1 -1 1 1 1 1 1 -1 -1 -1 -1 -1 1 -1 -1 1 1 1 -1 -1 -1 -1 -1 1 1 -1 -1 1 1 1 1 -1 -1 1 1 1 1 1 -1 -1 -1 1 -1 -1 1 1 -1 1 -1 1 -1 -1 -1 -1 1 1 1 -1 -1 -1 -1 1 -1 1 1 1 1 -1 -1 1 -1 -1 -1 1 -1 -1 -1 1 1 -1 -1 1 1 -1 -1 1 -1 1 1 1 
1 1 1 1 1 -1 1 1 1 1 1 -1 -1 1 -1 -1 1 -1 1 1 1 1 1 1 -1 -1 1 1 -1 -1 1 -1 1 -1 1 -1 -1 -1 1 1 1 -1 -1 1 -1 -1 -1 -1 1 -1 -1 1 1 1 -1 1 1 1 -1 1 1 1 -1 -1 -1 1 -1 1 1 1 1 1 1 -1 1 -1 -1 1 1 1 -1 -1 1 -1 -1 1 1 -1 -1 1 1 1 -1 1 -1 -1 -1 1 1 -1 -1 -1 1 1 -1 -1 1 1 1 1 -1 -1 1 1 -1 -1 1 1 1 1 1 1 -1 -1 1 -1 -1 1 
1 -1 1 1 1 1 -1 -1 -1 1 1 -1 -1 -1 1 1 -1 1 1 -1 -1 1 -1 1 1 1 1 -1 1 1 1 1 -1 1 1 -1 1 -1 -1 -1 -1 1 -1 1 1 1 -1 -1 1 -1 -1 1 -1 1 -1 1 1 1 1 -1 -1 -1 1 -1 -1 -1 -1 1 -1 -1 -1 -1 -1 1 1 1 -1 1 -1 1 1 -1 1 1 -1 -1 -1 -1 -1 1 -1 1 1 -1 -1 -1 -1 -1 1 -1 1 1 1 1 -1 1 -1 -1 1 -1 1 1 1 -1 -1 -1 1 1 1 1 -1 1 1 -1 -1 1 -1 1 
1 -1 1 1 -1 1 -1 -1 -1 -1 -1 -1 1 1 1 1 1 -1 -1 -1 -1 -1 1 -1 1 1 1 -1 -1 1 1 -1 -1 -1 1 1 -1 -1 -1 -1 -1 -1 -1 1 -1 -1 1 -1 -1 -1 1 1 1 1 1 -1 -1 1 1 -1 -1 1 -1 1 1 -1 1 1 -1 -1 1 -1 -1 1 -1 1 1 -1 1 -1 -1 -1 1 -1 1 1 -1 1 1 -1 1 -1 -1 1 1 1 1 1 1 1 -1 1 -1 -1 -1 1 -1 1 -1 -1 1 1 1 1 -1 -1 -1 1 -1 -1 -1 -1 -1 1 -1 1 -1 1 
1 -1 1 -1 1 1 1 -1 -1 -1 -1 -1 1 -1 -1 -1 1 -1 1 -1 1 -1 1 1 1 -1 1 1 -1 1 1 -1 -1 -1 -1 -1 -1 -1 1 -1 1 -1 1 -1 -1 1 -1 -1 1 1 1 -1 -1 1 -1 -1 1 1 -1 -1 1 1 -1 -1 -1 -1 -1 -1 1 -1 -1 -1 -1 1 1 -1 -1 1 1 1 -1 -1 -1 1 1 1 1 1 1 -1 1 -1 1 1 -1 -1 -1 1 -1 1 -1 -1 1 1 -1 -1 -1 -1 1 -1 1 -1 1 -1 -1 1 -1 1 1 1 -1 -1 -1 -1 1 -1 1 1 
-1 1 -1 1 1 1 -1 -1 -1 1 -1 -1 -1 1 1 1 -1 1 -1 1 -1 1 1 -1 -1 -1 -1 1 -1 -1 1 -1 1 -1 1 1 1 1 1 1 -1 -1 -1 -1 1 -1 -1 -1 -1 -1 1 1 1 -1 -1 -1 1 1 1 1 -1 -1 1 -1 -1 -1 1 1 -1 -1 1 -1 -1 1 1 1 -1 1 -1 -1 -1 -1 1 -1 -1 -1 -1 1 -1 -1 -1 1 -1 -1 1 1 1 -1 -1 1 -1 1 -1 1 -1 1 1 1 1 1 -1 1 -1 1 1 1 -1 -1 -1 1 1 -1 -1 -1 1 1 1 -1 
-1 -1 1 1 1 -1 -1 -1 1 1 1 -1 1 -1 1 -1 1 -1 -1 1 1 1 -1 -1 1 -1 1 1 -1 1 -1 1 -1 -1 -1 1 1 1 -1 1 -1 1 -1 -1 -1 1 1 -1 -1 1 -1 1 1 -1 1 1 -1 1 -1 -1 -1 -1 1 -1 -1 1 1 1 1 -1 -1 -1 1 -1 -1 -1 -1 1 1 -1 -1 -1 -1 -1 1 1 -1 1 1 -1 -1 -1 1 1 1 -1 -1 -1 1 1 1 -1 -1 1 -1 1 1 -1 -1 1 -1 1 1 1 1 -1 -1 -1 -1 -1 -1 1 -1 -1 1 1 -1 1 
-1 -1 1 1 -1 -1 -1 1 1 -1 1 -1 1 -1 1 -1 1 1 1 -1 -1 1 1 -1 -1 -1 1 1 -1 -1 1 -1 1 -1 -1 1 1 1 1 1 -1 1 -1 1 1 1 1 1 1 -1 -1 1 1 1 1 1 1 1 -1 -1 -1 1 -1 -1 1 1 -1 1 -1 1 1 1 1 1 1 -1 1 -1 -1 1 1 -1 -1 -1 -1 -1 -1 1 1 -1 -1 1 -1 1 -1 -1 1 -1 -1 -1 1 1 1 -1 1 -1 -1 1 -1 -1 -1 1 1 -1 -1 1 -1 -1 1 1 1 -1 -1 -1 -1 -1 1 1 
-1 1 1 1 1 -1 -1 -1 1 -1 -1 1 -1 1 -1 -1 1 1 -1 -1 -1 1 1 1 -1 -1 1 1 -1 1 1 -1 1 1 1 -1 1 1 -1 1 1 1 -1 1 1 -1 1 -1 1 1 -1 -1 1 1 -1 1 -1 -1 1 -1 -1 -1 -1 -1 1 -1 -1 -1 -1 -1 -1 1 -1 1 -1 -1 1 1 1 1 1 1 1 1 -1 -1 -1 1 -1 1 1 1 1 1 -1 1 -1 1 -1 1 1 -1 -1 -1 -1 1 -1 -1 -1 -1 -1 -1 -1 1 1 1 -1 1 -1 -1 1 1 -1 1 -1 1 -1 1 
1 1 -1 1 -1 1 1 1 -1 -1 1 1 -1 -1 1 -1 1 -1 1 1 -1 1 1 1 1 -1 -1 -1 -1 -1 -1 -1 -1 1 1 1 -1 -1 1 1 1 -1 -1 1 -1 1 1 -1 -1 -1 -1 1 -1 -1 -1 1 -1 -1 -1 -1 -1 -1 1 -1 -1 1 -1 -1 1 1 -1 -1 1 -1 1 -1 1 1 1 1 1 1 1 1 -1 -1 1 -1 -1 1 -1 1 1 1 1 -1 -1 1 1 -1 -1 -1 1 1 1 1 -1 1 1 1 -1 1 1 1 -1 -1 -1 1 -1 1 1 -1 -1 -1 -1 1 1 1 
-1 1 -1 1 1 -1 -1 1 -1 1 1 -1 -1 -1 -1 1 -1 1 -1 1 -1 -1 -1 -1 1 -1 1 -1 1 1 1 -1 1 -1 1 -1 -1 1 -1 1 -1 1 1 1 1 1 1 -1 1 -1 -1 1 -1 -1 1 -1 -1 -1 -1 -1 -1 -1 -1 -1 -1 -1 1 -1 1 -1 -1 -1 1 -1 -1 -1 -1 -1 1 -1 -1 -1 -1 1 -1 1 -1 -1 -1 -1 1 -1 1 1 -1 1 -1 1 -1 -1 1 -1 1 -1 -1 1 1 -1 1 1 -1 1 -1 -1 -1 1 -1 1 1 1 -1 1 -1 -1 1 -1 -1 1 
1 1 -1 1 -1 1 -1 1 -1 -1 1 1 1 1 1 1 1 1 1 1 -1 1 -1 -1 1 -1 -1 1 -1 -1 1 -1 -1 1 1 -1 1 -1 1 -1 -1 1 -1 -1 1 1 1 1 -1 1 1 1 -1 1 1 -1 -1 1 -1 -1 -1 1 -1 -1 -1 -1 -1 -1 1 -1 1 -1 1 1 -1 -1 1 -1 1 -1 -1 -1 1 -1 1 1 1 1 1 1 1 -1 1 -1 -1 -1 1 1 -1 1 1 1 1 1 1 1 -1 -1 -1 1 -1 1 1 -1 1 1 1 -1 -1 1 1 1 -1 1 -1 1 1 -1 
-1 1 -1 1 1 -1 1 1 -1 -1 1 1 -1 1 -1 1 1 -1 1 -1 1 1 -1 1 1 1 -1 -1 1 -1 -1 -1 1 1 -1 -1 -1 -1 -1 -1 1 -1 -1 -1 -1 -1 1 1 1 -1 1 -1 1 -1 -1 1 1 -1 -1 1 -1 -1 -1 -1 -1 1 1 -1 1 -1 -1 1 1 1 -1 1 1 -1 -1 -1 1 1 -1 -1 -1 1 1 -1 1 1 1 -1 1 1 -1 -1 1 1 -1 1 -1 -1 1 -1 1 -1 -1 -1 1 1 -1 1 -1 1 -1 1 1 -1 -1 -1 -1 1 1 -1 1 1 -1 1 
-1 -1 -1 -1 1 1 -1 -1 -1 -1 1 -1 1 1 1 1 1 1 1 1 1 -1 -1 1 -1 -1 -1 -1 -1 -1 -1 1 1 1 1 1 1 -1 1 1 -1 1 1 1 -1 -1 -1 -1 1 1 -1 -1 -1 1 -1 -1 -1 -1 -1 -1 -1 -1 -1 1 -1 1 -1 1 -1 -1 1 1 -1 1 1 1 -1 -1 -1 1 -1 1 1 -1 -1 -1 -1 -1 1 -1 -1 1 1 1 1 -1 1 1 -1 -1 1 -1 1 1 -1 1 -1 -1 -1 1 1 1 1 -1 -1 1 1 1 -1 -1 -1 -1 -1 1 1 -1 1 -1 
1 1 1 1 -1 -1 -1 1 -1 -1 1 1 1 -1 1 1 -1 -1 -1 1 1 1 -1 1 1 1 -1 -1 1 -1 1 -1 -1 -1 1 -1 1 1 1 -1 -1 -1 -1 1 -1 -1 -1 -1 1 1 -1 -1 -1 1 -1 -1 -1 1 1 -1 -1 -1 -1 -1 -1 1 -1 -1 -1 -1 -1 1 1 1 -1 -1 1 -1 1 1 1 -1 1 -1 1 1 1 1 1 1 1 1 -1 1 -1 -1 -1 -1 1 1 1 1 1 1 -1 -1 1 1 -1 1 1 1 -1 -1 -1 1 -1 1 -1 -1 1 -1 1 -1 -1 -1 -1 1 
-1 -1 1 1 -1 -1 1 1 1 1 1 -1 1 -1 1 1 -1 -1 1 1 -1 -1 -1 1 -1 1 1 -1 1 1 1 1 -1 1 1 1 -1 1 1 -1 1 1 1 1 1 -1 -1 1 -1 -1 1 1 -1 -1 -1 -1 1 1 -1 1 -1 -1 1 1 1 1 1 1 1 -1 -1 -1 1 1 1 1 1 -1 1 1 -1 1 -1 -1 1 1 -1 -1 1 1 1 1 1 -1 1 -1 -1 1 1 -1 -1 1 1 1 1 -1 1 1 -1 -1 1 1 -1 1 -1 1 -1 -1 1 1 -1 -1 1 1 -1 1 -1 -1 
1 -1 1 1 1 -1 -1 1 1 1 1 1 -1 -1 -1 -1 -1 -1 1 -1 -1 -1 1 -1 1 1 1 1 -1 1 1 -1 1 -1 -1 1 1 1 1 1 1 -1 1 1 1 1 -1 1 -1 -1 1 -1 -1 1 -1 1 1 -1 -1 -1 1 -1 1 -1 -1 1 1 -1 -1 1 1 1 -1 -1 -1 1 -1 -1 -1 -1 -1 -1 -1 1 1 1 -1 1 1 1 -1 1 1 1 -1 -1 1 -1 -1 -1 -1 1 1 1 1 1 1 -1 -1 -1 -1 1 -1 -1 -1 -1 1 1 1 1 -1 -1 1 1 1 1 -1 -1 
1 1 -1 -1 1 -1 -1 -1 1 -1 -1 1 -1 -1 1 1 -1 -1 1 -1 -1 -1 -1 1 1 1 1 1 -1 1 1 -1 -1 1 -1 1 -1 1 1 1 -1 1 1 -1 1 -1 1 -1 -1 -1 1 1 1 1 -1 1 1 1 -1 -1 -1 -1 -1 1 -1 1 -1 1 1 1 1 1 1 -1 -1 -1 1 -1 -1 1 -1 1 1 -1 -1 1 1 -1 1 -1 -1 1 1 1 -1 -1 -1 -1 -1 -1 1 -1 1 1 -1 1 1 -1 -1 -1 1 -1 -1 -1 -1 -1 1 -1 -1 -1 -1 1 -1 1 1 -1 1 1 
-1 1 -1 1 -1 -1 1 1 -1 1 1 -1 -1 1 -1 1 1 -1 1 1 1 1 1 -1 -1 -1 -1 -1 1 -1 -1 -1 -1 -1 -1 1 -1 -1 -1 1 -1 -1 1 1 -1 1 1 1 1 -1 1 1 -1 -1 1 -1 1 -1 -1 1 1 1 1 -1 -1 1 -1 1 1 -1 1 -1 -1 1 1 1 -1 1 1 -1 1 -1 -1 1 -1 -1 -1 -1 -1 1 1 -1 1 -1 1 1 -1 -1 1 1 1 -1 1 1 1 -1 1 -1 1 1 -1 1 1 1 -1 -1 1 -1 -1 -1 1 -1 -1 -1 -1 1 1 -1 
-1 -1 -1 -1 -1 -1 -1 1 1 -1 -1 -1 1 -1 1 -1 -1 1 -1 1 1 -1 1 1 1 1 -1 -1 1 -1 1 -1 1 1 -1 1 -1 -1 1 -1 1 -1 1 1 1 -1 1 -1 1 1 -1 1 -1 -1 -1 -1 -1 1 -1 1 -1 -1 -1 -1 -1 -1 1 1 -1 -1 -1 1 1 1 1 -1 -1 1 1 1 -1 1 1 -1 -1 1 1 -1 1 -1 1 1 -1 1 -1 -1 -1 -1 1 -1 -1 -1 -1 -1 -1 1 1 1 1 -1 1 1 -1 1 1 1 -1 -1 1 -1 1 1 -1 -1 1 -1 -1 1 
-1 -1 -1 -1 -1 -1 1 1 1 -1 1 1 -1 1 1 -1 -1 1 -1 -1 -1 -1 -1 1 1 1 -1 1 -1 1 -1 1 1 -1 1 1 1 -1 1 1 1 -1 1 -1 -1 -1 -1 -1 -1 -1 -1 1 -1 1 -1 1 -1 1 -1 -1 -1 1 -1 1 -1 -1 1 1 1 -1 -1 1 1 -1 -1 -1 1 -1 1 -1 -1 1 1 1 1 -1 -1 1 -1 -1 1 1 -1 -1 -1 -1 -1 -1 -1 -1 1 -1 -1 1 1 1 -1 -1 1 1 1 1 -1 1 1 1 1 -1 1 -1 1 -1 -1 -1 1 -1 1 -1 
-1 1 1 1 -1 1 1 1 -1 -1 1 1 -1 1 1 1 1 1 -1 -1 1 -1 1 -1 -1 -1 -1 1 -1 -1 -1 1 -1 1 1 1 -1 1 -1 1 1 1 1 1 -1 1 1 -1 1 1 1 1 -1 -1 -1 -1 -1 1 1 -1 -1 -1 1 1 1 -1 1 1 -1 1 1 -1 -1 -1 -1 1 -1 -1 -1 1 -1 1 1 1 1 -1 -1 -1 1 -1 1 1 1 -1 1 -1 1 1 -1 -1 1 -1 1 -1 -1 -1 1 -1 1 1 -1 1 1 1 -1 -1 1 -1 1 -1 -1 1 1 -1 -1 1 1 -1 
-1 -1 1 1 1 -1 1 1 1 -1 -1 1 1 1 -1 1 -1 1 1 -1 1 -1 1 -1 -1 -1 1 -1 1 1 -1 -1 -1 1 -1 -1 -1 1 -1 1 1 1 1 1 1 1 1 1 -1 1 1 1 -1 -1 -1 -1 1 1 -1 1 1 1 1 -1 1 1 -1 1 -1 1 1 -1 1 -1 -1 -1 -1 1 1 -1 1 -1 -1 -1 1 -1 -1 -1 -1 -1 1 -1 -1 -1 -1 -1 -1 -1 1 -1 1 1 1 1 1 1 1 -1 1 1 -1 1 1 -1 1 1 -1 -1 1 1 1 1 -1 -1 1 -1 -1 1 
1 -1 -1 1 -1 -1 1 -1 1 1 -1 1 1 1 -1 -1 1 -1 -1 1 1 -1 -1 1 1 1 1 1 -1 -1 -1 -1 -1 1 -1 1 -1 1 -1 1 -1 -1 -1 1 1 -1 -1 1 -1 -1 1 -1 1 1 1 1 -1 1 1 -1 -1 1 1 1 1 1 -1 -1 1 1 -1 -1 -1 -1 -1 1 -1 -1 1 1 -1 -1 1 1 1 -1 1 1 -1 1 -1 1 1 1 -1 1 1 1 1 -1 -1 1 1 1 -1 -1 -1 -1 1 -1 1 -1 -1 1 1 -1 -1 1 1 1 1 1 -1 1 -1 -1 1 1 
-1 -1 1 1 -1 1 1 -1 -1 -1 -1 -1 -1 -1 -1 1 1 1 -1 1 1 1 -1 1 1 1 -1 -1 -1 -1 -1 1 -1 -1 -1 1 -1 1 1 -1 -1 1 -1 1 -1 -1 1 1 -1 -1 1 1 1 -1 1 1 -1 1 -1 1 -1 -1 -1 1 -1 1 -1 -1 1 1 -1 -1 -1 -1 -1 1 -1 1 -1 1 -1 1 1 1 -1 -1 1 -1 1 1 1 -1 -1 -1 1 1 1 -1 1 1 -1 -1 1 1 -1 -1 1 1 1 1 1 1 -1 -1 1 -1 -1 1 1 1 1 1 1 -1 -1 1 1 -1 
-1 -1 -1 -1 -1 1 -1 1 1 -1 -1 1 1 -1 -1 1 -1 -1 -1 -1 1 -1 -1 -1 -1 1 -1 1 -1 1 -1 1 1 1 1 1 1 1 -1 -1 1 1 1 -1 -1 -1 -1 1 -1 -1 1 -1 1 1 -1 1 -1 -1 -1 -1 -1 -1 1 1 -1 1 1 -1 1 -1 -1 1 -1 1 1 1 -1 -1 -1 -1 -1 1 1 1 -1 -1 -1 -1 1 -1 -1 -1 1 1 -1 -1 -1 1 -1 -1 1 -1 -1 -1 -1 1 -1 -1 1 1 1 1 -1 1 -1 1 1 -1 1 -1 1 -1 1 1 1 -1 1 -1 
1 1 -1 -1 -1 1 -1 1 1 1 1 -1 -1 1 1 1 1 -1 -1 1 1 1 1 -1 -1 -1 -1 -1 -1 -1 1 -1 1 -1 1 -1 -1 1 1 1 1 1 -1 -1 1 -1 -1 -1 -1 -1 -1 -1 -1 1 -1 -1 -1 1 1 1 -1 1 1 -1 1 1 -1 1 -1 -1 1 -1 -1 -1 -1 -1 -1 1 1 -1 1 -1 -1 -1 1 1 1 1 1 1 -1 1 -1 1 -1 -1 -1 1 -1 1 1 -1 1 -1 -1 1 1 1 1 1 -1 -1 1 -1 1 -1 1 1 -1 -1 1 -1 1 -1 1 -1 1 -1 
-1 1 -1 1 1 1 1 1 1 1 -1 -1 -1 1 -1 -1 1 -1 -1 -1 1 1 -1 -1 -1 -1 -1 -1 1 1 -1 1 -1 1 -1 1 -1 -1 1 -1 -1 1 1 1 1 1 1 -1 -1 -1 -1 1 1 -1 1 1 1 -1 1 1 -1 -1 -1 -1 -1 -1 -1 -1 1 1 -1 -1 1 -1 1 -1 1 1 -1 1 1 -1 -1 -1 1 -1 -1 1 1 1 1 1 1 1 1 -1 1 1 -1 -1 1 1 -1 -1 1 1 -1 -1 1 1 1 1 -1 -1 1 -1 -1 1 1 -1 1 1 -1 1 1 -1 1 -1 
-1 1 -1 1 1 -1 1 1 1 -1 -1 -1 1 -1 -1 1 -1 1 1 1 -1 -1 1 1 -1 -1 -1 1 1 1 -1 -1 1 -1 1 -1 -1 -1 -1 1 1 1 -1 1 1 1 1 1 1 1 -1 1 -1 1 1 -1 1 -1 1 1 1 1 -1 -1 1 1 -1 -1 1 1 1 -1 1 1 -1 -1 1 -1 -1 -1 -1 -1 -1 -1 1 1 -1 -1 1 1 -1 -1 1 -1 1 -1 -1 1 1 1 -1 -1 1 -1 1 1 1 1 1 -1 1 -1 -1 1 1 1 -1 -1 -1 1 1 -1 -1 1 1 -1 -1 1 
1 1 -1 -1 -1 -1 -1 1 1 -1 1 1 1 -1 1 1 -1 -1 1 -1 -1 1 -1 -1 1 -1 1 -1 1 -1 1 1 -1 1 -1 1 -1 1 -1 1 -1 1 1 1 1 1 -1 1 1 -1 1 1 1 -1 1 -1 -1 1 1 1 -1 -1 -1 1 1 1 -1 1 -1 1 -1 1 -1 1 1 -1 -1 1 -1 1 1 1 1 -1 1 1 1 -1 1 1 -1 -1 -1 -1 -1 1 -1 -1 1 1 1 -1 1 1 1 -1 -1 1 -1 -1 -1 -1 1 1 -1 -1 -1 1 1 -1 -1 -1 1 1 1 -1 -1 -1 
-1 -1 1 -1 1 -1 -1 -1 -1 -1 -1 1 1 1 1 1 1 1 1 -1 1 -1 -1 1 -1 1 1 -1 1 -1 -1 1 -1 1 -1 -1 -1 1 1 1 -1 -1 1 1 1 1 1 -1 -1 -1 -1 -1 1 -1 -1 -1 -1 1 1 1 -1 -1 1 -1 1 -1 -1 -1 1 -1 -1 -1 1 -1 -1 -1 1 1 -1 1 -1 -1 -1 -1 -1 -1 -1 -1 -1 -1 -1 1 1 -1 -1 1 -1 1 -1 -1 -1 1 -1 1 -1 -1 1 -1 1 -1 1 1 1 -1 -1 -1 -1 -1 -1 -1 1 -1 -1 -1 1 -1 1 -1 
-1 -1 -1 -1 1 -1 1 1 -1 -1 -1 1 -1 -1 -1 1 1 1 1 1 1 1 1 1 1 1 1 -1 -1 1 -1 1 -1 -1 -1 1 1 -1 -1 1 1 1 1 -1 1 1 1 -1 1 1 -1 -1 -1 -1 -1 -1 -1 -1 1 1 -1 -1 1 1 -1 1 -1 1 -1 1 1 1 -1 -1 1 1 -1 -1 -1 1 -1 1 1 -1 -1 -1 -1 -1 -1 1 -1 1 1 1 -1 1 -1 1 1 1 -1 1 -1 -1 1 -1 1 1 -1 1 1 -1 1 1 1 -1 -1 1 1 -1 -1 1 -1 1 -1 -1 -1 -1 
-1 1 1 -1 1 1 -1 -1 1 1 -1 1 -1 -1 -1 -1 1 1 1 -1 1 1 -1 1 1 -1 1 1 1 1 -1 1 1 1 -1 1 -1 1 -1 1 -1 1 1 1 1 1 -1 1 -1 -1 1 1 1 1 -1 1 -1 -1 1 1 -1 1 -1 1 1 -1 -1 1 -1 1 1 1 -1 1 1 1 -1 -1 -1 1 -1 1 -1 -1 1 -1 -1 -1 -1 -1 -1 -1 -1 1 -1 1 1 1 1 1 1 1 -1 1 -1 1 -1 -1 1 -1 1 1 1 1 -1 -1 -1 -1 1 1 -1 1 -1 1 -1 1 -1 -1 
-1 1 1 -1 1 1 1 1 1 -1 -1 1 1 1 -1 1 -1 1 1 -1 1 -1 -1 -1 -1 1 1 1 1 1 -1 1 1 1 -1 -1 1 1 1 -1 -1 1 -1 -1 -1 -1 -1 1 1 1 1 -1 1 -1 1 -1 -1 -1 1 1 1 -1 -1 -1 -1 -1 1 -1 1 -1 1 1 -1 1 1 1 -1 -1 -1 -1 -1 -1 -1 -1 1 -1 -1 -1 1 -1 1 1 1 1 -1 1 -1 1 -1 1 -1 1 1 1 -1 -1 1 1 1 -1 -1 -1 1 1 1 1 -1 1 -1 -1 1 1 1 1 1 -1 -1 -1 
-1 -1 -1 -1 -1 1 1 -1 1 1 1 -1 -1 1 -1 1 1 1 -1 -1 -1 -1 -1 1 1 1 1 -1 -1 -1 -1 -1 -1 1 -1 -1 1 -1 -1 -1 1 -1 -1 -1 1 1 1 -1 1 1 -1 -1 -1 1 1 -1 1 -1 -1 -1 -1 1 -1 -1 1 1 1 -1 -1 -1 1 1 1 1 -1 -1 1 1 1 1 -1 -1 1 1 1 -1 1 -1 1 -1 1 -1 -1 -1 1 1 -1 -1 -1 1 -1 -1 -1 -1 1 -1 -1 -1 1 1 1 1 -1 1 -1 -1 1 -1 1 -1 -1 1 -1 1 -1 1 1 -1 
1 1 -1 -1 1 1 1 1 1 -1 1 -1 1 -1 1 -1 1 -1 1 1 -1 1 -1 -1 -1 1 1 1 1 1 -1 1 1 -1 -1 -1 1 1 -1 1 -1 1 1 1 -1 1 1 -1 -1 1 1 1 -1 1 1 -1 1 -1 -1 -1 1 1 1 -1 1 1 1 1 -1 1 -1 -1 -1 -1 -1 -1 1 -1 1 1 -1 -1 -1 -1 -1 -1 -1 1 -1 1 1 1 -1 -1 1 -1 -1 -1 -1 1 -1 -1 1 1 -1 1 -1 1 1 1 -1 -1 -1 1 -1 -1 1 1 -1 1 1 1 1 1 1 -1 -1 -1 
1 1 1 1 -1 -1 -1 -1 1 1 -1 -1 -1 1 1 1 1 1 1 1 1 -1 1 -1 -1 -1 -1 1 1 -1 1 1 -1 -1 1 -1 -1 1 -1 1 -1 -1 -1 1 -1 -1 1 -1 -1 1 -1 1 -1 -1 1 -1 -1 -1 -1 1 -1 1 1 -1 1 -1 -1 1 -1 1 -1 -1 -1 1 1 -1 1 -1 -1 1 -1 -1 -1 -1 1 -1 -1 -1 1 1 -1 -1 1 1 -1 -1 1 1 1 1 -1 -1 1 1 -1 1 1 -1 1 -1 1 1 1 1 -1 1 1 -1 -1 1 1 1 1 1 -1 -1 1 -1 
1 -1 1 -1 -1 1 -1 -1 -1 -1 1 -1 1 1 1 1 -1 1 -1 -1 -1 -1 -1 -1 1 -1 -1 1 -1 1 -1 -1 -1 1 1 -1 -1 1 1 1 -1 -1 -1 -1 1 1 1 1 -1 -1 1 -1 -1 1 1 1 1 1 1 -1 -1 1 -1 -1 1 -1 1 -1 -1 -1 1 -1 -1 1 -1 -1 1 1 -1 -1 -1 -1 -1 -1 -1 1 -1 -1 1 1 1 1 1 1 -1 1 1 -1 -1 1 1 1 -1 1 -1 -1 1 -1 -1 -1 -1 -1 1 1 -1 -1 -1 -1 1 1 -1 -1 -1 -1 -1 1 -1 1 
1 -1 1 1 1 -1 -1 -1 1 -1 1 -1 -1 1 1 1 -1 -1 1 1 -1 1 -1 -1 1 -1 1 -1 -1 1 1 -1 1 -1 -1 1 -1 -1 1 1 -1 1 1 1 1 -1 1 -1 -1 -1 -1 -1 -1 1 1 -1 1 1 -1 -1 -1 1 1 1 1 1 1 1 -1 1 -1 1 -1 -1 1 1 1 1 1 1 -1 -1 -1 1 1 -1 1 1 -1 -1 -1 1 1 1 -1 -1 -1 -1 1 -1 -1 -1 1 -1 -1 1 -1 -1 1 1 -1 1 1 -1 -1 -1 1 -1 -1 -1 1 -1 -1 -1 -1 -1 -1 -1 
-1 -1 -1 -1 1 1 -1 -1 1 1 -1 -1 1 -1 1 -1 -1 1 1 -1 1 -1 1 1 1 1 -1 1 -1 -1 1 -1 -1 -1 1 1 1 -1 1 1 1 1 -1 1 1 -1 -1 -1 -1 -1 -1 1 1 -1 -1 -1 -1 -1 1 1 -1 1 1 -1 1 1 1 -1 1 -1 -1 -1 -1 1 1 -1 1 1 1 1 -1 1 -1 -1 -1 1 1 1 -1 -1 -1 1 -1 1 1 -1 1 -1 1 1 1 1 -1 1 -1 -1 -1 -1 -1 -1 -1 1 -1 1 1 1 -1 -1 1 -1 1 -1 1 1 1 1 1 1 
-1 1 1 -1 1 1 1 1 1 1 -1 -1 1 1 1 1 -1 1 1 -1 1 -1 -1 -1 -1 -1 -1 1 1 1 1 -1 1 -1 1 1 -1 1 -1 1 -1 1 1 -1 -1 -1 -1 -1 -1 1 -1 1 -1 1 1 -1 -1 -1 1 -1 1 1 1 -1 1 1 -1 -1 1 1 1 1 1 -1 1 -1 -1 1 -1 -1 -1 -1 -1 1 1 1 -1 1 -1 -1 -1 1 -1 -1 -1 -1 -1 1 -1 -1 -1 1 1 1 1 -1 1 1 1 1 1 1 -1 -1 -1 1 -1 1 1 -1 -1 -1 1 -1 -1 1 -1 -1 
1 -1 1 1 1 1 1 1 1 1 -1 1 -1 -1 1 -1 1 -1 1 1 1 -1 1 -1 -1 -1 1 1 -1 1 -1 -1 1 -1 1 1 -1 1 1 -1 1 -1 1 -1 -1 -1 1 1 -1 1 -1 1 1 -1 -1 1 -1 1 1 1 -1 -1 -1 1 1 1 1 1 -1 1 1 1 -1 1 -1 -1 1 1 -1 -1 1 1 -1 1 -1 1 -1 1 1 1 1 -1 -1 1 1 1 -1 1 -1 1 1 1 -1 -1 -1 1 -1 1 -1 -1 -1 1 1 1 -1 -1 -1 1 -1 1 -1 -1 1 1 -1 -1 -1 1 
-1 -1 1 -1 1 1 -1 -1 -1 1 -1 1 1 1 -1 1 -1 1 1 1 -1 1 1 -1 1 -1 1 1 -1 1 1 -1 1 1 -1 -1 -1 -1 1 1 1 1 1 -1 1 -1 -1 1 1 1 1 -1 1 -1 1 -1 1 -1 1 1 1 1 1 1 -1 1 1 1 1 -1 -1 1 -1 1 -1 1 -1 1 1 -1 1 1 -1 1 -1 -1 1 1 1 -1 -1 -1 -1 1 1 1 1 -1 -1 1 1 -1 -1 1 1 -1 -1 -1 1 1 -1 -1 1 -1 1 1 -1 1 1 -1 -1 1 1 -1 -1 1 1 -1 
-1 1 1 -1 1 -1 -1 1 1 1 -1 -1 -1 1 -1 -1 -1 1 1 -1 -1 -1 1 1 1 -1 -1 -1 -1 1 1 1 1 -1 1 -1 1 -1 1 -1 -1 1 1 1 1 1 1 -1 1 -1 1 1 -1 1 1 -1 1 1 1 1 1 -1 1 1 1 -1 1 1 -1 1 -1 -1 -1 1 -1 1 1 1 -1 -1 -1 1 1 1 -1 -1 1 1 1 1 -1 1 1 -1 -1 -1 -1 -1 -1 -1 -1 1 -1 1 -1 1 -1 1 -1 -1 -1 -1 1 1 1 1 -1 -1 -1 1 -1 1 -1 1 -1 -1 -1 -1 
1 1 1 -1 -1 1 -1 -1 -1 -1 -1 1 1 1 -1 -1 -1 -1 1 1 1 1 -1 -1 -1 1 -1 -1 1 -1 1 1 -1 1 -1 1 1 -1 1 -1 -1 1 1 1 1 -1 1 1 -1 -1 1 -1 -1 1 -1 1 1 -1 -1 1 -1 -1 -1 1 -1 1 -1 -1 1 -1 -1 1 -1 -1 1 -1 -1 1 1 -1 -1 -1 -1 -1 1 1 -1 -1 -1 1 -1 1 1 -1 -1 -1 1 1 1 1 1 1 1 1 -1 -1 -1 -1 1 1 1 -1 1 1 -1 1 -1 1 1 1 1 -1 -1 1 1 1 -1 1 
1 -1 -1 -1 1 -1 1 -1 -1 1 -1 -1 -1 1 -1 -1 1 1 -1 -1 1 -1 -1 -1 1 1 -1 -1 1 1 -1 -1 1 -1 1 -1 -1 1 1 1 1 1 1 1 1 1 1 -1 1 1 -1 -1 -1 1 -1 1 -1 -1 1 -1 1 -1 -1 -1 -1 -1 -1 -1 1 -1 -1 -1 -1 1 1 -1 -1 -1 -1 1 1 1 1 1 1 -1 -1 1 -1 -1 -1 1 1 -1 -1 1 -1 -1 1 -1 -1 1 -1 1 1 -1 1 1 1 -1 -1 1 -1 -1 1 -1 -1 1 1 1 1 1 1 -1 1 1 -1 -1 
1 1 -1 -1 1 1 1 1 -1 -1 -1 -1 1 -1 1 1 -1 -1 1 -1 -1 -1 1 1 -1 -1 -1 -1 1 1 -1 1 -1 -1 1 1 -1 -1 -1 -1 -1 -1 -1 1 1 1 1 -1 -1 -1 -1 -1 -1 1 -1 1 -1 1 -1 -1 -1 1 1 1 -1 -1 1 -1 -1 -1 -1 1 -1 1 1 -1 -1 1 -1 -1 -1 -1 1 -1 -1 -1 1 1 -1 1 -1 -1 1 -1 1 -1 1 1 -1 1 -1 -1 1 -1 1 1 -1 1 1 -1 1 -1 -1 1 -1 -1 1 1 -1 -1 1 -1 1 -1 -1 -1 -1 1 
1 1 -1 -1 -1 1 -1 -1 1 1 1 -1 -1 1 -1 -1 1 1 1 -1 1 -1 1 1 1 1 -1 -1 1 -1 -1 1 1 -1 1 -1 1 -1 1 1 -1 -1 1 1 1 1 1 -1 1 1 -1 1 -1 1 1 -1 -1 -1 1 1 1 1 1 1 -1 1 -1 -1 -1 -1 -1 1 -1 1 -1 1 1 1 1 -1 1 1 1 1 -1 -1 1 -1 -1 -1 1 1 -1 -1 1 -1 1 1 1 1 1 1 1 -1 1 -1 1 -1 1 1 1 1 -1 -1 -1 -1 -1 -1 1 -1 1 -1 1 1 -1 -1 1 1 
1 -1 1 1 1 -1 1 -1 1 -1 1 -1 1 -1 1 -1 1 1 1 -1 -1 1 1 1 1 1 -1 -1 -1 1 -1 -1 1 1 1 1 1 1 -1 -1 1 1 1 -1 -1 -1 1 1 -1 1 -1 1 1 1 -1 -1 1 -1 -1 1 -1 -1 -1 -1 1 1 -1 -1 1 1 -1 -1 1 1 1 -1 -1 -1 1 1 -1 1 1 -1 -1 -1 1 -1 1 1 -1 -1 -1 -1 1 1 -1 1 1 1 1 -1 -1 -1 -1 1 -1 -1 -1 1 1 1 -1 1 1 -1 -1 1 -1 1 -1 1 1 -1 -1 -1 -1 -1 
-1 1 1 1 1 -1 1 -1 1 -1 -1 1 1 1 -1 -1 -1 1 -1 -1 -1 -1 -1 -1 1 -1 -1 -1 -1 -1 -1 -1 1 -1 1 -1 -1 -1 -1 -1 -1 1 -1 -1 -1 1 -1 1 -1 1 1 -1 -1 1 1 1 1 -1 1 -1 -1 1 1 -1 1 -1 -1 -1 1 -1 -1 -1 -1 -1 1 -1 1 -1 1 1 -1 1 1 1 1 1 1 1 -1 1 -1 1 1 -1 1 -1 1 1 1 1 -1 1 1 -1 1 1 -1 1 1 1 -1 1 -1 -1 -1 -1 1 1 1 1 1 1 -1 -1 1 -1 1 -1 
1 1 1 -1 1 -1 -1 -1 -1 1 -1 1 1 -1 -1 -1 1 -1 1 -1 -1 -1 1 -1 -1 1 1 -1 -1 -1 -1 -1 -1 1 -1 -1 1 -1 1 -1 1 1 1 -1 1 -1 -1 -1 -1 1 -1 -1 1 -1 -1 -1 1 1 1 -1 1 1 -1 1 1 -1 -1 1 1 -1 1 1 1 -1 -1 1 1 1 -1 1 -1 -1 1 -1 -1 -1 -1 1 -1 1 -1 1 1 -1 1 -1 -1 1 1 -1 -1 1 1 -1 -1 1 1 1 -1 -1 -1 -1 -1 -1 1 -1 -1 -1 -1 -1 1 -1 -1 1 1 1 -1 1 
1 1 -1 -1 -1 1 -1 -1 1 -1 -1 -1 1 1 1 -1 1 1 -1 1 -1 1 1 1 -1 1 -1 -1 -1 -1 -1 1 1 1 -1 -1 -1 1 -1 1 -1 1 1 -1 -1 -1 -1 -1 -1 -1 1 -1 1 1 -1 1 -1 1 -1 -1 -1 1 -1 -1 1 1 1 -1 -1 -1 -1 -1 1 1 -1 -1 -1 1 -1 -1 1 1 1 1 -1 -1 -1 1 -1 1 1 1 -1 1 1 1 -1 1 -1 1 1 -1 -1 1 1 1 -1 -1 1 -1 -1 -1 1 -1 1 1 1 -1 1 -1 -1 -1 1 -1 -1 1 1 -1 
-1 1 -1 1 1 -1 -1 -1 1 1 -1 -1 1 1 -1 -1 -1 1 -1 1 -1 -1 1 1 1 -1 -1 -1 1 -1 -1 -1 1 -1 1 -1 1 -1 1 -1 1 1 1 -1 1 1 1 -1 -1 -1 1 1 1 -1 1 -1 -1 1 -1 1 1 1 1 1 1 1 1 1 1 -1 -1 1 1 1 1 -1 1 -1 1 1 -1 -1 -1 1 -1 1 1 -1 1 -1 1 -1 -1 -1 1 -1 1 1 -1 1 1 -1 -1 -1 -1 1 -1 -1 1 1 -1 -1 1 1 -1 -1 -1 1 -1 1 1 1 1 1 1 1 1 -1 
-1 1 -1 1 -1 -1 1 1 -1 -1 1 -1 -1 1 -1 1 -1 -1 1 -1 1 1 -1 -1 1 1 1 1 1 1 1 -1 -1 1 -1 -1 -1 -1 1 -1 -1 1 1 1 -1 -1 1 1 1 1 1 1 1 -1 1 1 1 -1 -1 1 -1 1 -1 1 1 1 1 1 1 -1 1 -1 1 1 1 -1 -1 -1 -1 1 1 -1 1 1 -1 1 1 1 -1 1 1 -1 1 1 1 1 -1 -1 -1 -1 -1 1 -1 -1 1 -1 -1 -1 -1 1 1 1 -1 1 1 1 -1 -1 -1 -1 1 1 -1 -1 1 1 1 -1 
1 1 1 1 1 -1 1 -1 -1 -1 -1 -1 1 1 1 -1 -1 1 1 -1 -1 -1 -1 -1 1 -1 -1 1 -1 1 -1 -1 -1 -1 1 -1 1 -1 1 1 1 -1 -1 1 1 -1 1 -1 1 1 1 -1 -1 -1 -1 -1 -1 1 -1 1 -1 1 1 -1 -1 1 1 -1 1 -1 1 -1 1 -1 -1 -1 -1 1 1 1 -1 1 -1 -1 1 -1 -1 -1 -1 -1 1 -1 1 -1 -1 1 1 1 -1 1 -1 1 -1 1 1 1 -1 -1 -1 -1 -1 1 -1 -1 -1 1 -1 -1 1 1 -1 1 1 1 1 -1 -1 1 
1 1 -1 1 1 -1 1 -1 1 1 1 1 1 1 -1 -1 -1 1 -1 1 -1 -1 -1 1 -1 -1 1 -1 -1 -1 1 1 -1 1 1 -1 1 1 1 -1 -1 -1 1 1 -1 1 -1 1 -1 -1 -1 -1 1 1 -1 1 1 -1 1 1 1 1 -1 1 -1 -1 1 1 -1 1 1 -1 1 -1 -1 1 1 1 1 -1 -1 -1 1 -1 -1 1 1 -1 1 -1 -1 1 -1 1 -1 -1 1 -1 1 1 1 1 1 -1 1 1 1 1 1 1 1 1 -1 1 -1 1 -1 1 -1 1 1 -1 1 -1 1 1 -1 1 
1 -1 1 -1 -1 -1 1 -1 1 -1 1 -1 1 -1 -1 -1 1 -1 1 -1 1 1 1 -1 1 -1 1 -1 1 -1 1 1 1 1 1 -1 1 -1 -1 -1 1 1 1 -1 1 1 1 1 -1 -1 -1 1 -1 -1 -1 1 1 -1 -1 -1 1 -1 -1 -1 1 1 1 1 1 1 -1 1 1 -1 1 -1 1 -1 1 -1 1 1 -1 1 -1 -1 1 1 -1 -1 1 -1 -1 -1 -1 1 -1 1 -1 -1 1 -1 -1 -1 -1 1 1 -1 -1 -1 -1 1 1 1 1 1 1 1 -1 -1 -1 -1 -1 1 1 -1 -1 -1 
1 1 1 1 -1 1 -1 1 1 1 1 1 -1 -1 -1 1 1 1 -1 1 -1 1 1 -1 1 1 -1 1 -1 1 -1 -1 -1 1 -1 -1 -1 -1 -1 -1 -1 -1 -1 -1 -1 -1 -1 1 1 -1 1 1 -1 1 -1 1 -1 1 -1 1 -1 -1 -1 -1 1 1 -1 -1 -1 1 -1 -1 -1 -1 1 -1 1 -1 1 1 -1 1 -1 1 -1 1 -1 -1 -1 -1 1 1 -1 1 -1 1 1 -1 -1 1 1 -1 -1 -1 -1 1 -1 -1 1 -1 -1 1 1 -1 1 -1 -1 1 -1 1 1 1 1 1 1 1 -1 -1 
-1 1 -1 -1 -1 -1 -1 1 -1 1 1 1 1 -1 -1 1 -1 -1 -1 1 1 1 1 -1 1 1 -1 -1 1 -1 1 1 -1 -1 -1 -1 -1 1 1 1 1 1 -1 1 -1 -1 -1 -1 -1 1 -1 1 1 -1 1 1 -1 -1 -1 1 1 -1 1 -1 -1 -1 -1 -1 1 1 1 1 1 1 1 1 1 1 1 -1 1 -1 1 1 1 1 1 -1 1 -1 1 -1 1 -1 1 1 1 1 -1 1 -1 1 1 -1 -1 1 -1 1 1 -1 1 1 -1 1 1 -1 1 1 1 1 1 1 1 1 -1 1 1 1 
1 1 1 1 -1 -1 -1 1 1 1 1 -1 1 -1 1 1 1 -1 -1 -1 1 -1 -1 1 -1 -1 -1 -1 -1 1 -1 -1 1 1 1 -1 -1 1 1 1 1 -1 -1 1 1 -1 -1 -1 1 1 -1 1 -1 -1 -1 1 1 -1 -1 1 1 1 1 1 1 -1 -1 -1 1 -1 1 1 1 -1 1 1 1 1 -1 -1 -1 1 -1 -1 1 1 -1 -1 1 -1 1 -1 1 -1 1 -1 -1 1 1 1 -1 -1 1 1 -1 1 -1 -1 -1 -1 -1 1 1 1 1 1 -1 -1 1 1 1 -1 1 1 -1 1 1 1 
1 1 -1 1 1 1 1 -1 -1 -1 -1 1 1 1 1 -1 -1 1 1 -1 1 1 1 -1 1 -1 -1 -1 1 -1 1 -1 -1 -1 1 1 -1 -1 1 1 1 -1 1 1 -1 1 1 -1 -1 -1 -1 -1 1 1 1 -1 -1 -1 -1 -1 -1 -1 -1 1 1 1 -1 1 -1 1 1 -1 -1 1 1 1 -1 1 1 -1 1 1 1 -1 1 -1 1 -1 -1 -1 1 -1 -1 -1 1 -1 1 1 1 -1 -1 -1 -1 1 -1 1 -1 -1 1 -1 -1 1 1 1 1 -1 -1 1 1 1 1 -1 -1 1 1 1 1 1 
1 -1 -1 1 1 -1 -1 1 1 -1 -1 1 1 -1 1 1 1 -1 -1 -1 -1 -1 1 1 -1 -1 -1 1 1 -1 -1 -1 1 -1 -1 1 1 -1 -1 1 -1 -1 1 -1 1 1 -1 -1 -1 -1 1 -1 1 1 -1 1 1 1 -1 1 1 1 1 1 1 1 1 -1 1 1 1 1 1 -1 1 1 -1 1 -1 -1 1 -1 1 -1 1 -1 1 -1 1 1 1 1 -1 -1 -1 1 -1 1 1 1 -1 -1 -1 1 1 1 1 1 1 1 1 1 -1 -1 1 -1 1 -1 1 1 -1 -1 -1 -1 -1 1 -1 1 
-1 -1 -1 1 -1 -1 -1 1 1 1 -1 -1 1 -1 1 -1 1 -1 1 -1 1 1 1 1 -1 -1 -1 -1 -1 -1 -1 1 1 -1 1 -1 -1 1 -1 1 -1 -1 -1 -1 -1 1 -1 1 1 -1 -1 1 1 1 1 -1 1 1 -1 1 -1 1 -1 1 -1 -1 -1 -1 1 -1 -1 1 1 -1 -1 -1 1 -1 -1 1 1 1 1 1 -1 -1 1 1 1 -1 -1 1 1 1 1 -1 -1 -1 -1 -1 -1 1 1 -1 -1 -1 1 1 -1 1 1 -1 -1 -1 -1 -1 -1 1 -1 -1 1 1 -1 1 1 -1 1 1 
-1 1 -1 -1 -1 -1 1 -1 1 1 1 1 -1 1 -1 1 1 -1 1 -1 1 -1 1 -1 -1 1 1 1 -1 -1 -1 -1 -1 -1 1 -1 1 -1 1 -1 -1 -1 -1 -1 1 1 1 -1 1 1 -1 1 -1 1 -1 1 1 -1 1 1 -1 -1 1 -1 -1 1 -1 -1 1 1 1 1 -1 1 -1 1 -1 -1 1 1 -1 1 1 1 1 1 1 1 -1 1 -1 1 -1 1 1 -1 1 -1 1 -1 -1 -1 1 1 -1 1 1 -1 1 1 1 -1 -1 -1 1 -1 1 -1 1 -1 -1 -1 -1 1 1 1 -1 1 
1 1 1 -1 -1 -1 -1 -1 -1 -1 -1 1 1 1 -1 1 -1 1 -1 -1 -1 -1 -1 -1 1 1 1 -1 1 -1 -1 1 -1 -1 1 -1 1 1 1 -1 -1 -1 1 -1 1 -1 1 -1 -1 1 -1 -1 -1 -1 -1 1 1 -1 1 -1 -1 1 -1 -1 -1 -1 -1 -1 -1 1 1 -1 1 1 1 -1 1 1 1 -1 -1 1 -1 1 -1 -1 -1 -1 -1 1 -1 -1 1 1 -1 1 -1 -1 1 -1 1 1 -1 1 -1 -1 1 1 1 1 1 1 -1 1 -1 -1 1 1 1 1 -1 -1 1 -1 1 1 1 -1 
1 1 -1 1 -1 1 -1 1 1 -1 -1 -1 -1 1 -1 -1 1 -1 -1 1 -1 1 -1 1 1 -1 1 1 1 -1 -1 -1 1 1 1 1 1 1 -1 1 1 1 -1 -1 -1 1 -1 -1 -1 1 1 -1 -1 -1 1 1 -1 1 1 -1 1 1 1 1 1 1 -1 -1 -1 1 1 -1 1 -1 -1 1 -1 -1 1 -1 -1 -1 -1 1 -1 -1 1 -1 -1 1 1 -1 1 1 1 -1 -1 -1 -1 -1 -1 1 -1 1 1 1 1 -1 -1 1 -1 -1 -1 -1 -1 1 -1 1 1 -1 -1 1 -1 -1 -1 -1 -1 1 
1 1 1 -1 -1 1 1 -1 1 -1 -1 -1 1 -1 -1 -1 -1 1 1 -1 1 -1 -1 -1 -1 1 -1 1 1 1 1 1 1 1 1 -1 1 1 -1 1 -1 1 1 1 1 -1 1 1 -1 -1 1 1 1 -1 -1 -1 -1 -1 -1 -1 -1 1 1 1 -1 -1 1 1 1 -1 1 1 -1 -1 -1 1 1 -1 -1 -1 -1 -1 -1 -1 1 1 1 -1 1 -1 -1 -1 -1 -1 -1 -1 1 -1 -1 1 -1 1 -1 -1 -1 -1 1 -1 1 -1 -1 1 -1 1 1 -1 1 1 1 -1 1 -1 1 1 1 1 1 -1 
-1 -1 1 1 1 1 1 1 1 -1 -1 1 -1 -1 1 1 1 1 1 1 1 1 1 -1 1 -1 1 -1 -1 -1 1 1 1 1 -1 -1 -1 1 1 1 1 1 -1 -1 -1 1 1 1 -1 1 -1 1 1 1 1 -1 -1 -1 1 1 1 -1 -1 1 1 -1 1 -1 -1 -1 -1 -1 -1 1 1 -1 1 1 -1 1 -1 1 -1 1 -1 1 -1 -1 -1 -1 1 1 1 -1 1 1 1 -1 1 1 -1 -1 1 -1 -1 1 1 1 1 -1 1 -1 1 -1 1 1 1 1 -1 1 -1 1 -1 -1 1 -1 -1 -1 
1 -1 1 1 -1 1 1 1 1 1 1 -1 1 1 -1 -1 -1 1 -1 1 1 -1 1 1 -1 1 -1 -1 1 -1 -1 -1 1 -1 1 -1 1 -1 1 -1 -1 1 -1 1 -1 -1 -1 -1 -1 1 -1 1 1 -1 1 -1 -1 1 -1 -1 1 -1 -1 -1 -1 1 1 -1 -1 1 1 1 1 1 1 1 -1 1 -1 1 -1 1 1 -1 1 -1 -1 1 -1 1 1 -1 1 -1 1 1 -1 1 -1 1 -1 1 -1 -1 1 -1 -1 -1 1 1 1 1 -1 1 1 1 1 -1 -1 1 -1 1 -1 -1 -1 1 1 1 
-1 1 1 1 1 1 1 1 -1 -1 -1 1 -1 -1 1 -1 1 -1 -1 1 -1 1 1 1 1 -1 1 1 1 1 1 1 -1 1 1 1 1 1 -1 1 1 -1 -1 -1 -1 1 -1 1 -1 -1 1 1 1 -1 1 1 -1 1 -1 1 1 1 -1 -1 -1 1 1 -1 -1 -1 -1 -1 1 1 1 -1 -1 -1 1 -1 -1 -1 1 -1 -1 1 1 1 -1 -1 -1 1 -1 1 1 1 -1 -1 1 1 -1 -1 1 -1 1 1 -1 1 1 1 1 1 -1 -1 1 -1 -1 1 1 -1 -1 1 -1 1 -1 -1 1 -1 
1 1 1 -1 -1 1 1 1 -1 -1 1 1 1 -1 -1 -1 1 -1 1 -1 -1 -1 1 -1 1 -1 1 1 -1 1 -1 -1 1 1 -1 1 1 1 -1 1 -1 -1 -1 -1 -1 1 1 1 1 1 1 1 -1 -1 -1 1 -1 1 1 1 -1 1 -1 -1 1 -1 -1 -1 1 1 1 -1 1 1 1 1 1 1 1 -1 1 -1 -1 1 -1 1 1 -1 1 1 -1 -1 -1 -1 1 1 1 1 -1 1 1 -1 1 1 -1 1 -1 1 1 1 1 -1 1 -1 -1 -1 1 -1 -1 -1 -1 -1 1 1 -1 1 1 1 
-1 1 1 1 1 -1 -1 -1 -1 -1 -1 1 1 -1 -1 1 -1 -1 1 -1 -1 1 -1 1 -1 1 -1 -1 -1 -1 -1 1 1 1 1 1 -1 -1 -1 1 -1 -1 -1 1 1 -1 -1 -1 1 -1 -1 1 1 -1 -1 -1 1 -1 1 -1 1 1 1 -1 -1 -1 -1 1 -1 1 -1 1 1 1 1 -1 -1 1 -1 -1 -1 1 1 1 1 1 1 -1 -1 -1 -1 -1 1 1 -1 1 -1 -1 1 1 -1 -1 1 1 1 -1 -1 1 1 -1 -1 -1 1 -1 -1 1 -1 1 1 1 -1 -1 1 -1 1 -1 -1 -1 
-1 1 -1 -1 1 1 1 -1 -1 1 -1 1 1 1 1 1 -1 -1 -1 1 -1 -1 1 -1 -1 1 1 -1 -1 -1 -1 1 1 1 -1 1 1 -1 1 1 -1 1 -1 1 1 -1 1 -1 1 1 -1 -1 1 -1 -1 -1 -1 -1 -1 -1 -1 -1 1 -1 1 1 1 -1 -1 -1 -1 1 -1 -1 1 1 1 -1 -1 1 -1 -1 -1 1 -1 1 1 -1 -1 1 1 1 1 -1 -1 1 1 1 1 -1 -1 1 1 -1 1 1 -1 1 1 1 -1 -1 -1 -1 1 -1 1 -1 -1 -1 1 1 1 1 -1 1 -1 -1 
-1 1 1 -1 1 1 -1 -1 -1 1 1 1 1 1 1 -1 1 1 -1 -1 1 -1 1 1 1 1 -1 -1 1 -1 -1 -1 1 -1 1 -1 -1 1 -1 -1 1 1 -1 -1 -1 1 1 1 1 1 1 -1 -1 1 -1 -1 -1 -1 1 -1 -1 1 -1 1 -1 1 1 1 -1 -1 -1 -1 -1 1 -1 1 -1 1 1 1 -1 1 1 1 1 1 1 -1 -1 1 -1 1 -1 1 1 -1 -1 1 -1 -1 1 -1 1 -1 1 -1 1 1 1 1 1 -1 1 1 -1 -1 1 -1 -1 1 1 -1 1 1 -1 1 1 -1 
-1 -1 1 -1 1 -1 1 -1 -1 -1 -1 1 1 -1 1 1 1 1 1 -1 1 -1 -1 1 -1 1 1 -1 -1 1 -1 1 1 1 -1 1 1 -1 1 1 -1 -1 -1 1 1 -1 1 1 1 -1 -1 1 -1 -1 1 1 1 -1 -1 -1 1 -1 1 1 -1 -1 1 1 -1 1 1 -1 1 -1 -1 1 1 1 1 1 1 -1 -1 1 -1 1 -1 -1 -1 1 -1 -1 -1 -1 1 1 -1 -1 -1 1 1 -1 1 1 1 1 1 1 -1 -1 1 -1 1 1 1 -1 1 1 -1 -1 -1 1 -1 -1 -1 1 1 -1 
-1 1 1 1 1 1 -1 -1 1 -1 -1 1 1 -1 1 1 -1 1 1 1 1 1 1 -1 1 -1 1 1 1 -1 1 1 1 1 -1 -1 -1 1 1 -1 1 1 1 1 -1 -1 -1 -1 -1 1 1 -1 1 1 -1 1 1 -1 1 1 -1 1 1 -1 -1 1 1 -1 1 -1 -1 1 -1 -1 1 -1 -1 -1 -1 -1 -1 -1 1 -1 1 -1 -1 1 -1 1 1 -1 1 -1 1 1 -1 -1 -1 -1 1 1 1 1 -1 1 -1 1 1 1 1 1 -1 1 1 -1 1 -1 1 -1 1 -1 1 1 1 -1 -1 -1 
-1 -1 1 1 -1 -1 1 1 -1 -1 -1 1 1 -1 1 1 -1 -1 1 -1 1 1 -1 -1 1 -1 1 -1 -1 1 -1 -1 1 -1 -1 1 -1 1 1 1 -1 -1 1 1 -1 1 -1 1 -1 -1 1 -1 -1 -1 1 1 -1 1 -1 1 -1 1 -1 1 -1 -1 -1 1 1 -1 1 1 -1 1 1 1 1 1 -1 -1 1 -1 -1 -1 1 -1 1 -1 -1 1 -1 -1 1 -1 -1 -1 -1 1 -1 1 -1 1 1 1 -1 -1 -1 -1 1 1 1 -1 1 -1 1 -1 1 -1 1 1 1 -1 -1 1 1 -1 -1 1 
-1 -1 1 -1 -1 1 1 1 -1 -1 1 1 -1 1 -1 -1 -1 -1 1 -1 -1 -1 1 1 1 1 -1 -1 -1 1 -1 1 -1 1 -1 1 1 -1 -1 -1 1 1 -1 1 -1 -1 1 1 -1 -1 1 1 1 1 1 -1 1 1 1 1 1 -1 1 -1 1 -1 -1 1 -1 1 -1 -1 1 1 -1 -1 -1 -1 1 -1 -1 -1 -1 -1 -1 -1 -1 1 -1 1 -1 1 -1 -1 1 -1 1 1 -1 -1 1 -1 -1 -1 1 1 -1 -1 1 1 1 1 1 1 -1 1 -1 -1 1 -1 1 -1 -1 -1 -1 -1 1 1 