16 -16 16 352 2918
65 57 25 99 84 87 87 99 68 99 28 45 6 59 38 66 
72 61 62 71 58 74 42 29 9 74 22 40 89 39 26 1 
47 24 71 65 51 13 21 29 93 62 59 37 45 31 85 2 
62 24 38 43 45 52 60 33 82 50 12 41 97 20 71 41 
16 73 91 31 74 65 19 73 25 31 100 77 98 23 20 61 
69 69 47 36 82 25 23 1 65 82 51 50 32 47 60 67 
42 83 24 98 61 60 21 92 67 100 32 72 31 71 5 28 
7 29 25 36 1 66 54 75 2 76 12 35 72 30 71 25 
86 57 24 75 32 50 35 99 32 19 58 62 14 78 74 85 
97 64 23 19 54 15 50 11 81 61 35 6 32 25 27 30 
41 81 31 19 21 45 86 55 37 23 26 15 73 12 75 15 
15 36 91 74 13 36 93 20 8 10 80 52 6 56 46 15 
1 10 89 59 10 61 37 29 62 98 28 7 85 64 99 37 
44 15 78 62 17 92 17 92 100 25 79 52 97 94 53 50 
25 58 79 90 74 54 93 55 36 64 90 58 95 94 27 20 
34 9 20 48 62 89 66 16 42 78 89 99 93 49 72 67 
1 -1 -1 -1 -1 1 -1 -1 1 1 1 1 -1 -1 -1 -1 
-1 1 -1 1 1 1 -1 1 -1 -1 -1 1 -1 1 -1 1 
-1 -1 1 1 -1 1 1 -1 1 1 -1 1 1 -1 1 1 
-1 1 1 1 1 -1 1 -1 1 1 -1 1 -1 -1 -1 -1 
-1 1 -1 1 1 1 1 -1 -1 -1 1 -1 1 1 -1 1 
1 1 1 -1 1 1 1 -1 1 1 -1 -1 1 1 1 1 
-1 -1 1 1 1 1 -1 1 -1 -1 1 -1 1 1 1 -1 
-1 1 -1 -1 -1 -1 1 1 -1 1 1 1 -1 1 1 1 
1 -1 1 1 -1 1 -1 -1 -1 1 1 -1 -1 -1 1 -1 
1 -1 1 1 -1 1 -1 1 1 1 1 -1 -1 1 -1 1 
1 -1 -1 -1 1 -1 1 1 1 1 -1 1 -1 -1 1 -1 
1 1 1 1 -1 -1 -1 1 -1 -1 1 -1 -1 -1 1 -1 
-1 -1 1 -1 1 1 1 -1 -1 -1 -1 -1 1 1 1 -1 
-1 1 -1 -1 1 1 1 1 -1 1 -1 -1 1 -1 -1 -1 
-1 -1 1 -1 -1 1 1 1 1 -1 1 1 1 -1 -1 1 
-1 1 1 -1 1 1 -1 1 -1 1 -1 -1 -1 -1 1 -1 