16 -16 16 374 2902
58 85 77 86 66 42 54 89 35 54 14 88 10 74 53 78 
73 50 75 63 87 26 83 49 35 83 27 32 43 76 93 37 
54 9 46 4 13 7 36 18 93 62 42 30 44 61 75 62 
41 58 26 31 23 76 38 9 21 48 90 41 63 63 37 20 
24 45 82 47 78 21 71 87 1 56 22 75 14 65 63 83 
14 80 54 5 86 55 54 46 44 60 74 66 37 55 80 81 
13 96 78 34 62 85 76 90 81 72 4 80 58 72 25 81 
89 23 20 18 14 87 15 60 77 44 28 12 91 97 100 73 
74 43 10 6 58 61 20 15 77 38 70 32 70 99 29 48 
32 80 10 42 33 45 19 33 64 93 55 74 58 15 44 65 
38 21 61 85 52 27 23 41 93 1 65 18 28 27 47 59 
29 70 47 8 46 88 68 33 41 56 99 14 25 84 81 79 
99 14 13 97 8 11 70 30 85 45 33 23 86 77 96 80 
36 4 49 22 93 11 69 16 88 78 29 35 73 88 69 11 
63 95 84 92 17 62 21 81 50 84 56 100 48 44 47 27 
91 99 78 88 67 19 41 40 76 66 30 80 18 14 46 88 
-1 -1 -1 1 1 -1 -1 -1 -1 1 1 1 1 -1 -1 1 
-1 1 -1 1 -1 -1 -1 -1 1 -1 -1 1 1 -1 1 1 
-1 -1 1 -1 1 1 -1 -1 -1 1 1 -1 1 -1 -1 -1 
1 1 -1 -1 -1 1 1 1 1 -1 -1 1 -1 -1 -1 -1 
1 -1 1 -1 1 -1 -1 1 -1 -1 1 -1 1 -1 1 1 
-1 -1 1 1 -1 -1 -1 -1 1 1 1 -1 -1 1 1 -1 
-1 -1 -1 1 -1 -1 1 -1 -1 1 1 -1 -1 -1 1 1 
-1 -1 -1 1 1 -1 -1 1 -1 1 1 1 1 -1 -1 1 
-1 1 -1 1 -1 1 -1 -1 -1 1 -1 -1 1 -1 -1 -1 
1 -1 1 -1 -1 1 1 1 1 -1 1 1 1 -1 1 -1 
1 -1 1 -1 1 1 1 1 -1 1 -1 1 1 1 1 1 
1 1 -1 1 -1 -1 -1 1 -1 1 1 1 1 -1 -1 1 
1 1 1 -1 1 -1 -1 1 1 1 1 1 1 1 -1 -1 
-1 -1 -1 -1 -1 1 -1 -1 -1 -1 1 -1 1 -1 1 1 
-1 1 -1 -1 1 1 1 -1 -1 1 1 -1 -1 1 -1 -1 
1 1 -1 -1 1 -1 1 1 -1 -1 1 1 -1 1 -1 1 