64 -64 64 392 12584
33 17 54 1 54 20 57 76 5 33 25 94 55 27 90 82 79 18 67 36 82 65 5 68 81 89 12 73 60 88 74 64 24 70 100 89 24 82 8 35 37 41 99 92 91 68 23 18 9 17 70 69 20 41 14 56 28 64 58 100 99 29 68 69 
9 82 62 10 8 30 45 1 4 26 92 35 34 64 63 30 95 26 53 54 65 80 68 66 26 56 70 70 95 66 88 18 3 63 87 17 7 50 57 97 11 84 3 4 50 35 5 21 14 89 77 91 76 34 87 30 66 79 13 16 7 18 64 81 
10 76 54 69 89 51 74 7 55 54 19 82 4 48 9 32 19 37 45 54 77 48 10 12 40 89 93 66 31 79 63 69 45 74 9 46 96 30 91 37 62 13 68 52 62 44 77 5 100 87 50 59 23 51 94 80 87 41 7 18 62 22 14 14 
56 30 5 41 96 76 98 77 32 21 96 45 90 83 78 45 61 95 71 24 9 76 1 67 11 97 26 88 59 57 64 1 90 38 23 27 99 99 63 51 12 81 32 57 60 40 19 19 91 75 26 93 94 78 48 58 100 75 67 44 4 3 25 50 
79 95 72 41 73 6 36 76 49 1 61 53 5 16 97 76 36 67 71 50 74 17 18 25 73 50 21 25 18 84 10 72 9 50 78 19 19 17 48 23 36 75 76 74 3 56 51 24 16 63 27 3 81 51 29 19 22 2 42 42 80 70 28 24 
68 72 1 95 46 58 68 85 12 98 39 46 62 42 90 41 23 67 89 25 45 26 99 23 41 97 41 85 45 15 61 45 86 86 43 90 88 82 42 14 18 49 12 89 75 23 14 51 35 46 81 99 64 9 100 67 67 84 75 87 61 55 12 60 
35 80 4 45 6 97 85 20 11 90 5 13 4 22 98 59 40 83 9 91 20 31 45 27 83 9 45 37 95 74 50 78 83 99 76 14 33 50 6 14 7 22 90 20 29 66 22 82 46 30 38 13 13 12 82 79 49 99 68 81 47 78 10 91 
18 15 21 4 12 36 15 94 64 43 35 3 51 76 32 18 40 21 36 26 74 22 66 25 10 31 25 74 22 47 100 32 64 93 95 23 13 94 31 9 50 67 85 12 100 54 26 38 93 28 21 68 75 6 16 92 38 67 49 45 59 45 88 86 
29 8 2 2 75 4 73 45 63 44 43 61 93 2 80 94 25 16 39 63 84 8 19 68 61 79 85 76 9 28 72 49 20 51 68 5 36 31 50 59 90 24 59 37 26 92 4 22 37 48 40 70 59 58 50 10 85 37 31 42 84 14 63 32 
19 64 58 54 19 10 45 12 60 68 85 85 9 19 35 68 37 23 1 96 77 13 62 33 19 54 8 28 36 96 76 35 50 63 79 7 71 10 11 74 16 95 87 44 75 2 13 92 1 12 7 50 35 48 94 5 47 86 28 93 68 25 48 71 
11 28 75 64 91 93 21 78 8 8 49 92 86 96 62 9 72 10 5 95 41 75 9 29 5 75 42 84 80 82 53 41 83 54 81 38 36 97 24 90 58 51 84 93 18 89 4 81 96 1 76 92 12 53 13 38 67 25 3 69 93 88 21 44 
91 12 25 55 30 16 29 66 14 9 89 76 84 44 86 4 43 34 61 14 34 11 63 59 55 91 50 29 52 48 8 94 92 5 4 32 86 27 9 37 74 57 20 71 84 76 2 68 100 34 33 17 72 46 16 4 56 50 50 44 47 17 5 3 
21 58 34 5 29 41 82 43 93 23 28 44 81 42 76 2 83 22 62 72 16 55 94 1 75 88 46 88 18 100 34 35 23 25 27 89 94 94 68 43 62 16 4 41 38 79 62 50 24 82 83 46 36 61 48 26 57 74 12 52 14 38 38 62 
97 99 39 34 69 12 67 30 45 45 35 16 15 74 17 71 36 97 51 98 69 52 55 100 14 28 70 86 20 42 66 16 90 26 46 23 87 91 46 51 44 73 30 36 61 30 77 14 82 4 81 31 79 82 9 65 97 59 96 77 2 76 65 75 
39 49 7 58 80 2 29 81 90 99 58 88 94 37 80 86 75 88 70 45 37 96 58 33 41 54 12 13 82 38 76 66 52 37 74 22 86 93 76 87 33 3 48 28 50 35 17 68 93 8 13 10 91 34 94 93 79 79 98 68 98 30 38 15 
97 90 42 77 51 75 23 16 95 35 70 70 53 23 29 46 9 92 70 96 57 32 5 86 98 29 29 30 20 12 50 58 66 96 3 63 28 93 10 15 54 9 48 17 70 34 83 56 98 59 36 46 95 41 92 84 23 55 49 52 83 93 96 88 
80 98 57 23 49 99 62 84 94 53 97 24 32 68 99 33 87 45 16 27 71 10 76 98 73 51 50 77 17 51 42 23 34 71 20 77 40 84 28 13 86 38 51 78 54 25 62 83 87 10 79 11 67 60 33 51 98 72 85 12 76 40 22 82 
9 48 80 63 39 62 5 64 81 45 15 18 90 100 27 27 39 10 68 5 95 69 9 96 41 50 80 24 52 14 12 37 32 93 20 24 71 87 24 57 32 81 7 35 19 99 55 77 76 40 79 35 27 82 35 79 68 64 37 54 92 9 43 84 
47 16 44 39 1 95 6 16 49 80 33 8 59 4 35 90 72 20 12 35 24 97 63 7 10 93 98 86 28 65 89 33 18 91 10 73 87 23 88 24 10 60 90 87 14 88 41 83 94 74 2 52 29 98 96 7 94 36 33 67 63 62 6 41 
91 21 24 33 33 20 66 82 9 1 19 15 100 89 21 66 4 16 89 19 47 10 74 90 15 80 18 22 29 48 38 84 15 69 87 94 24 83 1 84 62 68 72 75 83 61 70 82 26 42 21 52 1 80 98 91 84 3 81 77 64 98 36 94 
46 4 9 41 22 16 7 82 32 93 34 66 57 19 60 17 83 28 45 78 22 52 52 33 19 33 9 49 89 84 63 15 46 82 84 2 82 20 73 55 28 60 29 9 58 97 16 44 17 58 57 10 14 93 42 40 54 33 2 89 74 87 42 2 
11 83 96 25 10 70 24 16 44 41 70 82 39 50 67 46 86 84 75 77 44 75 33 89 19 17 18 37 83 56 96 100 84 43 78 37 16 10 30 9 21 73 37 42 9 90 68 56 18 18 71 99 39 64 8 84 27 19 85 37 79 9 28 87 
78 81 96 58 67 74 74 5 27 10 85 76 48 81 82 96 13 92 9 27 99 60 27 41 68 28 70 41 57 21 74 29 89 65 69 18 94 50 76 50 87 77 29 50 48 81 44 58 38 15 54 100 62 51 7 54 54 12 83 77 14 56 1 73 
6 86 25 57 87 95 71 52 42 57 78 45 53 89 32 73 90 70 81 62 51 40 47 69 54 99 16 43 2 44 48 63 1 33 80 57 96 53 94 39 20 22 46 33 76 13 76 75 49 36 93 14 80 85 65 84 89 36 44 74 32 63 51 45 
36 7 76 41 6 31 20 7 60 83 36 8 80 9 93 29 76 41 88 91 17 61 18 63 94 29 55 89 60 98 38 33 97 57 2 78 93 75 92 49 7 48 18 15 3 38 55 68 87 53 67 46 57 2 5 65 51 69 45 39 30 68 73 54 
96 3 99 58 45 84 2 1 92 50 50 71 56 22 4 84 72 11 45 72 80 92 38 6 56 84 65 29 10 80 52 62 64 32 80 51 59 67 13 52 67 57 40 98 37 37 81 100 76 18 62 77 39 20 58 29 58 42 28 69 15 41 68 100 
48 63 93 15 11 47 31 76 19 93 75 45 43 96 37 59 10 50 100 98 73 32 82 43 39 67 38 87 26 4 82 77 23 13 37 54 58 11 51 75 30 18 96 2 81 39 64 28 85 1 49 89 53 27 35 72 98 42 72 39 10 100 64 69 
52 11 84 84 36 96 37 71 37 67 61 55 100 65 56 60 67 39 5 9 74 15 71 85 70 33 16 62 96 56 94 73 53 9 54 59 12 58 9 84 41 76 22 98 60 47 66 40 42 1 100 83 55 5 83 42 48 18 36 2 54 56 97 78 
66 25 69 73 97 41 3 72 44 12 30 61 98 86 62 10 29 81 29 10 93 45 19 29 15 30 26 9 41 16 91 55 20 60 68 25 38 10 95 74 42 24 96 93 99 38 78 64 83 71 33 16 46 14 67 91 67 11 83 11 25 87 38 25 
63 31 47 48 97 74 22 12 51 60 77 43 35 70 25 74 24 52 72 14 98 84 100 70 70 41 92 87 17 39 11 72 87 67 78 24 12 59 40 40 13 5 39 73 97 26 50 37 49 100 25 13 12 46 79 60 26 6 67 91 23 95 58 73 
52 10 31 18 14 100 21 44 68 29 1 83 1 45 3 17 76 73 81 94 20 81 30 29 87 77 42 95 55 29 66 19 49 19 15 51 49 15 50 100 91 40 38 3 85 50 24 48 13 23 4 87 72 8 37 62 100 61 40 44 79 21 94 78 
61 58 67 6 99 73 70 50 71 59 70 25 62 63 55 80 62 5 4 96 31 17 28 64 41 88 41 52 23 18 11 36 29 19 41 26 100 88 36 22 44 76 35 67 15 21 66 9 51 40 25 1 95 57 10 100 30 27 45 69 5 6 2 94 
5 66 66 36 28 19 56 62 89 33 82 30 95 53 94 14 52 27 71 93 28 83 62 64 74 33 38 29 52 99 26 32 25 83 50 78 77 30 71 37 67 32 93 92 13 81 31 81 79 96 70 43 99 73 85 70 100 15 95 31 75 38 72 34 
28 43 73 22 23 49 82 57 60 15 37 21 29 15 47 80 79 47 78 43 94 88 9 96 45 61 54 12 59 35 13 47 16 28 79 87 91 14 14 10 77 75 63 8 73 65 70 27 62 63 50 93 5 33 57 62 6 96 19 11 13 93 13 6 
12 31 27 64 5 29 91 88 54 24 10 87 91 86 71 48 52 88 38 82 34 47 1 90 92 61 41 98 5 72 96 96 24 98 54 86 89 93 50 21 37 65 37 39 36 76 59 16 77 59 78 96 63 40 41 7 76 30 43 20 98 70 2 96 
43 12 57 81 42 43 28 25 82 52 89 81 38 78 33 86 99 89 62 8 33 69 3 63 47 99 73 50 6 90 22 88 75 96 14 29 18 51 10 49 93 70 93 21 62 58 71 93 57 72 46 85 84 61 74 73 31 43 56 11 46 38 92 7 
52 37 79 39 3 31 10 41 58 9 34 53 85 91 81 61 96 57 97 50 4 45 93 16 21 68 77 27 77 87 48 20 82 84 40 77 28 4 35 100 98 55 6 38 25 51 8 36 100 16 91 33 61 61 73 88 67 94 57 69 6 14 50 85 
84 63 30 56 32 80 82 13 6 54 56 96 70 22 52 42 16 5 76 47 54 48 38 70 22 51 75 40 97 79 15 79 62 26 27 19 19 22 94 57 68 94 36 100 13 84 14 94 35 31 77 57 100 53 2 27 36 76 88 55 76 13 26 98 
40 15 75 72 50 33 67 33 40 45 79 24 84 1 44 100 82 8 50 27 8 94 41 49 82 76 25 26 63 31 59 77 42 69 34 99 5 86 63 66 18 67 10 69 87 35 61 37 65 95 99 19 9 91 40 39 80 49 1 19 10 2 43 9 
16 85 49 33 75 47 30 69 89 35 30 23 91 49 57 85 43 40 54 90 22 31 16 32 23 4 97 34 42 52 69 95 16 78 50 89 31 42 11 53 9 82 51 72 84 7 10 96 43 70 66 64 49 29 1 80 44 91 40 72 99 43 47 51 
22 19 74 88 31 76 12 95 74 14 9 10 46 84 1 40 47 20 48 74 87 27 77 13 22 60 20 1 64 50 60 77 28 34 6 30 49 88 47 29 38 19 38 44 39 64 69 86 8 70 21 31 49 50 82 57 8 9 45 80 32 81 31 64 
49 87 27 50 14 34 4 55 18 70 82 68 23 90 34 25 21 59 75 69 67 40 35 11 51 51 6 68 59 37 7 71 70 99 54 69 3 15 33 13 76 40 36 36 58 24 3 85 80 44 100 65 40 49 53 52 17 97 31 60 28 28 8 44 
11 28 39 75 21 81 85 97 85 74 67 12 78 32 85 26 44 56 41 35 97 46 64 89 73 31 3 52 12 37 48 6 94 100 85 45 86 99 92 40 88 7 43 44 8 70 48 68 17 16 17 99 75 65 24 50 20 4 78 62 5 34 27 12 
31 84 64 60 33 59 52 34 71 87 6 54 12 66 74 15 28 33 75 13 87 67 19 46 2 77 15 92 41 40 31 6 11 6 48 88 36 89 3 75 60 45 13 41 41 83 19 66 91 28 72 2 49 69 47 51 43 96 19 4 33 24 92 57 
99 19 91 96 98 30 6 84 72 85 5 44 23 28 73 51 20 18 89 2 58 35 78 45 64 16 41 90 32 18 56 78 60 88 29 99 49 93 67 48 85 100 88 13 20 27 25 6 93 22 5 95 37 77 21 26 68 24 94 72 39 31 93 55 
1 34 3 24 97 19 4 23 50 19 26 63 83 37 70 51 26 78 57 6 19 20 26 40 23 19 83 43 30 41 63 42 82 7 43 38 90 58 50 41 30 4 76 80 56 98 9 12 78 71 71 81 38 8 88 43 26 71 54 27 21 16 74 46 
82 74 91 61 92 94 99 36 23 29 15 37 19 8 100 79 11 75 61 73 74 63 68 96 54 17 22 53 88 4 20 15 22 40 70 90 35 93 93 57 92 10 44 18 15 65 46 92 96 22 9 44 33 99 52 13 77 12 69 45 85 94 29 54 
42 53 23 91 26 89 90 80 90 30 35 45 21 89 98 47 45 70 69 3 50 40 95 69 79 29 39 81 18 93 60 55 5 33 18 54 89 50 99 28 93 2 68 12 57 7 14 17 52 66 48 27 75 59 47 61 44 82 66 34 19 27 99 6 
40 63 18 35 3 8 92 61 56 43 98 34 37 35 39 45 40 81 79 58 3 68 12 44 34 80 77 58 95 81 54 9 69 94 51 41 19 71 81 67 45 83 73 6 14 87 84 71 7 31 33 39 12 56 42 41 4 77 28 49 58 4 7 8 
7 43 66 85 91 24 57 35 25 58 76 98 1 24 18 42 5 52 43 36 69 6 88 20 57 90 55 91 14 99 74 22 79 55 37 20 77 72 3 35 18 96 1 34 25 87 93 78 21 60 3 2 34 3 71 77 52 28 11 90 86 79 11 20 
84 46 34 24 54 52 96 84 42 71 91 100 30 34 77 26 75 98 83 40 82 84 76 95 46 7 4 19 11 66 71 82 12 56 47 89 86 15 11 77 76 57 3 71 35 26 71 88 76 94 87 31 89 41 64 8 31 47 70 19 37 38 12 14 
40 1 74 42 71 39 27 88 17 53 21 98 12 64 54 96 19 28 51 63 52 30 18 93 57 69 74 2 1 61 14 34 97 21 78 24 43 42 56 48 58 58 34 68 21 37 28 90 83 38 98 2 9 79 40 42 68 90 50 54 61 30 26 20 
98 57 37 69 68 82 36 54 21 15 15 82 9 27 50 10 73 75 68 78 65 80 88 33 4 84 78 40 66 56 31 19 66 82 13 36 61 54 50 69 85 12 62 78 31 28 40 14 5 9 59 3 87 31 98 33 62 98 54 74 99 72 55 80 
55 56 90 30 33 1 70 74 13 22 31 17 1 92 23 3 38 9 41 34 25 72 88 8 89 25 38 73 47 55 76 34 76 64 71 96 2 10 30 40 14 78 15 12 11 38 65 19 76 10 27 62 49 31 72 66 20 51 100 53 35 37 71 10 
83 31 80 14 98 4 7 35 32 2 95 26 54 4 39 50 4 87 43 72 33 82 91 26 41 44 32 31 73 94 38 88 4 83 1 81 37 18 27 85 54 67 100 24 45 1 35 90 48 18 8 31 83 50 94 46 77 32 43 62 79 43 10 22 
35 89 57 45 78 27 53 67 55 66 53 62 7 26 20 13 16 37 20 49 94 52 86 15 62 89 90 54 63 84 90 8 7 8 99 98 38 50 54 51 81 50 98 64 2 83 54 26 71 30 61 16 81 52 34 50 74 48 28 75 90 23 19 27 
10 6 35 73 32 19 91 61 23 57 75 51 21 5 8 26 63 64 8 6 100 29 57 33 58 21 38 54 60 19 19 61 94 99 4 78 82 77 38 78 44 54 73 31 44 84 68 12 27 31 96 74 5 99 42 97 92 83 80 2 58 14 60 57 
61 33 17 64 14 19 9 57 95 25 35 52 61 56 71 83 10 47 55 26 64 2 77 19 27 34 29 32 9 8 28 20 48 57 46 23 14 50 97 46 36 11 63 3 76 57 100 20 83 37 81 37 29 44 4 59 10 31 16 82 67 89 12 8 
5 95 2 86 27 29 3 47 35 53 31 63 68 38 74 55 85 25 22 84 78 13 47 47 30 63 72 58 23 60 37 35 75 25 58 51 96 23 3 79 63 34 28 97 37 16 16 2 28 21 14 45 48 100 12 78 9 99 13 6 21 12 74 10 
96 66 2 43 92 76 96 25 47 90 61 89 68 80 29 95 1 14 97 49 100 32 76 80 49 71 60 87 12 48 83 83 20 62 50 59 26 38 51 99 30 92 91 82 85 34 11 49 36 45 100 20 82 84 41 87 10 34 55 21 17 8 59 15 
37 59 67 85 40 91 44 51 60 85 71 28 55 6 35 17 93 52 99 7 88 55 77 26 61 26 34 47 65 7 96 50 79 85 15 59 22 27 21 4 35 61 15 44 44 86 67 18 75 1 79 7 15 60 29 75 40 29 84 85 66 18 59 48 
100 72 42 6 28 26 86 27 99 21 35 75 52 46 43 61 52 21 58 84 45 12 68 1 31 66 88 96 10 77 21 13 8 11 83 77 52 53 43 66 24 95 23 47 90 59 63 13 95 4 67 83 12 69 38 13 36 63 16 4 33 69 43 4 
54 98 91 33 69 51 79 89 23 4 31 56 71 94 72 58 63 95 45 85 25 47 38 88 64 23 35 69 2 4 71 45 13 87 86 74 64 34 24 42 73 91 77 81 9 53 29 53 46 34 43 39 30 83 60 20 34 32 17 62 12 24 83 82 
89 92 69 61 50 20 83 93 45 94 13 14 17 79 75 51 46 49 37 16 86 20 58 61 35 100 77 85 33 80 29 95 61 64 86 63 97 31 32 16 100 26 95 22 45 21 81 32 72 3 32 42 58 2 52 81 18 81 92 44 51 78 15 42 
-1 -1 -1 1 -1 1 1 -1 1 -1 1 -1 1 -1 -1 -1 -1 -1 -1 -1 1 -1 1 -1 1 -1 -1 -1 1 1 -1 1 1 1 -1 -1 1 -1 1 1 -1 -1 1 1 1 -1 1 -1 -1 -1 1 -1 1 1 1 -1 1 -1 -1 -1 -1 1 1 1 
-1 -1 1 1 -1 1 1 -1 -1 1 -1 -1 1 -1 1 -1 1 1 -1 -1 -1 1 -1 -1 -1 1 -1 -1 1 -1 1 -1 -1 1 -1 1 -1 1 -1 1 -1 -1 1 -1 1 -1 1 1 -1 1 1 -1 -1 -1 -1 -1 1 1 1 1 1 1 -1 -1 
-1 1 -1 -1 1 -1 -1 -1 1 -1 -1 -1 1 1 1 1 1 -1 -1 1 1 1 -1 -1 -1 -1 -1 1 -1 -1 -1 1 1 1 -1 1 1 -1 -1 -1 1 -1 1 -1 1 -1 -1 -1 1 -1 -1 -1 -1 1 -1 1 -1 1 -1 1 -1 -1 1 -1 
1 1 -1 1 -1 -1 -1 1 1 1 1 1 -1 1 1 1 -1 1 -1 -1 -1 -1 -1 -1 1 1 1 1 -1 1 1 -1 -1 1 -1 1 1 -1 1 -1 1 1 -1 1 1 -1 -1 1 1 1 -1 -1 -1 1 1 1 1 1 -1 -1 1 -1 1 1 
-1 -1 1 -1 -1 1 1 -1 1 -1 1 -1 -1 -1 -1 1 1 1 -1 1 -1 -1 1 1 1 -1 -1 -1 1 1 1 -1 -1 1 -1 -1 1 1 -1 1 -1 -1 -1 -1 -1 1 -1 -1 -1 1 1 -1 -1 1 1 1 1 1 1 1 1 1 -1 1 
1 1 -1 -1 1 1 1 1 1 1 -1 1 -1 -1 1 1 1 -1 1 -1 1 -1 1 -1 1 -1 1 -1 1 -1 -1 -1 1 -1 -1 1 1 1 1 -1 -1 -1 -1 1 -1 -1 -1 -1 1 1 1 -1 1 1 -1 1 -1 -1 1 -1 1 -1 -1 -1 
1 1 -1 -1 1 1 1 1 1 1 1 1 1 1 -1 -1 1 -1 -1 1 1 -1 -1 1 -1 -1 -1 -1 -1 1 -1 -1 -1 1 1 -1 1 -1 -1 1 -1 1 1 -1 -1 -1 1 1 1 1 -1 1 -1 1 1 1 -1 1 1 -1 -1 -1 -1 1 
-1 -1 -1 1 -1 1 1 -1 1 1 1 1 -1 1 -1 1 -1 -1 1 -1 -1 -1 -1 1 1 1 -1 -1 -1 1 -1 1 1 1 -1 1 1 -1 -1 -1 1 -1 1 -1 -1 -1 -1 1 -1 -1 1 1 -1 -1 -1 -1 1 -1 1 -1 -1 -1 1 -1 
1 -1 1 1 1 1 1 1 -1 -1 1 -1 -1 -1 1 1 1 -1 -1 1 1 -1 1 -1 1 -1 -1 1 1 1 1 1 1 1 1 -1 -1 1 -1 -1 -1 1 -1 -1 1 -1 -1 1 -1 -1 -1 -1 -1 1 1 1 -1 -1 -1 -1 -1 -1 -1 -1 
-1 1 -1 1 -1 1 1 1 -1 -1 -1 -1 1 1 1 -1 1 1 1 -1 1 -1 -1 1 1 -1 1 1 -1 -1 -1 1 -1 -1 1 1 1 1 -1 -1 -1 -1 -1 1 1 -1 1 1 -1 1 1 1 1 -1 1 1 -1 -1 1 1 -1 1 -1 1 
1 -1 -1 1 1 -1 1 1 1 -1 -1 -1 1 -1 -1 -1 1 1 -1 -1 1 -1 -1 1 1 -1 1 1 1 -1 1 -1 -1 1 -1 1 -1 -1 1 -1 -1 1 -1 -1 -1 1 -1 1 1 -1 -1 1 1 -1 -1 -1 1 -1 1 -1 1 1 1 1 
-1 -1 -1 1 -1 1 1 1 -1 -1 -1 1 1 -1 -1 -1 1 1 -1 1 -1 -1 -1 -1 1 -1 1 -1 1 1 1 -1 -1 1 1 1 -1 -1 1 1 1 -1 1 -1 1 -1 1 -1 -1 -1 1 1 -1 -1 -1 1 1 1 -1 -1 -1 1 -1 1 
1 1 1 -1 -1 -1 1 -1 -1 1 1 1 1 1 -1 1 -1 -1 1 -1 -1 1 -1 1 1 -1 -1 -1 -1 1 -1 -1 1 1 1 1 -1 1 -1 -1 -1 1 -1 1 1 1 -1 -1 -1 1 1 1 1 1 1 -1 -1 -1 1 1 1 1 -1 -1 
-1 -1 1 1 -1 -1 1 1 -1 1 -1 -1 1 -1 1 -1 1 -1 1 1 1 1 -1 1 -1 -1 1 1 1 -1 1 1 -1 1 -1 1 1 -1 1 1 1 -1 -1 -1 1 1 1 -1 -1 1 -1 -1 -1 -1 1 -1 -1 -1 1 1 -1 -1 1 1 
-1 1 1 1 -1 1 -1 -1 1 1 -1 -1 -1 1 -1 -1 -1 -1 1 -1 1 -1 1 1 -1 1 -1 1 -1 1 -1 1 1 1 1 -1 -1 -1 -1 1 1 -1 -1 1 1 1 1 1 -1 -1 1 -1 1 -1 -1 1 1 1 -1 1 1 -1 1 -1 
-1 -1 1 1 1 1 -1 1 1 -1 -1 -1 1 -1 -1 1 1 -1 -1 -1 1 1 -1 -1 1 -1 -1 1 1 1 -1 -1 1 1 1 -1 1 1 -1 1 1 -1 -1 1 1 -1 -1 1 -1 1 -1 -1 -1 1 -1 -1 -1 1 1 1 1 -1 -1 1 
-1 1 1 -1 1 1 1 -1 1 1 1 1 -1 1 -1 1 -1 -1 -1 1 -1 1 1 1 1 1 1 1 -1 -1 -1 -1 1 1 1 1 -1 -1 -1 -1 1 1 -1 -1 1 -1 -1 1 -1 1 -1 -1 -1 1 -1 -1 -1 1 1 1 1 1 1 -1 
-1 1 -1 1 1 -1 -1 -1 -1 1 1 1 -1 -1 -1 -1 -1 -1 -1 -1 1 -1 -1 1 1 1 1 1 1 1 -1 1 1 -1 1 1 1 -1 1 1 1 -1 -1 -1 1 1 1 1 -1 -1 1 1 1 1 1 -1 1 1 -1 1 -1 1 1 -1 
-1 -1 -1 -1 -1 1 -1 1 -1 1 -1 -1 1 1 1 -1 -1 -1 -1 1 1 -1 -1 1 1 1 1 -1 1 1 -1 1 -1 -1 -1 1 -1 -1 -1 -1 -1 -1 -1 -1 1 1 1 1 -1 1 1 -1 -1 -1 -1 -1 1 1 1 -1 -1 1 1 -1 
-1 -1 1 -1 1 -1 1 -1 1 -1 -1 1 -1 1 -1 -1 1 -1 1 1 -1 1 1 -1 -1 1 -1 -1 -1 1 1 -1 1 -1 -1 -1 -1 -1 -1 -1 -1 -1 1 1 1 -1 1 1 -1 1 -1 1 1 1 -1 -1 -1 -1 -1 -1 1 -1 1 1 
1 -1 1 -1 -1 1 1 -1 1 1 1 -1 -1 1 1 1 -1 1 1 -1 1 -1 -1 1 1 1 1 -1 1 1 -1 -1 -1 -1 -1 -1 -1 1 -1 1 -1 1 -1 -1 1 1 1 1 1 -1 -1 1 -1 1 1 -1 -1 -1 -1 1 1 -1 1 -1 
-1 1 1 -1 -1 -1 -1 -1 -1 -1 -1 -1 1 1 -1 1 1 -1 -1 1 -1 1 -1 -1 1 1 1 -1 -1 1 1 -1 1 -1 1 1 1 1 1 1 -1 1 1 1 -1 1 -1 -1 -1 1 1 1 -1 -1 -1 1 -1 -1 1 -1 1 1 1 1 
1 -1 -1 -1 1 1 -1 -1 1 -1 -1 -1 -1 -1 1 -1 1 -1 -1 1 -1 -1 1 -1 -1 1 -1 -1 -1 -1 1 -1 1 1 -1 -1 1 1 -1 -1 -1 -1 -1 1 -1 1 -1 1 -1 -1 -1 1 -1 1 1 1 -1 -1 -1 -1 -1 -1 -1 1 
-1 -1 -1 -1 1 -1 1 1 -1 1 1 -1 1 1 1 -1 1 1 1 -1 1 -1 -1 -1 1 -1 1 1 -1 1 -1 -1 1 1 -1 1 1 1 1 -1 -1 -1 1 1 1 1 -1 1 1 1 1 1 -1 1 -1 -1 1 1 1 1 1 1 1 1 
1 -1 -1 1 1 1 -1 1 1 1 1 1 1 -1 -1 1 1 1 1 -1 1 1 -1 1 -1 1 -1 1 -1 1 1 1 1 -1 1 1 -1 1 -1 1 1 -1 -1 -1 -1 1 1 1 1 1 1 -1 1 -1 1 -1 1 -1 1 -1 1 1 1 -1 
-1 1 -1 1 -1 -1 -1 1 -1 -1 -1 -1 -1 -1 1 -1 1 1 1 1 1 1 1 -1 1 1 -1 -1 1 1 -1 1 1 -1 -1 -1 1 1 -1 -1 -1 -1 1 -1 1 -1 -1 -1 -1 -1 -1 -1 1 -1 1 1 -1 1 1 1 1 -1 1 -1 
-1 -1 -1 1 -1 1 -1 -1 -1 1 1 1 -1 1 -1 -1 1 1 1 -1 1 1 -1 1 -1 -1 1 -1 -1 -1 1 -1 1 -1 1 1 1 1 1 1 1 -1 1 -1 -1 1 -1 -1 1 1 1 1 1 -1 1 1 1 -1 -1 1 1 1 -1 1 
-1 -1 1 1 -1 -1 -1 -1 1 1 1 -1 -1 1 1 1 1 1 -1 -1 -1 -1 -1 1 1 -1 -1 -1 -1 -1 -1 -1 1 1 -1 1 1 -1 -1 1 1 1 1 -1 -1 -1 -1 -1 -1 -1 1 -1 1 1 1 -1 1 -1 -1 -1 1 -1 1 1 
1 1 -1 -1 1 1 -1 -1 1 -1 1 1 -1 1 -1 1 -1 1 1 -1 1 -1 -1 -1 -1 1 -1 -1 1 1 -1 -1 -1 -1 -1 -1 -1 1 1 -1 1 1 1 1 1 -1 -1 1 -1 1 1 -1 1 1 1 1 1 1 -1 1 -1 1 1 -1 
1 -1 -1 1 1 -1 1 1 1 -1 -1 1 1 -1 1 1 -1 1 1 1 1 1 -1 1 1 1 -1 -1 1 -1 -1 1 -1 -1 -1 -1 -1 -1 1 1 1 -1 -1 1 1 1 1 -1 1 1 1 1 1 -1 1 -1 1 1 -1 1 -1 -1 -1 -1 
-1 1 -1 1 1 -1 -1 -1 1 -1 1 1 -1 1 -1 -1 -1 -1 -1 1 -1 1 1 -1 1 -1 1 -1 -1 -1 1 1 1 1 1 -1 -1 1 1 1 -1 1 -1 1 -1 1 1 -1 1 -1 1 -1 1 1 -1 -1 -1 1 -1 -1 1 1 -1 -1 
1 -1 1 -1 -1 -1 -1 1 1 1 -1 -1 -1 1 1 -1 -1 1 1 -1 -1 -1 -1 -1 1 1 -1 -1 -1 1 1 -1 1 -1 -1 -1 1 1 1 1 -1 -1 -1 -1 -1 1 1 1 1 -1 1 -1 1 -1 1 -1 1 -1 1 -1 1 -1 1 -1 
1 -1 1 -1 -1 1 -1 1 1 -1 -1 -1 1 -1 1 1 1 1 -1 1 -1 1 1 1 1 1 1 1 -1 -1 1 1 -1 -1 -1 -1 -1 -1 1 1 -1 -1 1 -1 1 -1 1 -1 1 1 1 -1 -1 1 -1 -1 -1 1 1 -1 -1 -1 1 1 
1 1 1 1 1 -1 1 1 1 -1 1 1 1 1 1 1 1 -1 -1 -1 -1 -1 1 1 -1 -1 -1 1 -1 -1 1 -1 -1 -1 1 -1 1 -1 1 -1 1 -1 -1 -1 -1 -1 1 1 -1 1 1 -1 1 -1 1 -1 -1 1 1 1 -1 1 1 -1 
-1 -1 -1 -1 -1 -1 1 -1 1 1 -1 1 1 -1 1 1 1 1 -1 -1 -1 1 -1 -1 1 -1 1 -1 -1 -1 1 -1 -1 1 1 1 1 1 -1 1 1 1 1 -1 1 -1 1 1 1 1 -1 -1 1 -1 1 -1 1 1 1 -1 1 -1 -1 1 
-1 1 1 1 -1 1 -1 1 -1 1 1 1 1 1 -1 -1 1 1 1 -1 -1 1 -1 1 1 -1 1 1 -1 -1 -1 -1 -1 -1 1 -1 -1 -1 -1 -1 1 1 -1 -1 -1 -1 -1 -1 -1 1 1 -1 -1 1 -1 1 -1 1 1 -1 1 1 -1 -1 
1 -1 1 1 1 1 1 1 -1 1 -1 -1 -1 1 -1 1 -1 1 -1 -1 -1 1 1 1 -1 1 1 1 -1 -1 -1 1 -1 1 1 -1 -1 1 -1 1 1 -1 1 1 1 -1 -1 1 1 1 1 1 -1 -1 -1 -1 1 1 1 -1 1 1 1 1 
-1 1 -1 -1 1 1 -1 -1 1 1 -1 -1 1 -1 -1 1 -1 -1 -1 -1 1 1 1 1 1 1 1 -1 1 -1 1 1 -1 -1 1 -1 1 -1 -1 -1 -1 1 -1 -1 1 -1 1 -1 -1 1 -1 1 -1 -1 1 1 1 1 -1 -1 1 -1 1 1 
1 -1 -1 1 -1 1 -1 -1 -1 -1 1 1 -1 1 -1 -1 -1 1 -1 -1 -1 1 -1 1 -1 -1 1 -1 1 1 1 1 1 1 -1 -1 -1 -1 -1 1 -1 1 -1 1 1 -1 -1 1 -1 -1 1 1 -1 1 1 -1 -1 1 -1 -1 1 1 -1 1 
1 1 -1 -1 1 -1 1 -1 -1 -1 -1 1 -1 1 1 1 -1 1 -1 -1 1 1 -1 -1 1 -1 1 1 -1 1 1 1 1 -1 1 -1 1 -1 1 -1 1 1 -1 -1 1 -1 -1 1 1 1 1 1 -1 -1 -1 -1 -1 1 1 1 -1 1 1 -1 
-1 -1 1 1 -1 -1 -1 1 -1 -1 -1 1 -1 1 1 1 1 1 -1 -1 -1 -1 -1 -1 1 -1 1 1 1 1 -1 -1 -1 1 1 1 1 -1 -1 1 -1 -1 1 -1 1 -1 1 -1 -1 -1 -1 -1 -1 -1 1 1 1 1 1 1 -1 -1 -1 1 
-1 -1 -1 1 -1 -1 1 -1 1 -1 1 -1 1 -1 -1 -1 1 -1 -1 -1 1 1 -1 -1 -1 -1 -1 1 1 -1 1 -1 -1 -1 1 1 -1 1 1 1 -1 -1 -1 1 -1 1 1 -1 -1 -1 -1 1 -1 -1 -1 -1 -1 1 -1 1 1 1 -1 1 
1 1 1 -1 -1 -1 1 1 -1 -1 -1 1 -1 -1 -1 -1 -1 -1 -1 1 -1 1 -1 1 -1 1 1 1 1 -1 -1 -1 1 -1 1 -1 1 -1 -1 -1 1 -1 1 1 1 -1 1 1 1 -1 -1 1 -1 -1 1 -1 -1 -1 -1 -1 -1 1 1 1 
1 -1 -1 1 -1 1 -1 -1 -1 1 -1 -1 1 -1 1 1 -1 -1 -1 1 -1 1 1 1 -1 -1 -1 -1 1 1 1 -1 -1 -1 -1 -1 1 -1 1 -1 -1 1 1 -1 -1 -1 1 -1 1 -1 1 1 1 1 -1 1 1 1 -1 1 1 1 1 -1 
1 1 1 1 -1 -1 -1 -1 1 1 -1 1 1 1 1 1 1 1 1 1 1 -1 -1 1 -1 1 -1 -1 1 1 -1 -1 1 -1 1 -1 1 1 1 1 1 -1 1 -1 1 1 1 1 -1 -1 -1 -1 1 1 1 -1 1 1 1 -1 -1 1 1 1 
-1 -1 -1 -1 1 -1 -1 -1 -1 -1 1 -1 1 1 1 -1 -1 1 1 -1 1 1 1 1 1 -1 1 -1 -1 1 1 1 -1 -1 -1 -1 -1 -1 -1 -1 -1 1 -1 -1 1 -1 1 1 1 -1 -1 -1 -1 -1 1 -1 1 1 1 -1 -1 -1 1 -1 
1 1 -1 -1 -1 -1 1 -1 -1 1 -1 1 -1 1 1 -1 -1 1 1 1 1 -1 -1 -1 1 -1 -1 -1 -1 1 1 1 1 1 1 -1 -1 1 -1 -1 1 1 1 1 1 1 -1 -1 -1 -1 1 -1 1 -1 -1 1 1 -1 -1 -1 1 -1 -1 -1 
-1 1 -1 1 -1 -1 1 1 1 1 1 -1 -1 -1 1 1 1 1 1 1 1 -1 1 1 1 -1 -1 -1 1 -1 -1 1 -1 1 1 -1 1 -1 1 1 -1 -1 1 -1 1 1 -1 -1 -1 -1 1 1 1 1 -1 -1 1 1 -1 1 1 1 1 1 
-1 -1 1 1 -1 1 1 -1 -1 -1 1 -1 -1 -1 -1 -1 -1 -1 -1 -1 1 -1 -1 1 1 -1 1 -1 -1 1 1 1 1 -1 1 -1 1 -1 -1 1 -1 -1 1 1 -1 1 -1 -1 -1 -1 -1 1 -1 -1 -1 1 1 1 -1 1 -1 1 -1 1 
-1 1 -1 1 1 1 1 -1 -1 1 -1 -1 1 1 -1 1 1 -1 1 1 -1 1 -1 1 1 -1 1 -1 1 1 -1 -1 1 1 1 1 1 1 -1 1 -1 -1 -1 -1 -1 -1 -1 -1 -1 1 1 -1 1 -1 -1 1 1 1 -1 1 1 1 -1 1 
1 1 -1 -1 1 1 -1 1 -1 1 -1 1 1 -1 1 -1 -1 1 1 -1 -1 1 -1 1 1 -1 1 1 1 1 1 1 1 1 -1 1 1 -1 1 1 -1 -1 -1 1 -1 -1 1 1 -1 1 -1 1 -1 1 1 -1 1 -1 -1 -1 1 1 1 -1 
-1 -1 -1 -1 -1 -1 1 1 -1 1 1 1 1 -1 -1 -1 -1 1 -1 1 1 1 1 1 -1 -1 1 -1 -1 1 -1 -1 -1 -1 -1 -1 1 1 1 1 -1 1 1 1 -1 -1 -1 1 1 -1 1 -1 -1 -1 -1 1 -1 1 1 -1 1 -1 1 -1 
1 -1 -1 -1 -1 1 -1 -1 -1 1 1 -1 1 -1 1 -1 -1 1 -1 1 -1 -1 -1 -1 1 1 1 1 1 1 1 1 -1 1 1 -1 -1 -1 -1 -1 -1 -1 -1 1 1 -1 1 1 -1 1 -1 -1 -1 -1 -1 -1 1 1 1 1 -1 1 1 -1 
1 -1 1 1 1 1 1 -1 1 -1 -1 -1 1 -1 -1 1 1 1 -1 1 1 -1 1 1 -1 -1 -1 1 1 -1 1 -1 1 -1 -1 1 -1 -1 1 -1 -1 -1 -1 1 1 -1 -1 1 -1 -1 1 -1 -1 -1 -1 1 1 -1 1 1 -1 -1 1 1 
1 -1 -1 1 1 -1 1 -1 1 1 -1 -1 1 1 -1 -1 -1 1 -1 -1 1 -1 1 -1 1 1 1 1 1 1 -1 1 -1 1 1 -1 -1 1 1 -1 1 -1 1 -1 1 1 -1 -1 -1 -1 1 -1 -1 -1 -1 -1 -1 -1 1 -1 1 -1 -1 -1 
-1 -1 1 1 1 1 1 -1 1 1 -1 1 -1 -1 1 -1 -1 -1 -1 -1 -1 1 1 -1 -1 1 1 -1 1 -1 -1 -1 -1 -1 -1 1 -1 1 -1 -1 1 -1 -1 1 -1 -1 1 -1 1 1 -1 1 -1 1 -1 -1 1 1 -1 1 -1 -1 -1 1 
1 1 -1 1 1 -1 -1 1 -1 -1 1 1 -1 -1 1 -1 -1 1 1 -1 -1 -1 -1 1 1 -1 1 1 1 1 -1 1 -1 -1 1 -1 1 1 -1 -1 1 -1 -1 1 1 1 1 1 1 1 1 -1 1 1 -1 1 -1 -1 1 -1 -1 1 -1 -1 
-1 1 1 1 1 -1 1 -1 -1 -1 -1 1 -1 -1 1 1 1 1 1 -1 -1 -1 -1 1 -1 1 -1 -1 1 1 1 -1 1 1 1 1 1 1 1 1 1 1 -1 1 1 1 -1 1 1 1 -1 1 1 -1 -1 1 -1 -1 -1 -1 1 1 -1 1 
-1 1 -1 -1 1 1 1 1 -1 1 1 -1 1 1 -1 1 1 -1 1 -1 -1 1 -1 1 1 1 -1 -1 -1 -1 -1 1 1 1 1 1 1 -1 -1 1 1 -1 -1 -1 1 1 -1 -1 -1 -1 -1 1 1 1 1 -1 1 -1 1 1 1 -1 1 -1 
-1 1 1 -1 1 -1 -1 -1 -1 1 -1 -1 1 1 1 1 1 1 -1 -1 1 -1 -1 1 -1 1 1 -1 1 1 -1 -1 -1 1 -1 -1 -1 -1 -1 1 1 1 -1 1 -1 -1 -1 1 1 1 -1 -1 1 1 -1 1 -1 -1 1 -1 1 -1 -1 1 
-1 1 -1 1 1 1 -1 -1 -1 -1 1 -1 1 -1 1 1 1 -1 -1 1 1 1 -1 1 1 1 1 1 -1 -1 1 1 -1 -1 1 1 1 1 1 -1 -1 1 -1 1 -1 -1 1 1 -1 1 1 1 -1 -1 1 -1 -1 1 1 1 -1 1 -1 1 
1 1 -1 -1 1 -1 -1 -1 -1 1 1 1 1 -1 -1 -1 1 1 1 -1 -1 1 -1 1 1 -1 1 -1 1 -1 1 -1 -1 1 -1 1 1 -1 1 1 -1 1 1 1 1 -1 -1 1 1 1 1 -1 1 -1 -1 -1 1 1 -1 -1 1 -1 1 -1 
1 -1 1 1 -1 -1 -1 1 -1 -1 1 -1 -1 1 1 -1 1 1 1 1 1 1 -1 1 1 1 -1 1 1 -1 -1 1 1 1 -1 -1 1 1 -1 1 -1 -1 1 1 1 1 -1 1 -1 -1 1 1 1 1 -1 -1 -1 -1 1 -1 -1 1 -1 -1 
1 -1 -1 1 1 -1 1 -1 -1 1 1 1 -1 1 -1 1 -1 -1 -1 1 -1 1 1 1 -1 -1 1 1 -1 -1 -1 -1 1 -1 1 -1 1 1 1 -1 1 1 1 -1 1 -1 -1 1 1 1 -1 -1 -1 1 -1 1 -1 1 -1 1 1 -1 -1 1 