32
85 14 39 1 36 78 63 5 57 72 70 44 1 5 75 66 25 74 86 75 79 83 2 87 94 100 35 40 94 60 99 18 
51 67 75 84 76 46 80 50 99 73 42 81 18 56 47 26 7 83 57 94 56 60 2 41 83 56 28 83 37 94 46 52 
45 100 67 95 37 62 94 39 76 67 34 74 83 44 22 21 43 53 88 97 27 14 36 27 45 62 86 36 69 57 68 67 
65 40 30 13 79 11 41 2 90 3 89 73 65 37 17 79 9 62 91 59 3 69 48 59 53 76 93 14 42 85 91 52 
88 2 36 85 9 1 94 87 6 11 20 24 42 67 18 86 26 12 22 70 81 49 79 66 75 11 52 61 25 50 24 52 
61 92 78 13 9 57 100 2 22 44 68 49 81 15 99 30 69 70 19 71 21 28 1 92 28 98 56 73 11 69 21 27 
46 71 7 39 83 97 67 16 47 24 32 80 31 45 48 66 79 15 3 84 57 65 92 71 92 93 81 85 40 69 68 71 
7 95 77 10 49 86 51 51 26 51 47 83 51 48 75 6 36 35 74 44 7 99 12 85 97 65 35 22 17 33 7 8 
15 77 65 19 50 19 42 87 46 87 26 34 61 59 64 39 99 87 13 78 57 91 88 11 41 57 82 76 21 57 99 74 
56 72 89 62 55 93 35 44 88 85 71 69 32 74 4 9 44 82 39 7 93 23 40 76 91 44 65 61 79 8 25 11 
22 46 9 60 42 19 53 83 10 82 7 51 53 60 19 81 54 76 9 49 67 83 90 52 83 81 2 47 41 38 92 88 
85 89 99 41 44 8 92 96 90 66 87 99 67 84 9 39 82 56 83 42 68 90 13 24 10 44 76 24 19 36 95 91 
12 5 62 67 75 79 59 66 32 46 63 45 98 95 63 30 31 3 84 75 79 3 56 39 67 74 74 2 81 2 7 40 
55 21 7 53 6 71 65 71 39 43 78 1 32 16 88 26 10 66 93 69 30 19 84 31 46 38 62 89 32 78 10 56 
72 56 43 30 70 94 30 42 75 43 78 81 76 88 95 87 43 68 36 55 73 95 94 99 40 56 68 48 60 51 3 75 
34 45 76 38 37 36 50 87 4 42 10 12 54 8 49 77 4 33 44 89 41 59 75 75 85 19 50 9 37 93 28 87 
45 55 21 67 57 67 1 94 40 90 47 78 68 44 87 24 36 7 36 46 13 6 73 95 72 30 60 13 52 92 62 46 
29 73 91 10 33 24 22 96 29 71 71 7 61 98 70 47 37 58 55 8 17 78 14 57 2 2 59 3 12 17 97 50 
80 49 81 2 66 27 58 99 60 77 25 26 26 93 97 64 39 27 49 34 87 41 1 49 19 55 58 96 26 63 53 67 
21 54 27 12 21 84 79 26 15 2 28 92 54 13 3 36 50 1 100 35 14 49 99 82 44 65 86 93 16 60 55 51 
32 71 49 94 12 50 50 46 74 70 69 42 91 49 73 49 24 11 12 44 20 17 73 73 52 11 78 86 99 86 55 15 
85 58 43 24 25 81 59 7 30 13 83 57 50 41 49 53 22 26 99 32 59 87 21 27 58 96 43 7 20 11 44 72 
41 42 74 85 53 49 28 68 4 19 97 78 39 29 34 15 41 93 77 48 81 59 69 40 22 100 29 88 3 81 88 65 
2 34 93 98 86 42 21 86 9 25 28 1 4 55 11 14 16 64 7 59 30 69 6 94 65 17 90 12 55 21 6 56 
94 8 12 58 8 51 58 44 19 29 1 48 93 10 64 19 10 39 44 29 75 41 5 55 18 28 15 27 57 45 53 37 
39 17 44 67 86 66 47 67 38 41 39 26 59 10 17 43 94 25 69 25 25 63 39 11 61 37 18 60 83 89 20 37 
75 83 98 27 36 36 35 81 76 2 61 48 45 78 82 41 31 58 74 43 64 79 27 86 35 29 59 18 27 39 43 7 
80 81 15 7 79 44 95 40 84 63 25 51 98 55 67 99 73 72 34 24 88 68 14 96 71 65 98 72 79 76 29 10 
66 34 76 45 22 52 50 90 67 73 54 31 82 79 89 60 54 29 100 4 94 3 43 19 61 84 55 20 37 77 1 68 
19 65 23 63 81 65 5 40 31 4 90 5 69 42 52 40 52 1 97 57 24 2 68 72 42 33 90 83 72 71 75 42 
29 15 45 85 64 48 20 84 92 69 60 88 97 78 2 82 7 6 26 99 40 47 22 51 100 37 100 65 38 29 55 56 
74 70 57 87 85 25 42 59 11 92 43 94 7 98 98 40 17 20 43 19 40 16 18 65 52 28 5 15 100 52 76 3 
1 -1 -1 -1 -1 1 1 1 -1 1 1 1 -1 1 -1 1 -1 -1 -1 -1 -1 -1 1 -1 1 -1 1 -1 1 1 -1 1 
-1 -1 -1 1 -1 1 -1 1 -1 1 1 -1 -1 1 1 1 1 1 -1 1 -1 1 1 -1 1 1 1 -1 -1 1 1 1 
-1 -1 -1 -1 1 1 -1 -1 1 1 1 1 1 -1 -1 -1 -1 -1 -1 1 -1 1 1 1 -1 1 1 1 -1 1 1 -1 
-1 1 -1 1 1 1 -1 1 -1 -1 -1 -1 1 -1 1 -1 1 1 -1 1 -1 1 -1 1 -1 1 -1 -1 -1 -1 -1 1 
-1 -1 1 1 1 1 1 1 1 -1 -1 1 1 -1 -1 -1 1 -1 1 1 -1 1 -1 1 -1 -1 1 -1 1 -1 1 1 
1 1 1 1 1 1 1 -1 1 1 1 -1 -1 -1 -1 1 1 1 -1 1 1 -1 -1 1 -1 -1 1 -1 1 1 -1 -1 
1 -1 -1 -1 1 1 -1 1 1 -1 1 -1 -1 -1 -1 -1 -1 1 -1 1 1 -1 -1 -1 -1 -1 1 1 -1 -1 -1 1 
1 1 -1 1 1 -1 1 1 -1 1 1 1 -1 1 1 -1 1 1 -1 -1 -1 1 1 1 -1 1 -1 1 -1 1 1 -1 
-1 -1 1 -1 1 1 1 -1 1 1 -1 -1 -1 -1 1 -1 -1 1 1 -1 -1 -1 -1 -1 1 -1 1 -1 1 1 -1 1 
1 1 1 -1 -1 1 -1 1 1 -1 1 -1 -1 1 1 -1 1 1 -1 1 -1 -1 1 1 -1 -1 -1 -1 1 1 -1 -1 
1 1 1 -1 -1 1 1 1 -1 1 -1 -1 1 -1 1 -1 1 -1 1 -1 1 -1 1 1 -1 1 -1 -1 1 1 -1 1 
1 -1 1 -1 1 -1 -1 1 -1 -1 -1 1 1 -1 -1 1 1 1 1 -1 -1 1 1 -1 -1 -1 1 1 -1 1 -1 -1 
-1 -1 1 1 1 -1 -1 -1 -1 -1 1 1 -1 -1 -1 1 -1 1 -1 -1 -1 1 1 -1 -1 1 1 1 1 -1 1 -1 
1 1 -1 -1 -1 -1 -1 1 -1 1 -1 -1 -1 1 -1 -1 1 -1 1 -1 1 1 -1 1 1 -1 -1 1 -1 -1 1 1 
-1 1 -1 1 -1 -1 -1 1 1 1 1 -1 -1 -1 -1 1 -1 -1 -1 -1 1 -1 -1 -1 1 1 -1 1 -1 -1 1 1 
1 1 -1 -1 -1 1 -1 -1 -1 -1 -1 1 1 -1 1 -1 1 -1 1 -1 -1 -1 1 -1 1 1 1 -1 1 1 1 1 
-1 1 -1 1 1 1 -1 1 -1 1 1 1 -1 1 -1 1 1 1 1 -1 -1 1 -1 1 -1 -1 -1 -1 -1 1 1 1 
-1 1 -1 1 -1 1 1 1 1 1 -1 1 1 -1 -1 -1 1 -1 1 1 -1 -1 1 1 -1 -1 -1 -1 1 1 -1 -1 
-1 -1 -1 -1 1 -1 -1 -1 1 -1 1 1 -1 1 -1 1 1 1 -1 -1 1 -1 -1 1 -1 -1 -1 1 -1 1 1 -1 
-1 1 1 1 1 1 1 -1 -1 1 -1 -1 -1 -1 -1 -1 -1 1 -1 -1 -1 1 -1 1 1 -1 -1 -1 1 1 -1 -1 
-1 -1 -1 -1 -1 1 1 -1 -1 -1 1 -1 -1 1 1 -1 -1 -1 1 -1 1 1 -1 -1 -1 1 -1 -1 1 1 1 -1 
-1 1 1 1 1 -1 -1 1 -1 -1 -1 1 1 1 -1 -1 1 -1 -1 1 1 1 1 -1 -1 -1 -1 -1 1 -1 1 -1 
1 1 1 -1 -1 -1 -1 1 -1 1 1 1 1 -1 -1 1 -1 1 -1 -1 -1 1 -1 -1 1 1 1 1 -1 -1 1 -1 
-1 -1 1 1 1 1 -1 1 -1 1 1 -1 -1 1 -1 -1 1 1 1 1 -1 -1 -1 -1 1 1 1 -1 1 -1 1 -1 
1 1 -1 -1 -1 -1 -1 -1 1 -1 -1 -1 -1 1 1 1 -1 -1 -1 1 -1 -1 1 1 1 1 -1 -1 1 -1 -1 1 
-1 1 1 1 -1 -1 -1 1 -1 -1 1 -1 1 -1 1 1 -1 -1 -1 -1 1 -1 1 1 1 1 1 1 -1 -1 -1 -1 
1 1 1 -1 1 1 1 -1 1 -1 -1 1 1 -1 -1 1 -1 -1 -1 -1 -1 -1 1 1 -1 1 -1 1 -1 -1 1 -1 
-1 -1 1 -1 -1 -1 1 1 -1 -1 -1 1 1 1 1 -1 -1 -1 1 -1 -1 -1 1 -1 -1 1 1 1 -1 1 -1 -1 
1 -1 -1 -1 1 1 -1 -1 1 1 1 -1 1 -1 -1 1 -1 1 -1 1 1 1 -1 1 1 -1 -1 -1 1 1 -1 1 
1 1 1 -1 -1 1 -1 1 1 1 1 1 -1 -1 -1 1 1 1 1 1 1 -1 -1 -1 -1 -1 -1 1 1 -1 1 1 
-1 1 1 -1 1 -1 -1 1 -1 -1 -1 -1 1 1 1 1 1 -1 1 -1 1 1 1 1 -1 -1 1 -1 -1 1 1 1 
1 1 -1 1 1 -1 1 -1 1 -1 1 -1 -1 1 1 1 1 -1 -1 -1 -1 -1 -1 -1 1 -1 -1 -1 1 1 1 1 