32
48 32 19 33 77 40 38 62 56 17 64 9 35 44 60 8 92 30 74 69 32 33 90 22 21 12 49 6 85 78 54 35 
41 41 70 40 33 75 72 6 41 15 83 20 69 90 51 5 87 51 31 4 29 50 58 22 57 20 51 44 37 72 99 87 
19 92 57 55 82 51 80 59 47 9 81 59 90 52 28 68 10 59 86 48 44 40 6 83 38 17 12 81 81 82 47 68 
27 97 85 63 68 21 13 44 34 46 56 31 47 74 42 79 11 2 79 13 10 62 93 70 49 90 58 36 18 71 53 100 
15 77 64 4 80 47 7 27 32 67 40 66 81 20 10 10 63 86 34 21 33 24 40 26 17 11 91 6 4 17 63 29 
63 88 67 14 42 39 19 67 94 32 61 15 15 19 40 26 12 42 58 21 80 52 67 76 3 77 14 61 83 22 91 10 
2 82 56 100 35 9 18 5 46 70 39 38 86 1 76 96 64 88 13 62 56 16 64 18 70 65 38 96 18 76 35 10 
35 33 89 100 90 6 95 32 52 51 92 91 64 17 39 42 10 47 48 2 47 38 71 58 85 95 5 39 16 37 96 60 
22 69 6 58 67 49 54 38 39 95 98 54 8 20 17 11 88 33 66 41 34 67 15 50 57 40 73 99 20 73 1 2 
3 52 89 58 66 83 80 74 88 42 9 18 91 89 55 25 8 88 55 60 49 68 10 52 5 89 79 39 6 22 15 19 
42 66 39 40 83 54 78 74 2 28 73 94 76 27 92 62 99 66 38 61 7 27 83 34 13 29 48 49 74 15 25 74 
61 81 60 98 27 98 67 83 53 13 75 70 14 43 57 82 37 16 70 16 45 68 91 99 62 50 62 23 74 42 92 84 
99 63 50 90 48 72 8 47 44 73 5 45 57 18 56 38 14 46 52 54 54 25 9 28 66 66 56 95 30 30 96 95 
72 80 38 27 21 60 23 65 98 74 27 38 68 43 91 75 47 59 54 26 39 57 57 25 86 65 60 15 86 9 7 53 
85 100 21 94 74 15 5 79 57 1 7 80 7 80 15 51 60 22 72 21 28 76 85 37 30 78 24 89 81 97 26 62 
52 50 6 39 30 39 19 52 88 76 51 54 60 38 7 32 28 87 70 81 93 50 44 58 1 61 72 60 6 14 41 23 
42 73 85 39 25 1 6 62 45 70 91 95 43 25 63 18 21 66 62 49 69 9 89 14 51 94 25 35 83 98 77 4 
88 95 14 45 67 47 56 75 62 51 37 88 37 86 72 82 42 40 61 26 46 42 93 8 31 27 49 48 55 75 12 22 
32 22 33 99 74 22 43 78 30 23 25 21 41 57 60 10 32 89 17 46 90 84 28 54 98 49 78 10 46 30 62 47 
100 69 59 58 65 95 44 31 7 96 78 59 33 63 76 67 5 43 60 3 42 45 17 29 59 85 46 37 26 40 16 4 
88 11 22 51 22 49 60 51 36 77 14 22 6 76 35 52 81 69 95 75 90 3 98 69 53 6 31 6 72 60 12 29 
52 75 54 37 39 65 28 85 63 36 17 3 22 35 35 33 64 23 99 69 79 32 19 23 48 67 31 75 61 6 13 36 
94 32 3 94 55 55 72 44 51 23 48 62 80 84 26 96 43 26 47 81 54 34 66 37 36 24 32 30 49 65 47 45 
31 14 71 50 61 98 41 29 89 27 75 19 25 73 64 63 29 29 46 71 14 71 28 43 18 78 45 65 41 69 16 76 
66 40 32 26 88 11 57 80 73 18 80 93 83 70 84 60 66 13 96 79 18 6 4 96 30 64 39 52 75 69 54 37 
7 25 25 26 28 67 51 12 52 59 92 4 100 24 76 22 26 11 63 6 37 92 38 50 35 46 58 75 68 86 27 29 
86 14 2 83 25 46 93 81 36 17 74 54 52 18 95 64 8 14 63 96 40 47 51 74 43 100 64 89 50 80 98 32 
75 96 44 53 38 12 52 38 47 79 20 11 7 49 24 93 43 56 20 53 97 39 22 87 65 70 42 79 41 66 89 26 
69 63 94 32 29 78 78 27 90 20 76 80 24 70 53 98 81 24 15 36 99 37 10 51 99 67 80 77 2 79 58 44 
38 88 84 80 41 88 73 86 17 26 70 65 69 30 65 20 46 65 98 61 80 71 18 79 3 100 43 27 2 58 47 86 
10 48 31 16 90 30 68 39 82 11 92 66 78 2 32 39 95 54 91 2 57 14 30 96 87 98 6 31 42 66 80 37 
1 86 42 26 49 75 28 17 54 9 74 64 31 55 14 65 53 76 83 82 96 84 5 59 82 35 33 3 94 98 15 38 
1 1 1 1 -1 1 1 -1 1 -1 -1 1 -1 -1 1 1 -1 1 1 -1 -1 -1 -1 1 -1 1 -1 -1 1 -1 -1 1 
1 -1 -1 -1 1 1 1 -1 -1 1 -1 -1 1 1 1 1 -1 1 1 1 1 -1 -1 1 -1 -1 -1 -1 -1 1 1 -1 
1 -1 1 -1 -1 -1 1 -1 1 1 -1 -1 -1 1 1 1 -1 -1 -1 1 -1 -1 -1 -1 1 -1 -1 -1 1 -1 1 -1 
1 -1 -1 -1 -1 -1 1 -1 1 1 -1 -1 1 1 -1 1 -1 -1 1 1 1 -1 1 -1 1 1 -1 -1 -1 1 1 -1 
-1 1 -1 -1 1 1 1 1 -1 -1 -1 1 -1 1 1 1 -1 1 1 -1 1 -1 1 -1 1 1 -1 1 1 -1 -1 -1 
1 1 -1 -1 1 1 1 -1 1 -1 1 1 1 -1 -1 1 1 1 -1 1 -1 1 1 -1 -1 1 -1 1 1 -1 -1 1 
1 1 1 1 1 1 1 1 -1 1 1 -1 -1 1 1 -1 1 1 1 -1 1 -1 1 1 -1 -1 1 1 -1 -1 -1 -1 
-1 -1 -1 -1 1 -1 1 -1 -1 1 -1 1 1 1 -1 1 -1 -1 1 -1 1 -1 -1 -1 1 1 1 -1 1 1 -1 1 
1 -1 1 1 -1 1 -1 -1 -1 -1 1 1 -1 1 -1 -1 -1 1 1 1 1 -1 1 1 1 1 1 -1 1 1 -1 -1 
-1 1 1 1 -1 -1 1 1 -1 -1 1 -1 1 -1 -1 1 1 -1 -1 -1 1 1 -1 -1 -1 1 -1 -1 -1 -1 1 1 
-1 -1 -1 -1 -1 1 1 -1 1 1 -1 -1 1 -1 -1 1 -1 -1 1 1 -1 -1 -1 1 -1 -1 -1 1 1 -1 -1 1 
1 -1 -1 -1 1 1 -1 1 1 -1 -1 1 1 1 1 1 -1 -1 -1 1 1 -1 1 1 -1 1 1 1 -1 -1 1 1 
-1 1 -1 1 -1 1 -1 1 -1 1 1 1 -1 -1 1 -1 1 -1 -1 1 -1 1 -1 -1 -1 -1 1 1 1 -1 1 1 
-1 1 1 1 1 -1 1 1 1 -1 -1 1 -1 -1 -1 -1 -1 1 -1 1 1 1 1 1 1 1 1 1 1 1 -1 1 
1 1 1 -1 1 -1 1 -1 -1 -1 -1 1 1 -1 1 -1 -1 -1 -1 -1 1 -1 1 1 -1 -1 -1 -1 -1 -1 1 -1 
1 1 1 1 1 1 -1 1 -1 1 1 1 -1 -1 -1 -1 -1 -1 1 1 1 1 -1 1 -1 1 1 -1 1 1 -1 -1 
-1 -1 -1 -1 -1 1 1 -1 -1 1 -1 -1 1 -1 -1 -1 1 1 1 -1 1 1 1 1 -1 1 1 -1 1 -1 1 1 
1 1 -1 -1 1 1 1 -1 1 -1 -1 -1 -1 1 -1 -1 1 1 -1 -1 -1 1 1 1 -1 1 -1 -1 1 -1 -1 1 
1 1 -1 1 1 -1 1 1 1 -1 1 -1 -1 -1 -1 1 1 -1 -1 1 -1 1 1 1 1 -1 1 -1 -1 -1 -1 1 
-1 1 1 1 -1 1 -1 -1 1 -1 1 1 1 1 -1 1 -1 -1 1 1 1 1 -1 1 -1 1 1 -1 -1 1 1 -1 
-1 1 -1 1 1 -1 1 1 1 1 -1 1 -1 1 1 1 1 -1 -1 1 -1 -1 -1 1 -1 1 -1 1 1 -1 1 1 
-1 -1 -1 -1 -1 1 -1 -1 -1 1 -1 -1 1 1 -1 1 1 1 1 1 -1 1 -1 1 1 1 1 1 -1 -1 1 -1 
-1 -1 -1 1 1 1 1 -1 1 -1 -1 1 -1 1 1 -1 1 1 1 -1 -1 -1 1 1 -1 1 -1 1 1 -1 -1 1 
1 1 -1 -1 -1 -1 1 -1 1 -1 1 1 -1 1 1 1 1 1 1 1 1 1 1 1 -1 1 -1 -1 -1 -1 -1 1 
-1 -1 1 1 1 -1 -1 1 1 -1 -1 -1 -1 1 -1 -1 -1 -1 1 -1 -1 1 -1 -1 -1 -1 -1 -1 1 -1 -1 -1 
1 -1 -1 1 1 1 -1 1 1 1 -1 1 -1 1 -1 1 1 1 -1 1 1 1 1 1 -1 -1 -1 -1 1 1 1 1 
-1 -1 -1 -1 -1 -1 1 1 1 -1 -1 1 1 1 -1 1 1 -1 1 1 -1 1 -1 -1 -1 -1 -1 -1 -1 -1 -1 1 
-1 -1 -1 -1 1 1 1 -1 -1 -1 1 1 1 1 -1 -1 -1 -1 -1 -1 1 1 1 -1 -1 -1 -1 1 1 -1 1 -1 
1 -1 1 -1 1 1 -1 1 1 -1 1 -1 1 1 -1 1 1 1 -1 -1 1 -1 1 -1 1 1 -1 1 1 -1 1 1 
-1 1 -1 1 -1 -1 -1 1 1 -1 -1 -1 -1 1 -1 1 -1 -1 -1 1 -1 -1 -1 -1 -1 1 -1 -1 -1 1 -1 -1 
-1 1 1 1 -1 -1 -1 -1 -1 1 -1 1 1 -1 1 -1 1 -1 -1 1 1 1 -1 -1 -1 1 -1 1 1 -1 1 1 
1 -1 -1 -1 -1 1 -1 1 -1 1 1 1 1 1 -1 -1 1 1 1 -1 1 -1 1 1 -1 1 1 -1 1 -1 1 1 