64 -64 64 410 12556
12 24 62 75 36 30 50 75 31 22 1 88 17 36 34 23 100 34 37 3 42 25 69 26 50 74 76 26 71 64 99 7 82 68 56 41 46 29 88 38 9 63 91 7 92 53 95 31 84 69 55 74 70 76 96 3 44 43 23 45 54 2 78 41 
55 90 89 20 86 12 28 21 45 43 51 49 32 80 80 57 67 16 78 64 64 57 96 17 86 17 52 16 39 57 28 8 63 8 43 15 11 14 43 21 60 28 62 62 99 98 80 86 55 79 65 72 19 37 63 29 50 37 70 15 14 75 34 72 
39 99 46 45 67 2 29 66 71 66 30 85 75 35 18 62 62 27 61 1 69 72 37 36 36 9 87 39 27 46 52 14 7 44 55 98 18 5 63 37 17 32 50 99 38 40 69 19 10 29 67 1 91 47 100 30 43 19 70 35 14 56 72 45 
31 56 44 65 4 79 11 43 30 66 31 17 14 26 85 93 31 73 12 37 77 71 93 21 70 6 16 61 65 16 83 26 58 99 24 88 44 17 26 31 93 74 20 9 95 84 40 76 76 23 78 57 50 47 19 3 81 3 91 50 49 79 86 75 
88 17 16 46 76 24 24 83 82 91 12 7 95 5 37 39 9 90 17 36 98 67 79 35 29 25 87 95 69 23 22 23 62 11 79 38 77 6 86 62 21 26 2 97 92 89 5 66 16 92 64 27 56 56 17 2 13 20 77 46 50 5 83 48 
4 78 20 7 51 99 30 87 9 88 14 14 14 54 81 100 39 29 73 40 74 71 78 33 57 22 61 82 88 40 22 51 24 94 49 43 79 63 54 51 11 97 95 8 88 41 71 31 100 51 87 92 88 2 21 21 28 86 72 28 10 92 29 82 
84 71 77 3 33 5 76 6 100 98 99 43 96 25 75 78 18 42 78 74 99 58 21 34 25 97 8 65 42 14 18 89 11 89 62 79 13 27 61 88 5 26 18 47 20 88 29 12 78 9 50 59 6 92 13 22 45 64 56 61 59 37 88 97 
18 73 30 55 32 38 57 19 59 13 99 8 86 21 20 82 3 73 100 32 82 31 88 22 86 54 19 77 13 51 54 13 63 32 67 29 40 69 11 12 99 81 35 31 90 94 17 100 55 9 59 78 88 3 65 27 68 55 92 36 59 68 41 8 
61 96 81 66 93 2 94 63 34 97 61 11 54 90 7 8 11 47 9 62 1 73 55 26 51 78 26 56 36 61 94 74 21 94 6 21 85 25 6 42 32 17 89 48 91 13 95 19 6 29 3 31 26 29 30 77 39 54 16 25 64 68 84 23 
99 70 52 15 43 98 96 62 67 14 5 78 41 4 24 71 53 33 55 93 81 34 96 86 23 92 86 11 88 9 12 1 19 100 70 15 39 100 29 26 27 66 60 49 42 5 17 44 58 61 62 60 37 62 94 91 24 76 37 17 68 65 75 90 
51 86 58 67 42 91 4 38 94 48 93 40 7 14 19 57 64 92 28 81 29 27 35 65 47 91 74 76 85 51 89 76 54 50 62 68 15 25 98 32 82 20 66 31 11 61 32 82 85 46 45 4 100 93 57 83 73 38 72 58 53 17 39 3 
27 17 81 25 48 39 36 17 8 25 79 37 20 97 88 49 27 80 100 30 84 64 93 14 70 87 70 64 96 66 25 38 52 70 42 18 7 34 40 52 41 22 99 12 13 20 47 55 83 69 66 70 100 44 41 10 19 37 1 9 8 27 43 56 
92 70 23 13 19 8 76 73 93 35 94 3 39 73 28 69 86 79 21 7 41 51 7 25 12 62 88 90 44 51 97 43 90 14 15 38 42 49 92 9 81 61 86 38 43 58 51 1 90 87 24 5 11 28 39 80 60 95 53 86 74 68 67 14 
40 32 22 81 12 27 64 48 29 62 50 33 2 77 39 69 88 70 15 96 84 52 81 68 68 72 73 64 87 59 23 64 31 51 43 77 93 99 98 92 93 63 81 45 19 94 85 54 88 89 49 98 26 40 57 20 32 19 74 72 8 12 63 5 
17 32 63 38 10 41 16 96 3 100 62 4 58 47 5 61 3 79 79 42 64 8 41 90 92 44 94 69 11 66 91 4 75 66 53 47 99 2 63 59 42 66 75 64 67 77 43 10 73 71 50 80 11 46 5 17 83 22 33 37 84 16 20 60 
35 25 1 45 40 64 97 33 72 90 14 54 90 32 66 37 33 69 48 58 22 29 24 25 96 81 37 27 16 30 7 4 91 82 18 78 19 41 11 16 37 55 88 73 20 35 17 8 87 92 5 73 47 81 49 81 73 70 81 42 8 69 84 76 
76 36 71 34 63 58 34 64 28 2 68 49 43 60 3 9 16 6 80 84 90 50 80 77 63 13 41 98 61 27 10 31 96 69 21 12 89 27 80 66 11 8 72 27 27 19 24 37 67 40 12 3 18 6 2 57 49 51 77 32 8 47 6 76 
24 78 93 8 12 10 77 74 77 95 59 84 22 98 20 52 55 96 36 23 15 25 40 76 46 13 59 62 79 30 36 63 47 33 48 89 41 46 94 31 19 59 75 30 76 87 48 75 93 59 93 81 29 46 1 47 58 13 80 11 67 56 90 60 
12 70 7 95 8 65 10 58 86 67 96 71 33 36 37 19 66 66 42 62 5 96 76 7 56 56 55 45 61 52 70 78 58 53 76 72 2 77 75 85 48 99 21 95 67 56 11 85 20 93 41 41 87 66 60 3 53 99 83 66 4 65 48 88 
52 75 62 100 1 61 47 35 59 35 57 55 45 98 56 100 83 97 49 65 9 7 79 99 79 84 27 62 94 84 72 44 89 84 15 27 27 83 80 25 18 45 57 91 63 100 10 37 84 50 81 52 47 67 92 96 3 62 51 58 32 56 37 6 
1 89 32 78 91 22 29 23 18 36 100 58 91 21 47 41 80 20 16 15 29 23 91 67 78 34 24 79 8 2 1 59 93 26 50 54 29 82 64 44 52 21 99 100 15 40 15 72 18 80 24 44 11 30 83 29 41 93 4 66 23 87 32 92 
97 18 45 21 76 77 87 84 61 96 49 69 46 72 96 95 76 51 56 41 73 56 61 63 80 49 37 50 10 69 45 59 27 25 52 62 26 83 64 45 17 12 30 62 31 5 99 10 70 60 45 24 44 24 39 11 57 24 93 59 50 97 12 41 
58 94 65 99 59 85 94 12 21 49 99 56 79 16 51 25 94 39 68 11 58 65 17 68 14 50 36 89 45 98 70 100 87 41 40 25 35 17 48 27 25 69 39 28 80 93 1 14 52 43 30 95 77 15 28 79 53 87 9 81 25 2 85 4 
18 79 59 90 52 35 75 78 81 39 53 64 32 25 59 98 24 9 90 15 74 13 89 76 76 61 59 87 93 44 5 22 38 60 98 19 11 11 66 74 56 1 83 78 23 61 60 2 80 38 97 22 93 60 10 90 8 39 88 12 15 100 94 59 
32 14 90 88 53 71 57 50 1 57 57 61 41 24 74 35 2 58 30 47 62 19 30 74 81 23 62 73 61 73 30 84 25 76 81 20 84 12 88 83 11 59 91 44 96 51 21 77 72 99 84 100 86 42 62 74 3 76 46 17 42 13 9 48 
3 100 98 98 5 81 83 13 65 57 66 62 4 14 71 100 22 53 44 45 99 47 53 21 42 13 27 11 19 7 30 11 76 11 11 37 96 90 52 27 62 1 25 82 84 11 22 35 31 98 45 4 53 39 45 45 19 98 21 48 46 86 11 80 
36 40 21 38 47 33 98 89 68 65 78 13 17 91 51 10 97 18 59 26 24 31 60 80 33 88 34 100 38 71 35 8 57 22 1 75 96 7 5 8 68 94 7 31 95 17 88 100 83 27 22 3 50 84 13 32 16 57 83 45 89 15 50 3 
65 46 43 95 21 71 43 58 6 24 17 49 85 54 13 83 21 64 28 61 40 10 84 76 60 93 7 76 55 4 61 19 10 32 99 19 54 87 33 17 26 77 48 91 16 2 51 92 74 18 57 61 92 56 89 96 93 40 25 2 39 93 7 28 
78 75 50 25 51 21 30 96 97 47 56 96 17 15 87 62 16 59 36 22 29 54 12 35 21 66 17 83 89 55 10 23 66 63 50 34 35 61 40 43 68 31 40 56 58 52 47 7 95 70 93 23 79 16 63 33 27 19 3 79 11 58 24 55 
62 68 5 34 87 91 15 41 25 30 8 42 13 40 99 85 6 63 76 74 10 13 68 38 100 47 51 98 80 3 28 94 79 84 43 63 62 21 6 14 70 82 47 44 95 83 58 73 91 57 64 85 75 61 55 93 78 42 8 44 38 5 83 27 
25 42 90 6 53 66 21 13 65 68 89 26 47 69 8 22 65 49 52 90 80 86 22 6 14 3 97 14 92 64 32 80 88 18 81 25 91 7 81 9 79 41 87 65 91 27 31 58 16 85 87 32 100 100 31 82 59 29 43 54 99 58 8 55 
15 92 35 29 37 48 52 78 65 20 92 88 29 99 80 65 62 22 44 3 86 86 55 24 38 66 85 60 61 72 19 68 34 80 80 55 40 12 84 50 67 5 61 11 11 69 18 19 72 37 55 13 14 66 3 88 67 97 21 26 95 7 7 6 
74 12 84 89 30 82 17 86 65 16 16 20 99 47 49 96 37 68 8 98 36 85 58 71 10 79 29 34 16 31 86 59 27 88 36 89 35 54 5 33 29 33 45 67 48 62 1 35 26 80 73 86 60 33 56 79 79 99 36 11 15 2 22 7 
58 22 14 25 64 45 100 23 88 5 59 95 24 24 35 77 28 8 89 32 84 58 96 45 99 55 6 90 13 4 2 6 64 20 66 65 64 54 47 99 75 99 58 69 90 83 84 31 64 19 41 91 31 58 95 53 40 24 97 42 50 92 32 20 
36 74 97 5 27 5 31 98 7 24 24 82 14 49 80 87 21 34 100 78 66 9 7 84 8 94 30 46 34 71 65 38 27 10 25 84 29 45 38 90 28 20 50 38 13 48 4 43 95 79 73 87 7 34 76 15 30 48 15 54 25 85 49 21 
56 12 9 45 64 8 38 71 33 18 50 85 8 80 90 93 92 40 36 69 4 75 41 88 33 98 69 39 89 5 11 6 98 79 31 57 94 28 51 89 96 55 27 9 67 21 74 18 15 86 19 75 52 82 82 94 65 47 50 64 68 17 34 1 
19 41 92 32 99 9 19 59 92 89 79 8 73 40 39 62 96 30 49 80 67 91 63 29 14 57 27 72 51 6 70 32 59 53 48 27 54 20 13 23 26 84 20 5 90 92 14 12 89 10 14 27 79 68 15 51 60 15 89 87 20 89 37 89 
15 72 97 51 100 9 18 10 92 70 92 59 17 45 21 8 77 37 94 40 45 81 70 65 80 40 45 10 69 52 68 46 100 38 56 29 97 96 98 66 16 100 48 91 37 75 5 28 82 84 5 71 15 5 98 96 81 36 44 48 24 27 33 10 
13 90 52 25 13 41 56 18 99 78 15 1 20 26 45 86 35 40 95 37 74 32 34 39 54 27 10 88 89 64 46 33 89 34 84 62 81 37 71 98 36 13 30 39 77 44 7 7 96 18 37 45 89 40 67 61 36 37 70 28 100 44 38 48 
79 71 72 14 59 76 47 100 64 26 48 19 7 41 55 29 92 12 29 31 44 98 15 65 43 92 13 98 74 73 53 67 9 77 54 93 62 34 52 21 42 100 97 31 77 41 96 51 7 97 43 40 15 99 33 62 73 56 66 16 89 2 12 35 
20 29 64 25 94 96 28 86 51 24 71 94 46 37 49 28 67 12 75 92 57 1 31 20 77 67 12 99 56 40 10 71 95 39 57 49 35 74 75 33 43 67 6 18 26 5 71 32 15 57 72 2 29 8 64 3 2 47 58 41 100 51 7 14 
63 21 47 9 91 87 80 67 71 25 56 58 59 27 6 90 33 28 36 55 55 29 22 57 39 64 19 79 27 1 38 57 22 83 43 70 61 89 7 28 18 100 77 44 1 81 89 61 76 79 59 76 40 36 100 45 93 24 24 71 14 74 85 94 
40 19 99 18 65 60 84 21 47 89 44 39 63 43 45 1 59 82 59 92 8 40 99 37 3 60 79 94 40 41 24 84 69 4 48 78 73 30 88 17 33 57 27 6 19 59 69 13 81 75 19 36 46 100 94 31 99 25 36 86 33 89 10 66 
1 80 3 92 82 38 100 79 25 13 35 74 88 76 66 44 26 96 30 15 94 41 91 37 42 33 72 17 74 38 22 92 80 6 36 65 29 70 97 90 33 43 72 32 13 71 95 27 26 30 71 68 13 47 11 64 56 32 16 87 80 40 21 57 
95 6 23 21 96 74 68 6 24 47 39 48 30 14 79 15 51 50 44 20 65 67 69 89 72 8 19 76 97 17 23 46 11 5 79 9 44 41 81 94 23 93 1 38 49 43 91 16 84 17 77 67 54 28 62 89 18 10 73 7 49 89 30 83 
65 80 72 83 23 85 64 60 62 91 36 68 1 69 5 62 72 15 98 23 5 87 42 66 8 92 93 76 38 64 54 94 14 90 96 42 91 44 81 95 53 78 52 20 61 13 9 42 23 86 83 8 79 27 60 5 69 58 93 88 15 76 14 37 
43 12 28 89 68 74 43 6 95 56 58 77 43 35 24 37 4 81 99 75 68 20 25 92 11 24 5 62 41 1 13 38 17 28 96 35 60 93 29 83 39 18 28 13 8 9 73 18 64 84 71 29 89 78 61 87 50 76 17 23 26 23 3 23 
37 34 26 4 98 73 6 77 6 96 87 65 37 100 43 8 51 72 97 23 57 60 39 30 17 13 84 78 40 52 33 70 56 86 98 74 75 6 48 30 7 3 40 61 69 77 92 21 37 99 32 11 74 89 24 22 4 64 94 23 41 22 84 21 
65 89 21 59 83 95 8 39 96 72 22 95 91 80 61 99 55 6 85 41 58 97 80 50 72 22 21 30 27 81 8 10 12 77 65 52 44 8 90 37 73 17 84 60 37 24 3 7 56 70 52 13 91 66 4 36 73 41 58 34 30 61 21 58 
23 49 100 86 48 77 43 2 18 15 81 95 8 13 79 98 10 52 42 11 25 58 91 44 77 64 9 57 25 90 50 85 34 80 20 43 90 55 66 91 29 83 54 61 38 14 55 12 89 10 82 54 27 44 23 95 90 32 82 58 34 94 98 21 
68 87 43 48 90 5 43 88 81 11 94 43 82 6 18 17 44 3 95 54 38 90 39 45 6 8 68 47 37 62 77 59 31 16 76 1 32 93 86 87 45 81 13 38 92 55 49 65 6 70 50 65 10 11 45 22 73 83 84 12 22 90 61 95 
83 71 78 14 38 35 96 80 13 64 10 11 19 73 89 92 30 63 39 24 3 59 31 17 45 28 35 60 53 93 57 7 91 76 92 38 2 43 73 70 88 93 59 15 18 35 76 81 86 20 36 95 60 7 97 89 84 87 94 57 17 27 4 6 
31 43 86 55 85 3 98 60 96 63 44 21 25 49 58 71 33 80 48 32 12 92 30 19 1 73 15 69 58 28 67 37 38 40 41 44 16 12 47 49 75 93 11 49 62 97 74 95 51 73 19 31 39 93 79 65 5 83 2 15 66 36 16 96 
41 15 61 38 31 57 82 98 49 13 35 60 40 35 95 42 86 62 4 78 74 10 91 70 23 70 53 67 93 95 61 10 61 10 4 78 40 80 27 96 74 12 14 86 24 1 60 9 79 85 81 89 87 7 53 42 61 45 40 32 23 48 66 94 
74 55 55 28 48 58 46 7 42 84 31 87 20 35 98 83 87 29 80 28 58 26 68 18 60 24 2 34 42 85 76 75 52 4 25 85 92 8 80 86 18 12 72 94 84 63 22 70 74 45 24 29 75 64 25 30 58 80 55 33 8 41 72 82 
12 57 99 91 77 44 26 18 72 89 6 72 82 3 100 4 20 26 74 19 18 60 50 27 9 25 77 90 74 30 86 64 30 47 14 21 52 23 71 16 70 23 97 15 28 47 11 33 63 48 62 97 82 8 34 82 50 3 83 98 43 66 54 50 
33 47 74 92 47 25 89 17 7 95 48 89 96 65 89 87 9 31 96 65 34 47 64 30 41 55 48 74 92 74 54 54 65 9 43 76 84 10 22 36 16 28 65 26 57 51 63 72 62 52 37 77 54 3 70 60 74 76 91 72 1 62 55 19 
29 71 78 56 86 70 80 35 62 63 81 51 2 90 71 2 25 4 38 4 60 29 33 15 75 33 66 73 70 12 23 62 47 31 50 35 60 90 50 66 36 18 73 43 75 45 11 93 45 33 73 51 75 87 81 40 20 16 51 57 74 30 9 66 
59 75 76 89 17 46 26 49 73 63 12 99 64 25 59 23 89 24 24 17 74 33 27 90 29 11 68 13 38 100 97 28 2 81 91 100 27 100 94 17 19 6 15 74 24 93 56 65 92 70 48 82 20 49 26 86 53 92 93 70 70 27 74 46 
21 37 81 51 18 41 3 67 29 57 88 69 74 47 35 75 26 75 2 47 2 82 6 44 1 31 32 77 39 84 91 11 64 87 99 19 19 37 53 6 51 44 70 6 20 59 56 47 64 7 90 5 26 93 21 48 31 92 75 81 19 48 34 69 
62 73 57 45 92 16 83 70 61 27 57 10 48 53 47 9 74 50 23 83 67 19 58 76 71 96 74 48 79 74 42 54 99 36 19 66 31 43 62 25 51 40 52 83 7 46 64 96 53 53 12 39 15 92 24 74 47 51 83 83 77 1 51 77 
75 20 59 14 52 48 39 30 68 91 66 74 23 79 60 65 3 18 62 57 24 47 6 83 7 42 75 40 27 83 9 76 78 40 29 52 70 33 90 8 14 3 100 50 68 86 82 78 61 27 92 60 39 3 82 28 35 86 31 7 86 16 9 95 
73 47 75 79 57 84 3 66 36 93 65 40 34 17 49 64 63 41 98 8 54 19 60 93 44 67 45 73 22 69 69 70 24 75 38 52 28 74 49 94 7 51 35 62 34 97 56 13 48 57 93 87 20 96 98 13 59 62 50 20 34 32 34 36 
91 12 74 88 12 13 5 40 23 6 21 45 66 15 92 13 58 16 3 4 25 33 40 41 82 2 100 94 2 89 95 5 77 42 63 80 86 72 1 40 2 14 1 24 42 71 8 70 31 46 53 21 100 73 14 47 19 73 52 52 26 46 41 43 
-1 -1 1 -1 -1 1 -1 1 -1 1 1 1 1 1 -1 -1 -1 -1 1 -1 1 1 1 -1 1 1 1 1 -1 1 1 -1 1 -1 1 1 -1 -1 1 1 1 -1 -1 1 -1 1 1 1 1 1 -1 -1 -1 -1 -1 1 -1 -1 1 -1 1 -1 1 1 
-1 -1 -1 -1 -1 1 1 1 -1 1 1 1 -1 1 1 1 1 -1 -1 -1 1 -1 1 1 1 1 -1 1 1 -1 -1 -1 -1 1 1 1 -1 -1 1 -1 -1 -1 -1 -1 1 -1 -1 1 -1 -1 1 -1 -1 1 1 1 1 -1 1 1 -1 -1 -1 1 
1 -1 1 -1 -1 -1 1 1 1 1 -1 -1 1 1 1 1 -1 -1 -1 1 -1 -1 -1 1 1 -1 1 -1 -1 1 1 1 -1 1 -1 -1 -1 -1 -1 1 -1 -1 1 1 1 -1 1 -1 -1 -1 -1 -1 -1 1 1 1 -1 1 -1 -1 1 1 1 -1 
-1 -1 -1 1 -1 1 -1 1 1 1 1 1 1 -1 -1 1 -1 1 1 -1 1 1 -1 1 -1 -1 -1 -1 -1 1 -1 1 1 -1 -1 -1 1 1 -1 1 1 1 1 1 1 -1 -1 -1 -1 -1 -1 1 1 -1 -1 1 1 1 -1 -1 -1 1 -1 -1 
-1 -1 -1 -1 -1 -1 1 -1 1 -1 1 -1 -1 -1 -1 1 1 -1 1 -1 1 -1 -1 1 1 -1 1 1 1 -1 1 1 -1 1 -1 -1 1 -1 -1 -1 1 1 -1 1 -1 1 -1 1 -1 -1 1 -1 -1 1 1 -1 -1 -1 -1 -1 -1 1 -1 -1 
1 1 -1 1 -1 1 -1 1 1 -1 1 -1 -1 -1 -1 -1 -1 -1 1 -1 1 1 1 1 -1 -1 -1 -1 -1 -1 -1 -1 -1 -1 1 1 -1 1 1 -1 1 -1 -1 -1 1 -1 -1 -1 1 1 -1 -1 -1 1 -1 -1 -1 1 1 1 -1 1 1 1 
-1 1 1 -1 1 -1 1 1 -1 1 -1 1 -1 -1 1 1 -1 -1 -1 -1 -1 1 1 1 -1 1 -1 -1 -1 -1 1 -1 -1 1 1 -1 -1 1 1 -1 1 1 1 1 1 1 1 -1 1 -1 -1 -1 -1 1 -1 1 -1 1 1 1 1 -1 1 1 
1 1 1 1 -1 1 1 1 1 1 1 1 1 -1 1 -1 -1 1 1 1 1 1 -1 1 1 1 -1 -1 1 1 -1 1 1 -1 -1 1 -1 -1 1 -1 1 -1 1 -1 1 -1 1 -1 1 -1 -1 1 -1 -1 1 1 -1 1 -1 1 1 -1 -1 -1 
-1 -1 1 1 1 1 -1 1 -1 -1 -1 -1 -1 -1 1 -1 -1 -1 -1 -1 -1 -1 1 -1 1 -1 -1 1 -1 1 1 -1 -1 1 -1 1 1 -1 -1 -1 1 1 -1 1 1 1 -1 1 1 -1 -1 1 -1 -1 -1 1 -1 -1 -1 1 -1 1 -1 -1 
1 1 1 1 -1 -1 1 1 -1 1 -1 1 1 1 -1 1 -1 1 1 -1 -1 1 -1 1 -1 1 1 1 1 1 1 -1 1 1 1 1 -1 -1 -1 1 1 -1 -1 1 -1 1 -1 1 -1 -1 1 -1 -1 1 -1 1 1 1 -1 1 -1 1 1 -1 
1 1 -1 1 1 1 -1 1 -1 -1 -1 1 1 -1 1 1 1 -1 -1 1 -1 1 -1 1 -1 1 -1 1 -1 -1 1 -1 1 1 1 -1 -1 1 1 1 1 1 1 1 -1 1 1 -1 1 1 1 -1 1 -1 1 1 -1 1 -1 -1 1 1 -1 -1 
1 1 -1 1 -1 -1 1 1 -1 1 1 1 1 1 -1 -1 1 -1 1 -1 1 -1 -1 1 1 1 -1 1 -1 -1 -1 -1 -1 1 1 1 -1 -1 1 -1 -1 -1 1 -1 -1 -1 1 -1 1 -1 -1 1 1 -1 1 1 1 1 1 -1 -1 -1 1 -1 
1 -1 1 1 -1 -1 -1 1 -1 1 1 1 1 1 -1 1 -1 -1 -1 1 1 1 -1 -1 1 1 1 1 1 -1 -1 1 -1 1 -1 1 -1 1 1 -1 1 -1 1 1 1 1 1 1 1 -1 -1 -1 -1 -1 1 1 -1 -1 -1 -1 1 -1 1 -1 
1 1 1 -1 -1 -1 -1 -1 -1 1 -1 1 1 -1 -1 1 -1 1 -1 1 1 -1 1 1 -1 -1 -1 -1 -1 1 -1 1 1 1 1 1 -1 -1 1 1 -1 -1 1 -1 1 -1 1 -1 1 -1 -1 1 -1 -1 -1 -1 1 -1 -1 1 1 -1 1 -1 
-1 1 1 -1 -1 -1 1 1 1 -1 1 -1 -1 -1 -1 1 1 1 -1 -1 1 -1 -1 -1 -1 -1 1 1 1 1 1 1 1 1 1 -1 1 1 -1 1 -1 1 -1 -1 1 -1 1 -1 -1 -1 1 -1 1 -1 1 -1 1 -1 1 -1 1 -1 -1 1 
-1 1 1 1 1 -1 1 -1 -1 1 1 -1 1 1 1 -1 1 -1 1 -1 -1 -1 1 -1 1 -1 1 1 -1 1 -1 1 1 1 -1 -1 1 1 1 1 1 -1 1 -1 1 -1 -1 -1 -1 1 1 -1 1 1 -1 1 1 -1 1 1 -1 1 1 -1 
-1 1 -1 -1 1 -1 -1 -1 -1 -1 1 1 -1 -1 1 1 1 1 1 -1 1 1 1 -1 -1 -1 -1 1 -1 1 1 1 -1 -1 -1 1 1 1 1 1 1 -1 1 1 -1 -1 1 1 -1 -1 -1 1 -1 -1 1 1 1 -1 1 -1 -1 1 1 -1 
-1 -1 -1 1 -1 -1 -1 1 -1 1 -1 -1 -1 1 1 -1 1 1 -1 -1 -1 -1 1 -1 -1 -1 -1 1 1 -1 -1 -1 -1 1 1 1 -1 1 1 1 -1 -1 1 1 -1 1 1 1 1 1 -1 1 1 1 1 1 1 1 -1 -1 1 -1 -1 1 
1 -1 -1 1 1 1 -1 1 -1 1 -1 1 -1 -1 -1 1 1 -1 -1 -1 1 -1 1 1 -1 1 -1 1 1 1 -1 -1 1 1 1 -1 -1 -1 -1 1 1 -1 1 -1 1 -1 1 -1 1 -1 1 -1 -1 -1 -1 1 1 1 1 1 -1 -1 1 1 
-1 -1 1 -1 -1 -1 -1 1 -1 -1 1 -1 1 1 -1 -1 -1 -1 -1 -1 -1 -1 1 -1 1 1 -1 -1 1 -1 -1 -1 -1 -1 -1 -1 -1 -1 -1 1 1 -1 -1 -1 1 -1 1 -1 1 1 1 -1 -1 1 -1 -1 -1 -1 -1 1 -1 1 -1 1 
1 1 -1 1 1 1 -1 1 -1 -1 -1 1 1 1 1 -1 1 -1 1 -1 1 -1 1 -1 1 -1 -1 -1 -1 1 1 -1 -1 -1 1 1 -1 -1 1 1 -1 -1 1 -1 -1 -1 1 1 -1 -1 -1 1 1 1 1 -1 1 -1 1 1 1 1 1 -1 
1 -1 -1 1 -1 1 1 1 -1 1 1 -1 1 -1 -1 -1 1 -1 -1 -1 -1 1 1 1 1 1 -1 1 -1 1 -1 -1 1 1 1 1 -1 1 -1 1 1 -1 1 -1 -1 -1 -1 -1 1 1 -1 1 -1 -1 1 1 -1 1 1 -1 1 -1 1 -1 
1 1 -1 -1 -1 1 1 -1 1 -1 -1 -1 -1 1 -1 1 1 1 1 1 1 1 1 -1 1 1 1 1 1 -1 1 1 1 1 1 -1 -1 -1 1 1 1 1 -1 -1 -1 -1 -1 -1 -1 -1 -1 1 1 -1 -1 -1 1 1 -1 -1 1 1 1 -1 
-1 1 1 1 1 1 1 1 -1 1 1 1 -1 1 -1 -1 -1 -1 1 -1 -1 1 -1 -1 1 1 1 -1 -1 1 -1 1 1 -1 1 -1 -1 -1 1 1 1 1 1 1 -1 1 -1 -1 -1 -1 -1 -1 1 -1 1 1 1 -1 1 -1 -1 1 -1 -1 
1 1 1 -1 1 -1 -1 1 1 -1 -1 1 1 -1 -1 1 -1 -1 -1 1 1 1 1 1 -1 -1 1 -1 -1 -1 1 -1 -1 -1 1 1 1 -1 -1 -1 1 -1 1 -1 -1 -1 -1 1 1 1 1 -1 1 1 1 1 1 1 1 -1 -1 1 1 -1 
1 1 -1 -1 -1 -1 1 1 -1 1 1 1 1 -1 -1 -1 -1 -1 1 1 -1 1 1 1 -1 -1 -1 -1 -1 1 -1 1 -1 -1 1 1 -1 -1 -1 1 1 1 1 -1 -1 1 1 1 1 -1 -1 -1 -1 1 -1 1 1 -1 1 -1 -1 1 -1 -1 
1 -1 1 -1 1 -1 -1 -1 -1 1 -1 -1 1 -1 1 1 -1 -1 -1 -1 -1 -1 1 1 1 -1 1 -1 -1 1 -1 1 1 -1 1 -1 1 1 -1 1 -1 -1 -1 1 -1 -1 1 1 1 -1 1 1 1 -1 -1 -1 1 1 1 -1 -1 -1 -1 1 
1 1 -1 -1 1 -1 -1 -1 1 1 1 1 1 -1 1 1 1 1 1 -1 -1 1 1 -1 -1 -1 -1 1 -1 -1 1 -1 1 1 1 1 1 1 -1 -1 1 1 1 -1 -1 1 1 -1 -1 1 1 -1 1 1 -1 1 -1 -1 -1 1 -1 1 1 1 
-1 1 -1 -1 1 -1 -1 1 -1 1 -1 -1 1 -1 1 -1 -1 1 1 1 -1 -1 1 -1 -1 -1 -1 -1 -1 1 -1 -1 1 -1 1 -1 1 1 -1 -1 1 1 1 -1 -1 -1 -1 -1 -1 1 -1 1 -1 1 1 -1 1 -1 1 -1 1 1 1 1 
1 -1 1 1 -1 -1 -1 1 1 1 -1 -1 -1 1 1 1 1 -1 1 -1 1 1 -1 1 -1 1 1 -1 1 -1 1 1 -1 1 1 -1 1 -1 1 1 1 1 1 -1 1 -1 1 1 -1 1 1 1 1 1 1 1 -1 1 -1 1 -1 -1 -1 1 
1 -1 1 -1 1 -1 1 -1 1 1 1 -1 -1 -1 1 -1 1 -1 -1 -1 1 -1 1 -1 1 -1 -1 1 -1 1 -1 1 -1 -1 -1 -1 1 1 -1 -1 1 1 -1 -1 1 1 1 -1 -1 -1 -1 -1 -1 1 -1 -1 -1 1 -1 1 -1 -1 -1 -1 
-1 -1 1 1 1 -1 -1 1 -1 -1 -1 -1 1 1 1 1 1 -1 -1 -1 -1 -1 1 1 -1 1 1 -1 -1 1 1 -1 1 -1 1 1 -1 1 -1 1 1 -1 -1 -1 -1 1 1 -1 1 -1 1 1 -1 -1 1 1 -1 -1 1 -1 1 1 1 1 
1 -1 -1 1 -1 -1 -1 1 -1 1 1 -1 -1 1 1 1 -1 -1 1 -1 -1 1 1 1 -1 -1 1 1 1 -1 -1 1 -1 -1 -1 -1 -1 -1 1 1 -1 -1 1 -1 -1 -1 -1 1 1 1 -1 1 1 -1 -1 -1 -1 -1 -1 -1 -1 1 1 1 
-1 1 1 -1 1 -1 1 -1 1 1 1 1 1 1 1 1 -1 1 1 -1 -1 1 1 -1 -1 -1 -1 1 -1 1 -1 -1 -1 1 -1 1 -1 -1 1 1 -1 1 1 -1 1 -1 -1 -1 1 -1 -1 -1 -1 1 -1 -1 -1 -1 1 1 -1 -1 -1 1 
1 1 -1 -1 -1 1 1 -1 -1 1 1 1 -1 1 1 -1 -1 1 1 -1 1 1 1 1 1 1 1 1 1 1 -1 1 -1 -1 1 1 1 -1 1 -1 -1 -1 -1 1 1 -1 -1 -1 -1 1 -1 -1 1 -1 -1 1 1 -1 -1 -1 -1 1 1 -1 
1 1 -1 -1 -1 1 -1 1 1 1 -1 1 1 1 -1 -1 1 1 -1 -1 1 1 -1 -1 1 1 -1 1 -1 -1 -1 1 -1 1 1 1 -1 1 -1 -1 1 1 -1 -1 -1 -1 1 -1 -1 -1 -1 1 -1 -1 1 1 -1 -1 1 1 -1 1 1 1 
-1 -1 -1 1 1 -1 -1 -1 1 -1 -1 -1 -1 -1 1 1 1 -1 -1 -1 -1 -1 -1 -1 1 -1 1 1 1 1 1 -1 -1 -1 1 -1 1 -1 1 -1 -1 -1 1 1 -1 1 -1 -1 -1 -1 1 1 -1 -1 -1 -1 -1 1 -1 1 -1 -1 1 1 
-1 -1 -1 1 -1 1 1 -1 -1 -1 1 -1 1 -1 1 1 1 1 -1 -1 -1 1 -1 -1 -1 -1 1 1 1 -1 1 1 -1 -1 -1 1 -1 -1 -1 -1 1 -1 1 -1 -1 -1 -1 -1 1 -1 1 1 -1 -1 1 -1 1 1 -1 -1 -1 -1 1 -1 
1 1 -1 -1 -1 1 1 1 -1 -1 1 1 1 1 -1 1 1 1 -1 -1 1 -1 1 1 -1 -1 -1 -1 -1 1 -1 -1 1 1 1 -1 1 -1 1 1 -1 1 1 -1 -1 -1 -1 -1 -1 -1 -1 1 1 -1 1 -1 1 -1 -1 -1 -1 1 1 -1 
1 -1 1 1 -1 -1 -1 -1 -1 1 1 -1 -1 1 1 1 1 1 1 1 1 1 1 1 -1 1 1 -1 -1 1 -1 1 1 1 -1 -1 -1 -1 1 -1 1 1 1 -1 -1 -1 -1 1 1 1 -1 -1 -1 -1 -1 -1 1 -1 1 -1 1 1 -1 -1 
1 -1 -1 1 1 1 1 1 1 1 1 -1 1 -1 -1 1 1 -1 1 1 -1 1 1 1 1 1 -1 1 1 1 1 1 -1 -1 -1 1 -1 1 -1 1 1 -1 -1 1 1 -1 -1 1 1 1 -1 1 -1 -1 -1 1 1 -1 1 -1 1 1 -1 1 
-1 -1 -1 1 1 -1 1 -1 1 -1 1 -1 -1 -1 1 -1 -1 -1 -1 -1 -1 -1 1 1 -1 1 -1 1 1 1 1 -1 -1 1 -1 1 -1 -1 1 1 -1 1 1 1 1 1 1 1 1 1 -1 -1 1 1 -1 -1 1 -1 -1 1 -1 1 1 1 
-1 -1 1 1 -1 -1 1 1 -1 -1 1 1 1 1 -1 1 1 1 1 -1 1 1 -1 1 1 1 -1 1 1 1 -1 -1 1 1 -1 -1 1 1 1 1 -1 1 -1 -1 -1 -1 1 1 1 1 -1 1 1 -1 -1 1 1 -1 1 -1 -1 1 -1 1 
1 -1 1 1 1 -1 1 -1 1 1 1 -1 1 -1 -1 -1 1 1 -1 -1 -1 -1 -1 1 -1 -1 1 -1 -1 -1 -1 -1 -1 -1 1 -1 1 -1 -1 -1 1 1 -1 -1 -1 1 -1 1 1 -1 1 1 -1 1 -1 1 1 -1 1 -1 1 -1 1 1 
-1 1 1 1 -1 1 1 1 1 -1 -1 -1 1 1 1 1 -1 -1 1 1 -1 -1 -1 -1 -1 -1 -1 -1 -1 1 1 -1 -1 1 1 -1 -1 -1 -1 -1 1 1 -1 -1 -1 1 1 -1 -1 1 -1 1 -1 -1 -1 1 1 -1 -1 -1 1 -1 1 -1 
1 -1 -1 -1 1 -1 1 -1 1 1 1 -1 1 -1 -1 -1 -1 1 -1 -1 -1 -1 -1 1 -1 1 -1 1 -1 -1 1 1 -1 -1 -1 -1 1 -1 -1 -1 -1 1 -1 1 1 -1 -1 1 -1 -1 1 -1 -1 -1 1 -1 1 -1 -1 1 1 1 1 -1 
1 -1 1 -1 -1 -1 1 1 -1 -1 1 1 1 1 1 -1 1 1 1 1 1 -1 -1 -1 -1 1 1 1 -1 1 1 1 -1 -1 -1 1 -1 -1 -1 -1 -1 1 1 -1 1 -1 -1 -1 -1 -1 1 -1 1 -1 -1 -1 1 1 1 1 -1 -1 -1 -1 
1 1 -1 -1 1 -1 -1 -1 1 1 -1 -1 1 -1 -1 -1 1 1 -1 -1 1 -1 -1 -1 1 1 1 -1 -1 1 -1 -1 1 -1 -1 -1 -1 -1 -1 1 1 1 1 1 -1 1 -1 -1 -1 -1 1 1 1 -1 1 -1 -1 -1 -1 -1 1 1 -1 1 
1 -1 -1 -1 -1 1 1 1 1 -1 1 1 1 1 -1 -1 -1 1 1 1 -1 1 -1 -1 1 1 1 -1 -1 -1 -1 1 1 1 -1 -1 -1 1 -1 1 1 1 1 1 -1 -1 -1 -1 -1 -1 1 -1 -1 1 1 -1 -1 1 1 -1 -1 -1 -1 1 
1 -1 -1 -1 -1 1 -1 -1 -1 -1 1 -1 -1 -1 -1 1 -1 1 -1 1 -1 1 -1 -1 1 -1 -1 1 1 1 -1 -1 1 -1 1 -1 -1 -1 -1 1 1 1 1 -1 1 -1 -1 -1 -1 1 -1 1 1 1 -1 1 1 -1 1 1 -1 -1 -1 -1 
-1 1 -1 -1 1 -1 -1 -1 -1 1 1 -1 -1 -1 1 1 -1 -1 1 1 -1 -1 -1 -1 1 -1 1 1 -1 1 -1 1 -1 -1 -1 -1 1 1 -1 -1 -1 -1 -1 1 -1 1 1 1 1 -1 1 1 -1 1 1 1 -1 1 -1 -1 1 -1 1 -1 
-1 -1 -1 1 -1 -1 -1 1 1 -1 -1 1 -1 1 -1 -1 1 1 -1 -1 1 1 1 -1 -1 -1 1 -1 1 1 -1 1 1 -1 -1 1 1 1 1 -1 1 -1 1 1 1 -1 -1 1 -1 1 1 -1 1 -1 -1 -1 -1 -1 1 -1 1 -1 1 1 
-1 -1 -1 1 -1 -1 -1 -1 -1 -1 1 1 -1 -1 1 1 -1 1 -1 -1 1 -1 1 1 1 -1 1 1 -1 1 -1 -1 1 -1 1 -1 -1 -1 1 -1 -1 1 1 -1 -1 -1 1 1 -1 1 -1 1 1 1 1 1 1 1 1 1 1 1 -1 -1 
-1 1 1 -1 1 1 1 -1 -1 1 -1 -1 -1 -1 -1 1 -1 1 -1 1 1 -1 -1 -1 1 1 -1 1 1 1 1 -1 -1 1 -1 -1 -1 -1 -1 -1 -1 1 -1 1 -1 -1 -1 -1 1 1 1 -1 1 1 -1 1 -1 -1 1 1 -1 -1 -1 1 
-1 1 1 -1 1 -1 -1 1 -1 -1 1 1 1 -1 1 -1 1 1 -1 -1 1 1 -1 1 1 -1 -1 -1 1 1 -1 1 -1 -1 -1 1 -1 1 1 -1 -1 -1 -1 -1 -1 1 -1 1 1 -1 1 -1 1 -1 -1 -1 1 1 -1 1 -1 -1 -1 -1 
1 1 1 1 -1 -1 1 1 1 1 1 1 1 -1 -1 1 1 1 1 -1 -1 1 -1 1 1 1 -1 1 -1 1 -1 1 -1 -1 1 1 -1 -1 -1 -1 1 -1 1 1 1 -1 -1 -1 -1 1 1 -1 1 1 -1 1 -1 -1 -1 -1 1 -1 1 -1 
-1 1 -1 1 -1 -1 -1 -1 -1 1 -1 1 -1 1 1 1 1 1 1 -1 1 -1 1 1 1 1 1 -1 1 -1 -1 -1 -1 -1 1 -1 -1 1 1 1 1 1 1 1 1 1 1 -1 -1 1 -1 -1 1 -1 1 -1 1 1 -1 -1 -1 -1 -1 1 
-1 -1 1 1 -1 1 1 1 -1 1 1 1 -1 -1 -1 -1 -1 1 1 -1 -1 1 1 -1 1 -1 1 -1 -1 1 1 -1 -1 -1 -1 -1 1 1 -1 -1 -1 -1 -1 -1 -1 -1 1 -1 1 -1 1 -1 1 -1 1 -1 1 1 1 1 -1 -1 -1 -1 
1 1 -1 -1 -1 1 1 -1 -1 -1 -1 1 -1 -1 1 1 1 -1 1 -1 1 1 -1 1 1 1 1 -1 1 -1 -1 1 -1 1 -1 1 -1 -1 -1 1 1 -1 1 1 -1 -1 1 -1 1 1 -1 1 1 1 -1 -1 -1 1 1 -1 1 1 -1 1 
-1 1 -1 -1 -1 1 1 1 1 1 -1 -1 -1 1 -1 1 -1 -1 1 1 1 -1 -1 -1 -1 -1 -1 1 -1 1 1 -1 -1 1 -1 1 1 -1 -1 -1 -1 1 -1 -1 -1 1 1 -1 -1 1 -1 -1 1 1 1 -1 -1 1 -1 1 -1 -1 -1 1 
1 -1 1 -1 -1 -1 1 1 -1 -1 1 -1 1 1 1 -1 -1 1 -1 -1 1 1 1 -1 -1 -1 -1 -1 1 -1 -1 1 -1 -1 -1 -1 -1 -1 -1 1 1 -1 -1 1 1 1 -1 1 -1 -1 1 1 1 -1 -1 1 -1 -1 1 -1 -1 1 1 -1 
-1 -1 1 1 1 1 -1 -1 1 1 1 -1 -1 -1 -1 1 1 -1 -1 1 1 -1 1 1 1 1 -1 1 1 -1 -1 1 1 -1 1 1 -1 -1 1 1 1 1 1 -1 -1 1 -1 1 -1 -1 -1 -1 1 -1 -1 -1 -1 -1 1 -1 1 1 -1 1 
1 -1 1 -1 -1 1 1 -1 -1 1 -1 1 1 1 -1 1 1 -1 1 -1 1 1 1 -1 1 -1 -1 1 1 -1 -1 1 1 -1 1 1 1 1 1 -1 -1 1 -1 1 1 1 -1 -1 -1 -1 1 1 -1 -1 -1 1 -1 -1 -1 -1 1 -1 -1 -1 
1 1 -1 -1 -1 1 1 -1 -1 -1 -1 -1 -1 -1 1 -1 -1 1 1 1 -1 -1 -1 -1 -1 -1 1 1 1 1 -1 1 1 1 -1 1 1 -1 -1 -1 1 1 1 1 -1 -1 -1 1 1 -1 -1 1 -1 1 -1 -1 1 -1 1 1 -1 1 -1 1 