64 -64 64 420 12606
96 1 16 34 39 6 74 20 21 86 77 48 48 7 33 61 49 13 36 59 48 43 93 7 41 26 58 43 76 14 26 66 12 65 58 49 72 86 26 69 33 42 21 41 45 66 30 64 65 82 48 84 55 71 68 100 27 88 60 85 4 16 15 52 
11 41 58 94 63 67 87 33 29 10 14 61 13 36 16 52 42 32 81 40 16 55 37 14 38 64 11 55 84 25 68 89 91 70 38 60 1 46 70 28 74 100 30 2 63 83 88 13 16 24 90 74 5 41 87 76 71 20 73 18 86 80 32 69 
39 38 82 100 49 79 54 65 34 34 37 74 50 63 18 29 67 99 38 13 25 66 84 64 37 24 93 38 73 28 39 88 40 84 49 69 98 4 27 97 99 3 70 7 23 37 55 18 20 15 17 98 29 9 10 7 91 51 61 72 19 45 44 100 
59 70 92 67 62 3 14 35 58 56 8 13 32 38 88 11 4 92 72 50 12 29 17 37 96 78 17 57 48 41 69 21 70 82 4 78 13 74 13 65 39 4 78 90 78 80 20 8 12 41 100 15 99 38 28 94 10 41 98 11 59 34 50 45 
55 37 78 11 53 45 74 1 58 45 58 43 3 35 28 71 43 2 81 85 97 93 76 19 8 28 10 10 42 31 18 25 26 2 20 48 56 64 85 34 14 73 36 39 93 75 15 44 35 71 16 17 80 28 23 55 98 81 98 78 24 16 55 90 
73 61 84 98 54 19 89 7 15 99 18 77 58 36 32 95 71 35 99 46 71 18 75 31 81 5 23 49 80 99 31 29 83 13 36 45 22 2 7 75 9 12 45 34 60 83 18 85 90 8 99 26 43 99 59 18 61 97 48 92 14 86 1 69 
91 4 22 62 64 55 75 1 13 30 57 36 90 58 73 14 49 95 88 69 39 61 10 52 81 60 98 93 3 22 33 29 93 68 85 62 1 49 31 25 96 67 53 95 90 15 92 95 80 26 36 65 100 68 32 10 10 23 87 39 99 38 44 40 
59 81 69 76 65 15 40 95 75 61 90 94 77 95 25 33 6 9 26 18 43 78 78 96 88 27 4 100 23 93 35 26 51 39 81 38 86 42 30 98 30 65 5 30 39 37 26 35 33 53 60 98 19 74 20 84 7 97 59 97 22 36 94 97 
38 70 81 42 76 31 59 36 77 32 11 73 26 62 13 11 39 50 89 6 33 85 80 57 99 76 64 12 86 97 42 85 93 39 57 51 11 84 95 67 51 46 44 12 11 56 35 52 45 96 34 69 86 68 93 9 20 15 92 45 88 41 76 27 
73 26 50 10 34 47 99 76 51 42 5 3 11 48 59 22 87 42 76 81 89 94 94 99 11 31 36 28 20 16 45 33 90 30 86 62 43 73 71 3 73 36 95 76 6 7 25 99 46 18 66 36 77 22 41 90 68 61 38 38 76 16 91 87 
58 26 13 17 43 51 14 39 33 96 99 37 17 90 9 13 30 100 54 60 96 58 96 16 6 15 45 20 96 68 65 54 47 91 69 98 22 90 3 54 66 33 17 70 27 11 45 4 71 53 56 27 77 35 99 23 96 77 39 18 33 45 69 67 
54 50 97 48 35 51 19 39 72 41 90 83 5 45 72 72 91 93 25 69 76 84 58 19 26 51 84 35 17 65 32 68 98 41 8 94 7 95 81 79 74 76 99 29 43 42 70 43 51 40 36 46 96 19 16 53 3 32 52 2 27 86 74 69 
55 75 18 48 93 84 5 46 87 39 95 86 65 48 30 73 30 94 18 24 43 75 25 70 61 21 95 12 4 5 41 27 85 63 64 100 40 2 27 93 73 26 8 72 97 15 69 73 48 31 25 25 55 77 50 59 76 20 21 10 83 69 7 25 
82 91 50 51 49 87 25 45 45 24 76 51 72 16 12 94 20 86 93 21 5 36 74 16 83 91 97 65 2 21 3 35 64 63 99 57 83 26 6 84 66 44 45 24 5 51 53 19 95 49 64 85 99 65 66 74 32 12 69 48 64 98 26 20 
32 49 29 73 66 59 25 85 46 91 56 94 73 33 16 42 97 83 83 41 70 93 6 66 85 72 66 39 75 30 5 69 52 87 69 41 32 5 3 54 46 24 99 38 18 35 75 85 43 90 100 83 56 1 82 31 26 47 46 99 51 90 97 73 
39 93 12 42 82 92 85 10 18 73 66 60 14 92 24 36 95 11 26 32 67 98 41 54 4 59 63 13 92 5 82 32 59 64 28 9 13 48 74 98 19 24 81 35 100 3 33 46 66 84 62 75 87 23 31 24 37 81 96 54 98 11 49 95 
68 25 74 11 13 73 69 66 97 30 38 81 71 38 26 52 3 96 94 76 34 16 29 68 54 7 100 6 97 56 9 69 2 54 59 92 80 63 16 58 42 51 63 29 70 51 7 48 91 26 97 76 7 69 100 33 56 60 81 74 29 28 70 7 
36 82 75 22 8 19 100 17 43 16 96 93 82 78 24 95 8 90 65 29 92 91 32 33 78 93 47 14 87 15 93 33 98 26 94 14 6 72 31 34 95 48 49 72 62 49 67 61 44 44 93 69 15 58 11 99 97 86 98 71 62 55 65 10 
51 74 8 65 44 42 53 45 76 72 7 17 27 93 97 4 17 50 82 100 72 60 11 69 82 16 45 30 2 99 7 86 30 8 39 47 46 35 15 90 76 99 15 94 3 50 60 47 8 85 22 62 3 25 40 82 56 36 21 70 78 22 69 92 
56 21 88 80 45 86 100 94 96 90 93 66 37 79 20 61 56 6 64 29 29 67 65 13 57 8 84 99 68 1 78 98 78 65 49 72 98 16 100 86 93 49 54 25 2 24 14 3 34 34 83 77 73 37 18 30 33 7 97 40 11 78 91 27 
86 84 50 1 65 34 60 43 27 29 4 78 28 29 11 6 56 71 83 93 48 67 50 33 44 44 23 35 89 66 19 59 45 70 20 12 37 34 24 58 92 9 26 44 99 77 61 81 98 59 38 27 25 2 69 18 39 96 23 17 58 86 95 95 
92 9 20 63 75 43 78 59 37 7 68 7 22 46 66 2 67 12 30 43 16 60 45 75 59 9 9 77 62 10 50 94 95 29 56 3 16 37 56 56 60 81 48 22 74 53 80 79 66 52 33 68 26 18 50 19 97 36 84 55 94 87 26 2 
93 72 98 10 3 40 17 76 27 38 93 44 19 84 29 96 82 16 32 94 13 80 10 68 66 34 26 50 95 63 34 97 76 65 98 72 51 45 13 90 45 70 75 19 67 99 55 19 10 68 83 20 53 89 26 78 74 98 77 65 21 77 76 11 
84 87 71 72 88 57 70 13 49 7 84 21 15 63 81 83 12 31 99 78 20 26 58 87 38 24 76 56 10 44 22 38 71 10 71 49 89 54 78 74 42 60 22 4 26 7 87 89 16 67 3 85 9 36 8 62 7 44 11 7 31 19 67 30 
22 59 50 21 74 59 27 9 29 64 64 47 19 70 34 80 87 28 27 78 52 91 43 69 58 50 7 30 54 27 26 29 62 87 31 25 64 61 69 83 92 52 70 80 96 31 9 58 47 33 37 68 86 10 22 60 39 10 36 88 84 44 15 66 
17 72 6 10 56 31 75 14 39 53 93 49 87 83 38 49 27 34 64 38 18 27 57 78 6 83 73 66 89 94 81 60 50 48 34 91 55 23 61 39 26 48 12 88 16 41 95 89 15 54 69 69 98 96 91 95 70 2 69 21 10 38 25 84 
1 69 59 29 14 75 58 40 21 7 16 6 10 36 99 10 56 35 10 56 42 46 21 6 20 98 30 57 49 36 61 16 91 88 14 26 100 54 66 62 82 47 4 6 64 17 33 57 64 57 94 19 1 34 76 42 32 27 98 34 87 19 74 72 
2 100 29 30 34 21 16 5 54 60 68 53 96 81 59 81 42 80 57 10 90 92 92 68 29 57 2 70 91 64 56 100 17 37 44 31 61 50 54 73 64 9 86 72 67 5 19 88 83 33 16 11 6 21 69 77 28 23 37 24 88 40 53 21 
53 100 21 83 61 57 13 18 20 10 30 19 29 24 79 75 73 100 29 73 25 75 73 15 28 47 30 13 53 90 2 6 59 100 7 91 92 19 99 58 68 86 28 38 39 90 43 69 76 66 96 93 32 90 63 13 64 71 24 35 55 71 76 41 
13 97 49 62 9 1 63 47 74 21 9 60 29 22 43 10 96 59 65 74 96 27 10 65 49 83 59 29 35 25 96 84 10 36 61 81 89 19 69 77 70 43 23 9 71 57 100 95 91 7 30 79 46 90 63 58 72 34 25 55 50 67 17 23 
52 40 38 96 76 61 22 6 59 39 59 9 85 71 92 65 48 72 86 1 33 60 36 49 27 97 51 59 8 29 99 63 58 27 60 22 87 14 49 80 75 100 84 25 21 61 52 99 75 16 52 71 81 66 68 95 44 78 99 68 28 13 78 12 
3 15 82 21 23 71 99 69 25 5 44 13 51 49 40 37 87 1 57 33 79 33 89 48 83 24 47 61 46 52 46 21 47 100 52 51 28 68 47 59 56 49 13 35 22 1 12 48 76 70 61 85 24 72 28 87 69 74 41 64 30 66 72 6 
37 55 35 25 89 59 33 73 86 80 30 57 55 75 42 65 98 53 59 14 93 27 74 70 66 87 68 28 20 71 89 60 25 50 4 83 13 99 69 13 63 20 85 75 85 19 81 65 2 19 73 59 52 8 72 4 14 76 13 90 31 56 49 69 
8 3 65 98 98 82 52 49 96 30 90 72 28 25 20 35 12 51 73 19 62 86 79 50 79 54 99 5 38 86 53 87 19 1 29 23 51 93 79 24 89 97 80 64 28 35 1 35 14 37 29 1 4 90 95 45 14 14 60 55 48 32 37 44 
27 46 49 44 72 5 18 78 12 75 68 41 70 67 12 17 98 56 57 99 42 1 33 52 2 18 85 8 10 91 44 80 86 37 99 53 38 57 22 15 30 50 18 88 99 46 2 7 51 39 34 13 76 5 17 45 98 29 55 65 94 33 19 9 
38 65 68 16 27 79 44 62 38 26 59 50 73 55 23 33 97 18 75 97 59 20 27 87 64 45 13 85 9 49 49 31 10 80 40 11 10 63 56 22 60 16 4 43 18 79 24 6 20 2 94 44 57 61 9 86 43 18 63 84 5 48 86 16 
68 3 10 28 64 55 59 91 100 51 6 34 59 24 73 60 28 36 47 63 20 30 76 42 94 27 49 28 7 66 27 30 23 87 59 14 76 22 59 59 39 72 48 30 90 6 27 14 44 91 28 17 20 49 55 94 93 64 51 3 51 86 29 91 
29 66 64 72 22 86 31 53 5 55 47 64 92 99 48 82 8 82 66 74 69 46 28 56 67 4 35 31 99 100 78 47 94 95 33 87 14 25 84 24 31 56 63 25 80 16 75 16 90 18 13 79 96 11 60 77 35 36 5 1 2 45 35 95 
80 77 88 95 14 73 49 82 53 94 53 88 68 87 29 38 39 41 42 91 72 94 36 42 91 89 34 26 78 72 31 61 15 94 43 55 63 85 91 78 68 5 81 86 39 16 77 45 14 51 31 50 64 92 10 89 54 99 97 15 30 24 83 8 
61 6 35 54 56 90 81 69 19 37 6 25 66 13 53 8 73 86 60 70 56 50 61 83 72 48 69 65 46 84 46 77 52 68 7 66 40 18 22 22 3 72 96 45 32 84 91 27 1 88 37 18 84 92 70 64 72 51 83 49 94 23 58 16 
80 67 11 67 66 74 84 67 48 81 89 81 71 5 3 25 61 55 45 92 2 43 31 38 56 41 98 2 56 93 90 43 100 28 96 44 6 18 10 11 73 1 78 8 82 28 71 86 16 10 16 8 66 38 96 24 31 86 40 96 20 39 23 100 
67 79 78 29 26 67 1 11 2 20 45 83 92 6 14 55 52 87 86 85 63 77 43 74 97 25 28 70 78 94 88 63 3 100 37 93 87 1 73 22 84 62 89 62 40 88 50 63 2 14 14 33 95 87 41 2 57 21 92 16 69 47 30 95 
34 47 53 26 97 43 81 63 29 47 77 74 49 46 64 74 30 7 2 94 100 20 97 92 19 70 37 93 14 79 29 34 16 12 67 79 34 24 77 81 50 58 94 15 33 98 91 42 46 58 36 44 94 86 20 88 87 49 16 55 98 90 87 44 
8 66 47 55 3 81 56 63 15 82 45 99 21 30 17 37 79 25 95 58 100 7 93 26 91 20 12 72 7 67 2 75 63 8 34 97 38 18 97 80 4 59 97 87 49 4 42 50 88 99 71 36 75 62 10 84 36 91 77 15 50 98 18 29 
36 65 61 90 73 92 20 9 44 77 18 17 25 87 3 50 5 71 4 8 22 68 67 3 1 85 51 83 27 36 44 32 18 69 99 24 67 87 11 100 47 38 60 8 5 94 43 68 48 61 37 47 83 49 31 47 9 78 92 75 21 99 74 94 
71 67 59 89 72 38 35 62 3 2 30 86 1 5 12 43 46 34 13 48 46 70 52 3 24 11 51 5 16 30 50 75 18 36 27 18 69 92 9 28 11 83 84 6 61 7 48 51 67 95 87 40 21 97 15 55 49 87 24 51 98 37 84 46 
67 91 21 14 67 86 20 34 50 69 94 73 90 74 83 86 100 3 82 9 3 76 100 93 16 26 35 99 17 67 46 65 60 3 72 69 50 31 95 91 5 76 32 23 23 9 1 83 26 16 3 61 69 59 21 39 95 66 72 40 75 83 33 98 
74 5 49 14 19 29 31 87 13 42 19 15 53 31 80 17 31 90 69 79 27 76 36 13 93 4 16 68 6 78 58 83 66 76 61 8 83 64 27 7 18 77 94 22 83 78 44 37 68 24 9 27 87 77 75 16 96 29 8 38 92 76 22 59 
16 86 86 56 59 49 17 27 51 81 65 12 79 46 98 71 65 41 12 34 86 80 21 93 35 45 53 46 49 89 28 17 46 69 87 60 90 69 46 55 85 51 15 95 75 92 60 33 69 52 76 8 30 51 32 84 66 61 50 25 47 93 35 54 
75 87 33 45 71 3 67 50 33 47 44 89 38 36 79 24 41 17 78 91 84 45 79 66 37 82 79 95 82 98 16 48 64 69 91 37 49 82 18 19 67 11 29 43 68 95 97 28 10 9 30 24 73 53 79 33 76 84 94 97 29 69 71 75 
57 24 100 86 82 28 37 9 41 18 60 50 93 34 41 52 89 5 94 97 19 38 6 25 47 69 43 66 79 77 34 99 64 9 92 100 16 40 7 64 74 67 57 28 63 30 55 41 36 27 86 67 68 97 22 67 70 39 39 51 75 13 24 63 
1 67 95 68 71 42 1 65 38 56 68 37 4 11 77 72 60 41 37 37 39 98 6 80 1 99 34 1 61 50 2 25 13 77 28 69 58 74 78 52 96 50 42 66 8 64 81 34 60 64 3 64 58 20 92 61 100 66 1 75 55 19 87 86 
72 50 22 45 1 81 40 84 84 10 22 99 29 21 88 44 52 4 87 50 51 76 47 65 16 100 97 75 40 38 94 34 43 64 26 31 24 31 75 46 5 30 37 26 26 35 2 46 60 38 17 20 68 6 47 63 53 95 46 22 51 25 38 88 
65 31 34 23 30 66 59 27 16 48 52 88 99 87 78 22 34 19 80 12 27 73 35 64 70 46 76 85 37 99 88 67 11 99 26 47 7 3 43 6 26 99 31 54 26 90 80 43 40 63 45 2 83 8 11 6 41 8 25 95 59 32 84 62 
47 24 38 29 48 27 46 17 71 96 40 15 15 75 61 31 52 73 21 83 50 50 1 97 54 49 95 42 3 14 83 52 46 90 4 25 27 44 85 10 79 45 61 31 97 97 20 100 39 90 63 90 85 14 16 63 82 1 40 31 70 92 21 48 
13 29 64 98 30 32 77 33 32 33 80 40 41 40 71 5 19 73 85 76 85 31 21 76 32 64 72 85 95 10 5 73 7 70 50 84 88 68 42 14 17 3 90 26 76 55 71 57 23 89 40 70 17 89 31 55 25 76 46 6 34 26 66 23 
26 30 1 71 56 92 69 67 24 62 75 48 98 97 13 39 38 92 31 72 55 25 37 35 11 85 4 79 40 12 25 18 14 37 2 84 93 62 35 68 47 47 54 10 73 39 67 88 97 72 34 7 60 82 55 16 88 6 84 33 38 24 37 42 
45 53 7 22 49 9 68 74 36 93 90 90 36 57 53 12 37 17 84 20 43 94 82 73 64 71 9 70 78 43 22 94 49 90 22 10 61 9 4 44 87 75 45 17 65 98 73 78 35 49 71 40 8 76 27 68 29 85 26 14 15 83 75 95 
39 84 33 92 42 11 39 47 77 16 15 28 33 17 85 36 38 99 26 80 93 61 73 56 86 57 6 95 33 41 10 92 69 55 97 22 3 43 1 21 26 79 41 10 16 40 4 18 61 84 64 83 9 40 92 6 28 9 91 65 54 54 78 67 
7 54 91 30 80 4 48 7 67 39 67 14 96 3 30 21 15 90 19 40 22 77 17 33 46 60 98 59 33 59 91 18 6 63 75 80 22 17 28 89 22 6 94 58 35 32 23 68 85 49 100 51 29 13 96 48 33 44 14 30 100 58 59 42 
63 95 60 97 30 44 21 85 86 64 43 26 27 64 63 100 38 74 31 53 74 44 54 10 46 65 35 14 5 23 85 80 31 8 81 29 64 7 90 84 76 93 76 50 34 67 41 95 83 36 34 98 78 63 78 12 72 76 49 22 11 16 95 39 
88 95 90 86 46 84 42 16 10 42 56 10 44 12 83 9 78 24 96 12 1 10 98 92 62 23 69 78 73 67 73 84 34 47 24 96 69 53 16 59 53 7 75 90 29 69 98 45 54 25 52 94 52 55 71 6 3 40 31 87 18 98 28 33 
76 95 83 82 40 78 90 15 60 32 71 97 58 99 2 1 15 31 73 59 7 38 72 63 7 82 78 79 75 32 2 27 92 40 71 84 69 92 22 76 56 19 67 24 19 66 74 62 81 8 8 38 44 30 15 23 60 67 80 15 93 51 51 68 
5 24 62 80 17 53 97 76 21 95 96 39 1 24 4 11 44 59 12 27 87 70 44 3 55 46 3 84 81 81 72 61 100 61 87 31 33 62 8 41 92 79 55 90 96 14 18 61 30 87 79 100 62 84 60 5 100 54 35 81 40 97 13 25 
-1 -1 -1 1 1 1 -1 1 -1 1 1 1 -1 -1 1 1 1 1 -1 1 -1 1 1 -1 -1 -1 1 1 1 1 -1 1 -1 1 -1 1 1 -1 1 -1 1 1 1 1 1 1 1 1 -1 -1 1 1 -1 1 -1 1 -1 -1 -1 -1 -1 1 1 1 
-1 -1 -1 1 -1 -1 1 -1 1 1 1 -1 -1 1 1 1 1 -1 -1 1 1 1 -1 -1 -1 -1 1 1 -1 1 -1 -1 1 -1 -1 1 1 1 -1 -1 -1 1 1 -1 -1 1 -1 1 -1 1 1 1 1 -1 1 -1 1 -1 -1 1 -1 1 -1 -1 
-1 -1 1 -1 1 -1 -1 1 1 1 1 1 -1 1 1 -1 1 1 1 -1 -1 1 -1 1 -1 -1 1 1 1 1 -1 -1 -1 1 -1 1 -1 -1 1 -1 -1 -1 1 -1 1 1 1 -1 -1 -1 1 -1 -1 1 -1 -1 -1 -1 -1 1 1 1 1 -1 
1 1 -1 -1 -1 1 1 -1 1 1 1 -1 -1 1 1 -1 -1 1 1 -1 -1 -1 1 -1 1 -1 1 -1 1 1 -1 -1 -1 -1 -1 -1 1 1 1 -1 -1 -1 -1 -1 1 1 1 1 -1 -1 -1 -1 1 -1 1 -1 1 1 -1 -1 1 -1 -1 1 
1 -1 1 -1 -1 1 -1 1 1 1 -1 1 -1 1 1 1 1 -1 -1 1 -1 -1 -1 -1 -1 1 1 1 1 -1 -1 1 1 1 -1 -1 -1 1 1 -1 1 1 1 1 1 -1 -1 1 1 -1 -1 -1 -1 -1 -1 1 1 1 -1 -1 1 -1 1 1 
1 -1 -1 1 1 1 1 1 1 -1 1 1 -1 1 -1 1 -1 1 1 1 -1 1 1 -1 -1 -1 -1 1 -1 -1 1 -1 1 1 -1 1 1 1 1 1 -1 -1 1 -1 -1 1 -1 1 1 -1 -1 -1 -1 -1 1 -1 -1 -1 1 -1 1 1 1 -1 
-1 1 -1 1 -1 1 1 1 1 -1 1 -1 -1 1 1 -1 1 -1 1 1 1 -1 1 1 -1 -1 -1 1 1 -1 -1 -1 1 -1 1 1 -1 -1 1 -1 -1 1 -1 1 1 -1 1 1 -1 1 1 -1 1 -1 -1 1 -1 1 -1 -1 -1 1 1 -1 
1 -1 1 -1 1 1 1 -1 1 -1 -1 1 -1 -1 -1 1 1 1 1 1 -1 -1 -1 1 -1 -1 -1 1 1 1 -1 -1 -1 1 1 1 1 1 -1 -1 -1 -1 1 1 1 1 1 1 1 1 1 1 -1 -1 1 -1 1 -1 -1 -1 1 -1 1 -1 
-1 1 1 1 1 1 1 1 1 -1 -1 -1 -1 1 -1 1 1 1 1 -1 1 1 -1 1 1 1 -1 1 -1 -1 1 -1 1 1 1 -1 1 -1 -1 1 1 -1 -1 -1 1 1 1 -1 -1 -1 1 -1 -1 1 -1 -1 -1 1 1 -1 1 -1 1 -1 
1 1 1 1 1 -1 -1 -1 -1 -1 1 1 -1 -1 1 1 -1 -1 -1 -1 1 -1 1 -1 -1 -1 -1 -1 1 -1 1 1 1 1 1 -1 -1 -1 -1 1 -1 1 -1 -1 -1 1 -1 -1 -1 -1 1 -1 1 -1 -1 -1 -1 -1 -1 -1 -1 -1 -1 -1 
1 1 1 1 -1 1 1 -1 -1 1 1 -1 1 -1 -1 -1 1 -1 -1 -1 1 1 1 -1 -1 -1 -1 -1 1 1 -1 1 -1 -1 -1 1 -1 1 1 1 1 -1 -1 1 1 -1 -1 -1 1 -1 -1 -1 -1 1 1 1 -1 -1 1 1 -1 1 -1 -1 
1 -1 1 -1 1 1 -1 1 -1 1 -1 1 1 -1 1 -1 1 1 -1 1 1 -1 -1 1 -1 -1 -1 1 1 1 -1 -1 -1 -1 1 -1 -1 1 -1 1 -1 1 -1 1 1 -1 -1 -1 -1 -1 1 -1 1 1 -1 1 1 1 1 -1 -1 1 1 1 
-1 -1 -1 -1 -1 -1 -1 -1 -1 -1 1 1 -1 -1 -1 -1 -1 -1 1 1 -1 -1 -1 -1 1 1 1 1 -1 -1 1 -1 1 -1 -1 1 -1 -1 -1 1 1 1 1 1 1 1 -1 1 -1 1 -1 -1 -1 -1 1 -1 -1 -1 -1 -1 1 -1 1 1 
-1 1 1 1 1 1 1 -1 1 -1 -1 -1 -1 -1 -1 -1 1 1 -1 1 -1 1 -1 1 -1 -1 -1 -1 -1 -1 1 1 1 -1 1 1 -1 1 -1 -1 1 -1 1 -1 -1 -1 1 1 1 1 1 -1 1 -1 -1 1 -1 -1 1 -1 1 1 1 1 
1 1 1 1 1 -1 1 -1 -1 1 -1 1 -1 -1 -1 -1 -1 1 1 -1 1 1 1 -1 -1 -1 -1 1 1 -1 1 1 -1 -1 -1 -1 -1 1 -1 -1 -1 1 -1 1 -1 1 -1 -1 -1 -1 1 1 -1 -1 -1 1 1 -1 -1 1 -1 1 -1 1 
1 1 -1 -1 1 1 -1 1 1 1 -1 -1 -1 -1 -1 -1 1 -1 -1 1 1 1 1 1 1 -1 -1 1 -1 -1 1 1 -1 1 -1 1 1 1 1 1 1 -1 -1 1 -1 -1 1 -1 1 1 1 1 1 1 -1 1 -1 1 -1 1 -1 1 -1 -1 
1 1 1 -1 1 -1 1 1 1 -1 1 1 -1 1 -1 1 -1 1 1 -1 -1 -1 -1 -1 -1 1 1 1 -1 1 -1 -1 1 -1 1 -1 1 1 -1 -1 -1 -1 1 1 1 -1 -1 1 1 1 1 1 -1 -1 1 -1 -1 -1 -1 -1 -1 1 1 1 
1 -1 1 1 -1 1 -1 1 1 -1 -1 1 -1 1 1 -1 1 -1 -1 1 -1 1 -1 1 1 1 -1 -1 1 1 -1 1 -1 -1 -1 1 -1 -1 -1 -1 -1 1 1 1 1 -1 -1 1 1 -1 1 1 -1 -1 1 -1 -1 -1 -1 -1 -1 -1 -1 -1 
-1 -1 1 1 -1 1 1 1 1 -1 -1 -1 1 -1 1 -1 1 -1 -1 1 1 -1 1 -1 -1 -1 -1 -1 -1 1 1 -1 -1 -1 -1 1 -1 1 1 1 1 -1 -1 1 -1 1 1 1 -1 -1 1 -1 1 -1 1 1 -1 1 1 -1 1 -1 -1 -1 
1 1 -1 -1 1 1 1 1 -1 -1 -1 1 1 1 -1 1 -1 1 1 1 1 1 1 -1 -1 1 -1 1 -1 -1 -1 -1 -1 1 1 -1 1 1 1 1 1 1 1 1 -1 1 -1 -1 -1 1 -1 1 1 1 1 -1 -1 -1 1 -1 1 1 1 -1 
-1 1 -1 -1 -1 -1 1 -1 1 1 1 1 -1 -1 1 1 -1 -1 1 1 1 -1 -1 1 1 -1 -1 -1 1 -1 -1 -1 -1 1 1 -1 -1 -1 1 -1 1 -1 -1 1 -1 1 -1 -1 -1 -1 1 -1 -1 1 1 -1 -1 1 1 -1 1 -1 1 1 
1 1 1 -1 -1 1 -1 -1 1 -1 1 -1 -1 1 1 1 -1 1 -1 1 -1 -1 1 1 1 1 1 1 1 1 -1 1 -1 -1 1 -1 -1 1 1 -1 -1 -1 -1 1 -1 1 -1 -1 -1 1 1 -1 1 -1 -1 1 1 1 1 1 -1 1 1 1 
1 -1 -1 1 -1 1 1 -1 -1 1 1 -1 -1 -1 1 1 -1 -1 1 1 -1 1 1 1 -1 -1 1 1 1 1 1 1 1 1 1 1 1 1 1 -1 -1 1 1 -1 -1 1 1 -1 -1 -1 1 -1 1 1 -1 -1 -1 -1 1 -1 1 -1 1 1 
-1 -1 1 -1 -1 -1 1 1 1 -1 -1 1 -1 1 -1 1 -1 1 -1 -1 1 1 1 1 1 1 -1 1 1 1 -1 1 1 -1 -1 1 -1 1 1 -1 1 1 -1 -1 -1 1 -1 -1 -1 1 -1 1 1 1 -1 -1 1 1 -1 -1 -1 1 1 1 
-1 -1 -1 1 -1 -1 -1 -1 1 -1 -1 -1 1 -1 -1 1 -1 1 -1 -1 1 1 -1 1 -1 -1 1 -1 1 -1 -1 1 -1 -1 1 -1 1 1 -1 -1 1 -1 -1 1 -1 1 -1 -1 1 1 1 1 1 -1 1 1 1 1 1 1 -1 1 1 -1 
-1 -1 -1 -1 1 -1 -1 -1 1 -1 -1 -1 1 -1 -1 -1 1 1 -1 1 -1 1 -1 1 -1 -1 -1 1 -1 1 1 -1 1 -1 1 -1 1 1 1 -1 -1 -1 1 -1 -1 1 -1 -1 1 -1 -1 -1 -1 1 -1 -1 -1 -1 1 1 1 -1 1 1 
1 1 1 1 1 -1 -1 -1 -1 -1 -1 -1 1 -1 -1 -1 1 -1 -1 -1 -1 1 1 -1 1 -1 1 -1 -1 1 1 1 1 1 -1 -1 1 1 1 -1 -1 1 -1 -1 1 1 -1 1 1 1 1 -1 1 -1 -1 1 1 -1 -1 1 -1 -1 -1 -1 
1 1 1 -1 1 1 1 1 1 -1 -1 1 1 -1 1 1 1 -1 -1 1 -1 1 1 1 -1 1 -1 -1 -1 -1 -1 1 1 -1 -1 -1 1 -1 -1 1 -1 1 1 -1 -1 -1 -1 1 -1 1 1 -1 -1 -1 1 -1 -1 1 -1 -1 -1 1 -1 1 
1 -1 1 1 1 -1 1 1 -1 1 1 1 -1 -1 1 -1 -1 1 -1 -1 1 1 1 1 1 -1 -1 -1 -1 -1 1 1 -1 1 -1 -1 -1 -1 1 -1 1 -1 -1 -1 1 1 -1 1 1 -1 1 -1 -1 1 -1 1 -1 1 -1 -1 1 1 1 -1 
1 1 1 1 -1 -1 -1 1 -1 -1 1 1 -1 -1 -1 -1 1 1 1 -1 -1 1 1 1 -1 1 1 -1 -1 1 1 1 1 1 -1 -1 -1 1 -1 1 1 -1 -1 -1 -1 1 1 1 -1 1 1 -1 -1 1 1 1 -1 -1 -1 1 -1 1 -1 1 
-1 -1 -1 -1 -1 1 -1 -1 1 1 -1 -1 1 1 1 1 -1 -1 1 -1 -1 -1 1 -1 -1 1 1 -1 1 1 -1 1 -1 1 -1 -1 1 -1 -1 1 -1 1 1 1 -1 -1 -1 1 -1 1 -1 -1 -1 1 1 1 -1 -1 -1 -1 -1 -1 -1 -1 
1 -1 -1 -1 1 -1 -1 -1 -1 1 1 -1 -1 1 1 1 -1 1 -1 -1 -1 1 1 1 1 -1 1 1 1 1 1 1 1 1 1 1 -1 -1 -1 -1 1 -1 1 1 -1 -1 1 -1 -1 1 -1 -1 1 1 1 1 -1 1 1 1 1 -1 1 -1 
-1 1 -1 -1 1 1 1 -1 1 1 -1 -1 1 1 -1 -1 1 -1 -1 -1 -1 -1 1 1 -1 1 1 1 -1 1 -1 1 -1 -1 -1 -1 1 1 1 1 -1 1 -1 -1 -1 -1 1 -1 -1 -1 -1 1 1 1 -1 1 -1 1 1 1 1 -1 1 -1 
1 -1 1 -1 1 1 -1 1 1 1 -1 -1 -1 -1 -1 1 -1 -1 -1 1 1 -1 1 -1 -1 -1 1 -1 1 1 1 1 -1 1 -1 1 1 -1 1 -1 1 1 1 1 1 1 1 1 -1 -1 1 -1 -1 1 1 -1 1 -1 1 1 -1 -1 -1 -1 
-1 -1 -1 -1 -1 -1 1 1 1 1 -1 1 -1 1 -1 -1 1 -1 -1 1 1 1 1 -1 1 1 -1 -1 -1 -1 -1 1 -1 -1 -1 1 1 -1 -1 1 1 1 -1 1 1 1 -1 -1 -1 1 1 1 -1 -1 -1 1 1 1 1 1 -1 1 1 -1 
1 1 1 -1 -1 1 1 1 -1 -1 1 -1 1 1 -1 1 -1 1 1 -1 -1 -1 1 1 -1 -1 -1 -1 -1 -1 -1 1 -1 1 1 -1 1 1 1 -1 -1 -1 1 -1 -1 1 -1 -1 -1 1 1 1 -1 -1 1 1 1 1 1 1 -1 -1 1 1 
1 1 -1 1 -1 1 -1 1 1 -1 -1 -1 -1 -1 -1 1 1 -1 -1 1 -1 -1 1 -1 1 1 1 1 -1 -1 1 -1 1 1 1 1 1 -1 1 1 -1 1 1 1 -1 1 1 1 1 1 1 1 1 1 1 1 -1 1 -1 -1 -1 1 -1 -1 
-1 1 -1 1 1 1 -1 1 -1 -1 1 1 -1 1 1 1 1 -1 1 1 -1 1 1 1 1 1 1 -1 -1 1 -1 -1 1 -1 -1 1 -1 1 1 1 -1 1 1 1 1 -1 1 1 1 1 1 1 1 1 1 1 1 1 1 -1 1 -1 1 1 
1 -1 1 1 1 1 1 -1 -1 -1 1 -1 -1 -1 -1 1 -1 -1 1 1 1 1 1 1 -1 1 1 -1 1 -1 -1 -1 1 1 -1 1 1 1 -1 -1 1 -1 1 -1 -1 -1 1 -1 -1 1 1 -1 1 -1 -1 -1 -1 -1 -1 -1 -1 -1 1 -1 
-1 -1 -1 -1 -1 1 -1 -1 1 1 1 1 1 -1 -1 1 -1 -1 1 1 -1 -1 -1 -1 -1 -1 -1 1 -1 1 1 -1 1 -1 1 -1 1 1 -1 1 1 -1 -1 1 -1 -1 1 1 -1 -1 -1 -1 1 -1 1 1 -1 -1 -1 -1 -1 -1 1 1 
1 -1 -1 -1 1 -1 -1 -1 1 -1 1 -1 1 1 -1 1 -1 -1 1 1 1 -1 -1 1 1 -1 -1 -1 1 1 -1 1 -1 1 1 -1 -1 -1 1 1 -1 1 -1 -1 -1 -1 1 1 1 1 1 -1 1 -1 -1 1 1 -1 1 -1 -1 -1 -1 -1 
1 1 -1 -1 1 -1 1 -1 -1 1 -1 1 1 -1 1 -1 -1 1 -1 1 -1 -1 1 1 -1 -1 1 1 -1 -1 1 -1 1 1 1 -1 1 1 -1 -1 1 1 -1 -1 -1 1 1 1 1 -1 -1 1 -1 1 1 -1 -1 1 -1 1 -1 1 1 1 
1 1 1 -1 1 1 -1 1 -1 -1 -1 -1 1 1 -1 -1 1 1 -1 1 -1 -1 1 -1 -1 1 -1 1 -1 -1 1 1 -1 1 -1 1 1 1 1 -1 -1 -1 1 1 -1 -1 1 1 1 1 -1 1 -1 1 -1 -1 -1 -1 1 -1 -1 1 1 1 
1 -1 -1 -1 1 -1 1 1 -1 -1 1 1 1 -1 1 1 1 1 1 1 1 1 -1 -1 1 -1 -1 -1 -1 -1 1 1 -1 1 1 -1 1 1 -1 1 -1 -1 1 -1 -1 -1 -1 1 1 -1 1 -1 1 1 -1 -1 1 1 -1 -1 -1 -1 1 -1 
1 -1 1 1 1 -1 1 1 1 -1 1 1 1 -1 -1 -1 1 1 -1 -1 -1 -1 -1 -1 -1 -1 1 -1 1 -1 -1 -1 -1 1 1 -1 -1 1 -1 -1 -1 -1 -1 -1 -1 1 1 -1 -1 1 -1 -1 1 1 -1 -1 -1 1 1 1 1 1 -1 -1 
1 1 1 1 -1 1 -1 1 1 1 -1 -1 1 -1 1 -1 -1 -1 1 1 1 1 1 1 1 1 1 -1 1 1 -1 -1 -1 1 1 1 1 -1 -1 -1 -1 1 -1 -1 1 1 1 -1 1 -1 -1 1 1 1 -1 1 -1 -1 -1 1 -1 1 -1 1 
1 -1 1 1 -1 -1 1 1 1 -1 -1 -1 -1 1 -1 1 -1 -1 1 -1 -1 -1 1 -1 -1 -1 -1 -1 -1 1 -1 1 1 1 -1 -1 1 1 1 1 1 1 1 -1 1 1 -1 1 1 1 -1 1 -1 -1 1 1 1 1 1 -1 1 1 1 -1 
1 1 -1 1 1 1 1 1 -1 -1 -1 -1 1 1 -1 -1 1 1 1 -1 -1 -1 -1 -1 -1 -1 1 1 1 1 1 -1 -1 1 -1 -1 1 1 -1 1 1 1 1 1 -1 -1 1 1 1 1 -1 -1 -1 1 -1 -1 1 1 -1 -1 -1 -1 1 1 
-1 -1 -1 -1 1 1 -1 1 -1 -1 1 -1 -1 1 -1 1 1 1 -1 -1 -1 -1 -1 -1 1 1 1 -1 1 -1 -1 -1 -1 -1 -1 -1 1 1 -1 -1 1 1 1 1 -1 1 1 1 1 -1 1 -1 1 1 1 -1 1 -1 1 1 1 1 -1 -1 
-1 1 -1 -1 -1 -1 1 1 -1 -1 -1 -1 1 1 -1 1 1 -1 -1 1 -1 1 -1 1 1 -1 1 1 -1 1 1 1 -1 -1 1 1 1 1 1 -1 1 -1 1 -1 1 -1 1 1 -1 1 1 -1 1 1 -1 1 1 1 1 -1 1 1 -1 1 
1 1 1 -1 -1 -1 1 1 1 1 -1 1 -1 1 1 1 1 1 1 -1 1 1 1 -1 1 -1 1 1 1 1 -1 -1 -1 1 1 1 1 1 1 -1 1 -1 -1 1 -1 -1 -1 -1 1 1 -1 1 -1 1 1 -1 1 1 -1 -1 -1 -1 1 -1 
1 1 -1 -1 -1 -1 -1 1 -1 -1 -1 -1 -1 -1 1 1 1 1 -1 1 -1 -1 -1 1 1 -1 -1 -1 -1 -1 -1 -1 1 -1 1 1 1 1 -1 -1 -1 1 1 -1 -1 1 1 -1 -1 -1 1 1 -1 1 -1 1 -1 -1 -1 -1 1 -1 1 1 
-1 1 -1 1 -1 -1 1 -1 -1 1 -1 1 -1 1 -1 1 -1 -1 1 1 -1 1 1 1 1 -1 1 -1 -1 -1 -1 1 1 -1 -1 -1 1 1 1 1 1 -1 -1 1 1 1 -1 -1 1 1 -1 -1 -1 -1 -1 -1 -1 1 -1 1 -1 1 -1 -1 
1 -1 1 -1 -1 -1 -1 -1 1 -1 1 1 -1 -1 -1 1 -1 -1 -1 1 1 -1 1 1 -1 1 -1 -1 1 1 1 1 1 1 -1 -1 1 1 -1 -1 -1 1 1 1 1 1 -1 1 1 1 1 1 -1 -1 -1 -1 -1 1 -1 -1 1 1 1 1 
-1 1 -1 1 -1 1 -1 1 -1 -1 1 -1 1 -1 -1 -1 1 1 1 1 1 -1 -1 -1 1 -1 -1 1 -1 1 1 1 -1 1 -1 1 1 1 -1 1 -1 1 -1 -1 -1 -1 1 -1 1 -1 1 -1 -1 -1 -1 1 1 1 -1 -1 -1 1 -1 -1 
1 -1 -1 -1 1 -1 1 -1 -1 -1 1 1 -1 1 1 1 -1 -1 1 -1 -1 1 -1 -1 1 -1 1 -1 1 1 1 1 1 -1 1 1 1 1 -1 1 1 -1 -1 -1 -1 1 1 -1 -1 1 -1 1 -1 -1 1 1 1 -1 -1 1 -1 1 -1 -1 
-1 1 -1 1 1 -1 -1 1 -1 -1 -1 1 -1 -1 1 -1 -1 -1 -1 -1 -1 1 -1 1 1 -1 1 -1 -1 -1 -1 -1 -1 1 1 1 -1 1 -1 -1 1 -1 -1 1 -1 -1 1 1 1 1 1 -1 -1 -1 1 1 1 -1 1 1 1 1 1 -1 
-1 -1 -1 1 1 -1 1 -1 1 -1 -1 1 -1 -1 -1 1 -1 -1 1 -1 1 1 -1 1 1 -1 -1 1 1 -1 -1 1 1 -1 1 1 1 1 -1 -1 -1 1 -1 1 1 -1 1 1 -1 1 1 -1 1 1 1 -1 -1 1 -1 -1 1 -1 1 1 
-1 -1 -1 -1 -1 1 -1 -1 1 -1 1 1 -1 1 -1 -1 -1 -1 1 1 1 1 1 -1 1 1 -1 -1 -1 -1 -1 1 1 1 1 1 -1 1 -1 -1 1 -1 1 -1 1 -1 1 -1 1 1 -1 -1 -1 -1 -1 -1 1 -1 -1 1 -1 -1 -1 1 
-1 1 1 -1 -1 -1 -1 -1 -1 -1 1 -1 -1 -1 1 1 -1 -1 -1 -1 -1 1 -1 -1 1 1 1 -1 -1 1 -1 1 1 1 1 1 -1 -1 -1 -1 -1 1 -1 -1 1 1 -1 -1 1 -1 -1 -1 1 -1 -1 1 1 -1 1 1 -1 1 -1 -1 
-1 -1 1 1 1 1 -1 1 1 -1 -1 -1 1 1 -1 -1 -1 -1 1 1 1 -1 1 -1 -1 1 -1 -1 1 -1 -1 1 1 -1 -1 -1 -1 1 -1 -1 -1 -1 -1 -1 1 -1 1 -1 1 1 -1 1 -1 1 -1 -1 1 1 -1 -1 1 1 -1 1 
1 1 1 -1 -1 1 1 -1 -1 -1 1 1 -1 1 1 1 1 -1 -1 1 -1 1 -1 1 1 -1 -1 1 1 1 -1 -1 -1 -1 1 -1 1 -1 -1 -1 -1 1 1 -1 1 1 1 -1 1 1 -1 -1 1 1 1 1 1 -1 -1 1 1 -1 1 1 
1 -1 1 -1 1 1 1 1 1 -1 -1 1 1 1 -1 -1 1 -1 -1 1 1 1 1 1 1 1 -1 -1 1 -1 -1 1 1 -1 1 1 -1 1 1 1 -1 1 1 1 -1 -1 1 1 -1 -1 1 1 -1 1 -1 -1 1 1 -1 -1 -1 1 1 -1 
1 -1 -1 1 1 -1 -1 -1 -1 -1 -1 1 1 1 1 -1 1 -1 -1 -1 1 1 1 1 -1 1 -1 1 -1 1 -1 -1 -1 -1 -1 1 -1 1 -1 1 -1 1 1 -1 -1 1 -1 1 -1 1 -1 1 -1 1 -1 -1 -1 1 1 -1 1 1 -1 -1 