64
97 92 52 58 52 11 69 92 85 46 6 66 48 22 95 42 44 33 27 29 75 29 25 13 23 41 5 64 68 26 2 18 36 47 37 56 86 84 18 21 20 33 98 89 49 77 94 81 49 15 90 66 80 40 95 13 11 34 35 64 40 25 92 65 
28 95 41 32 5 14 71 86 39 74 83 14 85 14 51 37 77 79 24 4 79 94 80 91 57 85 26 11 56 68 87 77 79 1 70 31 21 9 91 40 4 60 24 68 11 100 59 30 31 42 75 65 21 29 68 77 40 52 96 43 70 5 77 83 
65 7 61 63 23 52 33 77 14 43 53 20 78 42 36 15 44 55 42 52 23 68 63 96 81 82 36 78 26 5 41 13 75 80 59 64 95 67 26 46 45 42 69 47 21 69 33 56 54 96 27 45 26 27 41 75 11 93 31 34 45 15 39 59 
76 29 81 22 66 10 88 33 31 61 61 53 89 77 23 52 61 80 35 70 28 82 67 67 47 75 24 79 39 82 23 44 72 26 69 72 41 31 88 66 31 11 46 98 91 63 66 58 33 94 29 41 11 67 54 66 38 42 78 95 48 50 14 44 
96 62 95 91 5 57 76 61 49 50 26 25 20 37 50 8 20 20 50 33 96 69 71 14 48 6 53 51 79 33 76 77 4 23 62 23 71 98 36 56 78 36 54 33 95 87 59 19 14 55 91 42 1 11 85 30 22 51 73 15 87 35 33 96 
42 29 37 67 20 80 90 77 88 10 71 98 72 91 47 72 43 80 29 81 91 79 40 91 18 64 38 55 33 31 80 22 71 88 55 1 41 75 50 78 86 3 58 84 49 14 78 3 30 37 21 57 9 48 90 83 42 65 13 70 69 81 20 76 
93 66 62 95 98 96 5 90 49 94 75 50 36 91 11 38 91 96 5 26 24 59 61 34 54 59 57 79 79 74 65 15 87 88 59 35 45 67 8 58 89 82 98 79 11 49 90 73 73 65 57 55 2 73 45 35 1 85 58 23 21 67 30 57 
64 69 96 99 12 65 59 96 96 67 45 89 87 74 80 73 52 1 17 51 83 78 77 66 27 20 86 95 51 93 60 57 99 65 14 92 44 37 18 85 80 25 29 79 3 15 96 17 74 40 97 22 80 89 58 29 64 38 47 79 63 58 5 65 
29 66 63 45 75 8 80 37 71 73 58 95 27 76 6 87 24 53 7 83 70 88 15 33 74 38 81 94 100 45 32 20 19 20 65 76 52 14 66 94 84 84 30 64 91 63 83 47 63 58 56 83 32 24 97 11 80 88 12 44 39 20 7 63 
42 4 66 79 44 73 65 32 96 54 99 44 100 47 31 50 75 89 68 60 17 27 37 90 39 62 83 28 66 35 23 9 53 74 8 64 40 6 49 92 16 71 91 85 80 12 57 31 18 45 60 19 25 87 9 78 25 39 73 14 6 89 90 4 
12 38 89 12 21 28 59 34 35 29 53 71 14 38 74 40 100 57 94 55 60 40 13 47 73 16 81 93 42 40 78 16 43 5 26 10 96 12 79 10 68 67 63 8 67 98 71 56 28 29 4 3 24 60 7 97 74 52 63 97 52 92 39 90 
5 4 41 85 86 72 1 92 80 84 71 36 12 13 93 92 16 100 61 36 89 1 42 99 77 42 40 42 40 31 82 32 1 16 91 27 50 58 89 20 54 6 71 77 87 19 4 59 28 54 70 10 3 9 60 30 36 76 53 10 65 61 97 18 
67 45 37 66 32 67 22 58 85 63 79 89 19 4 88 74 29 12 1 22 80 82 74 96 100 19 80 10 51 84 66 91 24 53 5 9 52 8 25 64 22 13 70 4 33 98 70 98 14 59 64 100 21 84 96 8 33 73 82 4 92 1 27 29 
92 97 78 70 90 42 2 7 27 20 51 75 85 52 74 96 91 51 100 63 99 88 89 82 26 58 87 2 23 51 17 42 88 64 1 65 35 30 85 16 69 56 25 84 21 55 14 61 65 96 50 35 54 59 50 74 36 1 62 57 23 90 42 27 
36 34 43 33 61 54 100 10 31 99 64 6 84 11 79 79 12 59 51 19 6 31 41 25 47 24 4 30 74 65 21 20 95 62 5 94 3 47 96 91 43 4 6 1 49 42 23 78 54 44 31 91 69 35 40 58 10 5 65 72 61 79 16 43 
47 19 1 20 28 47 62 56 68 49 82 15 70 74 97 88 66 84 10 35 36 57 30 49 55 59 32 58 84 32 53 37 96 32 73 8 28 45 3 22 72 38 57 23 27 68 96 47 68 32 96 94 43 28 67 92 24 4 86 74 83 55 19 55 
50 58 7 91 39 84 30 55 75 5 66 29 100 78 5 99 24 31 92 64 20 7 14 48 7 15 93 96 23 87 70 19 26 4 45 45 1 92 58 60 63 90 16 3 18 20 77 97 2 75 49 96 25 54 50 89 18 78 84 94 96 40 33 69 
25 32 47 40 78 57 44 81 64 59 44 97 30 18 72 59 97 19 82 94 1 15 85 59 59 25 48 46 74 25 14 75 100 97 3 92 22 80 19 97 14 46 64 31 57 74 98 14 29 88 11 54 32 72 39 45 54 15 36 28 97 49 13 80 
65 85 44 40 99 79 34 60 98 21 35 87 84 85 8 86 7 39 77 18 16 53 27 32 91 33 71 24 14 78 18 17 61 18 34 100 37 56 63 56 32 66 57 52 96 98 46 71 37 50 81 20 93 97 71 80 41 26 38 81 3 79 35 90 
64 54 94 20 36 30 7 46 10 90 29 93 25 72 51 99 39 13 50 69 16 14 24 33 69 27 91 95 44 57 34 38 59 91 15 51 27 34 18 92 22 28 1 14 32 46 69 40 75 61 42 38 95 20 59 31 65 54 36 83 37 92 25 43 
69 12 1 16 36 73 99 2 14 17 19 52 24 45 7 34 46 29 88 87 3 19 8 77 1 67 53 65 77 46 12 45 32 86 3 62 77 31 33 77 43 7 44 33 74 64 8 55 99 6 3 63 10 34 92 22 87 42 29 56 31 41 89 43 
59 55 7 15 94 97 20 13 80 41 13 68 83 57 59 50 92 87 26 28 21 28 50 91 28 3 83 93 83 58 1 47 44 69 15 96 96 39 90 16 65 17 86 35 54 99 14 89 13 56 94 62 80 80 91 98 53 85 40 76 27 89 6 23 
14 49 50 52 40 14 8 17 62 73 32 13 39 90 87 96 38 51 9 89 38 76 47 16 93 70 74 5 54 33 45 52 1 25 36 65 87 56 100 78 90 17 69 19 84 57 58 36 57 68 84 95 93 71 16 99 81 93 96 42 89 97 73 56 
9 47 11 42 29 87 48 94 64 34 17 67 80 37 17 26 64 64 58 91 96 2 64 88 42 76 14 54 99 19 74 57 2 65 81 5 17 7 57 57 59 61 49 42 100 34 83 40 67 9 17 14 2 26 32 75 86 39 11 9 11 2 69 12 
43 49 84 11 33 73 69 73 21 84 16 38 31 93 16 41 49 83 51 70 88 75 48 25 25 18 3 3 5 58 39 31 67 90 42 8 28 95 44 29 18 40 74 9 30 17 90 24 37 11 21 10 58 54 6 22 67 76 94 94 46 78 50 8 
37 24 11 78 17 73 18 26 82 27 62 49 17 50 21 67 46 30 94 13 26 100 13 71 66 7 92 22 9 38 1 27 43 53 15 61 54 60 14 98 5 58 73 1 60 29 74 100 78 5 57 8 34 35 7 6 85 28 21 44 26 48 61 55 
5 70 72 42 56 17 22 37 73 47 98 37 17 52 93 20 39 37 53 21 96 17 28 20 84 30 48 4 66 38 96 50 8 40 4 23 28 16 79 99 18 12 44 5 75 57 95 14 65 80 77 77 78 88 73 58 51 100 63 13 98 82 51 9 
47 94 9 74 57 46 76 92 42 37 98 9 78 70 70 31 55 8 6 3 35 45 20 33 50 20 15 74 71 4 37 4 25 31 57 13 46 45 48 73 74 48 88 53 59 37 20 23 29 4 99 52 27 99 11 63 8 3 70 96 96 96 64 47 
62 28 92 44 8 89 60 6 32 41 24 68 84 7 64 5 48 83 78 63 59 90 41 44 60 55 92 30 37 51 40 29 20 96 89 19 13 6 91 61 50 41 61 32 67 33 27 66 25 65 21 5 12 40 55 49 8 89 76 59 85 1 26 17 
74 25 11 74 96 96 87 92 46 69 6 18 99 18 87 24 66 92 58 69 10 15 92 63 76 68 99 24 84 37 40 88 19 84 91 32 40 67 23 5 69 51 68 80 91 60 33 91 54 31 58 4 80 73 51 26 70 92 66 32 18 12 61 8 
76 17 77 45 42 23 38 38 26 97 40 20 17 58 16 8 52 47 35 53 35 86 34 97 56 84 29 94 54 51 43 73 48 50 11 93 71 86 38 18 94 86 17 47 11 63 86 65 27 19 6 45 88 26 96 29 56 17 3 59 23 83 23 33 
1 52 36 7 99 24 84 82 94 48 30 10 91 96 87 85 80 54 79 11 80 6 11 22 46 18 73 22 23 91 92 35 3 60 66 97 28 6 67 9 62 15 39 83 12 9 8 34 73 91 22 1 47 48 60 35 72 98 40 67 71 74 25 84 
34 42 67 14 79 68 79 64 3 69 61 89 1 66 91 97 52 31 93 100 41 44 16 44 95 25 20 49 10 98 92 11 99 73 88 92 49 9 54 3 45 28 33 40 47 87 95 23 65 52 100 48 42 76 71 53 87 72 63 52 20 40 60 14 
68 93 94 15 82 58 81 48 39 12 11 17 96 53 34 29 24 85 72 84 4 4 7 74 58 14 49 25 83 62 48 50 38 5 80 10 36 13 97 21 98 74 92 78 26 71 50 39 79 38 26 71 10 55 22 21 97 42 24 76 51 76 3 94 
48 1 96 23 5 83 67 87 46 73 30 48 35 17 70 11 90 37 42 27 87 46 10 67 1 95 80 12 45 94 79 15 77 79 90 67 14 72 25 9 55 94 86 83 45 44 14 23 6 70 87 52 45 2 92 11 96 24 74 41 17 32 97 89 
8 93 1 6 80 11 63 48 46 55 14 77 93 24 5 1 17 97 18 69 71 39 95 9 32 69 95 80 20 38 15 49 38 89 88 99 83 50 78 21 83 63 14 93 7 18 11 62 40 53 20 98 66 12 41 8 83 25 3 5 71 75 90 33 
3 31 48 83 7 87 95 50 25 22 40 81 89 53 44 30 92 8 50 11 4 15 16 85 86 40 15 95 27 5 51 30 17 19 44 57 100 97 90 53 54 77 23 40 77 23 46 57 85 25 55 82 74 70 96 38 53 74 47 28 76 58 54 9 
21 37 16 65 66 83 39 54 97 42 14 29 12 19 74 90 32 94 34 8 78 87 30 57 63 69 28 74 49 12 83 36 28 30 53 74 23 59 60 73 24 95 1 84 88 73 39 8 19 93 85 34 79 10 11 79 32 20 66 28 44 95 46 9 
16 93 69 71 82 56 93 49 89 98 6 4 100 68 93 64 11 66 92 55 100 86 99 81 61 72 54 50 53 44 27 91 22 47 85 72 96 67 50 94 9 98 30 97 2 93 32 77 66 80 5 30 64 57 97 93 43 58 33 36 51 70 60 57 
74 58 75 40 17 96 99 62 25 83 80 57 74 81 33 52 73 67 93 92 15 38 24 41 86 71 97 11 92 87 37 46 94 51 80 80 99 76 62 73 85 4 11 19 63 64 5 96 78 43 61 37 50 74 90 72 77 15 78 11 100 45 23 15 
34 6 56 13 34 27 28 2 76 86 73 95 38 3 26 70 53 32 39 73 83 17 72 99 99 95 83 87 40 70 62 78 66 61 81 67 26 7 52 61 95 61 95 63 55 49 16 39 84 83 42 90 73 86 50 83 64 16 28 44 58 67 45 69 
68 100 61 83 68 89 65 18 70 89 63 23 12 67 57 49 70 20 80 4 45 22 12 76 20 52 44 60 16 36 8 1 67 97 57 50 8 17 75 95 67 52 49 50 47 75 56 52 92 19 23 90 78 67 75 67 59 30 32 66 20 39 29 95 
73 28 39 32 47 81 60 67 55 70 31 80 25 32 56 28 65 19 5 99 92 90 34 56 36 33 52 89 39 28 70 75 89 32 30 41 72 52 87 90 61 88 22 82 28 45 34 80 46 6 2 3 42 55 31 45 69 76 75 97 78 13 62 54 
80 90 54 50 12 100 30 64 84 19 42 80 79 19 92 48 29 47 8 71 84 28 96 55 64 63 25 13 77 99 35 93 29 44 1 10 86 15 19 83 33 50 68 29 60 56 47 77 14 27 81 79 8 36 100 19 93 19 100 35 13 20 4 4 
70 20 60 79 93 24 100 60 26 41 4 7 15 40 75 12 45 70 42 24 62 46 90 74 56 87 5 71 98 7 84 89 65 7 14 17 55 59 4 16 50 39 1 37 14 53 56 94 66 54 49 66 17 89 84 33 5 1 35 39 23 17 93 1 
50 83 34 93 90 10 56 30 79 10 86 68 74 20 78 97 48 10 74 80 1 26 52 46 31 24 41 95 78 86 94 27 18 63 53 28 11 9 36 15 30 17 3 68 65 84 99 3 87 81 80 73 95 78 85 88 11 17 100 34 40 100 73 23 
85 45 10 86 42 7 66 61 86 19 98 91 98 79 51 72 94 27 65 91 79 71 80 31 67 74 16 78 91 38 30 50 34 89 37 51 53 72 24 83 69 58 58 31 25 22 15 42 9 36 75 32 100 20 26 21 34 3 88 80 20 41 81 44 
69 86 48 72 39 42 77 54 72 11 63 98 20 48 60 79 5 64 11 70 46 58 97 7 27 38 49 71 37 50 86 14 65 66 36 25 62 78 98 98 82 4 58 98 22 19 63 54 17 26 30 80 28 94 53 5 81 49 88 9 68 95 35 10 
18 76 61 4 30 16 80 64 23 59 32 33 29 18 27 66 30 31 39 28 70 65 78 95 90 38 6 5 28 99 6 20 86 98 28 96 22 28 90 86 24 26 75 58 97 74 73 28 23 28 6 3 69 40 67 27 49 67 51 87 63 41 64 96 
83 70 61 65 67 30 43 22 94 97 64 32 21 70 16 27 69 94 37 73 92 6 27 95 15 12 68 59 3 4 64 16 96 30 91 58 43 89 23 23 32 76 23 57 58 11 3 12 49 14 24 53 72 45 86 56 93 67 2 87 15 51 15 52 
8 85 77 35 52 15 82 11 64 27 72 78 55 23 93 2 35 25 6 77 65 76 26 82 43 7 29 45 44 62 92 19 68 5 59 30 75 20 98 53 77 94 87 36 84 62 36 32 14 65 1 97 84 72 51 84 14 65 36 62 62 80 44 15 
86 90 25 18 80 79 66 92 94 96 81 80 39 66 24 38 36 70 38 39 8 77 13 20 52 11 45 12 96 67 41 15 88 76 17 32 34 25 50 5 84 24 62 20 98 37 28 78 14 89 86 42 64 1 65 81 51 8 67 82 98 50 3 57 
9 76 18 45 28 89 43 38 73 61 37 21 17 1 88 84 84 60 60 24 56 84 15 3 23 72 20 84 33 29 5 45 16 15 81 1 12 4 15 37 91 82 25 20 62 36 6 46 18 69 74 21 62 34 20 75 83 68 73 46 83 73 66 59 
15 89 23 56 22 64 15 86 47 94 28 3 55 98 93 58 12 77 50 56 49 36 9 2 90 22 91 40 78 38 35 20 94 91 52 54 84 87 74 37 41 67 85 8 31 33 68 24 31 94 68 64 15 90 16 88 75 7 41 98 74 62 16 6 
68 16 94 59 14 51 97 6 78 34 50 64 7 75 51 17 67 73 68 6 6 6 71 97 36 33 96 90 11 58 78 52 25 66 79 28 58 48 33 1 93 32 28 35 65 77 64 26 4 65 21 64 28 95 30 23 39 67 57 55 63 93 33 23 
83 23 27 98 86 78 50 32 88 71 11 27 74 27 85 34 63 9 100 25 51 22 14 78 56 2 4 34 54 79 92 62 41 46 100 55 14 69 27 66 51 87 86 10 89 35 90 67 64 47 96 39 56 25 86 96 17 57 15 41 69 55 44 36 
20 36 69 72 59 42 99 26 53 14 16 45 1 51 48 95 62 3 57 44 1 98 23 87 67 54 30 22 87 21 16 38 81 32 90 90 58 39 33 10 96 92 40 70 1 40 63 55 42 80 28 69 53 91 94 30 11 5 28 45 53 34 21 61 
83 52 85 37 25 61 56 67 7 71 23 8 61 86 33 5 1 17 90 7 86 1 46 49 12 45 39 2 95 15 71 97 41 21 76 98 53 53 76 69 13 80 8 31 64 24 74 84 30 64 59 61 31 28 95 56 30 97 44 66 83 97 46 62 
5 54 77 50 74 87 93 75 19 53 28 55 35 24 6 49 45 73 90 44 64 35 42 100 2 57 37 34 18 84 73 74 41 63 31 67 35 13 1 60 94 58 10 88 55 55 27 63 44 37 2 71 95 51 9 36 96 82 29 51 80 74 35 85 
53 50 22 32 54 61 27 7 78 69 15 73 61 27 46 96 46 91 45 49 86 92 89 85 98 79 30 63 78 89 61 9 26 17 26 95 81 86 7 18 46 30 3 56 25 3 85 92 72 100 4 85 32 43 30 95 49 3 4 74 83 95 72 55 
25 67 86 85 58 89 40 24 8 22 70 30 48 20 26 97 94 46 47 23 65 29 14 21 74 40 46 68 43 16 72 15 89 78 64 82 89 94 23 100 95 48 5 76 48 20 88 76 21 28 38 1 10 5 68 96 61 24 65 31 44 90 1 23 
64 83 37 87 27 28 52 19 30 77 13 61 85 69 41 33 82 37 95 56 21 60 37 60 81 64 16 16 78 100 97 97 79 9 18 50 57 51 50 84 72 6 65 39 78 32 47 17 30 96 71 39 5 33 82 15 95 99 75 16 99 76 61 2 
16 36 11 59 27 60 97 61 3 18 36 87 42 14 8 75 30 31 8 10 67 96 1 53 26 10 11 99 78 78 13 51 45 29 44 11 55 33 67 82 28 76 13 21 88 38 34 81 79 84 55 39 28 81 64 26 58 23 81 55 51 84 57 84 
68 67 52 86 45 60 58 31 29 39 67 80 80 32 49 43 95 6 55 79 6 63 76 84 64 17 29 100 5 72 75 96 93 63 94 35 68 15 92 35 100 57 35 68 90 75 19 61 93 92 96 16 47 18 37 45 87 73 98 1 70 5 50 95 
-1 1 -1 -1 -1 -1 1 1 -1 -1 1 -1 1 1 1 -1 -1 1 -1 1 -1 1 1 1 -1 1 1 1 1 -1 1 1 -1 -1 1 1 -1 1 1 1 1 1 1 1 -1 -1 1 -1 1 1 -1 -1 1 -1 -1 1 -1 1 1 1 1 1 1 1 
1 1 -1 -1 -1 -1 -1 -1 1 -1 1 -1 1 1 -1 1 1 -1 1 1 -1 -1 1 -1 1 1 1 1 -1 1 1 -1 1 -1 -1 1 1 -1 1 1 -1 1 1 -1 1 -1 -1 1 -1 -1 -1 1 1 -1 1 -1 -1 1 1 -1 1 -1 -1 -1 
-1 -1 1 1 -1 -1 -1 -1 -1 -1 -1 -1 1 -1 1 -1 -1 -1 1 -1 -1 1 1 1 -1 -1 -1 -1 -1 1 1 -1 1 1 -1 -1 -1 1 1 1 -1 -1 1 1 1 -1 -1 1 -1 -1 -1 1 -1 -1 -1 1 1 -1 -1 -1 1 1 -1 1 
-1 -1 1 1 1 -1 1 1 1 -1 1 1 -1 -1 1 1 1 -1 -1 -1 1 1 1 1 -1 -1 1 -1 1 1 1 1 -1 -1 -1 1 1 -1 1 1 -1 -1 1 -1 -1 -1 -1 -1 -1 -1 -1 1 1 -1 1 -1 1 1 -1 -1 1 1 1 -1 
-1 -1 -1 1 1 -1 1 -1 -1 -1 1 -1 1 1 -1 -1 -1 1 -1 -1 1 -1 1 1 -1 -1 -1 -1 -1 1 -1 1 -1 -1 1 -1 1 -1 -1 -1 -1 1 -1 -1 -1 1 1 -1 1 1 1 1 -1 1 1 1 1 1 -1 1 -1 1 -1 1 
-1 -1 -1 -1 -1 -1 -1 -1 -1 1 1 1 -1 -1 -1 -1 1 -1 -1 -1 1 -1 1 -1 1 -1 1 -1 -1 -1 1 -1 1 -1 -1 1 -1 -1 -1 1 -1 -1 1 -1 1 -1 1 1 -1 -1 1 1 1 1 1 1 -1 1 1 -1 1 1 1 -1 
1 -1 -1 1 1 -1 1 -1 -1 -1 1 -1 -1 1 1 1 1 1 1 -1 -1 1 1 1 -1 1 -1 1 1 -1 1 1 1 -1 1 -1 -1 1 1 -1 1 1 -1 1 1 -1 -1 1 -1 1 -1 -1 -1 1 -1 -1 -1 1 1 1 -1 -1 1 1 
1 -1 -1 1 -1 -1 -1 1 1 1 1 -1 1 -1 -1 1 1 1 -1 -1 1 1 -1 1 -1 -1 -1 1 1 -1 1 1 1 1 1 1 -1 1 -1 -1 1 1 1 1 1 1 1 1 -1 -1 -1 1 -1 1 -1 -1 1 -1 -1 -1 1 1 1 -1 
-1 1 -1 1 -1 -1 -1 1 -1 1 1 1 -1 1 -1 1 1 1 1 -1 -1 -1 -1 1 1 -1 -1 1 -1 -1 1 -1 1 -1 -1 1 -1 -1 -1 -1 1 1 -1 -1 1 -1 1 1 1 1 1 -1 1 -1 -1 1 1 1 -1 -1 -1 -1 1 1 
-1 -1 -1 -1 -1 1 -1 1 1 -1 -1 -1 1 1 1 1 1 -1 1 1 -1 -1 -1 1 1 -1 1 -1 1 1 1 1 -1 -1 -1 -1 -1 1 1 -1 1 -1 -1 1 -1 -1 -1 -1 -1 1 1 -1 -1 -1 -1 -1 -1 1 -1 1 -1 -1 -1 -1 
1 1 -1 1 1 1 1 1 1 -1 -1 -1 -1 1 -1 -1 -1 1 -1 -1 1 1 1 1 1 -1 -1 1 -1 -1 -1 -1 1 1 -1 1 -1 1 -1 -1 -1 1 1 1 1 -1 1 1 -1 -1 1 1 1 1 1 1 -1 1 1 1 -1 -1 1 -1 
-1 -1 -1 1 -1 1 -1 -1 1 -1 -1 -1 -1 1 1 -1 1 1 -1 -1 -1 1 -1 -1 -1 -1 1 1 1 1 -1 1 -1 -1 1 1 1 -1 -1 -1 1 -1 -1 -1 -1 1 1 -1 1 1 1 1 -1 -1 1 -1 -1 -1 1 -1 1 -1 -1 -1 
1 1 1 -1 1 -1 -1 1 -1 1 -1 -1 -1 1 1 -1 -1 1 -1 1 1 -1 -1 -1 1 -1 -1 1 1 -1 1 -1 1 1 1 1 1 1 -1 -1 1 -1 -1 -1 -1 -1 1 -1 1 -1 -1 -1 1 1 1 1 -1 1 1 1 1 -1 -1 -1 
1 1 -1 -1 1 -1 1 -1 1 1 1 1 1 1 -1 1 1 1 -1 1 1 1 -1 -1 -1 1 -1 1 -1 -1 -1 1 -1 -1 1 -1 1 1 1 -1 -1 -1 1 1 1 -1 -1 -1 -1 1 -1 1 -1 1 1 1 -1 1 1 1 1 1 -1 -1 
1 -1 1 1 -1 -1 1 -1 -1 1 -1 1 1 -1 1 -1 -1 -1 1 -1 -1 -1 1 1 -1 1 -1 1 1 1 1 1 -1 -1 1 1 1 -1 1 1 -1 1 1 -1 -1 1 -1 -1 1 -1 1 -1 1 -1 1 -1 -1 -1 -1 -1 1 1 1 -1 
-1 1 -1 1 -1 -1 1 1 1 1 -1 -1 -1 1 -1 -1 -1 -1 1 -1 -1 1 1 -1 1 1 1 1 -1 -1 -1 -1 1 1 1 -1 -1 1 1 1 -1 1 -1 1 -1 1 -1 -1 1 1 1 1 1 1 1 -1 -1 1 -1 -1 -1 -1 -1 1 
-1 1 -1 1 -1 1 1 1 1 1 -1 1 -1 1 -1 -1 1 -1 -1 -1 -1 -1 1 -1 -1 -1 -1 -1 1 1 1 1 -1 1 -1 1 -1 -1 1 1 -1 1 -1 -1 1 1 1 -1 -1 -1 -1 -1 1 1 1 -1 1 -1 1 -1 -1 -1 -1 -1 
1 -1 -1 -1 1 -1 1 1 1 -1 1 1 1 1 -1 -1 -1 -1 -1 1 1 -1 1 1 1 -1 1 -1 1 1 1 -1 -1 -1 -1 -1 -1 1 1 1 1 1 1 1 1 -1 1 -1 1 -1 1 -1 1 -1 -1 -1 1 -1 1 -1 -1 1 1 -1 
-1 1 1 -1 -1 -1 1 -1 1 1 -1 -1 -1 -1 1 1 -1 -1 1 1 -1 1 -1 1 -1 -1 1 -1 -1 1 -1 1 -1 1 1 1 1 -1 -1 1 -1 -1 1 1 -1 -1 1 1 -1 1 1 1 -1 -1 -1 1 1 -1 1 -1 -1 -1 1 -1 
1 1 -1 -1 -1 -1 -1 -1 -1 1 -1 -1 1 1 -1 -1 -1 1 1 1 1 -1 1 -1 1 1 -1 -1 -1 1 -1 -1 -1 1 1 1 -1 1 1 -1 1 -1 -1 1 -1 -1 -1 -1 -1 1 1 1 -1 -1 1 -1 -1 1 -1 -1 1 -1 -1 -1 
-1 -1 -1 1 1 1 -1 1 -1 -1 1 -1 1 1 -1 -1 -1 1 -1 1 1 1 -1 -1 1 1 1 -1 -1 1 -1 1 -1 -1 -1 -1 1 -1 -1 -1 -1 -1 1 1 1 -1 -1 1 1 1 -1 -1 -1 -1 1 1 1 -1 1 1 -1 -1 1 1 
1 -1 1 1 -1 -1 1 1 -1 -1 1 1 -1 1 -1 1 -1 -1 1 -1 1 -1 1 1 1 -1 -1 -1 1 1 1 -1 1 1 -1 1 -1 1 1 1 -1 1 1 -1 1 -1 1 -1 1 -1 -1 1 -1 1 -1 -1 -1 1 1 -1 -1 -1 -1 -1 
1 1 1 1 1 1 1 -1 -1 -1 1 -1 -1 -1 1 1 1 1 -1 1 -1 1 1 -1 1 1 -1 -1 -1 1 -1 -1 1 1 1 -1 -1 1 1 -1 1 -1 -1 1 -1 -1 -1 1 1 -1 -1 -1 1 1 -1 -1 1 -1 1 1 -1 1 -1 -1 
1 -1 1 1 1 -1 1 1 1 1 1 -1 -1 -1 1 -1 -1 1 1 -1 -1 1 -1 1 1 1 -1 -1 -1 1 -1 1 1 -1 -1 -1 1 1 1 1 -1 1 1 1 -1 1 1 1 -1 -1 -1 1 -1 1 -1 -1 1 -1 1 -1 -1 1 1 1 
-1 1 -1 -1 -1 1 -1 -1 1 1 1 -1 1 -1 -1 1 -1 1 -1 1 1 1 1 1 1 1 1 1 -1 -1 1 1 1 1 1 1 1 -1 1 1 -1 1 -1 -1 -1 1 1 1 -1 -1 1 1 -1 -1 1 -1 -1 1 1 -1 -1 1 -1 -1 
1 1 -1 -1 -1 -1 1 -1 -1 -1 -1 -1 -1 1 1 1 -1 -1 -1 1 1 -1 1 1 1 -1 1 -1 1 -1 1 -1 1 1 -1 -1 1 1 1 1 1 1 -1 -1 1 1 1 -1 -1 1 1 1 1 -1 1 1 -1 1 1 -1 -1 -1 -1 1 
1 1 -1 1 -1 1 -1 -1 -1 1 -1 1 -1 -1 -1 1 -1 1 1 -1 1 -1 -1 -1 1 1 -1 1 -1 -1 -1 -1 1 -1 -1 -1 1 -1 1 -1 1 1 1 1 1 -1 1 1 -1 1 -1 1 1 1 -1 -1 -1 1 -1 1 1 1 1 -1 
1 1 -1 -1 -1 -1 1 1 1 -1 1 1 1 1 1 1 -1 -1 -1 -1 -1 -1 -1 -1 1 -1 1 1 1 1 -1 -1 1 -1 -1 1 1 1 -1 1 1 -1 1 1 -1 1 -1 -1 1 1 1 1 1 1 -1 1 1 -1 -1 -1 1 1 1 -1 
1 -1 -1 1 -1 -1 1 1 -1 1 -1 1 1 -1 1 -1 1 1 -1 -1 -1 1 -1 -1 -1 1 -1 1 -1 1 -1 -1 1 1 1 -1 1 1 1 1 -1 1 1 -1 -1 -1 -1 -1 -1 1 1 -1 1 1 1 -1 1 -1 -1 1 -1 1 -1 1 
-1 1 1 1 1 -1 -1 -1 -1 1 -1 1 -1 -1 1 -1 1 1 1 1 1 1 1 1 -1 -1 -1 1 1 1 -1 -1 -1 1 1 -1 -1 -1 -1 1 1 1 -1 -1 -1 -1 1 -1 1 1 1 1 1 -1 1 -1 1 -1 -1 -1 -1 1 -1 1 
1 1 1 1 -1 1 1 1 1 1 -1 -1 1 -1 1 -1 1 1 -1 -1 -1 1 -1 -1 1 1 -1 -1 -1 -1 -1 1 -1 1 1 1 1 -1 -1 1 1 -1 1 1 1 -1 -1 -1 -1 1 1 -1 -1 1 -1 -1 -1 1 -1 1 -1 1 -1 -1 
1 -1 -1 1 1 -1 1 1 -1 1 -1 1 -1 1 1 -1 1 -1 1 -1 1 -1 -1 1 1 -1 -1 -1 -1 -1 1 -1 -1 -1 1 -1 1 1 1 1 1 -1 1 1 1 1 1 -1 1 -1 -1 -1 1 1 -1 -1 -1 1 -1 -1 1 1 1 1 
-1 1 1 -1 -1 1 1 1 1 -1 1 -1 1 -1 -1 1 -1 -1 -1 -1 -1 1 1 1 1 1 1 1 1 -1 -1 -1 -1 -1 1 1 -1 -1 1 1 -1 -1 -1 1 -1 -1 1 1 1 1 -1 -1 -1 1 -1 -1 -1 1 1 -1 1 -1 1 -1 
-1 -1 1 -1 -1 -1 -1 1 -1 -1 1 -1 1 -1 -1 1 1 -1 1 1 -1 1 1 -1 1 1 -1 -1 1 1 1 -1 -1 -1 1 -1 1 -1 1 1 -1 1 -1 -1 1 -1 -1 -1 1 -1 1 1 -1 1 -1 -1 -1 -1 1 1 1 -1 -1 1 
1 -1 -1 -1 1 -1 1 1 -1 -1 -1 1 1 1 1 1 -1 -1 1 1 -1 -1 1 -1 1 -1 -1 -1 1 1 1 1 1 1 1 -1 -1 1 -1 -1 1 1 -1 -1 1 1 -1 1 -1 1 1 1 -1 -1 1 -1 -1 1 -1 1 1 1 1 1 
1 1 -1 1 -1 1 -1 1 1 -1 1 1 1 -1 1 -1 1 -1 1 1 -1 1 -1 -1 1 -1 -1 1 -1 -1 1 -1 1 -1 -1 -1 1 -1 1 1 -1 -1 1 -1 1 1 1 1 1 -1 1 -1 1 -1 1 -1 -1 -1 -1 -1 1 1 -1 1 
-1 1 -1 1 1 -1 -1 -1 -1 -1 -1 1 1 1 1 -1 -1 -1 1 -1 1 -1 -1 1 1 1 1 1 1 -1 1 1 -1 1 -1 1 1 -1 1 1 1 1 -1 1 -1 -1 1 1 1 1 -1 1 1 1 1 -1 -1 1 -1 -1 -1 -1 -1 1 
1 -1 1 -1 -1 -1 1 1 -1 1 1 -1 1 1 -1 1 -1 1 -1 1 -1 1 1 1 -1 1 -1 1 1 -1 -1 1 -1 -1 1 -1 -1 1 1 1 1 -1 1 -1 1 -1 -1 -1 1 1 1 1 -1 1 1 1 -1 1 1 -1 1 1 1 -1 
1 1 1 1 -1 -1 1 -1 -1 1 -1 -1 -1 1 1 1 1 1 -1 1 -1 1 1 1 1 1 1 -1 1 -1 -1 1 1 1 -1 1 1 1 1 -1 1 -1 1 -1 -1 1 1 1 -1 1 -1 1 -1 -1 -1 1 -1 1 1 1 -1 1 1 1 
1 1 1 1 -1 1 -1 -1 -1 -1 -1 -1 -1 -1 1 1 1 1 1 -1 -1 1 -1 1 1 1 -1 1 1 1 1 1 1 1 -1 1 1 1 -1 -1 -1 -1 1 -1 1 1 1 -1 1 1 -1 -1 -1 1 -1 -1 -1 -1 1 1 -1 -1 1 -1 
1 -1 -1 -1 -1 -1 1 1 1 1 -1 1 1 -1 -1 -1 -1 1 -1 1 -1 -1 1 -1 -1 1 1 1 -1 1 1 1 -1 -1 1 -1 1 1 1 -1 -1 -1 -1 -1 -1 1 1 1 1 1 -1 1 1 -1 1 -1 -1 1 1 1 1 1 1 1 
1 1 -1 -1 1 -1 1 1 1 -1 1 -1 -1 -1 1 1 1 1 -1 -1 -1 1 -1 1 1 1 1 -1 1 1 -1 -1 -1 1 1 -1 1 -1 -1 -1 -1 -1 -1 -1 1 1 1 1 1 1 -1 -1 1 1 1 1 -1 1 -1 1 -1 1 -1 1 
1 1 1 1 -1 1 -1 1 -1 -1 1 -1 -1 1 1 -1 -1 1 1 -1 1 1 -1 1 -1 -1 1 1 1 -1 1 1 -1 -1 -1 1 -1 1 1 1 -1 -1 -1 -1 1 -1 -1 1 1 -1 1 1 -1 -1 1 -1 -1 1 -1 1 -1 -1 -1 -1 
1 -1 1 -1 -1 -1 1 1 -1 1 1 -1 -1 1 -1 1 -1 1 1 1 1 -1 1 1 -1 -1 1 1 -1 -1 1 1 1 -1 -1 -1 1 -1 -1 -1 -1 -1 -1 -1 1 -1 -1 -1 -1 1 -1 1 -1 1 1 1 -1 1 -1 -1 1 1 -1 1 
-1 1 1 -1 -1 1 1 1 1 -1 1 -1 -1 1 -1 -1 1 1 -1 -1 1 1 -1 -1 -1 1 1 -1 -1 -1 1 1 -1 1 1 1 -1 1 -1 1 -1 1 1 1 1 -1 -1 1 1 1 -1 1 -1 1 1 1 1 -1 1 -1 -1 1 1 -1 
-1 -1 -1 -1 1 -1 -1 1 -1 -1 -1 1 -1 -1 1 1 1 -1 -1 -1 -1 -1 -1 1 1 1 -1 1 -1 -1 -1 1 -1 -1 1 1 -1 -1 1 1 1 1 -1 -1 -1 -1 -1 1 1 1 -1 1 1 1 1 -1 -1 -1 -1 -1 -1 1 -1 -1 
1 -1 -1 -1 1 1 -1 1 1 -1 1 1 1 -1 -1 -1 1 1 1 -1 -1 1 -1 1 1 1 1 -1 -1 1 -1 1 1 -1 -1 1 1 -1 1 1 1 1 -1 -1 -1 -1 1 1 -1 -1 -1 1 1 1 -1 1 -1 -1 -1 1 1 -1 -1 -1 
-1 1 1 -1 -1 1 1 1 1 -1 1 -1 -1 -1 -1 -1 -1 -1 1 -1 1 -1 1 1 1 -1 1 -1 -1 -1 -1 -1 1 -1 1 1 1 -1 1 -1 1 1 1 -1 1 1 1 1 -1 -1 -1 -1 -1 -1 1 -1 -1 1 1 -1 -1 -1 1 1 
1 -1 -1 -1 1 -1 -1 -1 1 -1 -1 1 1 -1 1 1 -1 1 -1 -1 1 1 1 -1 -1 -1 -1 1 -1 1 -1 1 1 1 -1 1 1 1 -1 1 1 1 1 -1 1 1 -1 -1 -1 -1 1 -1 1 1 1 -1 -1 -1 1 -1 -1 1 -1 -1 
1 -1 -1 -1 1 -1 1 -1 1 1 -1 1 -1 1 -1 1 -1 -1 1 1 1 -1 -1 -1 -1 1 1 1 1 1 1 -1 1 -1 1 -1 1 1 1 1 1 1 -1 1 1 1 -1 -1 -1 1 1 -1 1 -1 -1 1 -1 -1 -1 1 -1 -1 1 -1 
-1 -1 -1 -1 1 1 -1 -1 1 1 1 1 -1 -1 1 1 -1 1 1 1 -1 -1 -1 -1 1 1 -1 1 1 1 1 -1 -1 1 1 1 -1 1 -1 -1 -1 -1 1 -1 -1 -1 -1 -1 1 1 1 1 -1 -1 1 -1 1 1 -1 -1 -1 -1 -1 -1 
-1 1 1 1 1 1 -1 1 -1 -1 1 1 -1 1 -1 1 -1 -1 1 1 -1 1 -1 1 1 1 1 1 -1 1 -1 -1 -1 1 1 -1 1 1 1 -1 1 -1 1 1 1 1 1 -1 -1 -1 1 -1 -1 1 1 1 1 1 -1 -1 -1 1 1 1 
1 1 -1 1 -1 1 -1 -1 1 -1 1 -1 1 -1 1 1 1 1 -1 -1 -1 -1 1 -1 -1 1 1 1 1 1 -1 1 -1 -1 -1 1 1 -1 -1 -1 1 1 -1 -1 -1 1 1 -1 1 1 -1 -1 1 -1 -1 -1 1 1 1 1 -1 -1 -1 1 
-1 -1 -1 -1 1 1 1 1 -1 -1 1 -1 1 1 -1 1 1 -1 -1 -1 -1 1 1 1 -1 -1 1 1 1 -1 1 1 1 1 -1 -1 1 1 -1 1 -1 1 -1 1 1 1 1 -1 1 -1 -1 1 -1 -1 -1 1 -1 -1 1 -1 -1 1 1 1 
-1 1 -1 1 1 1 -1 -1 -1 -1 1 1 1 1 1 1 1 -1 -1 1 1 -1 -1 -1 1 1 -1 -1 1 1 -1 -1 -1 -1 1 1 1 1 -1 -1 1 1 1 1 1 1 -1 1 1 -1 1 1 -1 -1 1 1 1 1 1 1 -1 1 1 1 
1 -1 1 -1 1 1 -1 -1 1 -1 1 -1 1 1 -1 -1 -1 -1 1 -1 1 -1 -1 -1 -1 1 -1 1 -1 -1 -1 -1 -1 -1 -1 -1 -1 1 1 -1 -1 1 -1 1 1 -1 1 -1 -1 1 -1 1 -1 1 1 1 -1 1 -1 -1 1 1 -1 -1 
-1 -1 1 1 1 -1 -1 1 1 -1 -1 -1 -1 -1 -1 -1 1 1 1 -1 1 -1 1 1 -1 -1 -1 1 1 1 -1 -1 -1 -1 -1 -1 -1 -1 -1 -1 -1 -1 -1 -1 1 -1 -1 -1 -1 -1 1 1 1 -1 1 -1 -1 -1 1 1 1 1 -1 -1 
1 1 -1 1 1 1 1 -1 1 1 1 -1 1 1 -1 1 -1 -1 -1 1 -1 1 -1 -1 1 1 1 -1 -1 -1 1 1 1 -1 1 -1 1 1 1 -1 1 1 1 1 -1 -1 -1 1 -1 -1 1 1 1 -1 1 1 -1 -1 1 1 -1 -1 1 -1 
1 1 -1 -1 -1 1 1 -1 -1 -1 1 1 1 1 -1 -1 1 1 1 -1 1 1 1 1 1 1 -1 -1 -1 -1 -1 -1 1 1 -1 -1 -1 1 1 1 1 -1 -1 -1 1 -1 -1 1 1 -1 -1 -1 1 1 1 -1 1 1 1 1 -1 -1 -1 1 
1 -1 -1 -1 1 -1 1 -1 -1 1 1 -1 1 1 -1 -1 -1 -1 -1 -1 1 -1 1 -1 -1 -1 1 -1 1 -1 1 -1 -1 1 1 -1 -1 -1 1 1 1 1 1 -1 -1 -1 1 -1 -1 1 -1 -1 1 -1 1 -1 1 1 1 -1 1 1 -1 -1 
1 1 1 1 -1 1 -1 1 -1 -1 -1 1 1 1 1 -1 -1 -1 -1 1 -1 -1 -1 -1 -1 -1 1 1 -1 -1 -1 1 1 1 1 1 -1 1 -1 -1 1 -1 -1 1 -1 -1 1 -1 -1 -1 -1 -1 -1 -1 -1 1 1 -1 -1 1 -1 -1 -1 -1 
1 -1 1 1 1 1 -1 1 -1 -1 -1 -1 -1 1 1 -1 -1 1 -1 -1 -1 -1 1 1 1 -1 1 1 1 1 1 1 -1 -1 1 1 -1 1 1 -1 1 1 -1 1 1 1 -1 -1 1 -1 -1 1 -1 1 1 1 1 -1 -1 1 -1 -1 1 1 
1 -1 -1 1 -1 1 1 1 1 -1 1 -1 -1 -1 1 -1 -1 1 1 -1 1 -1 -1 1 -1 -1 1 1 -1 -1 -1 1 1 -1 1 -1 -1 1 1 1 1 -1 -1 -1 1 -1 -1 1 -1 1 -1 1 -1 1 1 -1 -1 1 -1 -1 -1 1 1 -1 
1 -1 1 -1 1 -1 1 -1 1 -1 -1 -1 -1 -1 -1 1 -1 -1 -1 -1 1 -1 -1 1 -1 1 -1 -1 1 1 -1 1 -1 1 1 1 1 -1 1 -1 1 1 -1 1 -1 -1 -1 1 -1 -1 -1 1 1 1 1 -1 -1 -1 1 -1 -1 1 -1 -1 