128
85 27 83 95 92 60 6 17 19 47 32 49 58 3 20 3 63 76 4 69 54 58 46 18 64 2 80 9 42 9 87 93 11 66 35 97 93 10 31 44 16 76 59 12 6 63 54 75 88 54 17 29 41 66 13 82 7 7 84 45 94 87 35 97 30 79 77 93 51 5 99 76 95 15 53 95 71 90 35 37 19 74 4 62 28 45 57 43 62 52 52 83 24 73 27 50 72 89 84 67 76 92 24 3 17 97 28 52 84 2 72 79 32 71 43 67 92 5 95 13 94 6 31 46 30 27 34 1 
28 18 61 54 49 51 59 78 3 98 51 65 74 14 90 9 41 85 87 66 41 66 24 77 76 34 97 68 63 63 95 56 54 91 40 1 36 63 72 31 62 55 55 100 22 90 73 86 31 51 53 4 80 73 11 45 30 67 98 75 69 71 4 71 70 66 33 5 100 64 5 32 74 62 63 86 69 21 27 93 13 20 6 47 88 44 66 13 19 5 84 27 46 34 35 100 84 2 34 91 58 45 27 17 64 81 21 74 66 62 16 27 97 15 35 86 33 85 77 53 97 86 28 13 61 80 5 48 
54 96 71 56 22 81 2 44 30 14 45 38 3 33 32 56 93 9 97 30 8 86 16 16 36 95 42 31 17 85 35 41 54 67 77 62 56 95 87 44 84 57 5 28 8 27 59 3 15 78 77 60 46 7 71 100 44 1 52 74 57 11 10 39 74 14 9 53 62 74 51 27 72 96 58 25 43 94 99 12 30 70 75 59 41 12 10 8 56 90 73 1 37 63 47 51 95 87 69 28 1 87 85 72 48 30 8 34 64 3 6 100 97 19 15 41 13 27 33 78 92 26 92 68 61 51 79 34 
36 40 67 30 46 52 81 21 54 27 27 45 20 53 91 94 29 34 25 18 40 91 64 59 47 75 97 9 73 25 76 30 92 74 75 49 90 7 40 63 89 55 84 44 62 48 23 2 41 72 59 6 84 31 85 64 51 94 10 58 76 26 15 53 32 59 55 73 23 9 44 14 47 96 20 26 71 47 59 1 10 96 13 56 80 90 57 6 39 31 11 50 83 16 27 50 31 34 26 4 21 75 58 79 43 12 65 69 24 35 10 12 23 26 19 54 54 38 90 89 99 73 89 81 32 31 86 19 
17 53 14 67 86 6 21 19 43 88 13 23 48 10 89 16 11 44 10 18 41 89 47 70 32 63 48 47 75 14 41 83 95 70 1 92 95 22 10 35 20 69 25 43 21 49 12 63 14 43 32 25 20 16 96 62 81 67 77 74 26 66 79 74 52 91 54 63 42 95 75 39 11 47 65 99 65 69 56 58 63 51 58 99 86 12 12 34 93 58 53 41 52 86 15 45 45 1 50 10 19 57 10 91 77 98 39 10 34 48 49 50 9 43 75 29 82 35 58 65 98 92 75 20 7 98 43 92 
68 43 97 82 79 83 73 20 78 63 30 44 68 46 68 9 12 49 30 68 4 47 46 48 31 29 50 71 67 92 63 59 16 13 31 53 15 42 87 8 66 100 60 23 33 75 99 82 36 87 71 81 98 70 78 57 93 34 54 58 78 36 75 36 66 14 31 82 85 22 22 70 37 23 62 48 29 31 46 96 66 95 71 59 86 19 75 40 58 55 48 71 87 37 57 96 95 57 77 33 39 59 87 61 96 3 95 30 41 5 92 70 62 2 98 86 76 31 38 34 65 88 23 31 71 71 14 65 
81 34 97 40 16 2 3 61 37 62 70 19 44 1 29 78 57 31 83 98 97 4 55 58 94 60 74 16 63 96 53 3 91 45 31 24 39 11 86 81 44 74 42 86 25 24 53 44 31 65 97 97 40 34 47 26 40 68 76 78 50 45 48 87 6 43 20 48 81 12 50 43 26 47 11 97 91 55 50 70 71 16 93 30 26 17 73 51 91 17 30 84 44 66 53 63 30 39 10 16 65 33 53 76 14 51 23 79 43 17 17 32 75 68 65 2 81 14 10 28 52 78 68 13 25 1 20 31 
74 15 11 5 84 46 8 40 27 50 31 49 49 32 43 51 13 57 23 97 45 24 98 79 99 20 57 14 58 21 37 32 5 34 53 98 68 51 99 26 99 79 79 81 22 47 42 34 51 97 35 49 53 73 60 84 95 87 60 44 19 100 88 89 35 47 54 64 29 16 61 83 96 92 81 19 79 32 95 95 47 87 29 61 23 35 25 16 50 17 77 78 67 76 65 68 13 81 63 42 92 78 27 53 44 26 68 20 74 30 1 97 40 4 78 96 44 58 64 71 96 3 64 67 50 25 96 37 
45 73 42 45 61 61 97 4 18 41 34 70 80 70 4 29 83 38 70 8 71 85 88 44 49 83 4 90 56 91 49 74 20 94 44 58 75 89 42 86 44 18 60 56 6 62 59 38 100 93 87 2 38 28 96 41 78 98 31 17 96 35 15 65 33 61 21 58 59 12 27 31 20 28 12 42 29 75 68 56 9 61 3 34 22 11 25 99 18 76 96 19 51 98 31 31 71 41 48 16 62 6 29 87 44 41 74 6 8 14 30 20 47 39 52 36 68 83 79 51 37 80 27 54 63 45 34 95 
75 26 60 12 77 46 80 41 21 1 5 29 28 19 97 53 74 33 1 8 55 3 17 24 84 40 57 73 42 30 12 20 2 94 93 14 72 5 22 99 17 22 74 99 38 11 74 29 83 7 93 2 99 30 74 36 99 31 96 29 74 33 80 24 26 55 69 89 48 78 25 58 9 61 26 76 1 92 42 42 46 78 9 6 68 92 71 37 41 85 70 73 44 80 77 72 58 54 70 67 31 35 95 15 94 78 46 76 14 67 98 27 3 87 85 7 23 14 54 33 57 39 91 86 10 90 26 55 
26 38 66 98 36 83 49 69 28 46 78 4 50 41 91 71 16 74 1 60 27 58 38 83 14 45 13 89 79 35 20 86 1 71 79 93 24 84 73 1 15 56 46 65 55 53 6 46 83 22 12 31 82 35 40 44 6 26 51 87 21 100 5 75 73 70 10 68 71 100 74 12 47 23 18 9 35 42 20 11 39 91 83 88 75 38 80 17 39 8 5 84 61 36 34 2 90 54 79 91 11 78 100 8 45 80 8 73 99 62 27 31 66 15 79 60 55 44 15 4 77 87 55 23 89 94 74 19 
13 41 83 48 97 28 95 28 83 48 19 72 83 19 20 21 81 91 34 57 99 42 65 75 94 2 40 42 16 18 59 33 35 47 15 79 78 91 60 15 46 28 98 55 95 12 85 63 25 92 82 38 61 23 19 17 14 73 62 61 56 44 68 42 64 3 47 74 35 66 12 70 92 59 20 98 24 9 38 1 37 5 44 35 54 86 63 3 96 30 9 36 34 35 23 20 28 3 55 59 67 31 65 95 72 1 4 80 88 28 38 8 30 58 37 7 60 67 24 6 34 20 37 12 86 96 80 19 
34 54 5 58 30 19 36 34 85 31 63 74 43 13 46 93 53 60 18 95 49 97 27 14 60 58 45 93 79 74 1 96 29 58 55 85 16 92 78 14 63 40 50 61 35 94 12 27 37 75 22 100 91 51 35 49 60 62 3 55 84 79 52 4 89 39 46 19 26 86 17 90 49 32 100 45 71 77 66 49 43 37 69 30 5 35 41 68 13 1 63 66 33 77 71 31 52 97 23 83 16 24 16 55 7 38 86 22 25 71 99 11 52 4 26 28 66 24 8 8 24 71 87 22 80 39 67 80 
92 77 78 46 6 52 75 36 54 45 63 96 51 58 96 45 59 16 84 44 57 3 64 40 78 76 69 50 76 45 72 76 63 23 19 92 83 18 37 17 46 68 54 65 27 49 40 61 45 75 88 33 39 23 60 13 12 3 66 7 9 41 12 95 57 96 34 16 90 27 12 70 69 67 13 6 11 14 90 8 96 97 93 30 43 50 2 11 73 82 30 31 6 81 42 69 98 90 12 22 74 48 11 56 19 93 48 60 54 68 72 74 95 68 90 45 11 10 76 28 35 79 11 34 80 56 75 51 
9 11 5 95 72 66 28 53 68 14 39 34 54 37 67 61 26 40 69 72 79 96 77 47 59 87 31 83 30 86 52 77 2 62 57 50 93 78 95 1 89 29 67 55 52 21 38 47 62 71 60 41 16 90 89 49 22 50 59 62 70 17 60 3 31 36 25 98 48 51 3 78 23 40 72 46 23 37 23 17 29 20 1 94 39 76 28 8 72 33 82 82 82 5 72 65 37 2 36 28 19 61 100 49 50 42 52 31 91 86 24 71 6 5 2 60 25 20 14 54 51 45 71 48 77 54 60 96 
51 58 61 47 66 4 61 47 62 48 18 19 65 55 81 78 56 79 37 21 21 21 48 65 5 66 55 48 97 35 53 3 85 21 53 29 98 90 100 62 73 97 2 51 65 75 75 17 22 66 94 42 17 96 55 73 96 1 34 40 24 86 81 36 56 39 9 26 4 36 74 64 29 51 49 54 48 39 4 44 93 47 86 46 91 86 50 42 51 30 95 30 35 14 80 9 52 27 95 16 81 20 97 85 87 60 21 51 14 39 39 31 92 51 58 40 4 42 63 76 39 64 21 48 96 77 4 29 
99 19 71 15 37 15 7 8 19 49 51 47 89 67 60 51 27 14 85 74 92 97 2 67 86 73 59 29 63 91 50 13 8 48 99 69 44 34 55 99 83 63 46 2 81 33 84 77 62 88 21 31 93 76 36 79 85 78 45 82 44 11 38 51 23 65 60 76 14 88 86 43 45 99 23 12 9 28 84 72 52 13 65 63 90 20 54 91 37 3 57 9 100 13 87 100 80 32 24 90 35 19 79 23 67 3 57 21 45 98 44 64 20 40 26 53 94 52 61 1 78 41 22 77 33 74 92 80 
12 23 3 87 72 65 20 8 95 41 62 69 55 5 17 57 50 76 42 15 93 8 18 78 93 22 49 28 13 20 6 65 85 65 6 46 12 56 41 71 85 20 81 78 21 17 41 26 70 48 67 13 11 64 51 55 55 54 66 69 26 25 60 83 67 36 88 12 34 63 74 31 37 44 14 76 81 85 31 11 96 3 69 62 41 7 83 88 44 79 44 28 18 44 6 98 86 49 16 16 58 35 41 25 34 18 92 80 40 59 26 65 91 1 25 58 60 44 61 50 15 62 42 51 13 92 12 53 
72 42 66 53 26 23 88 15 54 75 49 42 33 16 27 31 93 85 71 79 35 93 66 95 13 28 19 18 31 32 40 57 58 17 98 50 54 92 76 10 57 72 73 11 97 94 71 6 96 30 86 54 79 27 47 68 63 14 93 50 34 83 65 96 59 99 6 57 11 34 91 96 18 64 33 10 37 13 92 53 63 45 42 18 34 9 18 70 53 4 24 8 34 1 71 66 4 5 32 37 54 15 30 35 26 55 79 96 84 84 45 17 47 9 42 22 51 60 33 52 85 6 80 78 39 45 46 43 
82 50 41 71 70 61 19 28 70 16 71 83 85 96 88 62 96 40 91 63 83 16 2 85 100 17 34 3 69 44 96 62 78 58 76 8 75 64 87 45 73 80 7 95 16 50 24 62 9 60 62 62 28 20 22 15 87 6 41 91 18 39 13 68 22 49 43 48 88 85 16 14 89 72 16 36 55 22 51 30 28 79 74 49 20 28 85 22 44 59 38 20 33 30 53 60 57 55 75 43 30 88 66 13 44 34 4 73 87 67 1 47 40 71 27 81 2 31 3 68 4 27 23 6 28 94 42 65 
31 98 19 42 23 71 67 94 31 38 8 88 22 30 11 53 47 67 47 95 10 65 39 69 94 3 69 36 20 12 89 4 68 93 76 58 14 21 41 99 25 21 28 51 88 44 47 24 48 75 85 29 61 65 86 35 98 49 85 64 16 38 22 87 58 22 15 26 37 41 54 22 77 33 54 100 58 37 55 13 53 9 41 49 34 94 79 16 95 70 54 14 41 91 25 28 42 32 88 2 13 90 75 85 1 64 43 46 86 20 2 60 42 95 54 27 60 96 98 50 72 9 21 96 7 88 72 28 
85 80 78 81 66 4 54 8 33 68 34 49 29 10 4 94 76 63 70 45 59 68 20 40 52 86 10 39 64 39 68 83 19 8 75 89 40 4 35 5 63 72 82 13 60 17 68 33 8 27 87 92 20 84 95 2 14 29 89 31 97 65 80 17 33 71 15 20 93 64 34 94 5 22 24 86 37 8 12 28 51 98 59 19 66 95 89 71 87 36 74 10 66 93 50 87 22 87 47 39 70 71 36 49 37 86 44 63 67 58 27 48 58 34 30 7 29 91 89 51 46 91 99 17 93 54 55 45 
89 94 31 74 89 52 9 32 82 24 61 22 18 78 3 86 29 24 40 93 60 71 17 37 97 76 65 46 52 73 5 57 62 17 17 21 80 29 36 53 86 100 100 78 9 27 9 40 75 28 61 68 48 27 66 63 57 52 22 10 3 9 28 5 39 10 43 48 35 85 42 55 20 69 94 6 35 49 55 68 17 82 30 73 69 58 28 60 38 27 98 72 67 99 75 2 94 30 14 100 92 21 79 29 5 64 71 19 32 46 26 56 31 60 83 56 32 33 31 93 63 18 16 71 92 43 37 50 
16 92 18 74 5 51 72 28 26 10 20 66 100 18 19 82 55 65 89 44 44 86 32 63 76 72 59 41 82 59 45 92 19 40 49 16 26 83 10 67 34 22 7 15 71 93 47 72 88 22 28 93 46 60 1 100 85 40 69 82 31 55 11 13 83 77 67 57 45 42 72 65 55 15 54 11 7 33 40 60 26 21 47 12 18 42 41 82 48 48 59 40 91 31 94 12 28 9 13 43 3 30 63 13 97 85 60 50 97 17 71 13 44 4 65 66 34 20 15 26 34 27 15 80 77 94 39 92 
87 58 93 55 14 74 73 41 98 80 66 62 10 77 78 98 100 19 20 37 17 12 99 42 46 35 64 1 72 65 3 86 7 98 35 8 85 62 94 38 17 79 28 14 67 46 82 58 39 59 17 62 46 90 77 6 56 76 95 6 49 99 60 38 52 28 67 41 65 1 88 77 9 81 89 36 63 46 16 40 75 81 97 52 12 73 67 99 99 16 53 85 52 14 13 77 24 36 95 80 6 20 86 13 37 65 50 4 9 18 51 5 30 81 31 36 68 37 61 15 30 77 95 85 19 50 41 58 
96 25 62 36 57 5 87 77 57 82 30 35 39 98 97 87 90 5 81 79 39 37 61 66 62 92 86 91 12 9 64 76 63 23 31 13 47 14 81 6 41 76 65 54 67 42 45 71 46 79 90 41 41 61 16 90 55 36 5 64 54 59 19 60 42 24 44 59 71 57 63 16 17 54 13 17 68 58 38 26 8 31 14 35 40 5 88 1 12 87 18 27 65 68 89 85 44 60 27 4 5 14 86 22 9 10 47 96 52 45 54 6 91 47 15 47 22 32 11 20 17 83 13 98 29 40 42 64 
33 49 60 52 28 93 88 5 74 80 30 6 42 86 10 79 4 9 19 74 23 84 30 78 3 58 29 14 45 13 52 87 79 98 30 69 95 86 68 79 41 43 92 78 4 49 23 76 57 51 46 89 91 80 80 32 72 55 39 44 74 85 87 98 37 17 70 42 83 15 17 52 67 68 94 9 42 73 100 85 44 9 73 17 8 58 96 35 34 21 13 15 24 100 77 94 76 3 80 91 47 14 75 1 59 28 16 3 37 29 39 42 8 86 16 46 36 98 95 3 36 93 28 35 97 60 33 38 
69 84 2 60 48 3 66 22 4 2 39 23 6 61 10 97 80 88 38 67 64 35 17 78 100 16 30 11 3 68 33 30 76 6 19 20 26 1 100 33 91 56 13 3 38 45 71 84 98 33 62 36 88 62 52 36 11 44 80 76 18 2 66 17 8 49 52 42 7 4 42 99 58 7 90 34 25 29 8 53 10 74 15 17 15 34 25 45 65 76 74 42 4 81 57 86 46 86 39 12 46 97 19 19 34 43 64 19 13 84 53 7 49 11 7 35 97 100 87 49 4 17 29 40 68 70 25 95 
83 37 29 87 75 68 49 2 22 66 9 96 19 95 50 80 1 68 6 55 17 30 53 2 13 80 94 70 45 70 43 14 70 67 100 63 18 88 94 41 23 2 57 95 30 17 41 99 26 29 75 30 53 47 92 48 23 17 84 46 69 34 2 52 79 33 8 40 33 4 24 42 84 93 28 97 88 10 37 60 90 93 41 44 46 98 57 50 15 56 31 91 27 66 62 57 76 42 13 65 62 92 98 58 41 41 23 74 22 23 71 85 69 1 72 39 58 29 4 16 18 17 53 15 42 44 23 83 
1 85 65 62 34 94 41 40 92 21 82 37 33 6 86 43 82 45 10 1 77 7 6 64 4 94 19 64 28 39 50 74 74 14 44 62 19 52 95 49 42 29 89 46 7 90 51 6 13 10 3 93 24 43 10 26 28 34 6 93 80 81 77 87 13 56 4 41 4 61 52 55 52 92 52 89 66 64 5 9 46 100 84 38 69 39 69 34 74 62 69 97 67 67 18 53 45 21 41 90 87 81 88 11 97 18 17 5 53 63 76 1 16 9 37 84 68 39 45 47 62 70 28 28 56 63 61 21 
50 76 86 40 70 35 91 44 96 43 76 76 67 61 88 32 15 7 2 54 1 31 16 88 50 62 75 60 59 85 27 94 67 95 37 100 72 71 15 12 95 80 84 30 92 72 73 21 87 31 35 90 74 50 25 86 79 8 47 34 55 82 83 76 74 67 69 86 41 65 35 30 100 12 83 19 18 88 82 93 60 44 7 36 92 2 28 74 59 53 42 8 14 6 78 41 86 89 38 24 14 19 35 57 3 73 59 97 32 13 75 29 12 80 89 76 98 11 23 41 38 4 97 74 16 54 20 1 
53 78 53 20 82 77 37 18 8 2 54 51 40 87 63 32 99 82 31 42 84 52 70 95 71 4 45 41 100 18 58 90 73 1 85 95 44 39 89 61 19 74 30 48 75 92 32 91 90 85 20 85 60 13 54 88 12 31 66 59 67 62 36 34 14 9 23 58 99 67 68 71 80 9 60 68 27 95 57 12 27 8 86 89 37 22 72 44 4 69 76 22 3 32 44 61 83 5 48 71 60 100 10 68 33 6 96 23 76 93 29 36 32 57 82 6 50 25 17 81 23 46 18 99 19 41 17 18 
89 44 47 86 24 89 6 44 64 99 32 17 20 15 21 100 96 49 23 45 91 59 4 26 36 51 43 45 70 7 65 87 92 15 23 51 100 72 47 14 27 47 58 24 27 46 100 16 42 81 36 47 77 7 28 60 96 21 28 49 95 64 92 10 96 89 8 62 83 73 73 85 75 23 64 97 66 3 49 83 44 70 85 20 62 46 17 28 98 43 79 87 49 36 46 83 5 9 18 42 95 32 25 67 79 94 21 81 56 15 2 69 95 59 96 94 88 5 79 87 22 59 15 49 14 73 85 2 
10 63 17 89 56 89 20 29 74 28 73 17 25 16 74 63 60 11 33 33 59 37 58 16 57 72 1 96 20 12 51 23 11 68 88 25 55 26 46 51 68 70 93 10 13 64 88 59 54 12 45 69 76 44 33 62 25 53 48 71 26 89 1 27 31 55 3 75 80 48 23 63 89 19 37 18 37 58 3 6 70 21 5 38 42 49 80 65 97 78 12 47 16 84 47 99 93 64 42 45 1 9 42 58 65 34 83 11 41 45 48 48 100 92 20 12 71 99 81 4 71 6 87 34 36 21 22 54 
55 53 8 23 36 51 100 94 66 33 37 96 47 17 59 96 37 95 20 11 79 39 20 95 56 30 80 80 40 58 83 11 35 79 64 71 55 74 10 98 25 99 4 2 97 23 64 74 23 24 22 99 78 35 53 99 83 21 69 88 43 95 1 9 90 99 44 73 63 62 33 88 23 93 32 86 59 53 90 66 59 67 88 65 1 45 77 38 100 62 63 51 1 79 1 62 32 27 10 42 90 5 54 81 63 74 69 81 89 36 12 73 89 88 47 97 60 51 44 49 11 81 13 67 81 16 23 72 
24 63 34 46 88 44 17 94 21 58 66 58 27 56 44 69 42 31 45 85 84 80 54 21 99 50 96 76 86 53 50 72 91 72 30 77 20 62 96 65 61 22 49 20 100 100 72 61 35 55 82 59 89 90 40 63 92 97 80 94 67 43 50 4 5 65 25 36 26 79 72 28 38 77 54 91 36 72 59 88 69 35 19 84 78 66 53 99 25 54 84 38 74 72 50 29 29 16 9 32 44 29 30 56 40 58 21 86 1 78 91 32 13 99 18 60 53 80 47 79 75 44 81 51 13 15 61 54 
76 73 77 41 27 95 58 17 16 2 34 56 91 74 71 86 72 58 47 20 39 92 57 69 95 25 77 63 98 22 2 78 43 15 43 99 26 10 100 1 11 2 58 94 75 90 47 49 90 77 92 7 4 89 81 9 22 29 76 92 87 85 38 80 95 78 30 4 68 40 71 25 31 30 47 27 34 71 22 23 3 85 14 57 40 48 36 13 8 17 1 90 22 35 12 61 43 3 92 34 13 19 3 67 5 94 62 94 85 89 91 96 44 51 18 48 83 48 80 89 96 55 10 64 64 80 100 19 
79 29 65 9 68 6 16 35 1 40 89 7 76 87 31 69 17 94 61 23 91 37 33 2 79 2 57 27 9 51 22 37 97 32 76 66 39 44 67 43 76 65 71 24 76 95 9 94 4 51 51 71 56 41 42 43 72 6 14 10 5 73 63 18 20 78 1 20 55 46 84 48 77 66 80 48 74 56 68 62 84 2 72 42 3 94 7 50 35 41 36 3 65 4 76 7 17 72 24 49 6 93 17 16 40 74 82 91 34 2 35 26 15 39 19 78 92 37 81 100 72 22 90 1 18 3 64 92 
37 71 22 47 80 51 58 48 65 13 3 8 53 7 63 37 98 81 41 27 27 19 6 16 11 57 25 71 51 39 49 11 74 74 25 77 61 65 19 11 90 30 51 43 46 98 64 77 42 72 25 4 45 94 97 16 4 66 88 22 100 63 26 42 54 86 17 23 6 46 19 83 24 42 59 37 86 94 96 72 100 37 8 31 79 18 3 81 85 35 79 90 66 2 94 39 7 87 25 23 40 91 17 53 85 51 35 43 73 30 48 27 42 78 71 68 91 70 18 39 50 31 56 28 93 51 67 97 
67 59 92 29 49 17 88 91 5 38 48 18 24 97 20 34 53 6 56 49 54 47 89 28 41 60 7 52 13 16 46 65 76 94 22 59 23 54 10 12 79 81 74 9 7 84 43 6 39 81 15 45 83 21 20 36 65 14 20 19 6 20 18 1 77 90 88 67 96 32 29 10 2 61 98 82 70 34 40 37 58 67 34 3 26 12 18 68 43 99 53 95 98 90 8 30 17 53 38 78 61 74 41 12 24 20 74 73 93 5 20 6 52 94 50 22 23 64 73 22 95 81 8 12 38 14 93 75 
34 73 90 60 75 86 63 91 86 45 55 11 23 76 54 51 78 51 50 2 61 90 71 85 78 86 64 77 49 71 85 43 3 20 13 16 12 89 23 43 78 34 12 53 73 52 68 87 58 14 68 82 84 38 13 12 48 89 37 84 87 4 78 71 60 9 62 98 17 68 4 78 75 62 13 25 31 72 83 37 7 73 12 96 51 89 90 53 5 65 100 42 82 86 25 48 53 34 20 21 86 40 79 4 36 58 100 20 13 11 71 61 67 21 24 74 99 45 6 8 38 20 16 75 40 54 70 34 
88 7 50 32 32 62 71 30 70 72 60 8 96 40 39 1 99 57 77 33 2 33 89 50 41 1 69 50 68 64 60 77 27 24 87 52 65 25 80 100 44 60 53 23 30 26 53 79 42 38 81 26 76 19 28 78 99 25 3 95 85 49 99 13 86 83 74 72 61 96 91 68 79 100 90 70 10 73 82 55 26 49 81 87 85 51 2 9 59 86 9 53 81 88 39 28 36 88 11 35 8 62 40 30 23 23 35 12 61 39 73 50 18 97 74 100 73 83 86 80 9 99 31 19 36 35 86 11 
12 77 47 44 21 94 70 99 53 81 28 18 20 57 35 47 81 31 89 3 87 94 8 100 49 47 30 78 36 46 9 61 58 60 67 69 94 97 73 54 23 96 43 37 74 27 14 54 67 23 82 64 53 3 33 23 35 38 10 29 83 28 52 93 69 89 77 61 49 10 41 73 19 69 15 82 25 42 22 76 51 74 74 33 88 67 38 14 50 89 23 7 48 49 64 25 13 9 55 97 12 48 25 9 87 49 17 46 16 57 61 44 46 87 65 80 8 39 96 27 4 58 97 20 33 47 42 74 
50 38 78 4 57 70 49 62 36 82 86 45 31 24 73 26 34 49 81 18 2 38 38 48 74 100 92 12 52 38 95 55 22 57 95 74 22 98 74 56 45 2 65 48 80 85 88 68 40 66 99 46 95 14 17 44 39 10 19 15 64 94 98 40 30 26 19 97 19 66 17 72 22 39 27 33 46 56 90 54 4 12 27 57 72 23 73 14 67 34 32 5 81 47 29 83 55 8 99 95 74 60 51 51 72 56 83 59 14 24 30 27 37 44 7 52 89 54 71 79 83 4 16 42 33 22 28 22 
100 43 13 17 36 19 47 66 27 72 18 86 95 41 9 91 31 47 36 5 41 81 34 97 55 70 26 68 59 39 70 57 49 20 23 38 15 94 55 83 6 42 53 73 57 24 88 72 26 50 77 85 39 54 90 51 43 24 54 69 63 42 98 23 75 18 92 37 27 81 37 78 71 39 56 22 2 74 63 71 4 49 94 68 9 69 19 45 26 46 77 7 22 100 23 93 73 76 15 85 3 87 23 13 50 35 36 100 34 75 30 41 91 32 49 9 25 59 88 1 39 100 76 32 53 86 96 100 
50 41 34 24 16 64 37 25 45 80 11 42 92 70 16 34 12 2 31 69 39 10 35 22 82 47 76 29 70 73 90 89 10 77 18 84 31 100 18 12 19 61 43 99 28 90 97 40 62 30 72 17 87 3 61 61 85 92 3 21 74 90 3 64 4 40 76 86 81 25 64 80 61 5 91 80 4 100 87 49 70 20 49 8 97 45 58 44 4 82 21 11 50 81 18 77 87 84 4 41 29 65 97 69 48 10 89 11 3 56 56 72 66 5 72 96 36 62 74 2 48 82 30 2 62 44 26 20 
57 3 82 9 64 37 55 95 44 50 1 27 95 29 56 79 35 21 86 30 75 5 11 65 90 19 86 85 91 31 33 16 16 9 74 62 88 73 98 31 44 26 32 94 79 3 7 15 83 6 73 28 81 15 69 11 53 1 79 42 14 18 34 87 70 5 51 30 90 12 14 58 39 77 21 36 21 44 2 59 15 31 77 91 45 3 51 16 67 1 40 90 47 23 67 4 53 94 60 89 7 89 66 78 52 24 5 9 60 31 92 75 51 56 63 73 88 42 2 67 2 24 4 39 50 38 20 20 
100 21 49 2 63 48 7 90 16 81 78 6 23 68 38 90 35 13 53 45 97 13 92 85 55 69 40 8 100 34 62 31 46 67 20 17 21 53 21 90 28 7 1 16 32 32 68 82 51 98 15 20 45 2 73 70 51 88 25 49 47 5 77 23 18 29 67 84 55 6 60 75 64 61 81 51 69 57 23 38 92 42 23 17 80 32 67 35 77 29 95 88 80 78 36 8 52 73 3 23 79 82 35 2 9 18 79 52 15 48 51 74 89 88 51 48 59 25 85 77 89 67 47 28 92 69 17 92 
72 73 73 69 10 38 89 51 64 65 75 90 38 36 5 31 69 49 55 99 34 38 74 29 81 77 10 27 20 86 37 11 32 60 14 89 30 70 64 79 25 52 35 77 48 42 17 34 21 52 92 1 24 10 46 83 60 53 8 5 77 33 21 32 27 64 16 1 23 11 14 43 37 45 91 57 8 37 16 51 29 93 45 10 57 4 79 12 61 49 27 20 34 3 63 43 49 73 31 56 49 85 15 19 3 26 15 47 96 20 99 55 36 80 19 85 23 61 52 40 31 13 10 60 92 82 40 94 
39 26 10 50 45 90 95 17 80 39 51 4 10 92 11 70 9 70 65 25 49 28 28 34 65 41 69 60 7 2 95 96 87 39 82 55 39 71 98 75 22 17 35 86 98 81 21 66 27 8 6 53 22 27 7 63 77 70 20 90 67 46 6 23 79 73 29 12 15 40 29 35 19 67 48 5 29 47 51 22 51 7 87 3 27 44 36 99 94 47 71 4 50 89 34 27 21 99 22 14 38 20 68 69 76 88 33 1 35 73 79 5 92 12 64 14 100 13 38 12 67 19 76 88 36 38 95 64 
92 92 57 80 92 64 17 94 36 78 25 90 57 48 94 91 4 22 43 31 73 11 87 82 7 52 92 82 88 9 97 55 32 57 51 47 36 22 88 41 28 39 67 21 16 39 59 50 63 66 31 80 53 12 80 55 47 30 82 69 55 57 45 64 94 68 18 57 34 77 67 84 76 49 54 56 46 91 56 74 52 42 39 3 69 50 33 12 44 69 83 9 53 6 79 47 13 27 87 38 11 67 15 62 69 12 52 7 78 32 34 24 22 41 90 30 72 42 77 29 39 11 30 89 91 14 29 57 
90 100 27 42 8 54 56 93 76 63 99 38 74 68 25 30 100 46 19 22 11 87 13 50 64 51 93 16 59 18 12 26 35 66 85 50 28 4 36 86 47 14 7 99 6 88 59 13 75 31 32 61 86 15 62 60 54 88 48 39 57 24 3 58 51 8 78 75 8 20 83 92 91 26 92 77 85 13 88 54 78 77 19 73 42 26 18 61 62 89 31 41 34 84 21 90 63 19 59 82 44 17 41 22 37 10 83 82 44 75 72 73 51 60 17 78 92 39 22 5 6 82 1 47 75 58 3 82 
28 49 25 76 8 54 6 62 27 49 37 48 32 19 53 50 56 62 85 49 92 91 16 88 99 96 22 28 98 50 95 98 19 9 65 26 76 21 35 41 28 33 74 53 59 78 79 77 86 87 53 9 20 55 31 98 74 69 50 16 67 78 6 84 4 30 96 38 17 58 38 34 21 12 36 23 61 33 71 39 39 94 98 18 32 26 10 57 59 57 83 52 46 25 76 76 51 16 45 68 30 4 4 3 63 92 19 46 51 30 35 53 78 17 69 49 73 51 14 25 54 58 89 87 4 53 35 24 
30 67 76 72 25 30 77 22 7 76 53 63 51 39 37 99 79 41 90 84 43 35 75 20 66 91 74 46 75 54 1 65 23 14 82 55 93 28 68 19 97 11 72 16 11 24 44 33 47 66 8 32 39 75 44 13 64 86 86 12 63 79 55 84 21 59 95 88 92 48 57 52 93 12 71 75 84 72 47 26 89 53 77 85 34 90 21 1 34 88 99 20 22 89 49 1 81 33 66 29 32 41 75 30 28 66 91 26 47 18 64 96 91 96 89 83 19 34 3 62 32 66 92 90 94 13 14 38 
57 17 31 18 43 33 56 1 2 47 42 31 68 80 78 90 83 65 37 35 38 48 3 19 33 21 68 94 11 37 16 44 71 33 15 41 98 32 71 23 3 84 51 64 59 49 74 51 100 52 2 78 70 39 82 76 42 72 70 22 67 36 89 99 84 59 70 58 89 82 61 11 90 35 81 57 25 67 33 89 50 50 59 96 80 49 55 5 52 74 45 54 52 90 26 85 58 89 83 11 51 61 45 29 62 38 76 57 23 13 21 38 83 67 28 88 67 51 94 13 43 38 36 48 90 26 66 77 
34 66 56 44 86 50 27 67 59 66 50 77 65 94 86 76 21 100 79 85 29 97 58 7 43 27 61 41 41 50 92 19 20 75 55 43 59 85 75 44 71 81 28 27 67 7 24 68 30 8 49 9 28 58 60 100 76 20 41 53 13 28 3 97 47 7 80 12 87 60 63 37 74 51 93 70 11 21 56 72 37 66 63 44 58 65 32 35 69 41 67 53 53 85 5 85 91 87 99 28 72 33 6 97 77 72 52 30 37 75 40 26 47 73 6 95 33 10 65 92 9 44 59 92 45 8 65 52 
30 72 65 5 87 39 29 15 17 97 99 37 76 8 30 53 26 85 74 92 54 80 34 76 54 3 97 95 76 75 22 32 25 37 100 38 100 23 23 92 44 42 97 4 38 76 87 61 20 44 78 90 44 75 45 18 55 14 80 37 47 79 59 11 42 56 31 99 64 65 24 35 30 20 87 76 69 38 64 32 39 37 55 54 60 78 48 25 39 92 32 97 61 95 25 99 36 38 23 16 61 99 86 70 10 19 33 88 11 34 56 18 64 54 12 58 77 91 14 89 51 31 65 12 40 3 31 43 
18 28 20 73 26 71 22 35 95 82 68 77 78 25 59 86 54 59 47 99 60 48 63 89 95 43 11 11 5 80 31 63 89 9 49 37 76 81 96 13 63 57 40 91 70 37 52 86 13 52 14 71 5 27 73 60 99 49 53 96 74 99 61 99 37 53 32 55 41 49 43 55 9 22 31 98 3 87 37 84 15 23 10 94 4 69 93 3 51 19 6 69 46 59 62 15 56 57 96 94 35 1 24 50 1 27 38 50 52 87 30 84 80 34 18 2 64 94 50 18 30 15 40 17 81 47 95 25 
87 88 77 19 36 64 99 31 72 47 86 28 77 64 38 31 80 74 28 37 45 28 33 27 38 57 39 58 44 93 62 45 64 55 90 89 31 76 44 15 12 58 41 9 95 37 58 97 69 80 10 24 19 39 38 92 71 11 31 95 53 75 62 11 78 28 37 83 52 64 70 47 34 24 6 10 94 54 4 7 2 69 98 12 94 27 33 12 94 88 27 89 75 43 55 95 33 9 61 77 1 84 64 83 15 1 63 31 8 80 91 21 83 38 3 70 77 22 75 23 87 65 24 76 56 56 30 45 
23 22 93 37 15 8 15 66 30 87 57 50 76 3 54 65 87 72 19 65 70 70 15 75 80 97 2 56 37 8 25 15 13 36 10 85 83 69 66 3 92 14 68 66 54 90 7 83 28 29 40 69 81 22 54 21 65 9 100 54 4 25 91 45 18 68 88 61 84 37 8 18 74 82 90 63 75 38 41 15 67 12 50 55 69 47 54 52 51 19 79 33 40 30 89 24 97 58 41 80 17 22 7 43 52 63 85 88 78 61 49 59 19 98 100 7 79 51 21 57 79 63 44 52 88 86 82 34 
7 60 43 76 34 95 43 12 70 56 88 62 93 67 20 40 72 68 56 3 80 88 63 63 75 88 64 24 27 27 97 49 97 29 79 87 15 52 7 80 16 85 47 18 37 55 56 68 78 67 17 87 14 39 48 33 32 18 9 45 3 31 62 99 43 10 80 97 63 29 24 51 97 90 4 55 10 28 25 96 58 81 24 29 17 97 28 4 13 14 78 100 42 7 19 80 71 60 32 63 69 42 82 7 25 45 85 98 34 56 96 17 48 84 95 41 6 40 11 2 21 63 5 78 66 36 88 54 
70 42 72 71 86 20 63 31 48 54 8 95 85 5 14 30 11 98 3 93 65 3 13 19 46 54 31 29 88 84 51 58 92 86 29 5 8 72 19 89 61 86 45 24 53 20 99 75 26 90 4 6 29 35 38 32 78 37 96 68 49 73 4 56 70 80 81 75 8 48 35 85 49 83 95 59 28 41 79 34 91 56 97 13 41 54 71 10 2 26 71 45 55 44 84 2 90 40 61 95 7 8 7 43 43 5 56 5 25 11 77 31 50 6 53 21 32 57 49 85 38 13 50 40 81 87 55 58 
94 45 21 71 53 66 33 48 34 97 90 59 78 96 98 41 61 75 45 18 49 16 17 90 94 81 96 30 61 41 59 31 30 16 82 31 67 96 44 50 44 3 39 65 95 28 65 64 88 82 90 54 67 45 85 61 26 59 92 46 75 51 46 47 62 7 8 71 91 72 38 5 71 28 48 70 25 26 80 69 6 20 84 72 14 34 19 56 67 51 36 52 75 70 37 4 57 72 20 51 25 89 14 91 73 89 69 44 5 50 97 78 22 81 55 71 96 69 82 26 23 88 54 57 5 36 50 43 
44 9 45 95 83 22 71 43 13 91 29 60 78 61 37 20 99 43 35 91 45 77 69 42 85 23 27 74 70 53 43 70 15 44 41 92 50 50 7 64 21 45 14 97 49 73 21 59 61 75 5 15 93 56 41 1 42 57 37 55 51 9 41 82 43 46 5 47 66 89 49 22 87 76 62 23 23 65 17 71 24 30 98 75 55 26 65 73 78 65 42 11 62 20 26 63 23 90 63 11 62 38 34 1 45 27 44 81 74 42 55 96 86 62 49 9 72 67 64 45 16 24 66 42 66 32 55 54 
41 90 11 91 15 76 87 86 74 83 18 40 82 1 49 14 83 30 80 36 41 29 12 87 10 29 64 4 60 64 80 90 76 46 13 96 68 2 16 90 67 26 5 8 35 28 59 67 32 73 35 70 27 37 60 47 35 76 73 93 63 3 64 83 44 50 40 96 54 59 27 3 33 6 21 36 5 53 21 48 80 87 94 16 93 75 50 59 54 26 13 52 65 99 77 43 25 13 14 38 2 74 60 66 49 12 69 21 83 66 41 36 23 99 98 2 50 11 36 25 28 99 90 61 70 95 83 60 
87 12 36 76 8 52 98 23 69 15 27 84 32 23 97 49 86 27 22 46 65 82 19 44 68 88 23 44 42 54 56 18 49 30 71 17 28 24 63 80 63 91 14 31 66 6 9 25 23 5 27 93 57 1 60 16 89 15 51 63 66 13 84 16 44 52 26 53 26 15 72 54 64 97 85 72 37 72 40 9 78 84 72 76 57 82 3 76 13 60 13 43 43 34 37 41 75 98 59 51 52 38 30 52 86 7 42 44 68 9 49 37 32 58 47 93 48 68 33 43 33 5 97 12 100 14 22 51 
92 4 55 96 39 92 80 38 2 54 49 84 33 6 21 28 21 59 87 20 7 12 71 82 66 87 29 45 56 15 2 54 86 79 95 29 10 56 37 25 11 33 17 2 6 50 100 97 51 95 84 68 23 39 85 22 45 35 21 69 35 22 92 25 1 34 91 30 66 81 5 75 93 100 30 54 44 11 81 35 16 23 27 19 66 76 30 71 69 39 76 22 15 89 28 6 81 3 60 56 74 98 32 25 39 90 11 16 98 1 10 88 20 96 81 77 8 6 42 91 59 28 79 98 69 52 28 56 
88 62 25 11 42 92 41 92 66 97 50 8 33 93 7 58 87 17 19 75 15 57 86 76 94 65 54 100 9 19 42 92 78 73 42 23 22 8 41 67 21 88 52 23 95 26 26 7 94 96 15 5 82 47 99 39 68 21 18 11 36 91 32 47 99 1 54 25 96 59 12 92 32 5 66 96 2 25 76 8 16 26 55 41 8 33 77 16 16 89 58 33 52 35 68 46 23 97 43 72 42 45 53 91 25 60 25 80 68 45 24 25 87 50 69 98 84 94 51 27 98 39 57 59 29 44 92 49 
80 92 16 11 23 16 56 7 88 34 57 43 94 1 4 71 9 57 79 52 2 8 24 21 84 1 44 88 15 63 69 12 19 78 76 95 36 51 94 70 62 26 29 81 49 95 25 99 70 69 94 13 55 85 8 42 15 68 80 78 47 12 90 69 82 19 24 89 18 30 25 54 33 73 9 74 25 66 62 48 87 94 11 61 65 8 37 59 29 46 62 34 78 55 82 44 56 26 76 39 64 63 90 31 42 63 42 75 47 38 82 13 32 47 30 52 72 36 11 74 98 37 15 28 80 29 23 9 
70 13 75 63 99 22 35 93 27 61 99 4 30 13 5 95 17 38 91 69 80 34 46 84 93 16 96 91 77 93 2 15 49 72 25 2 18 1 57 81 30 38 50 54 56 86 98 60 25 48 100 76 55 87 64 31 53 64 24 89 28 86 5 61 32 23 37 4 92 34 38 81 24 47 88 55 7 91 83 25 98 70 10 5 96 87 84 79 5 17 44 87 9 82 55 74 36 1 87 81 57 52 94 53 43 69 52 88 62 89 37 19 54 10 16 21 48 100 57 58 57 92 61 44 95 26 64 49 
5 97 69 96 13 36 43 55 7 47 72 29 68 97 50 93 39 28 4 56 19 5 71 78 24 37 51 33 64 46 4 22 63 62 69 25 80 69 81 30 78 41 57 85 95 55 63 32 37 39 36 28 35 75 60 36 65 68 64 24 91 12 32 7 73 26 67 40 76 6 95 40 46 26 64 32 31 43 50 15 75 6 1 33 62 75 76 4 25 64 44 69 98 13 91 17 68 83 32 42 4 8 97 75 27 56 61 69 64 38 15 7 72 84 83 58 91 75 63 59 30 69 74 58 6 7 44 62 
75 64 16 42 77 65 84 60 17 65 38 3 7 3 47 22 13 85 40 5 61 83 39 29 17 88 79 15 14 57 52 15 54 53 45 81 57 79 100 98 33 50 97 61 97 34 57 10 29 8 87 73 46 99 94 59 58 8 90 92 94 52 51 33 91 21 73 14 35 83 20 94 47 21 13 48 75 15 83 49 19 27 27 59 35 97 5 45 84 80 55 70 32 86 64 46 32 39 74 54 45 8 74 68 86 97 66 19 84 9 78 52 5 10 89 4 50 86 87 43 72 52 31 64 48 70 71 33 
72 66 61 18 22 45 99 6 23 26 75 60 14 2 45 91 46 93 19 29 99 55 19 58 97 50 99 29 27 52 91 59 91 88 26 68 26 77 25 42 43 48 5 2 63 36 81 21 92 63 26 72 91 95 33 21 10 70 62 79 58 47 44 32 19 10 90 93 28 49 82 96 85 33 81 89 66 87 22 98 72 46 10 97 6 5 25 65 74 61 30 39 57 30 17 22 75 70 73 72 17 26 5 80 35 93 15 27 39 92 30 8 58 37 81 59 69 64 16 93 62 98 64 64 95 65 25 12 
10 40 17 58 58 17 92 28 53 12 32 91 31 22 74 66 4 99 25 26 95 46 50 40 63 72 65 21 44 62 76 14 78 18 78 93 46 26 72 58 40 56 67 41 39 41 74 22 37 80 40 64 78 59 54 85 29 63 80 57 80 23 79 48 9 85 38 90 63 60 86 51 48 59 39 2 31 80 8 1 63 54 30 34 96 35 44 89 50 18 42 93 63 56 98 43 71 33 62 6 78 23 83 54 32 11 86 18 28 26 80 43 3 75 95 51 40 80 11 94 28 88 98 22 9 48 20 26 
8 75 88 18 34 77 30 71 79 28 5 35 25 93 8 14 23 54 9 56 14 42 59 7 15 64 84 42 67 42 27 70 9 66 16 89 25 46 39 88 32 20 63 50 6 84 68 57 34 33 76 18 36 69 29 54 74 75 74 39 2 70 98 20 51 23 5 96 95 43 36 4 99 86 72 71 44 88 17 7 2 2 33 30 97 11 15 59 69 13 29 46 14 98 25 22 24 50 1 72 52 4 96 77 90 64 41 92 86 17 40 32 72 14 38 82 5 48 42 35 91 15 58 76 83 90 86 41 
10 35 66 4 98 52 96 78 93 71 29 46 54 93 82 19 89 97 14 53 90 42 40 29 71 8 29 17 11 27 4 75 49 72 75 72 90 82 16 40 61 11 37 29 55 30 94 19 22 86 46 13 86 4 13 7 86 53 89 8 8 82 20 100 68 83 90 36 50 91 66 100 69 22 25 99 71 12 54 87 43 78 12 35 17 57 71 63 11 32 60 78 46 43 18 56 31 30 41 69 59 12 73 16 52 52 8 2 47 29 52 85 15 24 82 64 46 8 18 30 43 53 76 80 99 96 95 36 
13 17 3 55 77 66 91 26 53 70 65 54 62 28 68 43 38 22 49 39 46 81 13 18 38 28 27 30 50 75 24 59 70 45 10 67 18 77 49 71 68 43 28 82 12 97 34 16 8 72 80 65 69 55 15 6 73 26 64 88 14 28 2 90 75 21 8 4 36 31 29 32 38 63 59 49 72 45 30 83 91 55 25 73 55 19 47 94 11 78 1 71 48 20 6 9 61 36 62 22 90 31 47 63 16 15 90 13 46 24 30 32 68 65 55 78 93 34 43 94 45 65 90 24 73 23 58 44 
28 6 21 64 60 55 25 79 28 81 29 13 37 39 27 49 83 64 87 80 77 13 42 47 60 10 3 20 41 44 48 40 24 44 27 75 92 42 60 7 5 12 19 54 98 99 70 91 87 97 34 72 37 10 45 78 62 71 37 11 70 100 6 44 97 47 24 34 3 80 94 81 72 31 57 57 68 96 74 41 33 69 14 28 62 36 79 38 13 63 39 93 58 19 11 55 30 27 74 100 83 96 34 43 23 54 42 69 39 89 67 92 4 1 93 39 52 90 27 1 75 24 65 16 44 49 13 6 
58 68 19 95 51 65 93 85 97 46 94 22 27 41 88 32 29 66 60 21 23 64 14 17 32 24 26 64 40 68 78 72 53 31 68 9 76 48 50 81 38 28 77 29 17 23 65 13 8 23 48 11 67 61 10 98 6 34 82 76 95 79 39 53 76 96 89 93 34 65 55 19 40 97 22 94 68 62 25 99 67 46 78 97 29 48 64 38 96 32 63 93 31 24 27 100 89 35 63 22 75 27 45 50 100 27 54 85 10 80 53 100 18 33 63 55 13 61 10 20 42 2 77 50 90 63 68 22 
96 4 35 87 89 6 7 30 42 91 77 50 66 48 48 40 8 62 55 48 44 43 45 42 47 11 60 1 82 5 12 89 97 91 41 100 73 82 69 40 56 14 50 45 50 27 53 80 20 31 3 13 23 15 88 11 61 44 78 6 68 87 55 40 78 96 100 8 95 88 82 34 35 39 67 50 89 57 91 57 27 74 86 12 20 77 27 38 56 10 86 90 91 71 53 26 39 27 2 23 25 54 6 14 74 53 97 63 96 46 91 43 15 46 77 99 49 71 36 66 81 38 19 29 34 80 84 92 
31 67 3 96 32 86 28 42 67 16 50 36 9 34 71 66 75 93 11 20 1 84 15 94 56 19 53 31 27 89 6 1 22 64 91 94 9 51 30 54 95 83 7 16 99 95 77 91 84 54 31 14 89 61 5 54 83 93 39 41 72 61 19 28 11 31 57 98 90 61 28 30 55 57 70 3 77 75 91 72 84 21 25 1 55 37 82 47 67 39 58 51 64 4 4 69 1 82 15 82 66 22 5 50 7 95 6 68 9 47 93 96 32 16 65 71 49 59 54 2 74 2 17 17 94 1 88 50 
65 88 88 79 16 36 2 41 90 81 48 79 51 88 48 64 85 43 91 72 53 75 5 26 50 78 90 92 100 77 32 21 22 67 90 97 17 63 74 27 70 24 86 71 67 2 76 65 97 55 81 37 84 83 38 64 13 35 35 32 78 71 95 74 29 82 71 47 56 18 74 34 69 35 12 69 27 45 18 35 78 62 99 4 83 24 26 12 36 39 13 68 76 57 46 91 47 25 23 14 28 67 32 16 80 61 38 44 26 76 40 3 24 75 5 52 44 3 92 56 97 96 83 18 8 4 33 59 
43 9 60 29 8 64 68 78 51 75 49 56 6 46 64 67 61 22 93 40 96 24 12 60 1 20 79 34 2 36 6 12 91 2 3 86 60 52 43 97 77 87 94 71 33 32 21 3 4 99 68 78 38 15 91 47 21 27 21 15 97 36 1 99 4 35 47 62 32 45 80 50 45 33 81 84 63 35 50 38 30 89 69 13 33 36 19 21 74 31 16 4 4 65 47 41 58 85 2 99 99 57 62 88 50 1 55 15 21 94 60 92 57 57 20 67 34 75 38 91 98 62 63 88 100 82 10 94 
93 91 94 36 67 38 53 7 76 27 82 58 38 2 1 6 83 35 87 19 81 98 49 83 47 63 1 40 16 83 57 41 31 34 67 67 66 32 11 23 5 94 51 75 89 75 82 90 82 77 84 86 15 28 65 95 36 94 12 2 47 38 96 6 15 71 59 42 7 78 25 80 28 85 87 33 51 34 37 1 8 25 17 20 22 50 92 40 43 89 11 60 37 70 99 75 34 100 81 74 86 7 57 51 89 44 20 1 87 1 65 62 78 11 79 3 8 24 16 21 67 93 90 12 97 22 3 58 
55 31 54 42 39 36 42 34 56 7 22 24 85 85 65 5 60 98 17 89 95 29 89 58 36 16 77 16 31 64 32 73 93 70 83 64 50 14 35 38 47 63 84 72 83 81 50 30 76 66 3 81 21 38 38 79 12 26 12 23 69 56 50 10 19 60 96 96 76 4 10 29 91 11 58 92 13 76 13 22 66 10 17 65 12 7 15 34 45 73 38 90 43 36 56 1 3 80 20 89 99 9 4 80 100 37 90 78 5 20 68 34 46 67 99 28 41 4 55 24 93 1 62 24 47 4 30 45 
67 49 33 46 7 36 46 68 99 19 2 76 45 23 34 28 91 21 32 12 4 94 55 93 69 22 6 46 25 14 81 48 75 39 65 28 34 13 83 99 39 98 72 10 4 30 49 76 25 73 66 29 21 11 98 9 78 96 27 17 46 10 91 18 57 53 55 64 70 79 98 21 69 34 34 37 31 46 49 55 44 80 1 2 27 86 91 82 31 83 47 57 60 14 44 60 37 24 88 3 51 64 91 45 61 23 85 61 32 50 87 33 33 62 54 75 47 5 6 62 71 33 76 86 26 95 76 43 
28 60 22 67 68 67 36 45 64 93 69 73 88 100 8 6 12 70 76 11 87 28 28 28 27 92 58 83 11 98 69 22 26 74 8 69 77 78 10 32 5 96 68 46 40 53 49 24 35 9 66 76 43 27 11 88 97 7 49 50 15 15 26 64 62 32 60 60 81 97 24 9 63 80 50 35 22 52 94 3 43 43 35 97 67 14 44 16 70 69 53 91 93 100 87 91 6 92 77 57 77 56 63 39 18 37 65 76 69 29 58 52 41 6 71 44 14 20 57 12 16 91 73 62 88 90 83 28 
55 97 50 61 63 78 66 90 61 23 52 59 47 50 97 7 68 55 24 39 15 16 37 99 24 49 29 32 83 95 32 63 73 12 19 72 51 88 100 100 46 85 83 6 79 59 84 78 89 45 28 69 48 25 36 76 40 37 43 83 35 97 36 63 18 4 38 91 79 77 6 22 31 80 40 60 6 46 59 2 36 41 34 77 43 11 19 72 97 87 36 87 56 1 30 97 93 47 40 66 67 19 19 88 4 83 25 35 80 100 93 22 88 87 7 52 47 10 98 94 40 36 38 16 5 7 99 86 
65 53 69 47 10 7 62 51 72 32 68 96 27 45 53 96 20 38 13 34 90 96 65 86 82 34 83 33 91 1 88 53 93 48 52 62 78 43 95 36 62 86 10 1 100 68 41 65 99 46 76 4 24 32 40 76 10 94 12 92 38 34 22 24 63 36 9 36 67 11 81 71 77 12 53 67 27 43 96 13 19 85 3 87 47 80 7 15 89 21 90 94 49 28 87 77 41 45 92 29 64 62 2 72 17 40 77 31 67 53 12 80 15 18 7 26 96 59 60 44 91 17 67 76 31 92 80 44 
56 55 60 21 76 88 76 88 51 5 64 73 21 31 68 16 11 59 52 30 93 71 18 35 1 34 96 19 45 22 19 97 60 83 19 48 86 26 63 78 52 75 79 74 52 74 25 27 71 61 96 57 61 63 17 61 39 41 15 7 72 12 28 95 92 55 26 51 69 60 48 62 43 75 63 30 38 62 13 30 37 24 33 24 42 5 92 33 3 72 38 75 51 79 80 42 70 28 20 55 25 89 71 62 96 68 21 17 14 10 20 99 51 83 94 98 39 3 50 66 31 36 66 8 27 78 100 80 
9 17 55 59 39 81 6 32 49 59 37 14 40 100 51 46 59 25 78 96 69 24 28 25 28 60 98 67 15 52 33 60 12 96 88 31 14 84 60 77 10 32 70 53 83 87 87 28 20 53 99 38 95 2 88 9 8 1 74 13 29 99 85 40 31 26 21 43 62 68 87 60 38 4 78 3 66 63 30 59 15 63 83 43 72 37 58 84 55 59 92 30 80 99 24 1 62 94 94 64 92 85 59 41 100 12 94 12 50 61 22 92 8 81 98 58 67 39 94 61 36 23 59 36 26 16 51 94 
46 74 85 70 51 24 95 91 83 52 31 96 40 10 81 41 18 68 78 94 98 45 21 20 38 76 19 60 18 98 59 86 55 85 31 41 80 75 2 42 66 45 80 2 19 86 19 4 2 77 93 28 29 36 42 62 97 89 38 64 93 56 1 8 90 84 98 17 4 43 52 29 27 41 39 91 78 94 21 50 49 43 67 79 26 9 48 85 40 25 75 4 5 43 21 43 93 9 25 54 63 51 7 66 87 63 37 45 34 46 95 81 1 95 34 23 77 95 70 79 92 33 60 72 42 25 74 91 
88 43 68 12 54 71 76 74 31 8 4 83 63 14 10 94 100 72 88 94 23 7 61 56 65 4 25 57 41 7 99 27 21 59 4 44 86 44 7 96 34 63 30 47 40 93 57 96 42 13 83 15 83 5 14 62 85 80 19 55 16 61 14 31 74 7 34 60 43 13 22 28 4 99 96 87 98 40 19 90 18 48 17 21 36 70 77 81 87 53 3 44 50 20 97 11 5 30 81 34 83 100 64 46 42 67 78 32 63 82 49 98 38 99 59 11 55 59 100 63 98 40 6 42 39 18 92 91 
26 17 21 32 4 92 93 94 26 26 91 28 85 99 11 30 32 75 100 63 51 66 56 99 54 12 83 31 67 83 34 82 40 57 71 88 80 21 43 84 82 43 30 55 91 75 62 35 20 35 4 94 64 74 39 7 35 92 51 29 100 61 28 77 34 29 38 72 63 76 58 48 50 92 88 81 91 97 96 73 14 26 87 9 38 89 50 43 36 5 60 40 55 10 65 27 37 59 2 69 44 38 25 32 11 39 86 27 15 78 98 5 18 85 72 29 44 2 13 61 52 35 67 23 23 74 63 78 
6 45 19 20 38 30 50 20 94 29 22 100 81 43 39 92 53 61 6 28 1 53 47 5 6 88 84 7 25 9 84 89 22 26 86 80 56 14 38 49 72 67 30 96 54 100 47 49 92 28 57 94 14 77 29 56 37 76 6 4 69 91 43 60 85 3 11 72 23 68 81 88 75 64 25 9 49 92 25 4 72 67 57 18 21 97 97 35 53 19 88 60 71 35 51 33 24 11 84 92 100 4 29 95 34 19 48 92 82 52 75 16 18 82 79 5 36 45 50 61 2 22 70 24 75 51 2 59 
84 24 79 68 82 98 28 41 56 31 15 8 21 82 79 51 56 58 19 28 99 75 1 59 29 1 75 16 97 57 99 13 25 91 75 2 92 67 70 29 97 67 18 48 53 91 11 71 16 39 54 5 65 12 10 86 8 42 49 28 84 30 21 100 57 72 31 75 70 91 62 90 66 35 46 37 19 76 36 17 66 76 50 7 5 25 23 63 95 79 94 58 9 49 31 43 59 4 92 1 14 49 67 70 75 59 79 42 41 27 90 12 53 68 50 79 50 59 36 22 70 77 71 91 52 29 36 57 
27 89 30 4 59 26 58 70 31 59 50 14 75 34 40 98 86 39 7 5 55 76 88 66 45 53 43 54 72 75 19 66 36 37 79 72 53 33 26 54 75 8 35 22 22 84 71 43 1 97 65 23 2 64 60 63 5 87 10 15 70 15 11 85 94 48 62 16 19 36 87 87 20 39 90 31 3 27 32 45 23 37 52 88 37 82 3 100 13 97 53 83 40 35 42 43 12 96 25 28 55 66 82 98 73 54 81 100 46 21 54 77 38 73 31 32 56 3 56 13 21 68 58 21 49 17 99 48 
98 41 84 17 66 10 77 21 6 49 85 52 10 45 47 5 18 7 71 55 95 20 66 16 82 83 3 94 39 65 17 56 52 54 49 14 86 71 14 47 48 3 46 46 63 5 24 79 88 42 24 85 76 46 5 29 49 27 1 23 19 34 81 78 45 77 27 54 38 73 10 28 13 9 30 46 51 51 79 1 8 53 42 67 82 69 50 76 71 55 5 57 19 95 39 52 6 83 11 57 85 6 51 2 3 64 41 99 61 25 63 77 96 50 51 1 13 39 29 9 58 54 89 59 82 34 15 63 
51 66 62 56 85 10 60 86 75 63 64 73 31 42 94 76 13 7 7 20 21 45 97 86 58 76 29 81 5 5 25 11 11 5 31 60 42 64 38 34 73 56 5 22 77 25 53 12 100 58 79 83 66 88 79 5 65 63 39 13 70 92 74 17 8 54 40 29 32 74 44 51 85 6 18 8 8 68 38 63 78 64 14 56 20 14 80 92 54 2 35 17 60 60 17 5 14 45 30 99 27 11 81 66 84 8 30 53 48 40 19 38 22 17 24 76 33 28 78 15 29 52 64 89 74 31 24 45 
69 89 98 47 15 69 24 33 5 68 79 33 27 25 61 37 2 18 22 87 18 59 30 20 2 96 7 22 66 30 27 1 7 29 44 77 59 40 54 16 16 77 60 94 52 11 15 14 9 57 19 55 72 96 51 59 40 34 34 52 61 58 16 14 48 6 27 69 18 57 25 47 86 94 46 62 92 37 58 75 83 71 60 20 52 89 50 57 11 21 79 97 50 15 28 90 51 22 70 60 53 57 87 2 89 11 18 89 22 64 56 93 63 13 63 70 40 16 72 20 18 47 3 14 60 40 67 50 
52 86 85 50 82 30 80 72 21 100 37 71 96 31 44 25 56 7 45 18 23 24 28 94 77 47 76 91 76 42 52 37 16 28 9 88 71 68 23 17 13 17 27 5 18 94 68 46 42 42 80 37 14 90 59 52 36 35 58 34 90 15 96 68 7 96 61 86 53 86 35 33 5 5 59 9 2 93 22 39 83 54 52 47 5 86 63 46 58 58 49 29 68 60 18 49 69 84 83 91 3 87 75 76 33 89 81 26 15 39 100 13 42 57 72 74 23 40 27 50 12 82 32 43 73 68 100 40 
22 100 31 45 45 7 71 39 52 70 72 38 16 70 91 81 33 27 93 32 27 55 95 41 71 1 86 79 88 62 23 66 62 38 36 29 32 68 15 33 41 100 46 9 75 63 26 51 76 65 46 89 10 79 44 33 63 75 5 61 7 36 97 26 4 42 43 83 45 8 48 93 21 57 17 3 29 53 74 50 98 71 94 39 100 88 70 35 87 45 38 5 12 75 82 4 65 22 99 11 59 67 84 87 6 22 89 72 21 32 71 1 86 37 9 66 12 1 68 31 63 78 99 67 100 20 49 41 
21 13 97 28 68 38 74 29 27 9 4 36 69 74 55 40 67 30 56 21 54 78 53 23 17 50 28 89 31 6 10 33 18 93 49 22 57 32 4 34 45 8 30 98 18 100 61 73 50 96 61 81 23 98 18 18 28 4 66 36 60 39 74 24 44 1 100 12 8 89 69 82 86 77 89 15 52 70 77 47 86 7 83 45 25 77 16 56 58 34 22 63 73 74 84 40 90 56 6 65 43 93 12 94 8 69 80 92 8 53 77 89 65 9 14 67 18 42 5 53 34 71 58 36 93 7 44 19 
96 92 51 79 87 82 92 90 23 21 100 46 56 12 70 12 50 87 64 78 14 51 19 67 97 40 21 96 63 58 36 4 43 66 91 68 21 26 99 18 5 50 63 47 94 33 13 48 32 50 97 66 73 4 14 9 96 51 14 22 99 24 32 91 30 85 60 99 22 77 78 52 71 52 58 88 41 57 31 100 36 83 20 21 15 99 29 42 93 8 90 14 23 95 5 37 82 72 73 79 18 63 77 91 4 10 62 1 73 45 50 16 16 52 6 8 47 79 86 68 25 49 90 20 77 1 96 15 
20 94 12 7 100 63 66 24 47 98 47 42 26 6 69 80 57 57 59 24 1 6 49 90 78 12 39 69 1 76 63 29 8 12 57 84 82 98 71 39 49 27 77 39 85 67 12 37 28 12 6 54 33 58 1 78 54 16 50 26 4 3 39 52 29 81 37 56 65 89 82 91 18 88 59 90 70 43 99 88 11 7 74 34 71 34 64 1 78 89 29 5 49 51 49 95 29 99 24 48 28 71 78 78 48 2 58 99 44 71 18 75 11 62 52 6 27 91 22 59 35 92 37 45 12 77 43 97 
39 45 92 51 73 27 26 44 71 72 29 70 83 8 30 95 43 66 30 91 99 66 29 73 98 1 70 35 73 30 43 30 72 19 61 49 15 20 48 82 26 35 38 33 90 54 63 11 51 87 53 93 56 39 14 34 72 2 97 72 34 71 82 43 90 37 9 55 45 5 79 10 67 97 8 62 28 70 95 95 33 17 21 58 21 27 53 13 72 66 10 85 26 44 88 61 33 50 62 6 21 41 25 51 31 38 62 78 75 88 50 34 58 72 1 71 41 17 9 8 54 61 80 6 53 32 27 56 
88 64 63 19 30 28 30 94 59 97 5 6 40 84 51 49 86 93 54 8 92 51 62 95 18 64 42 96 65 51 59 58 70 41 54 22 83 74 22 34 58 93 51 27 11 58 12 21 85 38 81 94 11 73 90 67 34 70 88 71 84 5 54 44 54 42 22 70 97 65 80 40 49 63 47 73 89 19 29 65 30 38 50 3 72 94 50 61 57 64 19 30 34 39 90 77 77 30 6 90 53 7 12 86 75 48 50 86 28 55 38 70 42 93 64 86 49 51 2 60 1 50 90 27 58 67 79 14 
36 14 35 54 21 90 37 65 46 99 11 28 47 2 78 34 7 60 80 26 69 72 99 3 82 15 6 22 99 99 71 66 45 18 7 13 90 99 79 73 89 30 30 73 56 2 9 1 50 30 29 72 83 9 71 1 86 99 90 3 68 14 10 10 6 63 76 16 30 58 95 92 52 83 37 97 23 38 15 94 80 60 9 53 76 88 49 69 44 43 48 50 33 21 49 71 77 29 37 54 90 4 80 62 92 71 18 67 70 22 74 12 92 18 8 31 22 77 88 22 33 13 71 38 13 54 39 34 
91 28 4 8 77 81 26 77 3 94 28 70 15 45 9 47 80 34 35 58 37 82 75 38 18 85 12 75 25 70 86 19 8 85 37 65 29 67 5 20 97 73 36 85 37 72 34 100 79 49 9 74 79 34 29 12 89 7 83 5 67 23 52 98 70 8 13 69 13 44 69 24 22 23 91 75 40 14 91 70 72 49 73 93 29 50 55 18 100 79 94 38 71 61 3 43 57 3 10 91 99 84 99 81 28 90 44 94 80 26 62 53 18 12 61 59 21 61 19 83 63 49 54 100 41 9 55 19 
42 12 58 3 68 21 39 93 95 12 46 11 77 40 32 29 17 26 12 30 89 2 44 85 35 31 86 60 32 37 21 32 53 14 17 67 6 19 60 83 27 13 32 77 24 77 86 20 95 8 46 12 19 89 30 96 20 56 18 31 19 64 32 50 94 22 97 56 28 39 12 27 5 82 26 47 75 78 67 78 30 87 6 80 62 94 43 33 52 34 23 66 95 40 53 4 81 15 91 63 41 15 68 100 15 59 36 99 44 38 51 6 53 87 63 74 64 43 93 43 92 96 82 90 14 82 94 91 
14 48 56 97 99 15 19 77 100 58 93 56 93 73 17 87 63 80 92 72 63 18 84 56 7 70 89 41 54 69 99 17 41 83 85 16 78 15 56 84 68 1 45 23 8 86 98 15 74 95 54 86 91 68 16 94 48 85 22 16 61 90 47 44 99 48 32 37 50 56 99 28 89 44 35 74 30 89 35 27 25 1 29 8 24 89 10 29 53 53 25 10 36 94 38 90 14 65 52 96 22 9 70 87 74 94 13 97 9 2 82 29 42 86 100 16 17 43 28 38 48 43 61 47 26 39 83 66 
98 30 8 43 53 2 27 71 64 36 71 95 14 4 76 54 56 37 62 77 74 66 79 25 77 41 34 72 75 84 83 24 19 70 97 25 58 42 80 81 96 2 4 33 3 29 5 95 70 65 92 17 57 50 28 53 54 6 44 27 39 34 48 81 64 79 46 60 69 62 19 27 33 98 62 18 37 77 13 63 54 86 41 51 50 10 44 78 67 33 67 72 30 89 16 37 80 76 12 78 41 55 55 56 71 3 62 48 82 34 45 46 51 49 36 58 70 77 76 62 12 96 82 29 90 16 31 24 
43 97 93 47 33 90 1 17 62 53 37 14 82 84 86 95 60 45 53 57 23 95 35 57 6 5 24 100 17 69 28 78 73 98 90 37 83 24 63 6 40 64 7 78 58 17 72 61 10 86 63 51 8 46 24 37 60 41 65 37 44 13 15 57 15 65 89 71 44 5 56 28 65 63 25 63 18 61 55 79 100 84 8 43 97 2 83 3 40 32 61 19 4 4 67 38 87 21 78 7 10 42 27 23 23 36 9 46 71 33 80 54 89 43 97 19 75 96 22 80 55 32 60 90 39 98 5 34 
20 76 1 88 4 44 11 87 64 54 12 49 7 86 84 45 54 78 40 34 54 55 34 75 97 19 59 47 8 21 23 38 64 2 31 58 65 100 99 93 50 30 5 95 82 43 43 45 18 8 24 34 25 87 38 86 2 47 70 88 98 63 57 85 71 51 98 22 66 71 83 25 74 10 35 57 54 71 22 67 36 56 24 60 57 64 6 36 40 6 52 46 39 89 75 24 95 32 39 86 45 75 85 65 6 94 39 10 14 84 35 12 72 62 64 72 79 19 35 5 27 55 75 38 15 9 81 98 
21 50 61 29 61 13 70 79 96 2 27 73 72 85 3 82 41 36 13 61 70 16 59 89 53 32 64 52 95 28 75 59 72 43 55 21 39 30 71 39 91 17 19 68 55 98 46 92 65 52 66 45 92 87 14 65 30 38 21 83 93 2 19 93 98 96 78 22 46 68 99 43 53 56 39 30 79 6 62 52 60 73 17 50 12 43 97 26 31 4 34 6 48 46 72 85 51 57 32 26 31 63 26 1 81 34 44 79 82 57 90 35 15 85 83 19 85 63 72 56 13 11 77 29 25 38 73 32 
33 86 96 64 57 52 58 74 85 77 57 87 27 95 78 45 27 91 82 95 46 17 40 89 38 63 93 97 62 55 98 43 91 97 80 73 55 18 38 100 86 77 67 44 40 13 90 77 17 82 28 72 31 5 95 94 53 44 66 4 62 11 32 23 83 1 35 93 94 43 97 61 92 78 73 70 35 76 83 14 74 20 24 35 64 63 65 99 10 12 12 30 68 85 53 11 14 77 16 29 65 49 45 69 46 100 36 39 86 14 13 94 27 64 34 18 60 36 47 25 24 48 100 73 40 22 21 29 
69 29 57 70 42 28 65 50 59 12 77 59 13 92 55 29 7 96 26 17 17 2 49 76 19 72 26 76 26 50 97 99 85 1 82 20 90 70 50 28 41 38 33 48 33 61 87 12 78 49 88 54 36 28 60 66 14 4 14 25 69 42 22 78 96 25 96 42 64 74 77 42 84 28 87 16 52 70 64 18 41 71 1 3 50 1 13 76 50 99 51 52 29 88 90 7 98 65 57 34 57 25 39 16 15 83 85 72 65 6 59 62 4 35 36 70 80 60 10 89 31 30 71 71 92 37 55 8 
82 49 10 85 50 98 11 37 70 94 97 99 80 97 72 31 4 60 26 28 61 6 39 56 3 79 7 5 76 50 49 94 32 100 82 96 44 44 50 49 11 83 69 39 77 95 39 12 32 86 31 52 18 10 66 63 35 22 44 20 18 36 90 48 100 1 10 14 47 94 98 65 64 65 21 2 62 13 1 11 83 7 94 65 86 39 46 55 87 8 73 78 89 26 19 21 1 51 15 35 24 28 35 52 4 20 2 98 29 63 76 71 51 54 24 62 19 43 35 93 17 22 74 14 5 9 76 77 
78 35 64 29 9 43 7 59 76 11 9 22 76 87 85 65 3 52 91 70 84 74 21 48 23 44 20 7 41 79 94 91 100 21 47 95 27 41 8 98 37 62 33 58 39 31 60 5 5 63 62 25 91 9 53 66 11 93 12 42 61 78 100 54 4 36 83 57 81 40 15 71 90 80 88 98 88 9 17 50 62 94 89 85 38 88 88 37 84 73 88 65 67 27 54 65 48 51 29 92 31 40 94 42 40 81 55 76 60 53 48 20 34 80 87 39 27 88 5 16 44 66 76 75 49 87 95 31 
65 39 28 17 7 2 52 61 84 22 48 43 14 48 80 25 68 37 98 23 54 97 87 92 11 99 66 53 11 13 18 80 94 45 85 53 95 39 52 9 44 17 50 66 93 17 35 26 7 96 81 84 71 32 27 93 8 70 47 65 52 72 70 68 27 46 49 43 12 61 79 6 5 16 80 60 47 21 74 67 83 19 30 18 99 25 40 64 22 65 60 46 21 16 24 6 44 5 62 65 85 35 94 54 39 65 65 32 16 53 88 55 39 87 85 94 31 14 21 85 11 99 30 57 9 80 13 16 
95 94 45 31 45 46 10 45 66 65 97 50 29 12 51 15 27 76 64 85 78 52 92 88 30 57 62 68 40 3 21 99 98 60 52 95 14 20 64 86 11 42 15 15 77 13 94 34 90 86 30 13 62 57 42 77 1 35 97 10 23 75 34 76 57 39 75 52 44 24 80 12 67 77 46 66 51 20 67 48 24 95 63 52 71 31 72 95 49 22 22 48 26 94 67 34 96 7 88 33 81 28 34 30 19 93 16 44 87 94 79 65 92 53 52 45 97 53 36 76 9 46 94 5 27 38 69 81 
64 80 95 35 32 32 31 11 75 27 91 31 48 18 39 12 16 15 65 23 81 6 46 23 11 50 41 13 16 66 76 56 12 63 38 12 32 92 63 22 2 60 40 90 55 89 86 39 77 2 9 3 34 73 45 42 62 33 85 61 75 99 62 76 34 7 89 81 37 62 12 39 7 69 84 49 27 96 77 9 78 74 38 8 7 5 80 58 6 48 68 53 100 67 71 37 95 62 31 96 30 10 39 58 65 21 17 39 71 71 4 49 87 56 88 71 65 31 85 23 4 75 34 96 86 2 89 90 
2 34 2 86 68 98 50 8 12 82 30 61 58 65 89 12 60 8 97 75 56 56 71 83 29 33 92 33 39 21 98 46 57 47 46 66 57 73 43 5 48 32 62 10 76 29 99 8 52 60 38 56 76 3 85 14 30 42 7 27 67 33 35 90 57 68 17 50 2 22 58 75 3 69 59 75 10 1 38 57 44 46 63 67 79 99 58 64 1 34 17 5 43 57 87 84 100 96 48 50 62 47 65 67 22 92 83 26 37 75 2 69 5 52 45 42 92 43 82 18 90 90 50 59 61 37 46 16 
39 27 65 24 25 58 75 16 74 63 28 85 30 45 82 21 27 89 58 11 15 1 44 2 55 10 85 6 84 20 30 34 87 91 43 93 26 35 71 86 25 69 4 36 48 17 61 100 21 28 42 43 98 62 73 37 2 38 35 6 61 37 53 6 29 78 55 77 9 89 99 89 74 58 86 93 71 47 97 93 68 45 16 68 94 53 46 61 50 53 16 48 33 12 3 88 19 70 30 78 63 53 63 43 76 77 5 80 64 4 54 68 37 57 24 46 95 68 35 92 21 4 83 13 62 64 18 79 
11 82 60 26 97 23 46 89 35 95 7 18 52 41 7 42 93 34 85 35 83 49 42 83 87 73 30 39 100 11 14 96 99 36 86 46 88 40 98 3 14 68 25 50 41 5 7 15 100 85 88 85 60 50 36 82 72 28 44 13 50 33 87 5 25 26 74 41 23 30 57 39 84 73 67 58 11 29 38 24 63 12 40 38 46 70 54 1 59 62 2 88 90 82 90 16 59 33 20 74 69 83 87 85 29 20 27 39 77 13 38 68 35 43 58 28 89 35 51 83 83 42 20 64 48 6 53 80 
41 10 7 94 65 26 93 76 95 36 16 36 31 21 69 85 34 82 75 8 56 92 10 11 61 42 2 88 75 20 45 20 45 24 54 59 47 1 24 23 30 80 59 38 82 69 14 68 41 11 83 9 100 57 41 25 29 24 71 27 62 84 47 87 6 44 1 66 17 77 56 42 33 88 69 1 97 52 45 92 25 48 32 82 4 18 21 82 100 100 69 18 100 6 5 2 60 90 95 10 6 72 36 63 91 28 77 88 4 28 36 62 34 60 49 82 89 88 58 10 2 29 3 77 52 23 58 75 
35 87 67 98 31 33 45 17 39 91 6 47 36 34 14 5 86 4 96 24 3 54 100 40 1 76 77 90 54 32 88 48 55 65 88 60 68 56 56 7 35 93 26 63 50 15 19 30 6 24 63 39 88 27 46 71 47 49 82 73 28 61 87 86 12 83 18 53 63 98 48 46 21 17 66 48 10 11 34 62 67 73 90 75 9 59 91 25 80 21 33 16 43 20 14 49 57 48 92 87 57 6 40 89 72 40 1 7 30 76 58 71 11 56 92 46 70 7 31 67 27 34 43 69 6 10 95 43 
41 12 13 90 92 52 2 81 100 87 72 88 47 51 75 54 72 40 51 38 85 78 39 57 85 5 86 95 39 67 65 63 44 11 34 82 100 78 75 68 12 15 51 53 96 65 12 30 94 11 80 29 32 53 59 14 22 15 47 44 3 9 7 5 11 9 45 58 72 17 3 16 56 85 78 77 20 61 67 10 86 93 43 94 59 76 79 96 8 91 37 51 90 43 68 62 52 31 24 95 100 85 49 23 39 39 9 79 93 74 88 61 99 4 67 27 73 48 58 6 33 26 4 30 3 4 40 79 
-1 1 -1 -1 -1 -1 -1 -1 1 -1 1 -1 1 -1 1 -1 1 -1 -1 1 1 -1 1 -1 1 -1 -1 1 -1 1 1 -1 -1 1 -1 1 1 -1 1 1 1 1 -1 -1 -1 -1 1 1 1 1 -1 1 -1 1 1 1 1 -1 1 1 1 1 1 -1 1 1 -1 -1 -1 1 -1 -1 -1 1 -1 1 1 -1 -1 -1 -1 -1 -1 1 -1 1 -1 -1 -1 1 -1 1 -1 -1 1 -1 -1 1 1 1 -1 -1 -1 -1 -1 -1 1 1 1 -1 -1 1 1 -1 1 -1 1 1 1 -1 1 1 1 -1 -1 1 -1 -1 
1 -1 -1 -1 1 -1 1 1 1 1 -1 1 -1 -1 -1 -1 1 -1 1 1 1 1 -1 1 1 -1 1 1 -1 -1 -1 -1 -1 1 -1 1 -1 -1 -1 -1 1 1 -1 -1 -1 -1 1 -1 1 1 1 1 1 1 1 1 1 -1 -1 1 1 1 1 1 1 -1 -1 1 -1 1 -1 -1 -1 -1 -1 1 1 1 1 -1 1 -1 -1 1 1 -1 1 1 1 1 1 1 1 -1 -1 1 1 -1 1 1 -1 1 -1 1 -1 1 1 -1 1 1 1 1 1 -1 1 1 1 -1 -1 -1 1 1 1 -1 1 -1 -1 -1 
-1 -1 1 -1 -1 1 1 1 -1 -1 -1 1 1 -1 -1 -1 -1 -1 1 -1 -1 -1 1 1 1 -1 1 -1 1 1 1 -1 -1 -1 1 1 1 -1 -1 1 1 -1 1 1 -1 -1 1 1 1 1 1 1 -1 1 1 -1 1 -1 1 -1 1 -1 1 1 1 -1 1 1 -1 -1 -1 -1 1 -1 1 -1 -1 -1 -1 1 1 1 1 1 1 -1 -1 -1 1 -1 1 1 1 -1 -1 1 1 1 1 1 1 -1 1 1 -1 1 1 1 -1 1 -1 1 -1 -1 1 -1 -1 1 -1 -1 -1 -1 1 -1 1 1 -1 1 
-1 -1 -1 1 -1 1 1 1 1 1 -1 1 1 1 1 -1 -1 -1 1 1 -1 -1 1 -1 -1 1 1 -1 1 -1 1 1 1 -1 -1 1 1 -1 1 -1 -1 1 -1 -1 -1 -1 1 -1 -1 1 -1 -1 1 1 1 1 -1 -1 1 1 1 -1 -1 -1 1 -1 -1 -1 -1 -1 1 1 -1 -1 -1 -1 -1 1 -1 -1 -1 -1 -1 1 -1 1 -1 -1 1 1 1 1 1 -1 -1 1 -1 -1 -1 -1 1 -1 1 -1 -1 1 -1 1 -1 1 1 -1 -1 1 1 1 1 -1 -1 -1 -1 -1 -1 1 1 -1 1 1 
-1 1 -1 -1 1 -1 1 -1 -1 -1 -1 -1 1 -1 -1 1 1 1 -1 1 -1 -1 -1 -1 1 1 1 -1 -1 -1 -1 -1 1 -1 -1 1 1 -1 1 1 -1 -1 1 -1 -1 -1 1 1 1 -1 -1 1 1 1 -1 -1 -1 -1 1 -1 -1 1 -1 1 1 -1 -1 -1 -1 -1 -1 1 1 1 1 1 1 1 1 1 1 -1 1 1 1 -1 1 -1 1 1 -1 -1 1 -1 -1 -1 1 -1 -1 -1 1 1 1 1 -1 -1 1 1 1 1 1 -1 1 -1 1 1 1 1 1 -1 -1 1 -1 -1 1 -1 -1 -1 
-1 -1 1 1 -1 -1 -1 1 1 1 -1 -1 1 -1 -1 -1 -1 1 -1 1 1 1 -1 -1 -1 -1 1 1 -1 -1 -1 -1 1 -1 1 -1 -1 1 -1 1 -1 1 -1 1 -1 1 1 1 1 -1 -1 1 1 -1 1 1 -1 1 -1 -1 1 1 1 -1 1 1 1 -1 -1 -1 -1 1 1 -1 1 -1 1 -1 1 1 -1 -1 1 -1 -1 1 -1 -1 -1 1 -1 -1 1 -1 1 1 -1 1 1 1 1 1 -1 -1 1 -1 -1 -1 -1 1 -1 1 -1 1 -1 1 1 1 1 1 -1 1 -1 1 -1 -1 -1 -1 
-1 1 1 1 1 -1 -1 1 -1 1 1 -1 -1 1 1 -1 1 -1 1 1 1 1 1 1 1 -1 1 -1 1 -1 -1 1 1 1 -1 -1 1 -1 -1 1 -1 1 -1 1 1 1 -1 1 -1 1 1 -1 -1 -1 1 1 -1 1 -1 -1 1 -1 -1 1 1 -1 -1 -1 -1 -1 1 1 -1 1 1 -1 1 1 -1 -1 -1 -1 -1 1 1 1 -1 1 1 1 1 -1 -1 1 1 1 -1 1 -1 -1 1 -1 1 -1 1 1 1 1 1 -1 1 1 -1 1 -1 1 1 -1 -1 1 1 -1 -1 1 1 1 -1 -1 
-1 1 1 1 -1 1 1 1 -1 1 -1 1 -1 -1 1 1 -1 -1 1 1 -1 1 -1 1 1 -1 1 -1 -1 -1 1 1 -1 -1 -1 -1 -1 -1 1 -1 -1 -1 1 -1 -1 1 1 -1 -1 -1 -1 1 -1 -1 -1 -1 -1 -1 1 1 -1 -1 -1 1 1 1 1 -1 -1 1 1 -1 -1 1 1 1 1 1 1 -1 -1 1 1 1 1 1 -1 1 1 1 -1 -1 1 1 -1 1 1 1 1 -1 1 1 -1 1 -1 -1 1 -1 -1 1 -1 -1 1 1 1 1 -1 1 -1 1 1 1 1 -1 -1 1 -1 1 
1 1 -1 1 -1 1 -1 -1 1 1 1 1 1 1 -1 -1 1 -1 1 -1 1 -1 1 1 -1 -1 1 -1 1 -1 -1 1 -1 -1 -1 -1 1 -1 -1 -1 -1 1 1 1 -1 -1 -1 -1 1 1 1 1 -1 1 1 1 -1 1 -1 -1 1 -1 -1 -1 -1 1 -1 -1 -1 -1 -1 1 1 1 1 1 1 -1 -1 1 1 1 -1 1 1 -1 1 1 1 -1 -1 -1 -1 1 -1 1 1 1 1 -1 1 -1 -1 -1 -1 -1 1 -1 1 -1 -1 -1 -1 -1 -1 1 1 1 -1 -1 1 -1 1 -1 -1 1 -1 -1 
-1 1 -1 1 -1 1 1 1 1 1 -1 1 1 -1 -1 -1 1 1 1 1 -1 1 1 1 -1 1 -1 1 1 1 1 -1 -1 -1 1 1 -1 -1 1 -1 -1 -1 -1 -1 1 1 -1 -1 1 -1 -1 1 -1 1 -1 -1 1 -1 1 1 -1 -1 1 1 1 -1 1 -1 -1 1 1 1 -1 1 1 1 1 1 -1 1 -1 1 1 -1 1 -1 -1 -1 1 -1 -1 -1 -1 -1 -1 1 -1 -1 1 -1 1 1 -1 1 -1 -1 -1 -1 1 1 1 1 -1 1 -1 1 -1 1 -1 -1 1 1 1 1 -1 1 1 1 
1 -1 -1 -1 -1 -1 1 -1 1 -1 1 -1 -1 -1 -1 1 -1 1 1 1 -1 -1 1 1 1 -1 -1 1 -1 1 -1 1 -1 -1 1 -1 1 -1 -1 1 -1 -1 1 -1 -1 -1 -1 1 -1 -1 1 -1 -1 1 1 -1 1 1 1 -1 -1 -1 1 -1 1 -1 -1 1 -1 1 -1 -1 1 1 1 -1 -1 -1 1 -1 -1 1 1 -1 1 -1 1 -1 -1 1 1 -1 1 1 1 1 1 -1 1 1 1 -1 -1 -1 1 1 -1 -1 -1 -1 1 1 1 -1 1 -1 1 -1 -1 -1 1 1 -1 -1 1 -1 -1 -1 
-1 1 1 1 -1 -1 -1 1 1 1 -1 -1 -1 1 1 1 1 -1 1 -1 -1 1 -1 -1 1 -1 1 1 -1 1 1 1 1 -1 1 1 -1 1 -1 1 1 -1 -1 -1 -1 1 1 1 -1 -1 1 1 -1 -1 1 1 1 -1 1 -1 -1 1 -1 1 -1 -1 -1 1 1 1 1 -1 -1 -1 1 -1 1 1 1 -1 -1 -1 -1 -1 -1 1 1 -1 1 -1 1 1 -1 -1 -1 -1 -1 1 -1 -1 1 1 1 -1 -1 -1 -1 1 -1 -1 1 -1 1 -1 -1 -1 1 -1 -1 -1 -1 1 1 1 1 1 1 -1 
1 -1 1 1 1 1 -1 -1 1 1 -1 -1 -1 1 1 -1 1 1 1 1 1 1 -1 -1 -1 -1 1 1 1 -1 1 -1 -1 -1 1 1 1 -1 1 -1 -1 1 -1 1 -1 1 -1 1 1 1 -1 -1 1 1 -1 -1 1 -1 1 1 -1 -1 -1 1 -1 1 -1 -1 1 1 1 -1 1 -1 -1 -1 -1 1 1 -1 1 -1 -1 1 1 1 -1 1 1 1 1 -1 -1 1 -1 -1 -1 -1 -1 1 1 1 1 1 1 1 1 -1 1 -1 -1 1 1 -1 -1 1 1 -1 1 -1 -1 1 -1 -1 -1 -1 1 -1 
-1 -1 -1 1 -1 -1 1 -1 1 -1 -1 1 1 1 1 1 -1 -1 1 1 -1 1 -1 1 -1 1 -1 -1 1 -1 -1 1 1 -1 1 -1 -1 1 1 1 1 1 -1 -1 1 1 1 1 -1 -1 -1 -1 1 -1 -1 -1 -1 1 -1 -1 -1 -1 1 1 -1 -1 -1 1 1 -1 -1 -1 -1 1 -1 1 1 1 1 -1 -1 1 1 -1 1 1 1 -1 -1 -1 1 1 1 -1 -1 1 1 -1 -1 1 1 -1 1 -1 -1 1 -1 1 -1 -1 -1 -1 -1 1 -1 1 -1 1 1 -1 -1 1 -1 1 -1 1 1 -1 
1 -1 -1 1 -1 -1 1 1 -1 -1 -1 1 1 1 -1 -1 1 1 1 1 -1 1 1 -1 -1 1 -1 -1 -1 1 -1 -1 1 -1 -1 -1 -1 1 1 1 -1 1 1 -1 -1 1 1 1 -1 1 -1 -1 1 1 -1 -1 1 1 1 1 1 -1 -1 1 1 -1 -1 1 1 -1 -1 -1 -1 -1 1 1 -1 1 -1 1 -1 -1 -1 -1 -1 -1 -1 -1 -1 1 1 1 -1 1 -1 -1 1 1 -1 -1 1 1 -1 1 1 1 1 1 -1 1 1 -1 1 1 1 1 1 1 -1 -1 -1 1 -1 -1 -1 -1 1 -1 
-1 -1 -1 -1 1 -1 -1 1 -1 -1 1 1 -1 1 -1 1 -1 -1 -1 1 -1 -1 -1 -1 1 1 1 1 -1 1 -1 -1 1 -1 -1 1 1 -1 -1 -1 -1 -1 -1 -1 -1 1 -1 -1 1 1 -1 -1 -1 -1 1 -1 1 1 1 -1 -1 1 -1 -1 1 1 -1 -1 -1 1 -1 1 -1 1 1 -1 1 1 1 1 1 1 1 1 -1 1 -1 -1 1 1 -1 -1 -1 -1 -1 1 -1 1 1 1 1 -1 -1 1 1 -1 1 1 -1 1 1 -1 1 1 1 -1 -1 1 -1 -1 1 -1 -1 -1 1 1 -1 1 
1 1 -1 -1 1 -1 1 -1 1 1 -1 1 1 -1 1 -1 -1 -1 -1 1 1 -1 1 1 1 -1 1 -1 -1 1 1 1 -1 -1 -1 -1 1 -1 1 1 -1 -1 -1 -1 1 1 -1 1 -1 1 1 -1 -1 1 -1 1 -1 1 -1 1 1 1 1 1 -1 -1 1 1 -1 1 1 -1 1 1 -1 -1 1 -1 -1 1 -1 -1 -1 1 -1 1 -1 -1 -1 1 1 -1 -1 -1 1 -1 1 1 -1 1 1 1 -1 -1 -1 1 -1 1 1 -1 1 -1 1 -1 -1 1 -1 1 -1 -1 -1 -1 1 -1 1 1 1 -1 
-1 -1 -1 -1 1 1 -1 -1 -1 1 1 -1 1 -1 1 -1 -1 1 1 1 -1 -1 -1 -1 1 -1 1 1 1 1 -1 -1 1 -1 -1 -1 -1 -1 -1 1 1 -1 -1 -1 -1 -1 1 1 -1 -1 -1 1 1 -1 1 -1 1 -1 1 -1 1 1 1 1 1 1 1 -1 -1 1 1 -1 1 1 -1 -1 -1 -1 1 -1 -1 -1 1 1 1 -1 -1 1 -1 1 -1 1 1 1 -1 1 1 -1 -1 -1 -1 1 1 1 -1 1 1 -1 -1 -1 1 1 -1 1 -1 1 1 1 1 1 -1 -1 1 1 1 -1 1 -1 
-1 1 1 1 -1 -1 1 1 1 1 1 1 1 1 1 -1 -1 1 1 1 -1 1 1 -1 -1 -1 1 -1 -1 1 -1 -1 -1 -1 1 -1 1 1 1 1 1 -1 1 1 -1 -1 1 1 1 -1 1 1 1 1 -1 1 1 1 1 1 1 1 -1 1 -1 -1 1 1 1 1 -1 1 -1 -1 1 -1 1 1 -1 1 -1 1 -1 1 1 1 1 1 -1 -1 1 -1 -1 1 -1 1 -1 1 1 -1 1 -1 1 1 1 -1 1 1 -1 1 -1 1 -1 -1 -1 1 1 1 1 -1 1 -1 1 -1 1 -1 -1 1 
1 1 -1 1 1 1 1 1 -1 1 1 -1 1 1 1 1 1 1 1 -1 -1 1 1 1 -1 1 -1 -1 -1 1 -1 1 1 -1 1 1 -1 1 -1 1 1 1 -1 -1 -1 -1 -1 1 1 -1 1 1 1 -1 -1 -1 1 1 1 -1 -1 1 -1 1 1 1 1 -1 -1 -1 -1 1 -1 1 -1 -1 1 -1 1 1 1 -1 -1 1 1 1 1 -1 -1 1 -1 -1 1 -1 -1 1 1 -1 -1 1 1 1 1 1 1 1 -1 -1 1 -1 1 1 1 1 -1 -1 1 -1 -1 1 -1 1 1 -1 1 -1 1 -1 
1 1 -1 -1 -1 1 1 -1 1 -1 -1 -1 1 -1 -1 -1 1 -1 -1 -1 -1 -1 1 -1 -1 -1 -1 -1 1 -1 -1 1 1 1 1 -1 1 1 1 1 -1 -1 1 1 -1 1 1 -1 1 1 1 1 1 1 1 1 -1 -1 1 -1 1 1 1 -1 -1 1 -1 -1 1 -1 -1 1 1 1 1 -1 -1 1 1 1 1 1 1 1 -1 -1 -1 -1 -1 1 1 1 1 1 1 1 1 -1 1 1 1 -1 1 1 1 1 1 -1 1 1 1 -1 1 -1 -1 -1 -1 1 1 1 1 -1 -1 -1 -1 1 1 -1 
-1 1 -1 -1 -1 1 1 1 -1 1 -1 1 1 1 1 -1 -1 -1 1 1 -1 1 -1 -1 1 1 -1 1 -1 -1 -1 1 -1 1 1 -1 1 1 -1 -1 1 1 1 1 -1 -1 1 -1 -1 -1 1 1 1 1 1 1 1 1 1 1 1 -1 1 1 1 -1 -1 -1 1 1 -1 1 1 -1 1 1 -1 -1 -1 1 1 1 -1 1 -1 1 -1 -1 -1 1 1 -1 -1 -1 -1 1 -1 -1 -1 -1 1 -1 -1 1 1 1 -1 -1 -1 -1 -1 1 -1 1 1 1 1 -1 -1 -1 1 1 -1 1 1 -1 1 1 
1 -1 1 1 -1 -1 1 -1 1 1 1 -1 -1 -1 1 -1 1 -1 1 1 1 -1 -1 -1 -1 -1 -1 -1 1 1 1 1 1 -1 -1 1 -1 -1 -1 1 1 1 1 1 -1 -1 -1 1 -1 -1 1 1 1 1 -1 1 -1 -1 1 1 1 1 -1 -1 -1 1 1 1 -1 -1 -1 1 1 1 -1 1 1 1 -1 -1 -1 -1 -1 1 1 -1 -1 1 -1 1 1 1 1 -1 -1 -1 1 -1 -1 1 -1 -1 -1 1 1 1 -1 1 1 1 -1 1 -1 -1 -1 1 1 -1 -1 -1 -1 -1 -1 1 -1 -1 1 1 
-1 1 1 -1 -1 -1 1 1 1 1 1 -1 -1 1 -1 -1 1 -1 -1 1 -1 -1 -1 -1 -1 1 1 -1 -1 1 1 -1 1 1 -1 -1 -1 1 1 -1 1 1 1 -1 -1 1 -1 1 -1 -1 1 -1 1 -1 1 1 1 -1 1 1 -1 -1 -1 1 1 -1 -1 1 1 -1 -1 1 -1 -1 -1 -1 1 1 1 -1 -1 1 1 -1 1 -1 1 1 -1 1 -1 -1 1 1 1 -1 1 -1 -1 -1 1 1 -1 -1 1 1 1 1 1 -1 1 1 -1 1 -1 -1 -1 1 -1 1 1 -1 1 1 -1 1 -1 -1 
1 1 1 -1 1 -1 1 1 -1 -1 1 1 -1 -1 -1 1 1 1 -1 -1 -1 1 -1 -1 -1 1 1 1 1 -1 1 -1 1 -1 1 -1 -1 -1 -1 -1 -1 1 -1 -1 1 -1 1 -1 -1 1 1 -1 -1 1 -1 1 1 -1 -1 -1 -1 1 1 1 -1 1 1 1 -1 1 1 1 1 1 -1 -1 -1 -1 -1 1 1 -1 -1 1 -1 -1 1 1 1 1 -1 1 1 1 -1 1 1 1 -1 -1 1 -1 1 -1 -1 -1 1 -1 1 -1 1 1 -1 1 1 1 -1 1 1 -1 1 1 1 1 -1 -1 1 1 
-1 -1 -1 1 1 -1 -1 -1 -1 1 -1 -1 -1 1 1 1 -1 -1 -1 1 -1 1 -1 1 1 -1 1 -1 -1 1 -1 -1 -1 -1 1 1 -1 1 1 -1 1 -1 -1 -1 -1 1 -1 -1 -1 1 1 -1 1 1 1 1 -1 1 1 -1 1 -1 -1 -1 1 1 1 -1 1 -1 -1 1 1 -1 -1 -1 1 -1 1 1 1 -1 1 -1 1 -1 -1 1 1 1 1 1 -1 1 -1 -1 1 -1 1 1 1 -1 1 1 -1 -1 -1 1 1 -1 1 1 -1 1 1 -1 1 1 -1 1 -1 1 1 1 1 -1 -1 -1 
-1 1 1 1 1 1 1 1 1 -1 -1 1 1 -1 -1 1 1 1 1 -1 -1 -1 -1 1 1 1 1 -1 1 -1 1 -1 -1 1 -1 -1 -1 1 -1 -1 -1 -1 -1 1 1 -1 -1 -1 1 -1 1 -1 -1 -1 -1 -1 -1 -1 -1 -1 1 -1 -1 -1 -1 1 1 1 1 1 -1 1 -1 1 1 1 1 -1 1 -1 1 1 1 1 -1 1 -1 1 -1 1 -1 1 -1 -1 -1 -1 -1 -1 1 1 1 1 1 -1 1 1 -1 -1 -1 -1 1 -1 -1 1 1 -1 -1 -1 1 1 -1 -1 -1 1 1 -1 -1 1 
1 1 -1 -1 -1 1 -1 -1 -1 1 1 1 1 -1 -1 1 -1 1 -1 -1 -1 1 -1 -1 1 -1 -1 1 -1 1 -1 -1 -1 1 1 1 1 1 -1 -1 1 1 1 1 1 -1 1 1 1 -1 1 1 1 -1 1 -1 -1 -1 -1 1 1 -1 1 -1 1 1 -1 1 1 -1 -1 -1 1 1 1 -1 1 -1 1 1 1 -1 1 -1 1 1 1 -1 -1 -1 -1 -1 1 1 -1 1 -1 -1 1 1 1 -1 -1 -1 -1 -1 1 1 1 -1 1 1 -1 1 -1 1 1 1 1 -1 1 -1 -1 1 -1 -1 1 -1 
-1 -1 1 1 -1 -1 1 -1 1 1 -1 -1 1 1 -1 -1 -1 1 -1 -1 1 -1 1 -1 1 -1 1 -1 1 1 -1 -1 -1 -1 -1 1 -1 -1 1 1 1 1 1 1 1 1 1 1 -1 -1 1 1 1 1 -1 1 1 1 1 -1 1 -1 -1 -1 -1 1 1 -1 1 -1 -1 1 1 -1 -1 1 1 -1 1 1 -1 -1 -1 1 1 -1 -1 1 -1 -1 1 1 1 1 1 -1 1 1 -1 -1 1 1 -1 -1 -1 1 -1 -1 1 -1 -1 1 -1 -1 1 -1 1 -1 -1 -1 1 -1 -1 1 1 -1 -1 -1 
1 -1 1 -1 -1 -1 -1 -1 -1 1 1 1 -1 -1 1 1 1 1 1 1 -1 -1 1 1 -1 1 -1 1 1 -1 -1 -1 1 1 -1 1 1 1 1 -1 1 1 -1 1 1 1 -1 1 1 -1 1 1 -1 -1 -1 1 1 -1 -1 -1 -1 -1 1 1 -1 -1 -1 -1 1 -1 1 1 1 -1 1 -1 1 1 1 -1 -1 -1 1 -1 1 1 -1 -1 1 -1 -1 1 1 1 -1 -1 1 -1 1 -1 1 1 -1 -1 -1 1 1 1 -1 1 1 -1 1 1 -1 1 1 1 1 -1 -1 1 -1 -1 1 1 1 1 
1 -1 1 1 -1 -1 -1 1 -1 1 -1 1 1 -1 -1 -1 1 -1 -1 -1 -1 -1 1 1 1 -1 1 -1 -1 -1 1 1 1 1 1 -1 -1 1 1 1 1 -1 1 -1 -1 -1 -1 1 1 1 1 -1 -1 1 -1 1 -1 -1 -1 -1 -1 1 -1 -1 1 1 1 -1 -1 -1 -1 -1 -1 -1 -1 1 -1 -1 1 -1 1 1 -1 -1 1 1 -1 1 1 -1 1 1 1 -1 1 -1 1 -1 -1 -1 1 1 1 1 1 1 -1 1 1 1 -1 -1 1 1 1 1 1 1 -1 -1 -1 -1 -1 -1 1 -1 -1 -1 
-1 -1 -1 1 -1 -1 1 1 1 -1 1 1 -1 1 -1 -1 1 -1 -1 1 1 1 1 -1 -1 -1 -1 -1 -1 -1 1 1 -1 1 1 1 -1 1 -1 -1 1 1 1 -1 -1 -1 1 -1 1 -1 -1 1 1 1 1 -1 1 1 1 1 1 -1 1 -1 1 1 -1 1 -1 1 1 1 -1 -1 -1 1 1 -1 -1 -1 -1 -1 1 -1 -1 1 -1 1 1 1 1 1 1 -1 -1 -1 -1 -1 1 -1 1 -1 1 1 -1 1 -1 1 1 -1 1 1 1 1 -1 1 1 1 1 1 -1 1 1 -1 -1 -1 -1 1 
-1 -1 -1 1 1 1 1 -1 -1 -1 -1 1 -1 1 1 1 -1 1 -1 1 1 -1 1 1 1 -1 -1 -1 -1 1 1 -1 -1 1 1 -1 1 1 1 -1 1 1 1 1 -1 1 1 1 1 1 -1 1 1 -1 -1 -1 -1 1 1 -1 1 1 1 1 -1 1 1 1 1 -1 -1 -1 -1 1 1 -1 -1 -1 -1 -1 -1 -1 1 -1 1 1 1 1 -1 -1 1 1 -1 1 1 1 1 -1 -1 1 -1 1 1 1 1 1 1 -1 -1 1 1 -1 1 1 1 -1 1 1 1 1 1 -1 1 1 -1 -1 -1 -1 
1 1 -1 -1 -1 -1 1 -1 -1 -1 -1 -1 -1 -1 -1 -1 -1 -1 -1 -1 1 1 -1 1 -1 -1 1 1 -1 1 1 1 1 1 -1 -1 -1 -1 1 1 -1 -1 1 1 1 1 -1 -1 1 1 -1 -1 1 1 -1 1 -1 -1 1 1 1 1 -1 1 -1 1 -1 -1 -1 -1 1 1 -1 1 1 -1 1 1 -1 1 1 1 1 1 -1 -1 1 -1 -1 1 -1 1 1 1 1 1 -1 -1 -1 -1 1 1 -1 1 -1 1 -1 -1 -1 1 -1 -1 -1 1 -1 -1 1 1 1 1 -1 1 -1 1 -1 1 -1 1 
-1 -1 1 -1 -1 1 -1 -1 -1 1 1 1 1 1 -1 -1 -1 -1 1 1 1 1 -1 -1 1 1 -1 1 -1 -1 1 1 1 -1 1 -1 1 1 -1 1 1 -1 -1 -1 1 1 -1 -1 -1 -1 -1 1 -1 -1 -1 -1 -1 -1 1 1 1 1 1 -1 1 -1 -1 -1 -1 1 -1 1 -1 1 1 1 -1 -1 1 1 -1 1 -1 -1 -1 -1 -1 1 1 -1 1 -1 1 -1 1 -1 1 1 1 -1 1 -1 1 1 1 -1 -1 -1 1 1 1 -1 1 1 1 1 1 -1 1 -1 -1 1 -1 -1 1 1 -1 1 
1 1 1 1 1 -1 -1 -1 -1 1 -1 1 1 -1 -1 1 -1 -1 -1 1 -1 -1 1 -1 -1 1 -1 1 1 1 -1 1 -1 -1 -1 1 -1 1 1 -1 -1 1 -1 -1 1 1 -1 1 -1 1 1 1 1 -1 1 -1 -1 1 -1 1 -1 1 -1 -1 1 -1 -1 1 1 1 -1 -1 1 1 -1 -1 1 -1 1 1 -1 1 -1 -1 -1 1 1 1 -1 1 1 1 -1 1 -1 -1 -1 -1 -1 1 -1 -1 1 -1 -1 -1 1 -1 1 -1 -1 -1 1 -1 -1 1 1 -1 1 1 -1 -1 -1 -1 1 1 1 -1 
1 -1 1 1 1 -1 1 -1 1 -1 1 -1 1 -1 -1 1 1 -1 1 -1 1 1 -1 -1 -1 -1 -1 1 -1 1 -1 -1 1 -1 1 -1 -1 -1 1 -1 -1 1 -1 1 -1 1 -1 -1 1 -1 -1 -1 -1 -1 1 -1 1 -1 1 -1 -1 -1 -1 1 -1 -1 1 1 1 1 -1 1 1 1 -1 1 -1 -1 -1 -1 1 -1 -1 -1 -1 -1 -1 -1 1 1 1 -1 1 -1 -1 -1 1 1 1 -1 1 -1 -1 -1 -1 -1 -1 -1 -1 -1 -1 1 -1 1 1 -1 -1 1 1 1 1 1 1 -1 1 1 -1 -1 
-1 -1 -1 -1 -1 1 -1 -1 -1 -1 -1 1 -1 1 1 -1 -1 -1 1 1 1 1 -1 1 -1 1 1 1 -1 1 1 1 1 -1 1 1 -1 -1 1 1 1 1 -1 1 -1 -1 1 1 -1 1 -1 1 1 -1 1 1 1 1 -1 1 1 1 -1 -1 -1 -1 1 1 1 -1 -1 1 1 -1 -1 -1 1 1 -1 1 -1 -1 -1 1 -1 1 -1 -1 1 -1 -1 1 -1 1 1 -1 -1 1 1 -1 1 1 -1 1 -1 1 1 1 1 1 1 1 1 -1 1 1 -1 1 -1 -1 -1 -1 -1 1 1 1 -1 1 
1 -1 -1 1 1 -1 -1 1 -1 1 -1 -1 1 1 1 -1 1 -1 1 -1 1 -1 -1 1 -1 1 -1 -1 1 1 1 -1 1 1 -1 1 1 1 1 1 1 1 1 1 -1 -1 -1 1 -1 1 -1 1 -1 1 -1 1 1 -1 -1 1 -1 1 1 -1 -1 1 1 1 1 1 -1 1 -1 -1 -1 -1 -1 1 -1 -1 1 -1 1 -1 1 1 1 1 1 -1 -1 1 1 -1 -1 -1 1 1 -1 1 -1 -1 1 1 -1 1 -1 -1 -1 -1 -1 1 -1 -1 1 1 1 1 -1 -1 1 1 -1 1 1 1 -1 1 
1 -1 1 -1 1 1 1 -1 -1 -1 1 1 -1 1 1 -1 1 1 1 1 1 -1 1 -1 -1 -1 -1 -1 1 -1 1 -1 -1 1 1 -1 -1 1 1 1 1 -1 -1 1 -1 1 1 -1 1 -1 1 -1 -1 -1 1 -1 1 1 1 -1 1 1 -1 1 1 1 1 -1 1 1 1 1 1 -1 1 -1 -1 -1 -1 1 -1 1 1 -1 -1 1 -1 1 -1 -1 1 -1 1 -1 -1 -1 1 1 1 1 1 -1 -1 1 1 -1 -1 1 -1 1 1 -1 -1 -1 -1 -1 -1 1 -1 1 -1 1 1 -1 -1 -1 1 -1 
1 1 1 -1 -1 -1 -1 -1 -1 -1 -1 1 -1 1 -1 -1 -1 1 1 1 -1 1 1 1 -1 1 -1 1 1 1 1 1 1 -1 1 -1 -1 1 1 1 1 1 -1 1 -1 -1 1 -1 -1 -1 -1 -1 -1 1 1 -1 -1 1 -1 -1 1 -1 1 1 1 1 1 1 -1 1 -1 1 -1 -1 -1 1 1 -1 -1 -1 -1 1 1 1 1 -1 1 1 -1 -1 -1 -1 1 -1 -1 -1 1 1 1 1 -1 1 1 -1 1 1 -1 -1 1 1 -1 1 1 1 1 -1 1 1 -1 -1 1 1 -1 -1 -1 1 -1 -1 
1 1 -1 1 -1 1 1 -1 1 -1 -1 -1 1 1 1 -1 -1 -1 -1 1 -1 1 1 1 1 -1 -1 1 1 1 -1 1 1 -1 -1 1 1 1 1 -1 1 -1 1 -1 -1 1 1 -1 -1 1 -1 1 1 -1 1 -1 1 -1 1 -1 -1 -1 1 -1 -1 -1 1 1 1 1 -1 -1 -1 1 -1 -1 -1 -1 -1 1 1 1 1 1 -1 -1 1 1 -1 1 1 -1 -1 1 -1 -1 1 1 1 -1 -1 1 1 1 1 -1 1 1 -1 1 -1 1 1 1 1 -1 1 -1 -1 -1 -1 1 1 1 -1 1 -1 1 
-1 -1 1 -1 1 -1 -1 1 1 -1 1 -1 -1 -1 1 -1 -1 -1 1 -1 1 1 1 1 -1 -1 -1 1 1 -1 1 1 1 1 -1 -1 -1 -1 1 -1 -1 1 1 1 1 -1 1 1 -1 1 -1 1 -1 1 -1 -1 -1 1 1 1 1 -1 1 -1 -1 -1 1 -1 1 -1 1 -1 1 -1 -1 1 1 -1 -1 1 1 -1 -1 1 -1 -1 1 -1 -1 1 1 -1 1 1 1 -1 1 -1 -1 1 -1 -1 -1 1 -1 -1 -1 -1 -1 1 1 1 -1 -1 -1 -1 -1 -1 1 -1 1 -1 -1 -1 1 -1 -1 -1 
-1 -1 1 -1 -1 1 1 -1 1 -1 -1 -1 1 -1 -1 -1 -1 -1 1 -1 1 1 1 -1 -1 -1 1 1 1 1 -1 -1 1 1 -1 -1 1 1 1 1 1 -1 1 -1 -1 1 -1 -1 1 1 -1 -1 1 -1 -1 1 -1 -1 1 1 1 -1 1 1 1 1 1 1 1 1 1 1 -1 1 1 1 1 1 -1 -1 1 1 -1 1 1 1 1 -1 1 -1 1 -1 -1 1 -1 -1 1 1 -1 -1 1 1 1 1 1 -1 1 -1 -1 -1 -1 1 1 -1 1 -1 -1 -1 -1 1 -1 -1 1 1 1 1 -1 1 
-1 -1 -1 -1 -1 -1 1 -1 -1 1 -1 -1 -1 1 -1 -1 1 -1 -1 -1 -1 -1 -1 -1 1 -1 1 1 1 1 -1 -1 -1 1 1 1 -1 -1 -1 -1 -1 -1 1 -1 -1 1 -1 1 -1 1 1 1 -1 -1 1 -1 1 1 -1 -1 -1 -1 -1 -1 1 1 1 -1 -1 -1 1 1 -1 -1 -1 -1 1 -1 1 1 1 -1 -1 1 -1 1 1 1 1 -1 1 1 1 1 1 1 -1 1 1 -1 -1 1 -1 1 -1 -1 1 -1 -1 -1 1 -1 -1 -1 1 -1 1 -1 -1 1 -1 -1 1 -1 1 -1 -1 1 
-1 -1 -1 -1 -1 1 1 1 -1 1 -1 1 1 1 1 1 1 -1 -1 -1 1 -1 -1 1 -1 1 -1 -1 1 1 -1 -1 1 1 1 1 1 -1 -1 1 -1 1 -1 1 1 -1 1 1 1 1 1 -1 1 1 1 -1 -1 -1 -1 -1 1 -1 -1 -1 -1 1 -1 -1 -1 1 1 -1 -1 1 -1 1 -1 -1 -1 1 -1 -1 1 1 1 -1 1 -1 -1 1 1 1 1 -1 -1 -1 1 -1 1 -1 -1 -1 -1 1 -1 1 -1 -1 1 1 1 1 1 1 1 1 1 -1 1 -1 -1 -1 1 1 -1 -1 1 1 
1 1 1 1 1 1 -1 1 -1 -1 -1 1 -1 1 1 -1 -1 1 1 -1 1 1 -1 -1 1 -1 -1 1 1 -1 -1 1 1 -1 -1 -1 -1 1 -1 1 1 1 1 -1 -1 1 -1 -1 -1 1 -1 -1 -1 -1 -1 -1 -1 1 1 1 -1 -1 -1 1 1 1 1 -1 -1 1 1 1 -1 1 -1 1 -1 1 -1 1 -1 -1 1 1 1 1 1 1 1 -1 -1 1 -1 -1 -1 -1 1 -1 1 1 1 -1 -1 1 -1 1 1 1 -1 1 1 -1 1 -1 1 -1 -1 -1 -1 1 1 1 -1 1 1 1 -1 -1 
1 -1 1 -1 1 1 1 -1 -1 -1 1 1 1 1 1 -1 1 1 1 1 -1 -1 1 1 -1 -1 -1 1 1 1 1 -1 1 -1 -1 1 -1 1 1 -1 -1 -1 1 -1 1 1 -1 -1 -1 1 -1 -1 1 -1 -1 -1 -1 1 -1 1 1 -1 1 -1 1 -1 -1 -1 -1 1 -1 1 -1 -1 -1 1 1 1 -1 -1 1 -1 -1 -1 1 -1 -1 -1 -1 1 -1 1 -1 1 -1 1 -1 1 1 1 -1 -1 1 -1 1 -1 1 -1 -1 1 1 1 1 -1 -1 1 1 1 -1 1 1 1 1 1 -1 -1 -1 1 
1 1 1 -1 1 1 -1 -1 1 1 -1 -1 1 -1 -1 1 -1 -1 1 1 1 -1 -1 -1 -1 -1 1 1 -1 1 1 1 1 1 -1 -1 1 -1 -1 1 -1 -1 -1 1 -1 1 -1 -1 1 -1 -1 -1 1 -1 -1 -1 1 -1 1 1 1 -1 1 1 1 -1 -1 -1 1 -1 1 1 -1 1 1 1 1 -1 1 -1 1 1 -1 1 1 1 -1 -1 -1 1 1 1 1 1 1 1 1 -1 -1 -1 1 1 -1 1 1 1 1 1 1 1 1 -1 -1 -1 1 1 -1 -1 -1 -1 -1 -1 1 1 -1 1 1 -1 
1 1 1 1 -1 -1 1 -1 1 -1 -1 -1 1 -1 1 1 1 -1 -1 -1 1 -1 -1 -1 1 1 -1 -1 -1 -1 1 -1 1 1 -1 1 -1 1 1 -1 -1 1 1 1 1 1 1 1 -1 1 1 1 1 1 -1 1 -1 -1 -1 1 -1 -1 1 -1 1 1 1 1 -1 1 -1 -1 1 1 -1 1 -1 -1 1 -1 1 1 1 -1 -1 -1 -1 1 -1 -1 1 1 1 1 -1 1 -1 -1 -1 -1 -1 1 1 -1 1 1 -1 1 1 -1 -1 -1 -1 1 1 -1 -1 1 -1 -1 1 1 -1 -1 1 -1 1 1 
-1 1 1 -1 -1 -1 1 -1 1 -1 1 1 -1 -1 -1 -1 1 -1 1 1 1 1 1 1 1 1 1 1 1 1 1 -1 -1 -1 -1 1 -1 -1 -1 1 -1 -1 -1 -1 1 1 -1 -1 -1 1 -1 1 1 -1 1 1 -1 1 -1 1 1 -1 -1 1 1 -1 1 -1 -1 1 1 -1 -1 -1 1 -1 1 -1 -1 1 -1 -1 1 1 1 1 1 -1 1 -1 -1 1 1 1 1 -1 1 -1 -1 1 -1 1 -1 -1 1 -1 1 1 -1 1 -1 1 -1 -1 1 1 -1 -1 -1 1 -1 1 -1 -1 1 1 1 -1 
1 1 1 -1 1 1 -1 1 1 1 -1 1 -1 -1 -1 -1 -1 1 1 1 1 1 1 -1 -1 -1 -1 1 1 1 -1 1 1 -1 1 1 -1 1 1 -1 -1 1 1 -1 1 -1 -1 -1 -1 1 1 -1 -1 1 1 -1 1 1 1 1 -1 1 -1 1 -1 -1 1 1 1 -1 1 -1 1 1 -1 1 -1 -1 1 1 -1 -1 -1 -1 -1 -1 -1 -1 -1 -1 -1 -1 1 -1 1 -1 -1 -1 1 1 -1 1 1 1 -1 1 1 -1 -1 1 1 1 -1 1 -1 1 -1 -1 -1 1 1 1 1 -1 1 1 -1 -1 
-1 1 -1 1 1 1 -1 -1 -1 -1 -1 -1 1 1 1 -1 -1 1 1 1 1 1 1 1 -1 1 -1 1 1 -1 -1 1 1 1 -1 1 -1 1 -1 -1 -1 1 -1 1 -1 1 -1 1 1 1 1 -1 -1 1 1 -1 -1 -1 -1 1 1 -1 -1 1 -1 1 1 -1 -1 1 1 -1 1 -1 1 -1 -1 1 -1 -1 -1 -1 1 -1 -1 -1 -1 -1 -1 -1 -1 1 -1 1 -1 -1 -1 1 -1 -1 -1 1 -1 1 1 -1 1 1 -1 1 -1 1 -1 -1 -1 1 1 -1 -1 1 1 -1 1 -1 1 1 -1 -1 
1 1 1 1 1 -1 -1 -1 1 1 1 -1 1 -1 1 -1 1 -1 1 -1 1 1 1 -1 1 1 -1 -1 1 -1 1 1 -1 1 -1 -1 -1 -1 1 -1 1 -1 1 -1 -1 1 -1 -1 -1 1 -1 1 1 -1 -1 -1 -1 -1 -1 1 1 -1 -1 -1 -1 -1 1 1 -1 1 1 1 -1 -1 -1 -1 -1 -1 -1 -1 -1 -1 1 -1 1 1 1 1 1 1 -1 -1 1 -1 1 1 -1 -1 -1 -1 1 -1 -1 1 1 -1 1 1 1 1 1 1 -1 -1 1 1 -1 -1 1 1 1 -1 1 -1 1 -1 -1 -1 
1 1 1 1 -1 1 1 -1 1 -1 1 1 -1 -1 -1 1 -1 1 -1 -1 1 1 -1 1 -1 1 -1 1 -1 -1 -1 1 -1 -1 -1 1 1 1 -1 1 1 1 -1 -1 1 1 -1 -1 -1 -1 1 1 1 -1 1 -1 1 1 1 -1 1 -1 -1 -1 -1 1 1 -1 -1 -1 -1 -1 1 -1 1 -1 -1 1 -1 -1 1 1 -1 -1 1 -1 -1 1 -1 1 1 1 1 1 1 1 1 1 1 -1 -1 1 -1 1 1 1 1 1 -1 -1 -1 -1 -1 -1 -1 -1 1 1 1 1 1 1 -1 -1 -1 1 -1 1 
1 1 -1 1 -1 1 1 -1 1 -1 -1 1 -1 -1 -1 -1 1 -1 1 -1 1 1 1 1 1 1 -1 -1 1 1 1 -1 -1 1 -1 -1 -1 1 1 -1 -1 -1 -1 1 -1 -1 -1 -1 -1 1 1 -1 -1 -1 -1 -1 -1 1 -1 -1 -1 -1 -1 1 1 -1 1 -1 -1 -1 1 -1 1 -1 -1 1 -1 -1 1 1 -1 -1 -1 1 1 -1 1 1 -1 1 1 1 -1 -1 -1 -1 -1 -1 1 1 -1 1 -1 1 1 -1 -1 -1 -1 -1 -1 1 -1 1 1 -1 -1 -1 1 1 1 -1 -1 -1 -1 -1 1 -1 
1 1 1 -1 -1 -1 -1 -1 -1 1 1 1 1 -1 1 1 -1 1 1 1 -1 1 -1 1 1 -1 -1 -1 1 1 -1 1 -1 -1 -1 -1 1 1 1 1 -1 1 -1 -1 1 -1 -1 -1 1 -1 -1 1 -1 -1 1 -1 -1 -1 -1 1 1 -1 1 -1 -1 -1 -1 -1 1 -1 1 1 -1 1 1 1 -1 1 1 1 -1 1 1 -1 1 -1 1 1 -1 1 1 -1 -1 -1 -1 1 -1 -1 1 -1 1 -1 1 -1 -1 -1 1 -1 -1 -1 1 -1 1 1 -1 -1 -1 -1 -1 1 1 1 1 1 -1 -1 -1 -1 
-1 -1 -1 -1 -1 1 1 -1 1 -1 1 -1 -1 1 1 1 1 -1 1 1 -1 1 -1 -1 -1 1 -1 -1 1 -1 -1 1 1 -1 -1 1 -1 1 -1 1 1 -1 1 -1 1 -1 1 1 -1 -1 1 1 -1 -1 1 1 -1 1 1 -1 -1 -1 -1 1 1 -1 1 -1 -1 1 1 -1 -1 -1 1 1 -1 -1 -1 1 1 -1 1 1 1 -1 1 -1 -1 1 -1 1 -1 1 1 1 1 -1 1 -1 -1 1 -1 -1 -1 1 -1 -1 1 1 -1 -1 -1 1 -1 1 1 -1 -1 -1 -1 -1 1 1 1 -1 1 -1 
1 -1 1 1 1 -1 -1 1 -1 1 1 1 1 -1 1 1 -1 1 1 1 1 1 1 1 -1 1 -1 -1 1 -1 -1 1 1 1 1 -1 1 -1 -1 1 -1 1 1 1 -1 -1 1 -1 1 -1 -1 1 -1 -1 1 -1 -1 1 1 1 -1 1 -1 1 1 1 1 1 -1 -1 1 1 -1 -1 1 -1 -1 -1 -1 -1 1 1 -1 1 -1 -1 -1 -1 1 1 1 1 -1 -1 -1 -1 -1 -1 -1 1 1 1 -1 1 1 1 1 1 -1 1 -1 1 -1 1 1 -1 -1 -1 1 1 -1 -1 1 -1 -1 1 -1 1 
1 1 -1 1 -1 -1 -1 1 -1 1 -1 -1 1 -1 1 -1 1 -1 1 -1 -1 1 1 1 -1 -1 -1 1 -1 -1 -1 1 -1 1 1 1 -1 1 1 -1 -1 -1 1 1 -1 -1 1 1 1 1 1 1 1 1 -1 -1 1 -1 1 -1 -1 1 -1 1 -1 -1 -1 1 -1 -1 1 1 -1 1 1 -1 -1 1 1 1 -1 1 -1 1 1 -1 -1 1 1 -1 -1 1 1 1 1 -1 -1 1 -1 -1 -1 -1 1 -1 -1 1 1 1 1 1 -1 1 1 -1 1 1 1 -1 1 -1 -1 -1 1 1 1 -1 1 1 
1 1 1 1 -1 1 1 -1 1 -1 -1 -1 -1 -1 1 -1 1 1 1 -1 1 1 1 -1 -1 1 1 1 1 -1 -1 1 1 1 1 -1 -1 1 -1 1 1 -1 1 1 -1 1 -1 1 1 -1 1 -1 1 1 1 -1 1 -1 -1 -1 1 -1 -1 -1 1 -1 -1 1 1 -1 -1 -1 -1 1 1 -1 -1 1 -1 1 -1 1 1 1 1 -1 -1 -1 1 -1 -1 1 -1 1 -1 -1 1 -1 1 -1 -1 1 1 1 -1 -1 -1 1 -1 1 1 1 -1 -1 -1 1 1 1 1 -1 1 -1 1 1 -1 -1 1 -1 
1 1 -1 -1 1 1 -1 -1 -1 -1 -1 1 -1 -1 -1 1 1 1 1 1 1 -1 1 -1 1 -1 -1 -1 -1 -1 1 -1 1 1 1 1 -1 1 1 1 -1 -1 -1 -1 -1 -1 -1 -1 -1 -1 -1 1 -1 -1 -1 -1 -1 -1 1 1 -1 -1 -1 1 1 -1 1 1 -1 -1 -1 1 -1 1 -1 -1 1 -1 -1 -1 1 -1 1 1 -1 -1 1 1 -1 1 -1 -1 -1 1 -1 1 1 -1 1 -1 1 -1 -1 -1 1 -1 1 1 1 -1 1 1 -1 -1 1 1 -1 1 -1 -1 1 1 -1 -1 -1 -1 -1 1 
1 1 1 -1 -1 1 -1 -1 -1 1 1 -1 -1 1 -1 -1 1 1 -1 -1 1 1 -1 -1 1 -1 -1 1 -1 1 -1 1 1 -1 1 -1 -1 -1 1 -1 1 1 1 1 -1 -1 -1 1 1 1 -1 -1 -1 -1 -1 -1 1 -1 -1 -1 -1 -1 1 -1 -1 -1 1 -1 -1 -1 -1 1 1 -1 1 1 -1 1 1 -1 -1 1 1 1 1 -1 -1 1 -1 -1 1 -1 -1 1 1 1 -1 -1 1 -1 1 1 -1 1 -1 1 -1 -1 1 1 -1 -1 -1 1 -1 1 1 1 -1 -1 1 -1 1 -1 1 1 -1 1 
-1 1 1 -1 1 -1 1 1 -1 1 -1 1 1 1 1 -1 1 1 1 1 -1 1 -1 1 1 -1 -1 -1 -1 1 -1 -1 1 1 -1 -1 1 -1 -1 1 1 -1 -1 1 -1 -1 1 -1 1 -1 1 1 1 -1 -1 1 -1 1 1 1 -1 1 -1 1 -1 -1 1 -1 -1 -1 -1 -1 1 -1 -1 1 -1 -1 1 -1 1 1 1 -1 1 1 1 -1 -1 1 -1 -1 1 -1 -1 -1 1 -1 -1 -1 1 -1 -1 -1 1 1 1 -1 1 1 1 -1 -1 1 -1 -1 -1 -1 1 1 1 1 1 1 1 -1 -1 1 
1 1 1 1 1 1 1 1 -1 1 1 -1 -1 -1 1 1 -1 1 -1 1 -1 1 -1 1 -1 1 -1 1 -1 -1 1 1 -1 -1 1 1 -1 -1 -1 1 1 -1 -1 1 1 -1 1 1 1 1 1 -1 -1 -1 -1 1 -1 1 1 -1 1 1 -1 -1 1 1 1 -1 -1 1 -1 1 -1 1 1 1 -1 -1 -1 -1 1 -1 1 1 1 -1 -1 1 -1 1 -1 1 1 1 1 -1 -1 -1 -1 -1 1 1 -1 1 1 -1 -1 -1 1 1 -1 -1 -1 -1 1 -1 -1 -1 1 -1 1 1 -1 1 1 1 1 -1 
1 -1 -1 -1 -1 1 -1 1 1 -1 -1 -1 1 -1 -1 1 -1 1 -1 1 1 -1 1 -1 1 1 1 1 1 -1 1 1 1 1 -1 -1 -1 -1 1 1 1 -1 -1 1 1 1 1 -1 -1 1 -1 -1 1 -1 1 -1 -1 -1 1 -1 -1 -1 -1 -1 1 -1 -1 -1 -1 1 1 -1 1 -1 -1 1 1 1 -1 -1 -1 -1 1 1 -1 -1 -1 1 -1 -1 1 1 1 -1 -1 -1 -1 -1 1 1 1 -1 -1 -1 1 1 1 -1 1 -1 1 1 -1 1 -1 1 -1 1 1 -1 -1 1 1 -1 1 -1 -1 1 
-1 -1 1 -1 -1 1 -1 1 -1 1 -1 -1 -1 -1 -1 -1 1 1 1 1 -1 -1 1 -1 1 1 1 -1 1 -1 1 -1 1 -1 -1 -1 1 1 1 1 1 1 1 1 1 -1 1 -1 -1 1 1 1 1 1 1 1 -1 1 1 -1 -1 1 1 1 1 -1 -1 1 1 1 1 -1 -1 -1 1 -1 -1 -1 1 1 1 -1 -1 -1 -1 -1 1 1 1 -1 1 1 -1 -1 -1 1 1 -1 1 -1 -1 1 -1 1 1 1 1 1 -1 1 -1 1 1 -1 1 -1 1 -1 -1 -1 -1 1 1 -1 -1 1 -1 -1 
-1 1 1 -1 -1 -1 -1 -1 -1 -1 1 1 -1 1 1 -1 1 -1 1 -1 -1 -1 1 1 1 -1 1 1 -1 -1 -1 1 1 -1 -1 1 1 1 1 -1 1 1 -1 1 -1 -1 -1 -1 -1 1 -1 1 -1 1 -1 -1 -1 -1 1 1 1 1 -1 -1 -1 -1 1 1 1 1 1 1 -1 -1 -1 -1 1 1 -1 1 1 -1 -1 -1 -1 1 1 1 1 1 -1 1 -1 1 1 1 1 -1 -1 -1 -1 -1 -1 1 -1 1 -1 -1 1 1 1 -1 1 -1 1 1 -1 1 -1 1 -1 1 1 -1 1 1 1 1 
-1 -1 -1 -1 -1 -1 -1 -1 -1 -1 -1 1 1 1 1 -1 -1 -1 1 -1 1 1 -1 1 -1 1 1 1 1 1 -1 -1 1 -1 -1 1 1 1 1 1 -1 1 1 1 -1 -1 -1 -1 1 -1 -1 1 -1 -1 -1 -1 1 -1 -1 -1 1 -1 -1 -1 -1 -1 1 1 -1 1 1 1 1 -1 -1 -1 -1 1 -1 -1 -1 1 -1 -1 1 -1 1 1 1 -1 1 1 1 1 1 1 -1 1 1 -1 -1 -1 1 1 1 1 -1 1 -1 1 1 -1 -1 -1 -1 -1 -1 -1 -1 -1 1 -1 1 1 -1 1 -1 -1 
1 1 -1 -1 -1 -1 -1 1 -1 1 1 1 1 -1 -1 1 1 1 1 -1 -1 1 -1 -1 1 -1 1 -1 -1 -1 -1 1 -1 -1 1 1 1 -1 1 1 1 1 -1 1 -1 1 1 1 -1 1 1 -1 1 1 -1 -1 -1 1 -1 -1 -1 -1 -1 -1 1 1 1 1 1 1 -1 1 1 1 -1 -1 -1 -1 1 -1 -1 1 1 1 1 1 1 -1 1 -1 1 1 -1 1 -1 1 -1 -1 1 -1 -1 1 1 -1 -1 1 -1 -1 -1 -1 -1 1 -1 1 1 -1 -1 -1 1 1 1 1 1 -1 1 1 -1 1 
-1 -1 -1 1 -1 -1 1 1 -1 1 -1 1 1 -1 -1 -1 1 1 -1 -1 -1 -1 -1 -1 1 -1 -1 -1 -1 1 -1 1 -1 1 -1 -1 -1 -1 -1 1 -1 -1 1 1 1 1 1 -1 1 -1 1 1 1 1 -1 1 1 1 1 1 -1 -1 -1 -1 -1 1 1 1 1 -1 1 1 1 -1 1 -1 1 -1 1 1 -1 1 1 1 -1 -1 -1 -1 -1 -1 1 1 -1 -1 -1 1 1 -1 1 1 1 1 -1 1 -1 -1 1 -1 1 -1 1 1 1 -1 1 -1 -1 1 -1 -1 1 -1 1 1 -1 -1 1 -1 
-1 -1 -1 1 1 1 1 -1 1 1 -1 -1 -1 -1 -1 1 -1 -1 1 1 1 1 1 1 1 1 1 -1 1 1 -1 1 -1 1 1 -1 1 1 1 1 1 -1 -1 1 1 -1 1 1 1 -1 -1 -1 -1 1 -1 -1 1 -1 1 1 -1 1 1 -1 1 -1 -1 1 1 1 1 1 -1 1 1 1 1 -1 1 -1 -1 1 1 1 1 1 1 1 -1 -1 -1 -1 1 -1 1 1 1 1 -1 -1 1 -1 1 -1 -1 1 -1 1 1 1 -1 1 1 -1 -1 1 -1 -1 -1 -1 -1 1 1 -1 1 1 -1 1 
-1 -1 1 -1 1 1 -1 -1 1 -1 1 -1 1 -1 -1 -1 1 1 -1 -1 1 1 1 -1 1 1 -1 1 1 1 -1 -1 -1 -1 -1 1 1 1 -1 1 -1 -1 1 -1 -1 -1 -1 -1 -1 1 -1 1 1 -1 1 1 -1 -1 -1 -1 -1 -1 1 1 -1 1 -1 -1 1 1 1 -1 -1 -1 1 -1 1 1 1 1 1 1 -1 1 -1 -1 1 1 -1 -1 1 1 -1 1 1 1 -1 -1 -1 -1 1 -1 1 -1 -1 -1 -1 -1 -1 -1 -1 1 -1 1 -1 -1 1 -1 1 -1 1 -1 1 1 1 -1 1 -1 
1 -1 -1 -1 1 -1 1 1 1 1 1 -1 -1 1 -1 1 1 1 -1 1 1 -1 1 -1 1 -1 1 1 -1 -1 -1 -1 1 1 1 1 1 -1 -1 -1 -1 1 -1 1 -1 1 1 -1 1 1 -1 1 -1 -1 -1 -1 1 -1 -1 1 1 1 -1 -1 1 -1 -1 -1 -1 1 -1 1 -1 -1 -1 -1 -1 1 -1 1 -1 -1 -1 -1 1 1 -1 1 1 1 1 1 -1 1 -1 -1 -1 -1 1 -1 1 -1 1 1 -1 1 1 1 1 1 -1 -1 -1 1 -1 1 1 -1 1 -1 -1 -1 1 -1 1 1 1 1 
-1 -1 1 -1 1 1 1 1 1 1 1 1 -1 -1 1 1 -1 -1 1 -1 1 1 -1 -1 -1 -1 1 1 -1 1 -1 -1 1 1 1 -1 -1 -1 -1 1 -1 -1 -1 1 -1 -1 -1 -1 1 -1 1 -1 1 -1 1 -1 1 1 1 1 1 -1 1 -1 1 -1 1 -1 -1 -1 1 1 1 -1 1 1 1 1 1 1 -1 1 1 1 -1 -1 -1 -1 -1 -1 -1 1 1 1 -1 1 1 1 1 1 -1 1 -1 -1 1 -1 1 1 1 1 -1 -1 -1 -1 -1 1 -1 -1 1 -1 1 1 -1 -1 -1 -1 -1 1 
1 1 -1 -1 1 -1 -1 1 1 1 -1 -1 -1 1 1 -1 -1 -1 -1 -1 -1 1 1 -1 -1 -1 1 -1 1 -1 1 1 -1 -1 1 -1 1 -1 -1 -1 1 -1 1 1 -1 1 1 1 1 1 -1 1 -1 -1 -1 1 1 1 -1 -1 -1 -1 1 1 1 1 -1 -1 -1 -1 -1 1 -1 -1 1 -1 -1 -1 -1 1 1 -1 -1 -1 -1 -1 -1 -1 1 1 -1 1 1 1 -1 -1 -1 1 -1 -1 1 1 1 -1 1 -1 -1 -1 1 1 -1 1 1 1 1 -1 -1 1 -1 1 1 -1 1 -1 1 1 -1 -1 
1 1 -1 -1 1 1 1 1 1 1 -1 1 -1 1 -1 1 1 -1 1 1 -1 -1 1 1 -1 1 1 1 1 1 -1 1 -1 1 -1 1 -1 1 -1 -1 1 -1 1 1 1 -1 -1 1 1 -1 1 -1 -1 -1 -1 -1 -1 -1 -1 -1 -1 1 -1 -1 -1 1 -1 1 -1 -1 1 1 1 -1 1 -1 -1 1 1 -1 -1 1 -1 -1 -1 1 1 -1 1 1 -1 1 1 1 1 1 -1 1 -1 -1 1 -1 1 -1 -1 -1 -1 1 -1 1 1 1 -1 1 1 1 1 1 1 -1 -1 1 -1 -1 1 1 1 1 
-1 1 -1 1 1 -1 1 1 -1 1 -1 1 1 1 1 1 -1 -1 1 -1 1 -1 1 1 -1 -1 -1 -1 -1 1 -1 -1 -1 1 -1 -1 -1 1 1 -1 -1 -1 -1 1 -1 -1 1 1 -1 -1 -1 -1 1 -1 1 -1 1 -1 -1 1 1 -1 1 -1 -1 1 -1 1 1 -1 -1 -1 1 1 1 -1 1 1 -1 1 -1 -1 -1 -1 1 1 1 -1 1 -1 -1 1 1 -1 -1 1 -1 1 1 1 1 1 1 -1 1 1 -1 -1 1 -1 1 -1 -1 1 -1 1 -1 -1 -1 -1 -1 1 -1 1 1 1 1 -1 
-1 1 -1 -1 1 1 -1 1 -1 -1 1 1 1 1 -1 1 -1 1 -1 1 1 -1 -1 1 -1 1 1 1 1 1 1 -1 -1 -1 1 1 -1 -1 -1 -1 -1 -1 -1 -1 1 -1 -1 -1 1 1 -1 1 -1 -1 -1 1 1 -1 -1 1 -1 -1 1 1 -1 -1 1 -1 -1 1 1 1 1 -1 1 -1 1 -1 -1 -1 -1 1 1 1 1 -1 -1 -1 -1 -1 1 -1 1 -1 -1 -1 -1 -1 1 1 -1 1 1 1 1 1 1 -1 1 -1 -1 1 1 -1 1 -1 1 -1 -1 -1 -1 -1 1 -1 1 1 1 1 
-1 -1 1 -1 1 1 -1 -1 1 1 -1 -1 -1 -1 1 1 1 -1 1 1 1 1 -1 -1 1 1 -1 1 1 -1 -1 -1 -1 1 1 1 -1 1 -1 1 -1 1 1 -1 1 1 1 -1 -1 -1 1 1 -1 -1 -1 1 1 1 -1 1 1 -1 -1 -1 -1 -1 1 1 -1 -1 1 -1 1 1 1 1 -1 1 -1 -1 -1 -1 1 -1 -1 1 -1 1 1 -1 1 -1 1 1 -1 1 1 1 1 1 -1 -1 -1 -1 -1 -1 1 -1 1 1 -1 -1 -1 1 1 -1 -1 1 1 -1 1 -1 1 -1 1 1 1 1 
-1 1 1 -1 1 -1 -1 -1 1 -1 -1 -1 1 -1 -1 1 -1 -1 -1 1 1 1 -1 -1 1 1 1 1 -1 -1 1 -1 -1 1 -1 -1 1 -1 1 -1 -1 1 1 1 1 -1 -1 1 1 1 -1 -1 -1 -1 1 -1 -1 1 1 -1 -1 1 -1 1 1 -1 1 1 -1 -1 -1 -1 1 -1 -1 1 -1 -1 -1 -1 -1 -1 -1 -1 1 1 1 1 -1 -1 -1 -1 1 -1 1 1 -1 1 -1 -1 -1 1 1 -1 -1 1 1 1 -1 1 -1 -1 1 -1 -1 1 1 -1 -1 1 1 1 1 1 -1 -1 1 1 
-1 -1 1 -1 -1 -1 -1 1 1 1 1 -1 -1 1 -1 1 -1 -1 1 -1 1 1 -1 1 -1 -1 1 -1 -1 -1 1 -1 -1 1 1 1 -1 -1 -1 1 1 1 -1 1 -1 -1 -1 -1 1 1 -1 -1 -1 -1 1 -1 1 -1 1 1 1 -1 1 1 -1 -1 -1 -1 1 1 1 1 1 -1 1 -1 1 -1 1 -1 -1 1 -1 -1 1 -1 -1 -1 -1 -1 1 1 -1 -1 1 1 -1 -1 1 1 -1 -1 1 1 1 1 1 -1 -1 1 -1 -1 -1 1 -1 -1 1 1 -1 1 1 -1 1 1 -1 -1 -1 -1 
-1 -1 1 -1 1 1 -1 1 -1 1 1 -1 -1 1 -1 1 -1 1 -1 -1 1 -1 -1 1 -1 1 1 1 -1 1 -1 1 1 1 -1 -1 -1 -1 1 1 1 1 -1 -1 -1 1 1 -1 -1 1 1 -1 1 1 -1 -1 1 1 -1 -1 1 1 1 1 1 1 -1 -1 -1 1 1 1 -1 -1 1 -1 -1 -1 1 1 -1 -1 1 1 1 -1 -1 -1 -1 -1 -1 1 -1 -1 1 1 -1 1 1 1 1 1 -1 -1 -1 1 1 1 -1 -1 -1 -1 1 -1 1 -1 1 -1 -1 -1 1 -1 1 1 -1 -1 -1 -1 
1 1 1 1 1 -1 1 1 1 -1 -1 -1 1 -1 -1 1 1 1 1 1 1 1 1 -1 1 -1 1 -1 1 -1 -1 -1 -1 1 -1 -1 -1 1 -1 -1 1 1 1 1 1 1 1 -1 1 -1 1 -1 -1 -1 -1 1 -1 1 1 1 1 1 1 -1 1 1 -1 -1 -1 1 1 1 1 -1 1 -1 -1 -1 1 -1 -1 -1 1 -1 -1 -1 1 -1 -1 1 -1 -1 1 1 -1 1 1 1 1 1 -1 1 1 -1 -1 1 1 1 -1 1 1 -1 1 -1 1 -1 1 -1 -1 1 -1 -1 -1 -1 1 -1 -1 1 
-1 1 1 -1 1 -1 1 1 1 1 1 -1 1 1 -1 -1 -1 1 1 1 -1 -1 1 1 -1 1 -1 1 1 1 1 -1 1 -1 -1 -1 -1 -1 1 -1 1 -1 -1 1 -1 1 1 1 1 -1 1 -1 -1 1 1 1 1 1 -1 1 1 -1 1 1 1 -1 -1 -1 1 1 -1 1 -1 1 -1 -1 -1 1 1 -1 1 1 1 -1 -1 1 1 1 1 -1 1 1 -1 1 -1 1 1 1 1 1 1 1 1 1 1 1 -1 -1 1 -1 1 1 1 1 -1 1 1 1 1 -1 1 -1 1 -1 -1 1 1 -1 
1 -1 -1 1 -1 1 1 1 -1 -1 -1 1 1 1 -1 1 1 -1 1 1 -1 1 -1 -1 -1 -1 1 1 -1 1 1 1 1 -1 -1 1 -1 1 1 1 -1 -1 -1 1 1 -1 1 -1 1 -1 1 -1 -1 1 -1 -1 -1 -1 -1 -1 -1 -1 -1 1 -1 -1 -1 1 -1 1 -1 1 -1 1 -1 -1 1 1 -1 1 1 -1 -1 -1 1 -1 1 1 -1 1 1 1 -1 1 1 1 1 -1 -1 -1 1 1 -1 1 -1 1 1 1 1 1 -1 1 1 1 -1 -1 -1 -1 -1 1 1 1 -1 -1 1 1 -1 -1 
-1 1 -1 -1 1 -1 -1 -1 1 -1 1 1 -1 1 -1 -1 -1 -1 1 1 -1 -1 -1 1 1 -1 -1 1 -1 -1 -1 -1 1 1 -1 1 -1 -1 1 -1 1 1 1 1 1 1 1 -1 -1 -1 1 -1 -1 1 -1 1 1 1 -1 -1 -1 1 -1 1 -1 -1 1 1 1 1 -1 1 1 -1 -1 -1 1 1 -1 -1 1 -1 -1 1 1 1 1 1 -1 -1 1 -1 1 1 -1 1 -1 1 1 -1 1 -1 -1 -1 -1 1 1 1 1 1 -1 1 -1 -1 -1 -1 1 1 -1 1 -1 1 1 -1 -1 -1 -1 -1 
-1 1 -1 -1 -1 -1 1 1 1 -1 -1 -1 1 -1 -1 -1 -1 1 1 -1 -1 -1 1 1 1 1 1 -1 1 -1 1 1 1 -1 1 1 -1 -1 1 1 1 1 -1 -1 1 -1 1 -1 -1 1 -1 -1 -1 1 1 1 1 -1 -1 1 -1 1 1 -1 1 1 1 1 1 -1 -1 1 1 1 -1 -1 -1 -1 -1 1 1 -1 -1 -1 1 1 1 -1 -1 1 1 -1 -1 1 1 1 -1 -1 -1 -1 1 1 1 -1 1 1 1 1 1 1 -1 1 1 -1 -1 1 1 1 -1 1 1 1 1 -1 1 -1 -1 1 
-1 1 1 1 1 -1 1 1 1 1 -1 1 1 -1 -1 1 -1 -1 -1 -1 -1 -1 -1 -1 1 1 -1 -1 -1 1 1 1 -1 -1 1 -1 1 1 1 -1 -1 -1 -1 1 1 -1 1 -1 -1 -1 1 -1 -1 1 -1 -1 -1 -1 1 1 1 -1 -1 -1 -1 -1 1 1 1 1 -1 -1 -1 1 -1 1 1 1 -1 1 -1 -1 -1 -1 1 -1 -1 -1 -1 -1 -1 -1 -1 1 -1 1 1 1 1 -1 -1 1 1 1 1 -1 -1 -1 -1 -1 1 1 -1 -1 1 1 -1 1 1 -1 -1 1 1 1 -1 1 1 -1 
1 1 -1 1 1 1 1 1 -1 -1 1 -1 1 -1 1 1 1 1 -1 1 1 1 1 1 1 1 1 -1 -1 -1 -1 1 -1 1 -1 1 1 -1 -1 -1 -1 1 1 -1 -1 1 -1 1 1 -1 -1 -1 -1 1 1 1 1 1 1 -1 -1 1 -1 1 1 -1 -1 1 -1 -1 -1 -1 -1 1 -1 1 1 -1 -1 -1 -1 -1 -1 1 -1 1 -1 1 -1 -1 -1 1 1 1 -1 -1 1 -1 1 -1 1 -1 -1 1 -1 -1 1 1 1 -1 1 1 -1 -1 -1 1 1 -1 1 1 -1 -1 1 1 -1 -1 -1 -1 
-1 1 1 1 -1 -1 1 -1 -1 -1 1 1 1 1 1 -1 1 -1 1 -1 1 1 1 -1 -1 1 -1 -1 1 -1 1 1 1 -1 1 1 1 -1 -1 1 -1 1 1 1 1 1 -1 -1 1 1 -1 -1 -1 -1 1 1 1 -1 1 -1 -1 -1 1 -1 -1 1 1 -1 1 1 1 -1 1 1 -1 -1 -1 -1 1 1 -1 1 -1 -1 1 1 1 1 -1 -1 1 1 1 -1 1 1 -1 1 1 1 1 -1 1 1 1 -1 1 -1 -1 1 1 -1 1 1 -1 -1 -1 -1 -1 -1 1 -1 -1 1 1 -1 1 -1 
1 1 1 1 -1 -1 -1 -1 -1 -1 -1 1 -1 1 1 -1 -1 1 -1 -1 1 -1 1 -1 1 1 1 -1 1 1 1 1 1 1 -1 1 -1 1 1 -1 -1 -1 -1 -1 1 1 1 1 1 1 1 -1 1 -1 1 1 -1 1 1 1 1 -1 -1 -1 1 1 1 1 1 1 1 -1 1 1 1 1 1 1 -1 -1 -1 1 1 -1 1 1 -1 -1 -1 1 1 -1 -1 -1 -1 1 -1 -1 1 1 1 1 1 -1 1 -1 -1 -1 1 -1 1 -1 1 -1 -1 1 1 -1 1 1 1 -1 1 1 -1 1 1 1 
-1 1 1 1 1 1 -1 1 -1 -1 1 -1 -1 1 -1 -1 -1 1 -1 1 1 -1 1 1 1 -1 -1 1 1 1 1 1 -1 1 1 -1 1 -1 1 1 1 -1 1 -1 1 1 -1 -1 1 1 1 1 -1 1 1 -1 -1 -1 -1 1 -1 -1 -1 1 1 1 -1 -1 1 -1 -1 1 -1 -1 1 1 1 1 1 1 1 -1 -1 1 -1 -1 1 -1 -1 1 1 -1 1 -1 -1 -1 1 -1 -1 -1 -1 1 -1 -1 1 -1 -1 -1 1 -1 -1 -1 -1 -1 1 1 1 1 1 -1 -1 1 1 -1 -1 -1 -1 -1 
-1 -1 -1 -1 -1 -1 1 1 1 -1 1 -1 1 -1 1 -1 -1 1 1 -1 1 -1 -1 1 1 1 -1 1 1 1 -1 -1 1 1 -1 1 -1 1 -1 -1 -1 1 1 1 1 -1 -1 1 1 1 1 -1 1 -1 1 -1 -1 1 -1 1 1 1 1 -1 1 -1 -1 1 1 1 -1 -1 1 1 1 1 1 -1 -1 1 -1 -1 -1 1 1 1 1 1 1 1 -1 -1 -1 1 1 -1 1 1 1 1 1 1 1 1 -1 -1 1 -1 -1 1 1 1 1 1 -1 -1 -1 -1 -1 1 -1 1 1 -1 -1 -1 1 -1 
1 -1 -1 -1 -1 1 1 -1 -1 -1 1 -1 -1 -1 -1 -1 1 -1 -1 -1 1 -1 -1 1 -1 -1 -1 -1 1 -1 1 -1 1 1 1 -1 -1 1 -1 -1 -1 -1 1 -1 1 -1 -1 -1 1 -1 1 1 -1 1 1 -1 -1 1 -1 1 -1 -1 1 -1 1 -1 -1 1 1 -1 -1 1 1 -1 -1 -1 1 -1 -1 -1 1 1 1 -1 -1 1 -1 1 -1 -1 1 -1 -1 1 1 1 1 1 -1 1 1 -1 1 1 1 -1 -1 1 -1 -1 -1 -1 1 -1 -1 -1 -1 -1 -1 -1 -1 1 1 1 1 1 1 -1 
-1 1 1 1 -1 1 1 1 1 1 1 -1 -1 1 -1 1 -1 1 1 1 1 1 -1 -1 1 -1 -1 1 -1 -1 -1 -1 1 1 -1 -1 -1 -1 -1 -1 -1 -1 -1 -1 1 -1 -1 1 1 1 -1 -1 -1 1 1 -1 1 1 -1 -1 -1 1 1 -1 -1 -1 1 1 1 1 1 1 1 -1 1 -1 1 1 -1 1 1 1 1 1 1 1 1 1 1 -1 1 1 -1 -1 1 1 -1 1 -1 -1 1 -1 -1 1 1 1 -1 1 -1 1 -1 1 -1 1 -1 1 -1 -1 1 -1 1 -1 1 -1 1 1 1 1 
-1 1 1 -1 1 -1 -1 1 1 -1 1 -1 -1 1 1 -1 1 1 -1 1 1 -1 1 1 1 1 -1 -1 1 1 1 -1 1 -1 1 -1 1 -1 1 1 1 1 1 1 -1 1 1 -1 1 -1 1 -1 -1 -1 1 -1 -1 1 -1 -1 1 1 -1 1 -1 -1 1 1 -1 -1 1 1 -1 -1 1 -1 -1 -1 -1 1 -1 -1 -1 1 1 1 -1 -1 1 1 -1 -1 1 1 1 -1 1 1 -1 -1 -1 -1 1 -1 1 -1 -1 -1 -1 1 -1 1 1 1 1 -1 1 1 1 1 -1 -1 -1 1 -1 1 -1 1 
1 -1 1 -1 -1 1 1 1 1 -1 -1 1 -1 -1 1 1 1 -1 1 -1 -1 -1 -1 -1 1 -1 -1 -1 1 -1 -1 -1 -1 -1 1 -1 1 1 1 1 1 1 -1 1 1 -1 -1 1 -1 -1 -1 -1 1 -1 1 -1 -1 -1 -1 1 -1 -1 -1 -1 -1 -1 -1 -1 1 -1 -1 1 -1 -1 1 1 1 1 -1 1 1 -1 1 1 1 -1 1 -1 1 -1 1 -1 -1 1 1 1 1 -1 -1 1 -1 -1 1 1 1 1 1 -1 -1 -1 1 1 1 -1 -1 -1 1 1 -1 1 1 1 1 -1 1 1 -1 1 
1 1 1 -1 -1 1 -1 1 1 1 1 -1 -1 -1 -1 1 -1 -1 1 -1 1 -1 -1 -1 -1 1 1 1 -1 1 -1 1 -1 -1 1 -1 1 1 -1 1 1 1 -1 -1 1 1 1 1 -1 -1 -1 1 -1 -1 1 1 1 1 -1 -1 1 1 1 -1 -1 1 1 -1 1 1 1 -1 -1 1 1 -1 -1 1 1 1 -1 1 1 1 1 -1 1 -1 1 1 1 1 -1 1 -1 -1 -1 -1 1 1 -1 -1 -1 1 1 1 -1 -1 1 1 1 -1 -1 -1 -1 -1 -1 1 -1 -1 -1 -1 1 -1 -1 1 1 1 
1 1 1 -1 -1 1 -1 -1 -1 -1 1 -1 1 1 -1 1 1 -1 -1 1 1 -1 1 -1 -1 1 1 1 -1 -1 -1 -1 1 -1 -1 1 -1 -1 1 1 1 -1 1 -1 -1 -1 1 1 -1 -1 1 1 -1 -1 -1 1 -1 -1 1 -1 -1 -1 -1 -1 -1 1 -1 -1 -1 -1 1 -1 -1 -1 1 -1 -1 1 1 1 -1 1 1 1 1 -1 -1 -1 -1 -1 1 1 -1 1 1 -1 -1 1 1 1 1 -1 -1 1 1 -1 1 -1 1 1 -1 1 1 1 -1 1 1 -1 1 1 -1 -1 1 -1 1 -1 -1 1 
-1 -1 1 1 1 1 1 1 1 1 1 1 1 1 1 1 1 -1 1 1 1 1 -1 1 1 1 1 1 1 1 1 1 -1 1 1 -1 1 1 -1 1 -1 -1 -1 1 -1 -1 1 -1 1 -1 -1 -1 -1 1 -1 -1 1 -1 1 -1 -1 1 1 1 1 1 -1 -1 -1 -1 1 1 1 1 -1 1 1 1 -1 -1 -1 -1 1 -1 1 1 1 1 -1 1 1 1 -1 1 1 1 -1 -1 -1 1 -1 -1 1 -1 -1 1 1 -1 -1 1 -1 1 1 -1 -1 1 1 -1 -1 -1 -1 -1 -1 -1 1 1 1 -1 
-1 1 -1 -1 1 1 -1 1 -1 1 -1 1 1 -1 1 -1 1 1 -1 1 -1 -1 -1 1 -1 -1 1 -1 1 1 1 -1 1 1 -1 -1 -1 1 -1 -1 1 1 -1 1 1 -1 -1 -1 1 1 1 1 1 -1 1 1 -1 1 1 -1 1 -1 1 -1 1 -1 1 -1 -1 1 1 -1 -1 -1 1 1 -1 1 1 -1 1 -1 1 1 1 1 -1 1 1 -1 -1 1 1 1 -1 -1 -1 -1 -1 -1 -1 -1 -1 -1 -1 1 -1 1 1 -1 -1 1 -1 1 1 -1 -1 1 1 -1 -1 1 1 1 -1 1 1 1 
-1 -1 1 1 1 -1 1 -1 -1 -1 -1 1 1 1 -1 -1 -1 1 1 1 1 -1 -1 -1 1 1 1 -1 -1 -1 1 1 1 -1 1 1 -1 -1 1 -1 1 1 -1 1 -1 -1 -1 1 -1 1 -1 1 -1 -1 -1 -1 1 -1 -1 1 1 -1 -1 -1 -1 -1 -1 -1 1 1 -1 1 1 1 -1 1 1 1 1 -1 1 1 -1 1 1 -1 -1 1 1 -1 1 1 -1 1 1 -1 1 1 -1 -1 1 -1 -1 1 -1 -1 1 1 -1 -1 -1 -1 -1 1 -1 -1 -1 1 -1 -1 -1 -1 1 1 -1 -1 1 1 
-1 1 1 -1 1 -1 -1 1 -1 1 -1 -1 1 -1 1 1 -1 1 1 1 1 1 1 -1 -1 1 -1 -1 -1 -1 1 1 1 1 1 -1 -1 1 1 1 -1 1 1 1 1 1 1 -1 1 -1 -1 1 1 1 1 1 -1 -1 1 -1 1 -1 1 -1 1 -1 1 1 1 -1 1 -1 -1 1 -1 -1 -1 -1 1 -1 -1 1 -1 -1 1 1 -1 -1 1 1 1 -1 -1 1 1 1 -1 1 1 1 -1 -1 1 1 1 -1 -1 1 1 -1 1 -1 -1 1 -1 -1 -1 1 -1 1 -1 1 1 -1 1 1 1 -1 
-1 -1 -1 -1 -1 1 1 -1 -1 -1 1 -1 1 -1 1 1 -1 -1 1 1 1 1 1 1 -1 -1 1 -1 -1 -1 1 -1 1 -1 1 -1 -1 -1 -1 1 1 1 -1 1 -1 -1 -1 1 1 1 1 -1 1 1 1 1 -1 -1 1 -1 -1 1 -1 1 1 1 1 -1 1 -1 -1 -1 -1 -1 1 1 -1 1 1 -1 -1 1 -1 -1 1 -1 -1 1 1 -1 1 1 1 -1 1 1 1 1 1 1 -1 -1 -1 1 -1 -1 -1 1 1 1 -1 1 -1 1 -1 1 -1 1 -1 1 -1 -1 1 1 1 1 1 1 
-1 1 1 1 -1 -1 1 -1 -1 -1 1 -1 1 1 1 -1 1 1 -1 1 1 1 1 1 -1 -1 1 -1 1 1 1 1 1 1 -1 -1 -1 1 1 -1 1 -1 -1 -1 -1 1 1 -1 1 1 -1 1 -1 -1 1 -1 -1 1 1 1 -1 -1 1 1 -1 1 1 1 1 1 -1 1 -1 1 -1 -1 -1 1 1 -1 1 1 1 1 1 1 1 1 -1 -1 -1 -1 -1 -1 -1 1 -1 1 1 -1 1 1 -1 -1 -1 1 -1 1 -1 -1 -1 1 1 1 -1 1 1 1 1 -1 1 -1 -1 1 1 -1 1 -1 
1 1 1 -1 1 -1 1 1 1 -1 -1 -1 1 -1 1 1 -1 1 1 -1 1 -1 -1 1 1 -1 -1 1 -1 1 -1 -1 1 -1 -1 1 -1 1 -1 -1 -1 1 -1 1 1 -1 1 1 1 -1 1 1 1 1 1 -1 1 -1 1 1 -1 1 -1 1 -1 1 1 -1 -1 -1 1 -1 -1 1 1 -1 -1 -1 1 1 1 1 1 1 -1 1 1 1 -1 1 1 -1 -1 1 -1 -1 -1 1 -1 1 1 -1 1 -1 -1 -1 -1 1 -1 1 1 -1 -1 -1 1 -1 -1 -1 1 -1 1 1 -1 -1 1 -1 1 1 
1 -1 1 1 1 -1 1 -1 -1 -1 -1 1 -1 1 1 1 1 -1 1 -1 -1 -1 1 1 -1 1 -1 1 -1 1 1 1 -1 -1 -1 -1 -1 1 -1 1 -1 1 -1 -1 -1 -1 1 -1 1 1 1 -1 1 1 1 -1 -1 -1 1 1 1 1 -1 -1 -1 -1 1 -1 1 -1 -1 1 -1 1 1 -1 1 -1 -1 -1 1 -1 1 1 -1 1 1 1 -1 1 -1 -1 -1 -1 1 1 -1 -1 -1 -1 -1 1 1 1 1 1 1 -1 -1 1 1 -1 -1 -1 1 1 -1 -1 1 1 -1 -1 1 -1 -1 -1 1 -1 
1 1 -1 -1 1 -1 1 -1 1 1 -1 -1 1 -1 -1 -1 1 -1 -1 1 1 -1 1 1 1 1 -1 1 1 -1 1 1 -1 -1 1 1 -1 1 -1 -1 1 -1 -1 -1 -1 1 -1 -1 1 1 -1 -1 -1 1 -1 -1 -1 1 -1 1 -1 1 1 1 1 1 -1 1 -1 -1 1 1 -1 1 1 1 -1 1 1 1 -1 -1 -1 -1 1 1 1 1 -1 1 -1 1 1 -1 -1 -1 -1 -1 1 1 -1 1 -1 1 1 -1 -1 -1 -1 -1 -1 1 -1 1 -1 1 1 1 -1 -1 -1 -1 1 -1 -1 1 1 1 
-1 1 1 1 1 1 -1 1 -1 1 -1 -1 -1 -1 1 1 -1 -1 1 -1 1 -1 1 -1 -1 -1 -1 -1 -1 1 1 -1 1 1 1 -1 -1 1 -1 1 1 1 1 -1 -1 1 1 1 1 -1 1 1 1 1 -1 -1 -1 1 1 1 1 -1 1 1 1 -1 1 1 1 -1 -1 1 -1 1 1 1 1 -1 -1 1 1 1 -1 1 -1 1 1 1 -1 -1 1 -1 -1 1 -1 1 1 -1 1 1 1 -1 -1 -1 1 -1 1 1 -1 -1 1 -1 -1 -1 -1 -1 -1 -1 -1 -1 1 -1 -1 1 -1 1 1 1 
-1 1 -1 1 1 -1 1 -1 -1 1 1 1 -1 -1 1 1 1 1 -1 1 1 -1 -1 1 1 1 1 1 -1 1 -1 1 1 -1 1 -1 -1 1 -1 1 -1 -1 1 -1 1 1 1 1 1 -1 -1 1 -1 1 -1 -1 1 -1 -1 -1 1 1 -1 1 -1 1 -1 1 1 -1 1 -1 -1 -1 -1 -1 1 1 -1 -1 -1 -1 -1 1 1 -1 -1 -1 1 1 1 1 -1 1 -1 -1 -1 1 1 -1 -1 -1 -1 1 -1 -1 1 1 -1 1 -1 -1 -1 -1 -1 -1 1 -1 1 1 -1 -1 1 1 1 -1 1 -1 
1 1 1 -1 -1 1 1 -1 -1 1 1 -1 1 -1 -1 -1 -1 1 1 1 -1 1 1 1 1 1 -1 1 1 -1 -1 1 -1 -1 -1 -1 1 1 1 -1 1 1 1 1 -1 1 -1 1 -1 -1 1 1 1 1 -1 1 -1 -1 1 1 1 1 -1 -1 -1 1 1 -1 -1 1 1 1 1 -1 -1 1 1 -1 1 -1 -1 -1 -1 -1 1 1 1 1 1 1 -1 -1 -1 1 -1 1 1 1 -1 1 1 1 -1 -1 1 1 -1 -1 1 -1 -1 1 -1 -1 -1 1 1 -1 1 -1 -1 -1 1 1 -1 -1 -1 -1 
1 1 -1 -1 1 -1 -1 1 -1 -1 1 1 1 -1 1 1 1 -1 -1 1 1 -1 -1 -1 -1 -1 -1 -1 -1 1 1 1 1 -1 1 1 -1 1 -1 -1 1 1 -1 1 -1 1 1 1 -1 -1 -1 -1 -1 -1 -1 -1 1 -1 -1 1 -1 -1 -1 -1 -1 -1 1 1 -1 -1 1 1 -1 -1 -1 1 -1 -1 1 -1 1 -1 1 1 1 1 -1 1 -1 -1 1 1 -1 1 1 -1 1 1 -1 1 1 -1 -1 -1 -1 1 -1 -1 -1 -1 -1 -1 1 -1 -1 -1 -1 1 -1 -1 -1 1 -1 1 1 -1 -1 1 
-1 -1 -1 1 -1 1 1 1 -1 1 -1 -1 -1 1 1 1 -1 1 -1 1 -1 1 -1 1 1 1 1 1 -1 1 1 1 1 1 1 -1 1 -1 -1 -1 1 1 -1 -1 -1 1 -1 -1 -1 1 -1 1 -1 -1 -1 1 1 1 1 -1 -1 -1 1 1 -1 1 -1 -1 -1 1 -1 -1 1 1 -1 1 1 1 -1 1 -1 1 -1 -1 1 1 -1 -1 -1 -1 1 -1 -1 1 -1 1 1 -1 -1 1 -1 1 1 1 1 1 -1 -1 1 -1 -1 -1 -1 -1 -1 -1 1 1 1 1 -1 1 -1 1 1 1 -1 1 
1 1 1 1 1 -1 -1 1 -1 -1 1 -1 -1 -1 1 1 -1 -1 -1 -1 -1 1 -1 -1 1 1 1 -1 1 -1 1 -1 1 -1 1 -1 1 1 1 -1 1 1 -1 1 1 1 1 -1 1 1 1 -1 -1 1 -1 1 -1 -1 1 1 -1 1 -1 -1 1 -1 1 1 -1 1 1 -1 -1 -1 -1 1 1 -1 1 1 -1 -1 1 1 -1 -1 -1 -1 1 -1 -1 -1 1 -1 -1 -1 1 -1 -1 -1 -1 1 -1 -1 -1 -1 1 1 -1 -1 -1 -1 -1 -1 -1 1 -1 1 -1 1 -1 1 1 -1 -1 -1 1 -1 
-1 1 -1 1 1 1 1 1 1 1 -1 -1 1 1 1 -1 1 1 1 -1 -1 1 1 -1 1 -1 -1 1 -1 1 1 1 -1 -1 1 1 -1 1 1 -1 -1 -1 -1 -1 -1 1 -1 1 1 -1 1 1 1 1 -1 -1 -1 1 -1 1 1 1 1 -1 -1 1 -1 1 -1 -1 -1 1 -1 1 1 -1 1 1 -1 -1 1 -1 -1 -1 1 -1 -1 1 1 1 -1 1 1 -1 -1 1 -1 -1 -1 1 1 -1 -1 -1 1 1 -1 1 1 -1 -1 1 -1 -1 1 -1 -1 1 -1 -1 -1 1 1 -1 1 -1 -1 1 
1 1 -1 1 1 1 1 -1 1 -1 1 1 1 -1 1 -1 -1 1 1 1 -1 1 1 -1 -1 1 -1 1 1 1 1 1 1 1 1 1 -1 -1 1 -1 1 1 -1 -1 1 1 -1 1 -1 -1 -1 -1 1 -1 1 -1 -1 1 -1 1 1 -1 1 -1 -1 -1 1 -1 -1 -1 -1 -1 1 1 -1 -1 1 -1 1 -1 1 1 1 1 1 -1 1 1 -1 1 -1 1 1 -1 -1 -1 1 1 -1 1 1 -1 -1 -1 -1 1 -1 -1 1 -1 1 1 -1 1 -1 -1 -1 1 1 1 1 1 -1 -1 -1 -1 -1 1 
1 -1 1 -1 1 1 -1 1 1 1 -1 -1 -1 1 1 1 1 1 1 -1 1 -1 -1 1 1 1 -1 1 -1 1 1 1 1 1 -1 -1 1 1 1 1 1 -1 -1 -1 -1 -1 -1 1 -1 1 -1 -1 -1 -1 1 -1 -1 -1 -1 -1 1 1 1 -1 -1 1 -1 1 -1 -1 1 -1 -1 -1 -1 1 1 -1 -1 1 -1 1 -1 -1 1 -1 1 1 1 -1 -1 -1 1 -1 -1 -1 1 1 1 -1 -1 1 1 1 1 1 -1 -1 1 -1 -1 -1 1 1 1 1 1 -1 -1 1 1 1 -1 -1 -1 1 1 1 
1 -1 -1 -1 1 1 -1 -1 -1 -1 -1 -1 1 1 -1 -1 -1 1 1 -1 1 -1 -1 -1 1 -1 1 1 -1 1 -1 1 1 1 1 1 1 -1 -1 -1 -1 -1 1 -1 -1 1 -1 -1 -1 -1 -1 -1 -1 1 1 1 -1 -1 1 1 1 -1 -1 1 1 1 -1 -1 -1 1 -1 -1 1 1 1 -1 1 -1 -1 1 -1 -1 -1 -1 1 -1 -1 -1 1 1 -1 1 1 -1 -1 1 1 -1 -1 1 -1 1 -1 -1 -1 1 1 1 -1 -1 1 1 -1 1 -1 -1 1 -1 -1 1 -1 -1 -1 1 -1 1 -1 1 
-1 -1 -1 -1 -1 1 1 1 -1 -1 -1 -1 -1 -1 -1 -1 -1 1 -1 1 1 -1 -1 1 -1 1 1 -1 -1 -1 -1 1 1 1 -1 1 1 -1 -1 1 -1 -1 -1 1 1 -1 1 1 -1 -1 1 1 1 1 1 1 1 -1 1 -1 -1 -1 -1 1 -1 -1 -1 1 -1 1 -1 -1 -1 -1 -1 1 -1 -1 -1 -1 1 1 -1 1 -1 1 1 1 -1 1 -1 1 -1 1 -1 -1 1 1 -1 1 -1 -1 -1 1 1 -1 -1 1 -1 -1 1 -1 -1 1 1 -1 1 1 1 -1 -1 1 -1 1 1 1 1 -1 
1 1 -1 -1 -1 -1 1 1 1 1 1 -1 -1 -1 -1 1 -1 -1 1 -1 1 1 -1 1 1 -1 -1 1 1 -1 -1 -1 1 -1 -1 -1 1 -1 1 -1 1 -1 1 -1 -1 -1 1 1 -1 1 -1 1 1 1 1 1 1 -1 -1 -1 1 1 1 1 1 -1 -1 -1 1 1 1 -1 1 -1 1 1 -1 -1 -1 1 1 1 1 -1 1 1 -1 1 -1 -1 1 1 -1 -1 -1 1 -1 1 -1 -1 -1 -1 -1 -1 -1 1 1 -1 -1 1 -1 -1 -1 -1 -1 -1 1 1 -1 -1 1 1 1 -1 -1 -1 1 -1 
1 1 -1 -1 1 1 -1 1 -1 1 1 1 1 1 1 -1 -1 -1 -1 1 -1 1 -1 -1 1 1 -1 -1 -1 1 -1 1 -1 1 1 -1 1 -1 1 1 1 1 -1 -1 -1 -1 1 1 -1 1 1 1 -1 -1 1 -1 1 -1 -1 -1 -1 1 -1 1 1 1 1 1 -1 1 -1 1 -1 -1 1 -1 1 1 -1 -1 1 -1 -1 -1 -1 1 1 1 1 -1 -1 -1 1 1 1 -1 -1 1 -1 -1 -1 1 -1 1 -1 -1 1 -1 -1 -1 -1 -1 1 1 1 1 1 1 -1 1 1 1 -1 -1 -1 -1 -1 1 
1 1 1 -1 -1 -1 -1 1 1 1 -1 1 -1 -1 -1 -1 1 1 1 1 -1 -1 -1 1 1 1 -1 -1 -1 -1 -1 1 1 -1 -1 -1 1 -1 -1 1 -1 1 -1 1 1 1 -1 1 1 -1 -1 1 1 1 -1 -1 1 1 1 1 1 -1 1 1 -1 1 1 1 1 1 1 1 1 1 -1 1 -1 -1 1 1 1 1 1 -1 1 -1 1 1 1 1 -1 1 1 1 1 1 -1 1 1 1 -1 1 1 1 1 -1 -1 1 1 -1 1 1 -1 -1 1 1 -1 -1 -1 -1 1 -1 1 -1 1 -1 1 -1 
-1 -1 -1 1 -1 1 1 -1 -1 1 -1 1 -1 1 -1 -1 -1 1 -1 -1 -1 1 1 1 1 1 1 1 1 -1 -1 -1 1 1 -1 -1 -1 1 1 -1 -1 1 -1 1 -1 1 1 1 1 -1 -1 -1 -1 -1 -1 -1 1 1 -1 1 1 -1 -1 1 1 -1 -1 -1 1 -1 1 -1 1 -1 -1 -1 -1 1 -1 -1 1 1 1 -1 -1 -1 -1 -1 1 1 1 1 -1 -1 1 -1 1 -1 -1 -1 -1 1 1 -1 1 1 -1 -1 -1 1 1 1 1 1 -1 -1 -1 -1 1 1 -1 -1 -1 -1 -1 -1 1 -1 
-1 1 1 1 1 -1 1 -1 -1 -1 1 1 -1 -1 -1 1 1 1 1 1 -1 1 -1 -1 -1 1 1 -1 1 1 1 -1 -1 -1 1 1 1 1 1 -1 -1 -1 1 1 1 -1 1 -1 -1 1 1 1 1 1 -1 -1 -1 1 -1 1 -1 -1 1 1 1 1 -1 1 -1 1 -1 1 1 1 -1 1 1 1 1 1 -1 -1 -1 1 -1 1 -1 1 -1 -1 1 -1 -1 -1 1 1 -1 1 -1 1 1 -1 -1 1 1 1 1 -1 -1 -1 1 -1 1 1 -1 1 -1 -1 -1 1 -1 -1 1 -1 1 1 1 1 
1 -1 1 -1 -1 -1 1 1 1 1 -1 1 -1 1 -1 1 1 -1 -1 -1 1 -1 -1 1 -1 -1 -1 -1 -1 1 -1 -1 -1 1 1 1 1 1 1 -1 1 1 -1 1 -1 -1 1 -1 1 -1 1 1 1 -1 1 -1 -1 -1 1 -1 -1 -1 1 -1 1 -1 1 1 1 1 -1 1 -1 1 -1 1 1 1 1 1 -1 -1 -1 -1 1 1 -1 -1 1 -1 -1 1 -1 -1 1 1 1 1 1 -1 1 1 -1 1 1 -1 -1 -1 1 1 -1 -1 -1 1 -1 -1 -1 1 1 1 -1 -1 -1 -1 1 1 -1 1 
-1 -1 -1 1 -1 -1 -1 -1 -1 1 -1 1 1 1 1 -1 1 1 -1 1 1 1 1 -1 1 -1 -1 1 -1 1 -1 -1 -1 -1 -1 1 -1 -1 -1 1 -1 -1 -1 -1 -1 1 -1 -1 1 1 1 -1 -1 -1 -1 1 -1 1 -1 1 1 -1 -1 -1 1 -1 -1 1 -1 -1 1 -1 1 1 -1 -1 1 1 1 1 1 -1 -1 -1 1 -1 -1 -1 1 -1 1 1 -1 1 1 1 -1 -1 1 -1 1 1 1 1 1 1 1 1 1 1 1 -1 -1 -1 1 -1 -1 1 -1 1 1 -1 1 1 1 -1 -1 -1 
-1 -1 1 1 -1 -1 -1 1 -1 1 -1 -1 -1 -1 -1 1 -1 -1 1 -1 -1 1 1 -1 1 -1 1 -1 -1 1 -1 1 -1 1 1 -1 -1 1 1 -1 -1 1 -1 1 1 1 -1 1 -1 1 -1 -1 -1 -1 1 -1 -1 -1 1 1 -1 1 1 1 -1 1 -1 1 -1 1 -1 1 -1 1 1 -1 1 -1 1 1 1 -1 -1 1 -1 -1 -1 1 -1 -1 -1 1 -1 -1 -1 1 1 1 1 1 -1 1 1 -1 1 -1 1 -1 1 1 -1 -1 1 1 -1 1 1 1 1 -1 -1 1 -1 -1 1 1 -1 1 