64 -64 64 392 12504
74 98 23 55 38 83 46 90 69 61 36 65 2 8 92 14 92 23 45 51 45 75 18 11 55 10 47 60 86 64 43 19 59 1 81 24 54 5 72 71 95 25 99 18 99 49 28 65 88 75 25 10 49 71 94 33 51 41 79 57 86 94 65 2 
87 54 99 7 7 87 9 38 58 74 48 55 32 70 77 33 50 89 22 1 97 74 86 42 80 87 42 38 69 19 86 66 61 58 12 75 32 97 83 44 67 15 61 37 2 10 57 39 61 24 30 20 85 78 56 16 98 64 54 22 41 44 64 11 
3 69 12 74 52 13 77 98 49 6 88 38 27 20 11 95 89 100 52 56 44 61 55 54 62 74 2 5 91 13 64 24 8 70 4 92 72 57 62 45 64 49 53 79 75 74 96 100 25 44 55 4 39 35 44 90 79 80 15 35 77 14 2 75 
38 59 83 67 10 80 84 67 51 37 46 92 88 27 11 50 17 94 30 2 57 77 18 55 30 29 31 42 54 51 80 9 49 91 17 7 72 81 53 65 9 89 95 47 76 58 51 95 79 44 93 41 31 67 12 92 84 75 77 37 16 4 51 86 
38 56 53 49 74 61 66 44 82 86 71 27 35 50 35 7 39 57 75 33 63 90 27 89 66 56 90 93 64 44 68 62 46 29 42 74 16 27 42 53 49 90 78 24 100 68 3 7 33 85 89 46 89 23 51 46 45 4 69 58 88 23 76 10 
98 8 72 50 7 35 60 22 64 91 31 27 88 75 86 87 75 55 88 21 16 63 59 97 44 24 88 74 25 55 15 22 45 85 8 81 4 76 48 11 71 97 60 30 52 88 32 9 93 83 6 78 34 40 17 41 54 81 80 62 28 6 25 83 
52 36 53 84 100 89 50 62 35 77 78 97 3 71 9 19 34 53 14 64 53 30 43 28 5 100 56 53 24 44 36 93 32 24 48 70 8 67 100 81 1 5 98 27 62 58 15 80 76 76 79 38 8 47 40 80 31 61 87 91 71 27 60 96 
90 4 7 5 78 92 63 20 80 34 53 35 74 82 87 3 69 27 90 94 81 66 35 97 46 60 7 32 77 64 43 51 35 82 67 64 26 60 10 15 80 30 23 94 13 75 3 60 51 94 86 18 53 46 53 22 77 27 18 71 6 92 46 64 
54 14 94 94 1 70 58 56 49 20 49 86 8 29 60 85 6 88 6 41 22 95 72 42 100 85 50 61 22 58 44 77 89 93 46 79 20 93 27 99 52 45 24 15 44 58 67 49 11 63 14 91 3 82 13 76 29 22 13 21 29 100 81 68 
79 38 92 41 74 84 48 52 83 87 73 19 26 57 1 41 58 18 69 67 76 31 59 40 50 37 1 95 21 18 95 58 34 22 79 1 95 6 88 94 100 4 91 7 84 92 9 90 51 18 24 81 47 20 72 33 44 17 96 16 74 13 21 32 
88 53 90 21 46 26 15 59 32 88 99 45 93 36 51 11 16 28 87 85 71 90 65 76 94 57 54 56 22 98 53 89 24 22 41 21 67 80 35 35 36 98 51 89 62 47 81 1 74 86 25 30 9 81 15 3 71 84 94 64 5 38 5 62 
81 66 17 15 92 90 85 97 15 16 62 94 51 20 97 52 46 17 71 95 63 61 4 77 16 49 70 12 19 88 78 53 9 50 87 21 17 92 76 34 81 83 48 69 100 23 2 47 57 52 66 52 54 95 62 63 69 16 68 78 85 94 79 43 
49 84 99 25 86 60 65 18 35 60 26 17 37 4 86 67 66 12 65 36 89 61 66 5 55 90 10 86 20 79 38 47 50 73 20 28 27 67 39 92 92 73 42 85 55 7 74 88 26 27 75 98 68 45 51 76 76 49 14 23 23 7 47 4 
34 71 14 85 90 28 83 29 81 38 6 17 16 33 81 29 67 16 29 82 39 5 64 72 51 52 49 9 76 81 31 45 39 59 25 21 94 12 39 90 6 74 95 51 60 95 77 60 42 87 22 23 17 75 77 68 40 100 3 90 7 76 33 33 
32 56 93 69 33 39 85 71 20 47 83 45 93 34 82 95 75 98 46 27 81 64 8 3 65 67 1 70 41 56 99 25 98 1 41 65 79 15 13 6 58 76 6 89 52 13 82 65 2 97 91 94 10 88 19 19 30 73 62 10 28 28 19 11 
54 60 86 34 80 45 55 93 85 52 33 38 15 47 93 95 69 72 35 64 81 14 72 3 9 81 43 76 47 61 69 40 40 48 43 83 29 93 56 7 90 97 3 2 56 33 1 59 51 84 66 41 47 16 43 80 36 94 64 98 50 63 82 7 
41 7 82 58 87 8 27 100 75 41 95 19 37 85 86 91 15 72 13 2 93 51 29 99 16 34 58 34 82 62 73 70 34 94 40 60 28 13 39 4 61 46 38 65 45 60 85 15 56 37 74 87 82 22 78 15 45 9 88 88 58 64 14 72 
77 57 74 62 63 85 84 11 94 21 7 70 35 82 15 93 50 97 55 27 57 61 61 42 83 43 84 32 71 42 96 49 94 26 2 42 71 67 22 12 84 32 8 23 64 1 88 79 66 59 6 14 72 31 68 99 97 36 61 75 89 10 77 6 
43 61 57 38 87 72 6 64 49 86 58 70 16 57 53 20 98 93 77 81 45 94 81 10 64 46 20 11 71 17 75 58 19 3 41 19 5 92 57 9 72 7 45 10 90 16 76 26 19 7 33 71 54 73 100 56 55 61 27 7 88 42 14 80 
85 16 18 48 84 46 22 41 93 80 51 2 2 6 54 31 61 80 3 33 89 23 16 15 66 33 73 26 87 91 65 49 55 67 18 49 29 35 96 77 5 80 96 48 24 65 34 41 97 33 58 88 48 82 43 4 23 28 83 27 12 17 8 23 
17 83 21 60 20 60 33 40 42 24 20 96 49 35 65 98 94 67 90 15 65 72 47 69 40 97 22 47 12 89 39 63 17 8 69 38 84 92 19 77 47 60 63 87 18 39 43 45 27 31 17 63 84 96 25 98 60 54 88 26 6 72 27 26 
49 83 42 43 48 65 96 48 48 94 13 1 84 87 56 87 25 64 98 100 71 99 97 98 96 54 40 99 95 1 27 47 3 83 49 57 21 92 19 89 82 86 47 4 56 38 68 70 62 61 71 89 47 65 7 27 14 65 9 68 17 27 79 78 
74 46 59 80 13 75 62 99 36 21 41 64 53 48 32 80 18 20 44 24 65 46 54 44 88 4 35 48 16 20 39 4 56 57 40 28 99 29 23 46 35 11 73 66 58 46 75 10 89 42 27 60 72 23 91 98 39 92 99 81 8 49 96 68 
45 46 20 10 92 80 24 41 50 29 82 30 39 99 50 9 91 93 25 46 56 74 17 1 7 76 74 23 77 10 100 29 97 70 34 68 54 31 71 38 81 85 14 48 11 52 83 15 71 89 85 54 74 80 72 65 92 69 25 76 11 35 43 47 
12 60 48 78 33 96 8 99 76 56 92 48 5 5 97 3 94 30 86 54 30 3 91 46 54 39 96 55 93 83 45 30 39 76 16 44 42 32 40 75 67 85 41 75 22 52 80 22 32 45 52 77 60 89 40 73 16 67 49 37 91 85 61 65 
94 7 44 8 32 39 17 21 84 47 80 12 33 45 58 77 40 36 18 52 29 20 76 70 82 31 80 60 25 2 10 83 47 36 2 55 63 62 15 23 21 90 25 80 89 57 44 50 98 85 79 7 46 59 57 30 87 1 1 40 65 83 85 44 
18 78 44 40 83 60 42 23 65 90 75 44 27 62 81 1 2 71 45 62 88 34 82 62 76 62 16 62 89 50 12 94 43 85 69 64 34 25 56 18 1 40 21 91 54 43 24 56 94 38 99 34 52 46 47 50 50 70 37 96 70 82 54 47 
27 55 27 64 74 23 12 34 28 83 34 6 82 69 50 87 24 81 81 8 76 85 42 63 8 41 96 44 13 87 17 30 60 8 90 86 83 79 42 16 80 65 88 9 8 38 76 30 62 74 61 89 57 13 70 95 80 49 59 6 50 78 50 19 
86 67 1 43 17 89 69 24 36 54 32 29 54 65 73 15 75 18 66 8 28 48 50 93 78 16 70 30 82 91 91 54 67 99 64 12 55 1 84 6 30 47 65 91 28 51 69 62 56 75 100 46 81 44 13 5 26 8 79 6 75 54 53 7 
34 23 56 82 71 6 86 48 84 92 49 25 54 11 70 97 36 98 15 97 67 30 41 7 42 29 40 87 18 45 8 20 61 44 51 14 80 9 71 51 29 89 59 44 58 11 35 97 10 48 56 37 62 3 53 47 20 16 86 16 30 48 62 73 
7 19 55 37 28 49 100 60 96 13 95 86 16 69 6 27 72 48 68 17 12 67 41 17 98 34 46 12 37 9 86 93 11 1 55 63 64 70 98 9 67 9 15 89 45 37 13 3 19 1 40 9 48 53 96 72 56 52 20 98 16 45 14 57 
45 73 69 3 53 77 89 84 39 43 97 24 10 40 20 89 71 66 97 40 10 79 60 72 27 80 82 47 80 97 52 21 7 91 76 89 5 70 73 78 32 39 26 89 37 93 60 31 96 17 23 54 64 22 97 94 30 48 18 71 3 54 40 17 
42 68 18 4 90 76 80 11 56 53 52 76 6 86 100 90 87 52 51 71 50 32 58 94 84 70 90 17 89 70 64 46 59 44 81 66 28 100 90 60 92 24 26 77 65 41 20 52 67 22 86 92 86 26 85 5 23 22 22 9 67 66 96 1 
90 91 7 90 99 77 1 32 49 32 71 62 88 81 61 11 48 87 29 41 59 64 90 22 24 27 54 10 30 91 16 82 33 94 64 63 43 88 94 22 36 88 70 61 59 95 8 32 16 14 61 75 45 96 13 74 71 31 46 39 91 34 65 47 
80 88 81 9 63 37 6 5 50 69 13 99 4 76 75 22 82 73 39 25 50 8 9 13 22 79 21 82 27 31 28 78 76 36 88 84 76 79 12 24 76 17 92 9 37 66 12 84 69 18 51 42 77 7 2 39 51 66 15 14 92 34 78 38 
70 44 92 22 22 48 53 39 45 44 27 68 12 33 28 22 33 18 16 98 37 58 8 2 27 73 65 56 72 41 51 1 38 10 18 71 14 78 96 46 69 50 5 11 51 38 92 51 54 79 18 45 8 28 32 63 12 30 46 89 100 7 2 24 
44 73 97 55 31 81 65 6 21 97 56 41 67 97 97 1 50 69 71 99 56 40 85 57 19 76 36 29 14 62 75 45 60 2 97 7 52 50 76 81 86 91 37 24 85 92 70 78 76 16 23 41 21 96 32 58 91 37 23 13 43 17 96 93 
69 44 42 6 59 25 51 34 78 40 42 63 18 54 87 17 51 81 22 64 89 16 44 35 16 85 18 84 51 74 72 33 34 16 89 82 1 67 69 75 81 48 12 10 63 39 26 73 39 86 55 43 50 50 86 57 5 36 46 90 38 10 17 2 
20 62 74 29 73 59 45 41 14 40 17 33 80 54 96 5 56 91 83 48 71 37 2 7 64 94 26 18 79 24 98 62 14 24 2 52 61 25 59 13 74 52 10 68 90 60 56 49 53 41 100 1 36 73 41 82 41 87 25 100 93 33 40 84 
10 2 38 7 67 35 62 12 59 81 39 4 43 66 34 34 41 91 83 22 94 9 92 98 1 95 22 36 5 65 16 14 23 12 46 38 80 74 61 73 59 85 47 80 75 16 17 6 11 89 67 79 37 70 15 77 25 54 74 83 8 63 10 80 
91 35 81 38 70 61 82 57 91 33 17 9 18 24 37 85 89 60 63 86 79 55 16 38 42 81 61 100 58 38 23 55 75 5 19 71 20 37 86 77 98 83 50 98 30 79 25 93 38 6 87 22 14 20 86 57 15 72 84 50 67 82 72 47 
44 89 32 56 46 32 33 90 87 46 42 33 30 11 34 86 48 69 82 35 72 100 14 7 53 64 97 18 29 41 47 76 73 18 16 12 66 11 38 6 83 90 81 31 1 39 89 44 28 6 12 91 35 72 92 96 39 83 43 62 22 67 27 23 
64 23 77 64 10 48 74 10 53 96 47 42 14 1 29 19 15 75 12 65 3 97 91 97 91 54 32 11 69 69 18 95 17 57 34 92 87 43 66 35 61 90 68 37 53 55 67 45 51 83 42 41 79 78 6 6 37 88 27 96 79 65 17 53 
43 47 5 56 93 69 95 26 41 47 19 26 82 32 88 5 17 13 96 35 43 39 60 8 10 11 36 78 2 32 83 31 74 40 80 80 71 50 19 35 17 5 100 79 12 35 95 19 84 34 55 56 24 72 34 80 78 8 31 86 21 93 70 54 
5 68 72 91 64 55 76 76 26 36 94 66 72 98 47 17 23 23 1 68 77 42 38 10 81 14 20 26 17 2 81 60 25 84 88 8 76 42 71 37 27 8 12 81 13 29 34 3 68 56 26 90 67 82 66 87 18 16 15 53 97 54 87 63 
72 14 54 24 63 53 81 38 47 16 41 49 38 93 69 73 21 6 12 9 6 74 36 64 82 50 36 66 27 36 64 47 26 69 51 7 13 15 26 6 19 6 93 32 97 46 2 74 56 33 50 24 57 58 80 15 20 83 8 59 68 47 5 17 
39 9 47 88 14 57 60 81 47 70 8 97 82 65 63 43 87 55 79 92 78 61 52 43 27 60 41 29 92 6 53 58 19 56 95 97 5 43 18 14 54 15 42 93 42 56 60 55 75 3 62 15 75 44 87 93 52 12 31 13 15 69 44 62 
42 93 58 37 71 15 62 68 38 7 42 41 12 40 73 4 43 1 23 60 93 90 66 75 32 96 56 79 17 3 77 84 20 30 93 93 99 24 31 1 9 40 75 63 77 10 14 66 71 67 18 61 21 74 86 72 52 98 47 27 88 86 66 66 
39 31 19 57 1 59 54 28 76 73 88 92 74 83 76 57 21 38 46 69 11 30 86 70 75 8 57 86 7 91 97 68 84 29 44 81 79 15 10 62 69 21 57 11 5 13 51 66 64 14 59 1 86 91 65 79 23 42 50 5 27 59 79 7 
27 80 66 48 39 1 19 46 34 53 63 71 62 23 21 73 82 21 84 79 67 21 14 8 41 26 68 37 40 5 57 8 76 81 26 82 61 31 100 30 26 99 34 11 89 12 29 74 68 73 22 39 5 54 14 85 81 9 93 29 18 26 68 70 
98 74 39 82 20 41 70 40 70 80 33 8 46 37 90 32 76 28 46 92 35 72 21 35 48 14 47 97 28 66 40 14 6 43 98 48 12 7 38 30 87 80 5 72 3 76 89 26 92 78 33 19 49 62 62 77 94 83 75 51 61 19 83 6 
40 76 88 98 20 77 61 33 54 47 70 40 37 16 20 11 90 94 42 74 74 65 51 55 65 44 63 22 75 43 76 23 48 57 76 45 28 50 69 53 35 38 36 70 1 47 49 56 34 12 54 45 90 1 51 66 42 3 22 98 4 62 67 42 
62 37 43 93 64 100 34 23 98 74 94 66 98 14 46 41 53 51 20 23 7 58 92 95 27 74 31 27 53 70 19 49 1 86 79 95 16 84 43 53 35 77 2 32 35 6 19 93 63 30 18 70 70 62 99 85 89 97 89 35 88 9 80 4 
33 85 29 61 89 20 18 15 6 21 48 96 13 43 12 86 58 27 56 74 93 36 79 19 27 18 60 29 6 40 21 12 62 25 87 98 86 46 29 60 35 10 55 31 10 6 33 42 34 99 19 75 70 6 81 99 64 66 18 81 100 35 71 86 
25 65 16 26 54 95 99 98 27 74 92 54 62 49 52 65 38 46 71 97 28 28 41 64 87 50 72 40 19 56 3 39 35 65 96 88 34 87 32 32 42 37 60 30 61 100 9 23 11 42 40 41 22 90 91 100 78 61 47 47 75 9 100 28 
79 21 99 9 50 39 77 84 10 51 95 34 86 90 13 52 87 6 24 43 97 65 37 70 20 15 97 88 8 77 24 95 70 25 47 58 47 34 13 83 51 64 33 73 28 10 89 89 82 34 95 21 53 15 62 93 93 45 75 14 58 83 2 98 
53 90 56 52 16 42 13 38 58 55 86 76 13 1 70 3 17 79 60 5 24 13 19 21 74 80 77 100 99 15 20 20 99 7 70 19 66 53 23 54 87 40 29 34 83 97 96 91 31 39 49 27 44 93 37 95 53 17 5 57 38 47 12 37 
50 30 18 93 2 81 41 65 17 88 48 27 27 92 99 4 29 35 70 5 76 20 81 4 81 43 4 62 58 46 24 39 5 57 23 22 99 94 75 64 26 31 55 57 38 65 85 5 27 97 52 24 14 41 9 96 79 19 52 42 67 87 90 3 
51 79 35 12 51 57 33 27 41 60 47 44 50 23 6 62 72 86 67 45 17 96 99 8 10 21 18 96 44 48 98 76 58 8 34 82 42 92 86 74 11 46 32 7 15 33 81 1 26 86 76 42 35 66 52 90 31 51 46 94 3 55 76 96 
70 9 38 72 97 99 11 53 65 50 95 60 46 46 92 40 36 61 3 14 14 81 85 98 39 4 25 42 47 43 27 86 42 9 48 61 4 30 96 63 8 80 16 80 79 10 3 69 94 69 2 99 51 27 96 3 63 1 76 29 55 9 34 11 
81 95 5 13 61 98 16 60 13 6 64 21 90 70 42 41 4 85 25 19 36 50 55 39 40 54 94 4 26 4 49 81 67 73 76 81 40 82 7 4 9 16 39 90 66 68 62 1 96 82 19 14 30 12 60 97 39 5 80 67 69 71 23 52 
91 69 14 47 22 3 58 6 84 34 87 59 53 90 7 100 57 64 78 46 49 16 29 41 75 59 6 78 6 61 75 54 74 34 50 66 42 92 44 73 99 53 70 92 30 81 61 3 40 100 47 31 65 44 91 31 46 63 84 43 24 99 33 80 
84 57 14 75 79 100 73 37 11 20 55 92 28 55 86 83 10 47 17 42 45 23 22 23 66 22 84 95 43 77 53 23 16 55 88 7 95 27 13 34 83 34 43 82 67 71 50 62 42 87 87 71 22 51 98 100 83 55 25 35 82 39 79 86 
50 37 94 59 43 76 5 56 83 51 28 74 5 4 67 82 75 36 87 18 80 13 21 74 70 38 99 55 64 16 3 86 87 17 19 43 75 1 62 76 48 31 27 13 20 64 62 61 95 71 66 75 17 22 84 34 86 45 68 51 65 78 32 65 
1 -1 1 1 -1 -1 1 -1 -1 1 -1 -1 -1 1 -1 -1 -1 -1 -1 -1 1 -1 1 1 -1 -1 1 1 1 1 -1 -1 -1 1 -1 -1 1 -1 -1 -1 1 -1 1 -1 -1 1 -1 -1 1 1 -1 1 1 1 -1 1 1 1 -1 -1 1 -1 -1 1 
-1 1 -1 1 -1 -1 -1 1 1 -1 -1 1 1 1 -1 1 1 1 1 -1 1 1 -1 -1 1 -1 1 -1 -1 1 1 1 1 1 1 -1 1 1 -1 1 -1 -1 -1 -1 1 1 -1 -1 -1 1 1 -1 -1 1 -1 1 -1 -1 1 -1 1 1 -1 1 
1 -1 -1 1 1 1 -1 -1 1 -1 1 -1 -1 1 1 1 -1 1 -1 -1 1 -1 -1 1 -1 -1 -1 1 -1 1 1 1 -1 -1 1 -1 1 -1 -1 -1 -1 1 -1 -1 -1 -1 -1 -1 1 -1 -1 1 -1 1 1 1 -1 1 1 -1 -1 -1 1 1 
1 1 1 1 -1 1 1 -1 -1 -1 -1 1 -1 1 -1 -1 -1 1 1 1 -1 1 1 -1 1 -1 1 1 -1 1 -1 -1 1 -1 1 -1 1 1 -1 -1 1 -1 -1 1 -1 -1 1 1 -1 1 1 1 -1 1 -1 -1 -1 -1 1 -1 -1 -1 -1 1 
-1 -1 1 -1 -1 1 1 1 -1 -1 -1 1 -1 1 -1 1 -1 1 1 -1 -1 -1 1 -1 -1 1 1 -1 -1 1 -1 -1 -1 1 -1 1 1 -1 1 1 1 1 1 1 -1 -1 -1 -1 -1 1 -1 -1 1 -1 1 -1 1 1 1 1 1 -1 -1 1 
-1 -1 1 1 1 1 -1 1 1 -1 -1 1 1 -1 1 1 1 1 -1 1 1 -1 -1 1 -1 -1 -1 1 1 1 1 1 -1 1 1 1 1 -1 1 1 1 1 1 -1 -1 1 1 1 -1 1 -1 -1 -1 1 -1 1 -1 1 -1 1 1 -1 -1 1 
1 -1 -1 1 1 -1 1 -1 -1 1 1 1 1 1 -1 1 1 -1 1 1 -1 -1 1 1 -1 -1 -1 -1 -1 -1 1 1 1 1 1 -1 -1 -1 -1 1 -1 -1 1 -1 1 -1 -1 1 1 1 1 1 -1 -1 1 -1 -1 1 1 -1 1 -1 -1 -1 
-1 1 -1 -1 1 1 -1 1 1 -1 1 1 -1 1 -1 -1 1 1 1 1 -1 -1 -1 1 1 1 -1 -1 1 1 1 1 -1 -1 -1 1 1 1 -1 1 1 1 1 -1 -1 1 -1 1 -1 -1 1 1 -1 -1 -1 -1 1 1 -1 1 1 1 -1 1 
-1 1 1 -1 -1 1 -1 1 1 -1 1 -1 -1 1 1 -1 1 -1 -1 -1 1 -1 -1 1 1 -1 1 -1 1 1 1 -1 -1 1 1 1 -1 1 1 1 1 -1 -1 1 -1 1 -1 1 -1 -1 1 -1 1 1 -1 1 -1 -1 -1 1 1 1 -1 1 
1 -1 -1 -1 -1 -1 1 -1 -1 -1 1 -1 1 -1 1 -1 1 1 1 -1 1 -1 -1 1 -1 1 -1 -1 -1 1 -1 1 1 1 -1 1 -1 1 1 -1 1 -1 1 -1 1 1 -1 1 1 -1 -1 1 1 -1 1 -1 -1 -1 -1 1 1 -1 1 -1 
-1 -1 1 -1 -1 -1 1 1 1 1 1 -1 -1 -1 1 1 -1 1 1 -1 -1 1 1 1 1 -1 1 1 1 -1 -1 -1 -1 -1 1 1 -1 1 1 1 1 1 -1 1 1 1 1 1 -1 -1 -1 1 1 1 -1 -1 -1 1 -1 -1 -1 1 -1 1 
-1 1 -1 1 1 1 1 1 -1 -1 -1 1 -1 -1 -1 1 1 1 1 -1 -1 -1 -1 1 1 1 -1 -1 1 1 -1 1 -1 -1 -1 1 1 -1 -1 -1 -1 -1 -1 -1 -1 -1 1 1 -1 -1 1 -1 -1 -1 -1 1 1 -1 -1 1 -1 -1 -1 -1 
-1 1 -1 -1 -1 1 1 -1 -1 1 -1 -1 1 1 1 -1 -1 -1 -1 -1 1 1 -1 -1 -1 -1 -1 -1 -1 1 1 -1 -1 1 -1 1 -1 1 -1 1 -1 1 -1 1 1 1 -1 1 1 -1 -1 1 1 1 -1 1 -1 1 1 -1 1 -1 -1 1 
1 1 1 1 1 -1 1 1 1 -1 -1 -1 1 1 -1 -1 -1 1 1 -1 1 1 1 1 1 -1 -1 1 1 1 -1 -1 -1 -1 1 -1 -1 1 1 1 1 1 1 -1 -1 -1 -1 -1 -1 -1 1 -1 1 -1 1 1 -1 1 1 1 -1 -1 1 1 
-1 -1 1 -1 -1 1 -1 -1 1 1 1 -1 1 -1 -1 1 -1 -1 -1 -1 1 1 1 1 1 -1 1 -1 1 -1 1 -1 -1 1 1 -1 1 1 1 -1 -1 1 -1 1 1 1 -1 -1 1 1 1 1 -1 1 -1 1 -1 -1 1 1 1 1 1 1 
-1 1 1 -1 1 1 1 -1 -1 -1 1 1 -1 -1 1 -1 1 -1 -1 -1 1 1 -1 1 1 1 1 1 1 1 1 -1 1 1 1 1 1 -1 1 1 -1 -1 -1 1 1 1 1 -1 -1 -1 -1 1 -1 1 -1 1 1 1 -1 -1 -1 -1 -1 1 
-1 1 -1 -1 -1 1 1 1 1 1 -1 1 -1 -1 -1 1 1 -1 -1 -1 -1 -1 -1 1 -1 -1 1 -1 -1 1 -1 1 1 -1 1 1 1 -1 1 1 1 -1 1 1 1 -1 1 -1 1 1 -1 -1 1 -1 1 -1 1 1 1 -1 1 -1 1 1 
-1 1 1 1 1 1 -1 1 -1 1 1 1 -1 1 -1 -1 -1 -1 1 1 -1 -1 -1 -1 1 -1 -1 1 -1 1 1 -1 1 1 -1 -1 1 -1 -1 1 1 -1 -1 1 -1 -1 -1 -1 -1 1 1 -1 -1 1 -1 1 1 -1 1 -1 1 -1 -1 -1 
-1 1 -1 1 1 -1 1 1 -1 1 1 1 -1 1 -1 -1 -1 1 1 1 -1 1 -1 1 -1 -1 1 1 1 1 -1 -1 1 1 1 1 -1 1 -1 1 -1 -1 -1 1 -1 -1 1 1 -1 -1 1 1 1 1 1 -1 -1 -1 1 1 -1 -1 -1 1 
-1 -1 -1 1 -1 1 1 1 -1 -1 -1 -1 -1 -1 -1 -1 -1 1 1 -1 1 -1 -1 -1 1 1 -1 1 1 1 1 -1 1 -1 1 1 -1 1 -1 -1 1 1 1 -1 1 1 1 1 -1 -1 -1 1 -1 1 1 -1 -1 1 1 -1 -1 1 1 1 
1 1 1 -1 -1 1 -1 -1 1 1 -1 -1 1 1 1 1 -1 -1 -1 1 -1 1 -1 -1 1 -1 1 1 1 1 1 1 1 -1 1 1 -1 -1 1 -1 -1 -1 -1 -1 -1 -1 -1 -1 1 -1 -1 1 1 1 1 -1 -1 1 -1 -1 1 1 -1 -1 
-1 1 -1 1 -1 -1 -1 -1 -1 -1 1 -1 1 1 1 1 -1 -1 1 -1 1 1 -1 -1 1 1 -1 -1 -1 -1 -1 -1 1 1 1 -1 -1 1 1 -1 -1 -1 -1 -1 -1 -1 -1 -1 1 1 -1 -1 -1 -1 -1 1 1 1 -1 1 -1 1 1 -1 
1 -1 -1 1 1 -1 1 -1 -1 -1 1 -1 -1 1 1 -1 -1 -1 -1 -1 -1 -1 -1 -1 -1 -1 1 -1 1 -1 -1 -1 1 -1 1 1 1 -1 -1 1 -1 -1 -1 -1 -1 1 -1 -1 -1 -1 -1 1 -1 -1 -1 1 -1 -1 -1 1 1 1 -1 -1 
1 -1 1 -1 -1 1 1 1 1 1 1 1 -1 1 1 1 1 -1 1 -1 -1 -1 -1 -1 -1 -1 -1 1 1 1 -1 -1 -1 -1 1 1 -1 1 1 -1 1 1 1 -1 -1 -1 -1 1 -1 1 -1 -1 -1 -1 -1 1 1 -1 1 -1 1 1 1 1 
-1 1 -1 1 -1 -1 -1 1 1 -1 1 1 -1 1 1 1 -1 1 -1 1 1 1 -1 -1 1 -1 1 -1 1 1 -1 -1 1 1 1 1 1 1 -1 -1 1 -1 1 1 -1 -1 -1 1 1 -1 1 1 1 1 -1 1 -1 -1 -1 -1 -1 1 -1 -1 
-1 -1 -1 -1 1 -1 -1 1 -1 1 -1 1 -1 -1 -1 1 -1 -1 -1 1 -1 1 -1 -1 -1 -1 -1 1 -1 -1 1 -1 1 -1 -1 -1 1 1 1 -1 1 -1 -1 -1 -1 1 1 1 -1 -1 1 -1 1 1 1 1 -1 1 1 1 1 -1 -1 -1 
1 1 -1 1 1 -1 -1 -1 1 -1 1 -1 -1 -1 1 1 1 -1 1 -1 1 -1 1 -1 1 -1 -1 -1 1 1 1 -1 1 -1 1 -1 -1 -1 1 -1 -1 1 -1 -1 1 -1 -1 -1 -1 1 1 1 1 1 1 -1 -1 1 -1 -1 1 1 -1 -1 
1 -1 1 1 -1 1 -1 -1 -1 -1 1 -1 -1 1 -1 1 -1 1 1 1 1 -1 -1 1 -1 1 -1 -1 -1 1 -1 1 -1 1 1 1 -1 1 1 -1 1 1 1 1 1 -1 1 -1 1 1 1 1 1 -1 -1 1 -1 -1 1 -1 -1 -1 -1 1 
1 -1 -1 -1 -1 1 -1 1 1 -1 1 1 -1 1 1 1 -1 -1 1 1 1 -1 1 1 1 -1 1 -1 1 1 1 -1 -1 -1 -1 1 -1 1 -1 1 -1 -1 1 -1 -1 1 1 1 1 -1 -1 -1 1 1 1 1 1 1 -1 1 1 -1 1 -1 
1 1 1 1 1 1 -1 1 1 1 -1 1 1 1 -1 1 1 1 1 1 1 -1 -1 1 1 -1 1 1 1 -1 1 -1 1 -1 1 -1 1 -1 -1 -1 -1 1 1 -1 1 -1 1 1 -1 1 -1 1 -1 1 -1 1 -1 -1 -1 -1 1 1 -1 -1 
-1 1 1 -1 -1 1 1 1 1 -1 -1 -1 1 -1 1 1 -1 1 -1 1 1 -1 -1 -1 -1 1 1 -1 1 1 -1 -1 1 -1 -1 -1 -1 1 1 1 1 1 -1 1 1 -1 1 -1 -1 1 1 1 -1 1 1 -1 1 -1 -1 1 1 1 -1 -1 
-1 1 1 -1 -1 1 1 1 -1 1 -1 1 -1 -1 -1 -1 1 -1 -1 -1 1 -1 -1 -1 -1 -1 -1 1 -1 -1 -1 1 1 1 -1 1 1 1 1 1 -1 -1 -1 -1 -1 -1 -1 -1 -1 -1 1 1 1 1 1 1 1 -1 1 1 -1 1 1 -1 
-1 1 -1 1 -1 -1 1 -1 -1 1 -1 -1 -1 -1 -1 1 1 1 1 1 1 1 1 -1 1 1 1 -1 -1 1 1 1 1 -1 1 -1 1 -1 1 1 -1 1 1 -1 1 1 1 -1 1 1 1 1 1 -1 1 1 1 -1 1 -1 1 -1 -1 -1 
1 1 -1 -1 1 1 1 -1 1 1 -1 -1 1 -1 1 1 -1 1 1 -1 -1 1 -1 -1 1 -1 -1 1 -1 -1 -1 1 -1 -1 -1 -1 1 1 1 1 -1 1 1 -1 -1 -1 1 1 -1 -1 1 1 -1 -1 -1 -1 1 -1 -1 -1 1 1 1 -1 
-1 1 1 1 -1 1 1 -1 1 -1 1 -1 -1 1 1 1 1 -1 1 1 1 1 1 1 1 -1 1 1 -1 1 -1 -1 1 -1 -1 1 -1 -1 1 1 1 -1 1 -1 -1 1 1 -1 1 1 1 -1 1 -1 1 1 -1 -1 1 -1 1 -1 -1 -1 
-1 -1 -1 -1 1 1 -1 1 1 1 1 1 1 -1 -1 1 1 -1 1 1 1 -1 1 1 1 -1 -1 1 1 -1 -1 1 -1 -1 1 -1 1 -1 1 1 1 -1 -1 -1 -1 1 -1 -1 -1 -1 1 1 -1 -1 -1 1 1 1 1 1 1 -1 1 1 
1 1 1 1 1 1 -1 1 -1 -1 -1 1 -1 -1 1 1 1 1 -1 -1 -1 -1 1 -1 1 1 -1 -1 -1 1 -1 1 1 1 -1 1 -1 -1 1 1 -1 -1 -1 -1 -1 -1 1 -1 1 -1 -1 1 -1 -1 -1 -1 1 -1 1 1 1 -1 -1 1 
-1 1 -1 1 -1 -1 -1 1 1 1 1 -1 1 1 1 -1 -1 -1 1 1 -1 1 -1 1 1 1 -1 1 1 -1 1 1 -1 1 -1 -1 -1 -1 1 1 -1 -1 -1 1 -1 1 1 1 1 -1 1 1 1 1 1 1 -1 1 1 1 -1 1 1 -1 
-1 -1 -1 -1 1 1 -1 -1 1 1 1 -1 -1 1 1 1 1 -1 -1 -1 1 1 -1 1 -1 1 1 1 -1 -1 1 1 1 1 1 1 1 1 -1 -1 1 -1 -1 1 1 1 1 -1 1 1 1 -1 1 1 1 -1 -1 1 -1 1 1 -1 1 1 
-1 1 -1 -1 1 1 1 1 1 -1 1 -1 1 1 -1 1 1 1 1 -1 -1 -1 1 -1 -1 -1 -1 -1 1 -1 1 1 1 1 1 1 1 1 -1 -1 1 1 -1 1 1 -1 -1 -1 1 -1 1 -1 -1 -1 1 -1 -1 -1 1 -1 -1 1 1 -1 
1 -1 -1 1 1 1 -1 1 1 1 1 -1 -1 1 -1 -1 1 1 -1 1 -1 -1 -1 1 1 1 -1 1 -1 -1 1 -1 -1 -1 1 1 -1 -1 1 1 -1 1 -1 1 1 -1 -1 1 -1 1 1 1 1 -1 -1 -1 1 1 -1 1 -1 -1 1 1 
-1 -1 1 -1 1 1 -1 1 -1 -1 1 -1 1 1 1 -1 -1 -1 -1 1 -1 -1 -1 1 -1 -1 1 1 -1 1 1 -1 1 1 -1 -1 -1 -1 -1 1 1 1 1 1 1 1 1 1 -1 -1 -1 -1 -1 -1 -1 -1 -1 -1 -1 -1 1 1 1 -1 
1 -1 -1 -1 1 1 1 1 -1 1 -1 -1 -1 1 -1 -1 1 -1 -1 1 -1 -1 -1 1 1 -1 -1 1 1 1 -1 -1 1 1 1 -1 -1 -1 -1 -1 -1 1 -1 1 -1 1 -1 1 1 1 1 1 1 1 1 -1 1 1 -1 -1 -1 1 1 1 
-1 -1 -1 1 1 -1 -1 -1 1 -1 1 -1 1 -1 1 1 1 1 1 -1 -1 -1 -1 -1 1 -1 -1 1 -1 -1 1 -1 -1 -1 -1 -1 -1 1 1 1 1 1 1 1 -1 -1 1 1 -1 -1 1 1 -1 -1 -1 -1 1 1 -1 -1 1 1 1 -1 
-1 1 -1 -1 -1 -1 1 -1 -1 1 1 -1 1 -1 1 1 1 -1 -1 1 -1 -1 -1 -1 -1 -1 1 1 -1 1 1 -1 1 -1 -1 -1 -1 -1 1 1 1 1 -1 -1 -1 -1 1 -1 -1 1 1 -1 1 -1 1 -1 1 -1 1 -1 1 1 1 1 
1 1 -1 -1 -1 1 -1 1 1 1 1 -1 1 -1 1 1 -1 -1 -1 1 -1 -1 1 -1 -1 1 -1 -1 1 -1 -1 -1 1 -1 1 1 -1 1 1 -1 -1 1 1 -1 -1 -1 1 -1 1 -1 1 -1 1 1 -1 1 -1 -1 -1 -1 1 1 1 -1 
-1 -1 -1 1 -1 1 -1 -1 -1 -1 1 1 -1 -1 -1 1 1 -1 1 1 -1 -1 -1 -1 -1 1 -1 1 1 1 1 -1 1 1 1 -1 1 1 1 -1 -1 1 -1 1 1 1 1 -1 1 1 -1 -1 -1 -1 -1 -1 -1 1 -1 -1 1 1 1 1 
-1 -1 -1 1 -1 1 1 1 1 1 1 1 1 -1 -1 -1 -1 -1 1 1 -1 -1 -1 1 1 1 -1 -1 1 1 -1 -1 -1 1 -1 -1 -1 1 -1 -1 1 1 1 1 -1 -1 -1 1 -1 -1 1 -1 1 1 1 -1 -1 1 -1 1 -1 1 1 -1 
1 -1 1 -1 -1 -1 1 -1 -1 1 -1 -1 1 -1 1 -1 1 -1 -1 -1 1 1 -1 -1 1 -1 -1 1 1 -1 -1 -1 1 -1 1 -1 1 1 1 1 -1 -1 1 -1 -1 1 1 -1 -1 -1 1 1 -1 -1 -1 1 1 1 1 -1 1 1 -1 1 
1 1 -1 1 1 1 1 -1 -1 -1 -1 -1 -1 -1 1 -1 1 1 -1 -1 -1 1 -1 1 -1 -1 1 1 -1 1 1 -1 1 -1 1 -1 -1 -1 1 -1 1 -1 1 -1 1 -1 1 -1 -1 1 -1 1 1 -1 1 1 1 1 -1 -1 -1 1 -1 -1 
-1 1 -1 1 -1 -1 1 1 1 -1 -1 1 -1 1 1 -1 -1 1 1 -1 -1 -1 -1 -1 1 1 1 1 -1 -1 1 1 1 1 1 1 -1 1 1 1 1 -1 1 1 1 1 -1 1 1 -1 -1 -1 -1 -1 1 -1 -1 1 1 1 -1 1 -1 -1 
1 -1 1 1 -1 -1 1 1 -1 1 1 -1 1 -1 1 1 -1 -1 1 1 1 -1 1 -1 1 -1 1 1 -1 1 1 1 1 1 -1 1 1 1 -1 -1 1 -1 1 1 -1 -1 -1 -1 1 1 -1 -1 -1 1 -1 -1 1 1 -1 -1 -1 -1 1 1 
1 -1 -1 -1 1 -1 -1 -1 1 1 1 -1 1 1 -1 -1 1 -1 1 -1 1 -1 -1 -1 1 1 1 1 1 -1 -1 1 1 -1 1 -1 -1 1 1 -1 1 -1 1 -1 1 1 -1 1 -1 1 -1 -1 -1 -1 -1 1 1 -1 1 -1 -1 1 -1 -1 
1 1 1 1 -1 1 -1 -1 1 -1 1 -1 1 -1 1 1 -1 1 1 1 1 -1 -1 -1 1 1 1 -1 1 1 1 1 -1 -1 -1 -1 -1 1 1 -1 -1 -1 1 -1 -1 1 -1 1 -1 -1 -1 1 -1 1 -1 -1 1 1 -1 1 1 1 -1 -1 
-1 -1 1 -1 1 -1 1 -1 -1 1 -1 -1 -1 1 -1 -1 1 -1 1 1 1 -1 -1 -1 -1 1 1 -1 1 -1 1 1 1 -1 1 -1 -1 1 1 1 -1 -1 1 -1 1 -1 -1 1 -1 1 1 -1 -1 -1 1 -1 -1 -1 1 -1 1 1 1 1 
1 1 1 -1 -1 1 -1 -1 1 -1 -1 1 1 1 1 1 -1 1 -1 -1 -1 1 1 1 1 1 -1 1 1 1 -1 1 1 -1 1 1 -1 1 -1 -1 -1 -1 -1 -1 -1 1 -1 -1 1 1 -1 -1 1 -1 -1 -1 -1 1 -1 1 1 -1 -1 1 
1 -1 -1 -1 1 -1 -1 1 -1 -1 -1 1 -1 -1 -1 1 1 1 -1 -1 -1 1 -1 1 -1 -1 -1 -1 1 -1 1 1 1 1 -1 1 1 -1 -1 -1 1 -1 1 1 1 -1 -1 -1 1 1 -1 1 1 1 -1 -1 1 -1 -1 1 -1 1 1 1 
1 -1 1 -1 1 1 1 1 -1 -1 1 -1 1 1 -1 1 1 -1 -1 1 1 1 -1 -1 -1 1 1 -1 1 -1 -1 -1 -1 -1 -1 1 -1 1 1 -1 1 -1 1 1 -1 -1 1 1 1 1 1 1 -1 1 -1 1 -1 -1 1 1 -1 -1 -1 -1 
-1 1 1 1 1 -1 1 -1 -1 -1 -1 -1 1 1 1 -1 1 1 1 1 -1 -1 -1 1 -1 1 -1 1 -1 -1 -1 1 1 -1 1 1 1 1 -1 1 -1 -1 -1 -1 1 -1 -1 -1 1 -1 1 -1 1 -1 1 -1 -1 1 1 -1 1 1 1 1 
-1 -1 -1 -1 1 1 -1 1 1 1 -1 1 -1 1 1 -1 -1 -1 1 -1 -1 1 1 -1 -1 1 -1 -1 1 -1 1 1 -1 -1 -1 1 1 1 1 -1 1 -1 -1 -1 -1 -1 -1 1 -1 -1 1 -1 -1 1 -1 1 1 1 -1 -1 -1 -1 1 -1 
1 1 -1 -1 1 1 1 1 1 1 -1 -1 1 -1 1 -1 1 1 -1 -1 1 -1 1 1 -1 1 1 -1 1 1 1 -1 1 1 1 1 1 -1 1 -1 -1 1 -1 1 1 1 1 -1 1 -1 -1 -1 -1 1 1 1 -1 -1 1 -1 -1 -1 -1 -1 
-1 1 -1 -1 -1 -1 -1 1 1 -1 1 -1 -1 -1 1 -1 -1 -1 -1 1 1 1 1 1 1 -1 1 -1 -1 1 1 1 -1 1 -1 -1 -1 1 -1 1 -1 1 1 1 1 1 1 1 1 1 1 -1 1 1 1 -1 1 -1 1 -1 -1 -1 -1 -1 
-1 -1 1 -1 -1 -1 -1 -1 -1 1 -1 -1 -1 1 1 -1 1 -1 -1 1 -1 1 -1 1 -1 -1 -1 -1 1 -1 -1 1 -1 1 -1 1 -1 1 1 1 1 1 1 1 1 1 1 1 -1 -1 -1 1 -1 -1 1 -1 1 -1 1 1 -1 -1 -1 -1 
1 1 1 1 1 1 -1 1 1 -1 1 -1 1 1 1 1 1 -1 1 1 -1 -1 -1 1 -1 -1 -1 1 -1 -1 -1 -1 -1 -1 -1 1 1 -1 1 -1 1 -1 1 -1 1 -1 1 -1 1 -1 -1 1 -1 -1 1 1 1 -1 1 -1 -1 -1 -1 1 