16 -16 16 348 2876
41 45 38 64 55 91 40 18 4 27 10 94 65 70 52 67 
32 84 48 34 85 40 22 61 53 17 62 68 7 73 29 47 
84 5 54 17 80 8 89 75 17 13 73 33 44 33 63 80 
34 30 64 97 87 36 28 47 45 61 22 25 67 85 89 41 
48 30 80 86 83 22 2 67 6 44 99 99 11 24 15 58 
62 33 45 17 33 21 95 30 71 58 55 9 57 92 12 99 
41 90 27 94 37 58 1 58 5 31 22 95 50 29 19 64 
1 91 10 83 12 46 56 78 2 26 20 6 55 61 42 33 
26 26 48 48 91 86 69 40 37 88 30 16 32 11 46 48 
21 71 63 49 59 79 67 61 17 15 42 40 79 97 77 19 
79 39 76 35 16 56 18 80 43 72 75 65 63 85 15 67 
77 15 2 80 67 24 22 64 79 33 91 61 70 25 6 41 
98 6 90 62 69 47 75 32 44 90 31 47 40 67 14 75 
34 41 55 70 48 69 41 32 32 66 31 86 10 98 5 82 
31 12 36 76 91 90 28 24 15 49 4 40 65 53 15 87 
45 14 62 34 65 87 99 77 92 74 85 98 18 46 96 99 
1 1 1 -1 -1 1 -1 1 1 1 -1 -1 -1 -1 1 -1 
1 -1 -1 1 1 -1 -1 1 -1 1 1 -1 1 1 -1 -1 
1 -1 -1 -1 -1 -1 -1 1 -1 -1 1 -1 -1 -1 -1 -1 
-1 1 -1 1 -1 -1 -1 1 1 1 1 1 -1 1 -1 -1 
-1 1 -1 -1 1 -1 1 1 -1 1 -1 -1 1 1 -1 -1 
1 -1 -1 -1 -1 1 -1 1 1 1 1 1 -1 1 -1 -1 
-1 -1 -1 -1 1 -1 1 1 -1 -1 1 -1 1 1 -1 1 
1 1 1 1 1 1 1 -1 1 1 1 -1 -1 1 -1 1 
1 -1 -1 1 -1 1 -1 1 1 -1 1 -1 1 1 -1 1 
1 1 -1 1 1 1 -1 1 -1 1 1 1 1 1 -1 -1 
-1 1 1 1 -1 1 1 1 1 1 -1 1 -1 1 -1 1 
-1 -1 -1 1 -1 1 -1 -1 -1 1 1 -1 1 -1 -1 1 
-1 1 -1 -1 1 -1 1 -1 1 1 -1 1 -1 -1 -1 1 
-1 1 -1 1 1 1 1 1 1 1 1 -1 -1 1 1 -1 
1 -1 -1 -1 -1 -1 -1 -1 -1 -1 -1 -1 -1 1 1 -1 
-1 -1 -1 -1 -1 -1 1 1 1 -1 1 1 1 -1 -1 -1 