32
79 7 54 18 91 88 2 45 1 49 72 76 59 34 42 67 51 89 24 44 21 92 49 77 64 57 61 50 57 19 64 54 
36 4 79 35 61 18 2 78 23 65 33 66 26 77 17 47 70 88 36 58 17 99 41 22 19 3 63 34 39 49 64 85 
38 76 39 43 45 98 98 37 16 29 96 41 71 49 98 10 14 79 2 31 24 10 99 89 25 8 57 74 92 52 20 17 
8 25 22 81 63 74 28 7 85 69 81 30 86 69 38 65 3 47 55 5 5 4 37 4 71 39 15 78 31 76 68 15 
91 60 60 47 18 79 89 44 100 18 74 33 72 47 83 83 48 13 27 84 74 64 36 17 21 5 32 29 90 63 95 50 
91 21 95 90 93 64 73 3 82 5 48 89 9 28 96 39 28 13 81 85 70 3 11 36 65 87 27 66 1 2 32 71 
74 8 75 29 80 61 81 57 93 6 20 25 60 100 94 17 52 82 86 57 40 81 15 83 89 33 20 56 57 18 81 32 
78 69 74 47 76 81 82 68 51 75 28 13 66 17 8 9 52 41 23 3 53 88 65 61 31 57 92 69 76 49 25 11 
95 50 69 43 7 41 49 40 14 74 26 62 58 38 25 40 44 1 67 13 95 50 18 34 93 45 70 29 24 45 82 72 
85 57 48 9 2 79 45 25 97 67 2 56 1 41 61 63 67 36 95 53 4 52 34 59 75 9 82 26 89 52 69 80 
24 5 22 60 43 10 98 77 20 1 61 36 3 3 95 33 25 6 14 28 75 84 40 7 11 89 43 24 62 31 11 43 
76 52 32 95 48 88 67 14 46 43 70 70 36 39 20 27 4 63 67 82 71 86 41 38 71 26 73 7 9 6 28 96 
91 10 34 95 63 31 50 43 95 15 85 83 31 46 59 16 44 83 44 10 95 46 54 33 32 65 32 5 7 64 40 36 
2 64 76 89 24 63 91 97 97 90 87 86 34 80 68 69 38 30 13 62 83 22 28 75 85 82 53 6 53 39 76 89 
37 5 59 83 66 45 61 71 55 66 19 10 79 28 73 60 24 16 55 62 92 57 98 44 72 85 81 83 41 94 86 53 
36 59 31 29 36 43 27 56 31 70 22 24 61 65 55 18 73 45 14 12 36 80 91 21 27 47 67 34 41 1 5 40 
51 100 74 4 90 90 86 39 19 8 94 18 3 60 88 89 56 79 65 50 33 32 69 53 86 76 9 23 94 51 13 6 
28 31 58 53 24 68 67 23 20 25 80 17 37 49 68 97 50 80 7 49 53 50 11 56 25 28 82 62 55 81 35 45 
25 82 1 23 33 94 65 32 65 5 16 76 83 57 81 93 61 55 94 97 65 46 87 53 45 58 85 52 24 86 79 47 
64 70 85 8 50 47 41 33 22 87 96 98 69 10 38 39 66 1 53 45 82 66 56 96 51 58 47 84 45 43 58 60 
47 8 6 71 81 31 8 77 69 62 73 61 55 14 93 51 10 47 12 49 62 28 65 50 21 99 96 29 69 50 39 97 
46 85 70 26 40 62 89 57 38 97 26 24 86 31 86 41 70 71 76 98 66 57 86 17 78 33 99 10 45 1 52 87 
14 20 24 86 89 30 18 21 95 26 62 12 88 30 45 8 21 16 54 32 34 82 84 42 47 83 94 46 90 84 100 30 
2 10 47 34 9 38 4 74 5 88 38 37 14 99 69 67 96 87 76 96 21 80 47 36 28 56 23 46 10 78 55 3 
57 57 60 64 59 93 84 94 47 75 77 28 12 65 64 30 37 14 24 78 17 33 90 10 88 95 37 91 70 11 48 16 
70 13 57 6 49 55 36 99 81 50 98 53 32 68 71 90 92 5 4 29 93 95 97 55 20 9 26 63 99 49 4 68 
12 32 70 44 59 67 57 28 21 13 44 8 51 67 32 19 75 69 41 38 15 25 17 48 67 72 56 38 77 39 16 81 
74 21 27 75 28 97 94 77 94 96 97 95 19 49 71 48 4 35 90 63 90 63 62 19 39 7 26 8 62 42 53 33 
28 75 67 100 22 18 68 34 77 32 14 45 58 18 45 27 25 59 21 25 92 46 20 15 49 1 17 49 19 79 13 59 
7 44 37 20 43 74 17 28 87 32 83 12 84 25 13 63 49 39 1 91 66 2 57 81 43 8 81 82 58 95 15 87 
19 86 46 75 49 13 66 85 35 33 74 1 92 64 31 95 47 49 100 18 25 19 10 15 94 75 99 6 16 94 33 24 
34 25 11 68 77 73 73 56 69 78 25 25 66 81 4 84 29 47 78 71 54 53 78 49 20 94 49 9 55 31 72 64 
1 1 -1 1 1 -1 -1 1 1 -1 -1 -1 1 1 1 1 -1 1 -1 -1 1 1 1 -1 1 -1 -1 1 1 -1 1 1 
1 1 1 1 -1 -1 1 1 1 -1 -1 -1 1 -1 -1 1 -1 -1 1 -1 -1 1 -1 -1 -1 1 -1 -1 1 -1 1 -1 
-1 1 1 -1 1 1 -1 1 -1 -1 -1 1 -1 -1 1 1 -1 1 -1 -1 -1 1 1 1 -1 -1 1 -1 -1 1 1 -1 
1 1 -1 1 1 -1 1 -1 -1 -1 1 1 1 1 1 -1 1 1 1 -1 -1 -1 -1 -1 1 -1 1 -1 -1 1 1 -1 
1 -1 1 1 1 1 1 -1 1 -1 1 1 1 1 1 -1 1 -1 1 1 1 -1 1 1 1 1 -1 -1 1 -1 -1 1 
-1 -1 1 -1 1 -1 -1 1 1 1 1 1 1 -1 1 1 1 -1 -1 1 1 1 -1 -1 -1 -1 -1 1 1 -1 1 -1 
-1 1 -1 1 1 -1 1 -1 -1 -1 -1 1 1 1 1 1 -1 1 -1 -1 -1 1 -1 -1 1 1 1 -1 -1 -1 -1 1 
1 1 1 -1 -1 1 -1 -1 1 -1 -1 1 1 -1 -1 1 -1 -1 -1 -1 -1 1 1 -1 -1 1 -1 -1 1 -1 -1 1 
1 1 -1 -1 1 1 -1 1 1 1 1 1 1 1 1 1 -1 1 -1 -1 -1 -1 1 -1 1 1 1 -1 -1 1 -1 -1 
-1 -1 -1 -1 -1 1 -1 -1 1 1 -1 -1 1 -1 1 1 1 1 1 1 1 1 -1 1 -1 -1 1 -1 1 1 -1 -1 
-1 -1 -1 1 1 1 -1 -1 1 -1 -1 -1 -1 -1 -1 -1 1 -1 1 1 1 -1 1 1 1 1 -1 1 -1 -1 1 1 
-1 -1 1 1 1 1 1 1 1 -1 -1 -1 -1 1 1 1 1 1 -1 -1 1 1 -1 -1 -1 1 1 -1 -1 1 -1 1 
1 1 -1 1 1 1 1 1 1 1 -1 -1 1 1 -1 1 1 1 1 1 -1 1 -1 -1 -1 -1 -1 1 1 -1 -1 -1 
1 -1 -1 1 1 -1 1 -1 1 -1 -1 1 1 -1 1 -1 1 1 -1 1 1 1 -1 -1 -1 1 -1 -1 -1 -1 1 -1 
1 -1 1 1 1 1 1 -1 1 1 -1 1 -1 1 -1 1 -1 1 -1 1 -1 -1 1 1 -1 -1 -1 1 1 -1 1 1 
1 1 1 -1 -1 1 1 1 1 1 -1 1 1 -1 1 -1 -1 1 -1 -1 -1 1 1 1 1 1 1 -1 -1 -1 1 -1 
-1 -1 -1 1 1 1 -1 -1 -1 1 1 1 1 1 -1 -1 -1 -1 -1 -1 1 -1 -1 1 1 -1 1 1 1 1 -1 1 
1 -1 1 1 -1 -1 1 -1 1 1 -1 1 1 1 1 1 -1 1 1 1 1 1 1 1 1 1 -1 1 -1 1 1 1 
-1 1 -1 1 1 -1 -1 -1 -1 1 1 -1 1 -1 -1 -1 -1 1 1 -1 -1 1 -1 -1 1 1 1 -1 1 -1 1 1 
-1 -1 -1 -1 1 1 -1 -1 -1 1 1 -1 1 1 1 -1 -1 1 -1 -1 -1 1 -1 -1 1 -1 1 -1 1 -1 -1 -1 
1 -1 -1 -1 1 1 -1 -1 -1 1 1 1 -1 1 -1 -1 1 1 -1 -1 1 -1 -1 -1 -1 1 -1 1 1 -1 -1 -1 
1 1 1 -1 -1 1 1 1 -1 1 -1 1 1 1 -1 1 -1 1 1 1 -1 -1 -1 1 -1 -1 -1 -1 1 1 -1 -1 
1 -1 1 -1 1 -1 -1 1 1 -1 1 -1 -1 -1 1 1 -1 1 -1 -1 -1 -1 -1 -1 1 1 1 -1 1 1 1 1 
-1 -1 1 -1 1 -1 -1 -1 -1 1 1 -1 -1 -1 1 1 1 1 -1 -1 -1 1 -1 1 1 -1 1 1 1 1 1 -1 
1 -1 -1 1 1 -1 1 -1 1 -1 1 -1 -1 -1 -1 1 1 1 1 1 -1 -1 1 1 -1 1 -1 1 -1 1 1 -1 
-1 1 -1 -1 1 -1 1 1 1 -1 1 1 -1 1 -1 1 -1 1 1 -1 1 -1 1 -1 1 -1 -1 1 1 -1 -1 1 
-1 -1 1 1 -1 -1 1 -1 1 1 -1 1 -1 -1 -1 1 1 -1 1 1 -1 -1 1 1 -1 -1 1 1 1 1 -1 1 
1 -1 -1 -1 -1 1 -1 -1 -1 -1 1 -1 1 -1 1 -1 1 1 -1 -1 1 -1 -1 1 1 1 1 1 -1 -1 1 -1 
1 1 -1 -1 1 1 -1 1 -1 1 -1 -1 1 -1 1 -1 1 -1 1 1 1 1 1 1 -1 1 1 -1 1 1 1 -1 
-1 -1 1 1 -1 -1 -1 -1 1 1 -1 1 -1 -1 -1 -1 1 1 -1 -1 -1 1 1 1 1 -1 1 -1 1 -1 1 -1 
1 1 1 1 -1 1 -1 -1 -1 -1 1 -1 -1 1 1 1 -1 1 1 -1 -1 -1 1 1 1 -1 -1 1 1 1 -1 1 
1 -1 -1 -1 1 -1 1 1 -1 -1 1 1 -1 -1 1 -1 1 1 1 -1 -1 -1 1 -1 -1 1 1 -1 -1 -1 1 -1 