128 -128 128 484 25392
31 47 15 94 2 38 44 78 76 2 38 8 68 37 3 71 73 98 69 80 21 7 70 72 90 91 4 88 89 4 90 29 70 83 59 27 84 76 31 74 73 95 90 8 74 70 55 89 3 47 87 17 59 28 73 48 65 19 16 5 16 8 95 75 48 50 44 24 13 87 14 54 8 56 94 19 63 86 78 53 12 47 95 68 26 3 77 89 28 22 24 13 85 7 58 12 100 89 75 87 50 75 33 9 4 16 14 60 83 86 94 45 85 12 31 2 66 9 97 97 45 97 36 48 78 59 54 24 
90 33 31 49 72 13 94 51 73 13 52 7 13 7 7 74 42 84 61 71 13 17 55 4 23 1 12 90 26 98 89 18 72 70 2 61 91 94 9 51 12 65 49 56 10 22 88 33 51 53 8 85 29 7 75 10 21 22 49 59 89 47 66 48 84 8 85 40 18 72 95 32 5 76 85 91 86 53 37 76 7 70 59 11 17 59 86 45 24 92 73 79 87 72 9 4 20 49 99 99 67 100 65 85 86 87 67 42 29 1 83 70 58 87 100 82 34 20 2 63 55 79 2 91 77 82 57 34 
25 49 48 64 10 67 8 57 42 37 41 82 20 98 75 75 65 98 23 41 70 20 30 5 13 58 31 55 29 30 16 27 94 42 29 57 6 32 22 96 38 55 64 76 32 60 49 75 74 55 22 58 37 48 91 5 90 91 58 6 73 73 93 63 4 34 46 22 32 30 84 32 18 88 5 15 6 67 65 16 15 24 6 6 67 97 1 12 59 30 40 87 23 16 62 16 27 41 40 26 42 86 7 16 88 39 28 23 13 84 28 68 81 79 38 78 48 4 33 60 24 3 73 34 61 70 80 94 
15 70 33 52 38 36 10 40 9 48 23 40 68 20 63 66 87 13 79 34 86 40 39 99 31 23 39 40 32 89 92 1 46 98 30 15 5 30 45 23 81 39 95 97 78 99 52 60 63 63 68 96 92 40 44 20 73 76 1 26 1 74 62 12 82 66 59 95 68 1 88 58 40 28 40 55 25 7 71 79 89 81 73 97 49 94 51 1 27 66 19 28 38 59 27 63 82 19 58 20 55 53 32 54 15 56 43 21 95 94 93 77 70 91 31 19 2 65 73 86 21 84 37 51 73 82 15 99 
84 46 19 90 89 54 8 43 38 14 37 78 9 76 84 24 55 96 22 31 51 59 88 91 24 98 32 98 84 47 82 11 45 9 48 85 26 93 88 24 24 38 97 21 41 10 62 16 12 7 38 6 4 95 16 85 93 100 75 49 56 41 55 1 21 81 29 99 3 52 6 3 50 94 62 52 8 5 49 17 8 1 89 65 89 30 31 19 95 93 35 98 53 86 40 14 99 95 21 99 18 51 32 89 32 35 64 55 45 33 66 49 38 14 13 47 83 67 99 69 11 80 34 92 93 39 11 46 
96 79 29 43 41 23 4 66 27 32 52 28 62 62 82 60 87 23 13 89 97 20 39 41 98 99 54 50 2 45 13 76 2 34 59 47 48 84 34 75 69 80 18 72 21 8 68 21 85 43 2 58 58 10 3 84 91 3 12 70 40 78 50 3 24 12 99 6 9 48 61 17 63 52 15 54 27 69 88 98 89 88 59 28 66 53 48 60 24 99 97 100 1 69 45 20 30 47 45 45 80 38 1 98 66 9 41 91 82 58 11 36 89 70 85 83 61 45 41 51 11 27 79 70 46 63 3 67 
89 42 100 66 90 3 87 20 91 2 57 38 66 57 24 33 74 23 3 52 22 79 9 4 99 40 77 18 47 53 40 21 11 65 79 23 66 68 99 20 82 74 17 21 84 54 74 58 56 57 31 12 30 10 35 32 98 60 46 5 27 39 38 36 19 37 29 12 33 35 75 82 39 1 99 17 7 19 9 88 59 2 66 79 26 14 96 69 85 96 72 82 63 39 25 17 31 62 24 66 64 98 2 19 26 6 16 2 9 12 55 4 74 20 36 79 26 74 44 75 96 20 98 54 100 27 53 90 
69 85 39 95 36 39 49 83 91 100 45 8 98 46 68 91 16 51 73 10 56 41 7 21 38 44 45 32 33 87 14 47 83 91 34 29 23 25 6 10 31 68 40 43 8 22 65 10 87 12 67 76 78 87 8 26 61 14 39 61 61 80 63 65 97 4 58 85 96 1 16 5 88 54 84 87 7 23 63 80 26 56 27 90 43 70 14 25 44 53 54 8 42 88 19 50 9 88 48 91 59 72 37 82 46 76 60 85 60 96 11 46 85 53 12 73 15 99 13 29 75 7 59 28 70 51 61 33 
83 63 50 69 98 37 89 21 91 51 54 47 14 22 93 20 67 4 29 69 86 5 89 71 96 57 22 52 28 72 99 92 58 52 40 23 27 17 77 90 68 41 69 38 67 75 94 96 37 89 77 16 96 14 32 17 32 25 34 21 62 34 53 4 86 5 18 29 10 52 31 12 3 32 100 74 78 51 33 38 57 83 62 88 69 52 9 96 55 92 96 25 43 57 63 96 12 39 15 91 95 23 9 28 93 31 7 62 18 95 71 30 50 36 90 31 61 26 61 22 7 81 65 89 23 33 82 82 
13 79 61 19 4 10 88 48 71 1 72 99 38 67 34 2 97 42 25 73 65 82 98 14 24 94 18 27 19 81 45 31 91 63 77 95 78 49 94 4 23 74 10 28 46 92 51 61 96 97 65 33 37 41 53 53 84 27 82 82 78 100 9 92 11 36 44 39 37 98 47 65 79 61 62 100 14 79 36 34 9 1 12 40 47 42 24 40 34 73 71 83 36 84 79 75 55 4 44 63 79 53 28 99 80 67 40 100 37 90 9 38 62 14 13 41 54 66 98 44 52 91 61 52 10 35 84 41 
88 24 47 87 50 2 32 34 15 61 37 95 13 80 51 36 86 68 94 45 51 38 95 34 54 34 89 19 72 68 63 37 27 88 15 6 58 65 39 93 39 45 27 96 40 46 92 64 47 71 51 19 15 87 66 41 72 77 31 34 69 86 85 46 60 92 43 28 9 46 86 57 40 44 28 54 38 95 26 32 5 48 81 60 18 46 88 29 43 13 44 93 84 5 73 34 91 96 6 29 87 74 30 63 98 61 74 22 24 16 45 8 20 46 63 43 77 98 97 47 78 94 76 78 35 37 6 78 
30 10 84 53 77 35 60 48 90 24 73 61 6 30 42 93 46 92 86 57 42 65 35 14 61 34 10 44 75 96 10 23 7 47 87 87 95 46 45 74 20 3 85 98 95 77 18 15 18 29 50 95 3 65 26 11 85 55 95 68 97 89 20 100 3 57 97 92 60 90 54 77 54 69 50 67 99 12 18 50 68 82 15 30 36 4 50 81 79 66 72 16 27 63 42 44 54 27 8 20 85 98 50 23 97 51 90 18 20 53 83 90 89 91 57 93 63 58 24 13 3 13 42 7 9 26 7 62 
61 65 37 36 51 77 4 67 45 89 26 62 92 16 75 30 37 21 77 54 40 95 66 12 42 80 85 75 34 79 29 5 46 88 30 21 1 11 52 17 17 54 98 43 63 57 50 60 29 71 42 10 26 97 44 45 37 14 67 9 77 73 62 87 89 82 30 71 7 39 52 74 54 25 42 67 88 58 93 43 27 38 88 32 22 66 96 29 28 94 76 58 91 85 43 43 17 80 71 14 74 99 25 3 16 2 72 97 78 47 57 60 38 50 89 95 46 52 37 45 88 7 76 64 45 14 58 98 
87 31 77 91 62 7 99 51 51 77 3 79 57 32 5 63 34 51 42 71 52 82 71 89 91 31 24 63 16 62 35 95 38 92 13 14 90 1 45 78 97 21 3 52 39 18 66 51 44 4 95 15 61 2 80 7 26 8 86 55 69 16 80 80 89 66 83 35 98 38 14 31 87 49 59 72 80 54 42 88 54 77 3 20 21 72 5 10 15 21 7 48 43 69 19 80 13 43 57 45 52 48 86 72 13 83 64 86 88 26 65 29 88 26 17 14 89 52 46 91 78 25 91 12 25 62 73 35 
97 20 62 30 54 71 88 37 23 88 91 36 2 18 7 51 34 28 52 20 28 39 19 35 51 50 66 89 31 100 24 67 68 16 4 46 2 25 50 33 59 25 28 90 10 79 24 84 96 75 40 75 76 99 16 40 72 83 62 10 56 74 58 89 55 55 72 36 8 16 16 42 21 66 50 90 23 51 16 80 68 59 67 84 84 81 75 79 78 46 97 17 100 95 30 8 65 81 20 15 56 14 46 90 39 13 8 65 62 54 12 82 64 47 4 20 82 34 22 58 96 78 71 6 16 44 41 81 
92 2 39 24 8 23 94 36 11 43 69 3 21 1 45 33 65 71 59 52 81 85 71 32 20 99 61 48 87 24 58 35 58 43 77 43 36 100 2 37 77 84 50 98 32 80 70 86 10 27 99 22 5 74 94 32 87 48 39 53 66 25 38 71 38 40 40 72 15 63 97 11 80 67 95 78 100 79 42 3 17 4 5 14 62 13 50 10 84 53 5 27 63 100 9 67 64 24 57 71 96 51 90 96 11 60 10 48 76 53 76 85 41 10 26 48 22 36 43 72 38 97 8 5 61 90 38 80 
5 10 79 79 93 96 15 32 4 67 60 3 91 78 39 58 96 97 54 69 13 38 95 50 73 23 64 67 21 77 8 98 73 75 31 55 22 96 87 37 66 47 75 48 52 88 25 75 25 23 56 54 8 16 25 63 4 55 30 36 10 95 33 8 85 31 46 99 73 1 71 82 26 52 49 19 15 97 69 69 51 43 64 26 66 60 100 46 51 35 87 66 31 56 77 14 74 7 72 67 12 59 67 44 20 31 33 73 26 95 78 96 45 62 74 59 97 14 74 15 80 46 3 20 50 64 62 66 
48 26 10 74 1 97 37 32 27 29 7 93 29 83 99 92 82 82 3 66 42 77 62 42 80 82 71 52 99 100 19 8 96 39 35 38 71 100 67 51 16 61 23 62 19 9 28 43 24 80 65 32 33 17 43 4 84 40 75 65 72 27 18 71 76 64 48 57 37 58 68 36 36 13 71 62 38 96 20 60 6 27 27 11 96 31 82 12 18 81 55 69 84 30 1 79 30 91 75 94 99 49 56 10 4 19 70 38 96 21 25 68 79 55 33 4 55 40 63 27 22 20 22 77 63 22 81 46 
28 48 57 25 22 51 86 74 48 57 32 96 81 93 26 75 31 58 22 14 17 41 7 9 47 60 10 60 48 71 15 66 21 21 2 99 65 2 23 5 91 61 38 100 3 29 49 86 22 7 80 63 72 49 77 87 41 32 90 15 78 80 34 47 36 85 8 30 43 96 20 85 79 81 8 66 74 46 66 91 51 34 95 37 63 3 67 99 84 96 46 73 53 36 100 17 55 31 75 97 52 76 14 60 34 66 98 64 14 86 35 1 68 87 52 43 2 49 39 58 90 64 51 87 75 28 91 88 
10 10 44 74 73 5 26 86 88 6 24 17 71 95 14 9 42 84 85 38 72 44 96 99 38 94 44 6 14 50 63 24 95 52 66 95 29 90 96 95 62 86 37 36 15 27 57 31 77 50 16 49 34 8 86 13 81 74 62 15 64 9 25 91 29 23 89 14 37 38 97 55 51 45 68 36 93 55 59 30 47 97 23 44 86 42 7 18 82 33 21 83 30 52 33 52 41 34 72 52 75 36 36 86 69 25 13 51 27 18 57 45 50 33 53 56 2 36 46 99 50 27 86 35 17 64 26 56 
24 71 9 6 92 63 73 49 73 93 80 95 55 47 17 17 40 91 1 70 36 17 3 11 3 71 37 87 35 32 19 74 98 62 16 65 45 12 16 41 74 73 5 96 37 46 32 9 5 13 38 74 23 63 92 97 75 65 24 74 57 98 76 57 26 71 39 33 31 31 52 98 61 54 27 13 70 9 87 11 95 76 38 37 28 36 71 77 25 37 25 24 63 23 53 14 45 36 12 46 81 19 5 63 57 56 68 2 63 64 57 45 77 79 16 30 8 56 60 48 34 34 16 75 84 55 7 5 
45 76 70 30 39 71 1 32 98 28 73 76 41 84 18 37 72 9 12 94 60 68 50 59 12 73 7 42 83 53 32 50 41 5 74 23 24 77 54 43 15 100 35 76 19 18 100 52 57 13 95 11 10 30 98 13 37 68 87 75 72 92 74 47 23 75 18 86 36 28 24 87 28 26 79 68 55 80 87 50 71 8 46 48 32 9 84 23 29 71 3 27 8 87 34 2 15 7 26 78 47 93 73 80 59 48 58 11 90 93 1 51 42 79 52 31 17 69 80 29 12 89 31 38 92 11 100 68 
99 94 1 18 48 89 63 16 52 54 10 4 22 79 58 91 63 64 74 18 16 69 6 39 81 71 26 53 17 8 93 7 59 38 66 70 9 33 63 86 81 57 45 10 73 10 86 11 74 51 79 7 66 29 72 38 58 74 78 51 63 98 31 76 48 88 59 12 74 84 95 87 95 7 36 28 11 95 26 19 87 58 90 93 62 14 23 32 48 60 51 44 47 24 88 24 10 54 57 57 97 64 41 61 8 3 63 47 55 75 93 43 71 88 39 92 52 86 52 26 21 90 96 49 79 91 5 36 
34 9 75 23 6 75 69 96 100 41 83 22 74 81 47 5 63 90 64 60 34 76 24 23 87 16 47 40 60 73 39 14 25 64 25 98 60 36 74 1 95 48 60 29 58 16 70 75 41 80 97 40 60 97 91 24 90 36 73 62 89 41 60 39 57 99 7 54 97 57 24 45 52 18 14 35 42 77 54 25 79 87 98 47 25 10 91 6 28 11 23 58 95 15 93 31 51 75 38 67 22 11 39 5 99 88 80 52 79 75 7 81 55 22 28 26 86 4 37 50 5 15 16 90 87 13 48 62 
78 40 4 15 2 82 5 6 6 3 18 5 73 35 18 99 88 68 17 46 96 61 51 30 54 11 36 23 29 38 9 89 6 29 60 85 48 49 81 51 10 24 21 45 85 37 70 35 39 86 69 51 36 59 51 77 9 62 35 72 1 34 21 20 76 9 34 81 11 29 67 97 53 30 75 48 59 10 77 73 68 29 51 56 30 7 83 73 32 84 73 8 79 20 88 81 7 67 5 23 37 76 50 38 29 47 90 100 24 23 31 97 100 11 42 15 67 18 23 43 48 90 42 45 97 5 33 83 
10 34 7 89 60 40 25 94 89 7 77 17 85 36 98 74 51 87 70 58 5 18 65 83 46 98 29 46 81 50 79 52 17 63 31 85 99 62 62 7 51 23 43 31 5 74 27 20 23 7 62 15 39 31 44 14 48 11 95 55 95 55 80 4 76 69 7 37 77 84 81 38 85 56 89 74 76 67 76 83 75 2 83 89 32 37 79 55 54 46 22 76 62 95 35 22 3 64 77 39 68 6 15 41 82 96 60 26 2 18 98 2 88 51 78 54 68 20 58 43 68 24 4 81 27 64 18 51 
88 2 77 46 20 4 95 31 30 44 87 46 36 60 84 45 24 43 81 43 100 31 54 47 66 99 36 36 28 74 69 50 83 52 39 9 8 74 63 37 96 77 19 46 93 45 93 29 88 48 79 52 84 57 51 34 74 4 63 72 65 84 73 62 38 22 2 33 49 93 66 57 69 73 41 8 55 44 76 39 53 52 54 50 75 73 35 14 32 22 93 53 42 89 44 74 93 94 79 9 96 80 84 91 57 52 27 99 24 32 85 93 59 38 42 81 72 31 67 81 44 69 85 10 58 1 41 47 
18 38 1 22 83 2 95 83 7 33 56 70 75 41 80 1 28 93 65 52 43 77 99 100 30 16 65 67 89 59 50 15 26 84 24 33 39 70 63 6 81 8 71 32 97 69 87 1 82 45 35 2 70 54 72 57 53 88 48 88 60 60 19 79 64 16 59 17 64 11 13 72 92 63 32 76 38 88 70 76 71 57 71 31 54 48 22 21 64 94 76 73 51 2 22 77 16 75 67 72 63 50 8 16 90 80 7 71 98 73 89 43 17 76 13 64 32 98 48 93 71 10 78 86 17 25 48 80 
84 11 32 14 10 93 9 66 45 73 38 46 100 83 28 82 73 47 11 95 68 61 28 2 48 75 39 19 86 93 74 77 86 21 4 82 53 2 67 95 72 63 36 41 48 2 42 39 24 85 88 99 79 95 88 40 27 1 32 93 54 23 29 69 69 49 78 100 56 19 7 77 52 78 48 81 22 34 42 24 33 42 97 91 56 15 83 95 53 53 63 77 74 32 36 74 48 95 72 56 20 95 96 66 98 28 98 42 6 57 50 45 97 68 94 93 24 48 49 58 23 83 33 1 68 93 40 8 
32 12 95 96 80 20 45 19 27 10 78 49 25 14 3 59 73 59 41 48 18 66 44 79 6 66 51 14 22 44 93 54 84 36 94 64 28 44 74 47 64 95 14 62 32 95 100 9 11 32 40 5 25 97 61 80 56 51 34 2 2 7 55 4 62 92 68 60 69 27 45 11 42 19 32 39 36 13 24 26 63 56 1 62 29 32 76 60 30 54 26 46 22 95 10 4 87 73 60 50 70 91 8 70 10 78 75 9 77 4 38 76 73 60 45 66 83 43 15 23 35 71 20 66 80 46 12 38 
75 54 62 1 39 52 92 39 66 63 25 91 22 78 99 89 81 46 97 2 75 43 35 26 14 33 83 65 19 56 87 48 3 22 28 99 37 100 63 35 6 34 58 99 82 82 86 93 31 16 29 59 27 7 19 21 56 23 70 78 45 21 7 69 53 69 80 70 86 48 99 56 69 61 47 43 34 29 72 87 78 78 57 100 3 52 19 45 73 91 88 80 49 56 79 32 79 90 32 29 16 94 68 13 48 53 91 89 59 50 30 17 98 39 32 26 93 12 89 39 50 70 11 13 2 13 38 75 
76 5 67 55 12 21 31 93 63 4 100 67 75 60 45 54 15 75 18 23 45 4 88 61 85 19 2 38 76 63 44 40 65 8 16 80 60 50 12 28 39 14 12 82 18 96 76 95 31 98 96 35 84 79 43 36 10 59 9 33 77 45 24 65 94 45 93 39 93 7 10 37 28 14 93 52 30 88 48 51 51 64 93 37 16 63 37 15 57 96 68 48 92 41 40 48 68 83 16 53 29 66 1 56 62 43 47 3 38 5 37 15 40 72 2 21 37 54 57 8 20 98 66 5 87 42 58 37 
80 20 56 14 65 56 47 9 91 100 18 47 44 25 8 20 34 16 51 40 64 21 30 93 46 100 9 94 97 5 45 15 60 80 15 72 61 95 51 61 46 25 27 47 6 30 13 83 34 45 96 24 70 73 11 60 55 45 16 52 65 61 10 73 5 30 21 41 30 1 98 69 45 52 6 61 100 71 11 65 63 19 24 36 22 10 5 3 69 22 25 35 11 94 69 75 82 24 23 65 79 4 35 83 93 85 50 62 86 13 10 73 22 38 89 36 21 9 55 70 31 18 45 93 50 15 73 23 
29 87 86 78 21 93 65 85 92 28 80 35 47 5 46 10 19 40 100 84 25 14 74 17 65 99 6 62 90 32 90 72 97 94 36 55 56 14 44 40 37 66 88 92 48 16 98 54 33 49 29 51 72 47 56 46 65 17 29 36 30 25 41 9 52 64 78 92 81 94 29 77 100 88 5 42 27 87 73 84 12 80 63 37 37 24 56 48 6 67 94 54 57 35 42 82 13 99 33 64 28 28 38 100 6 16 56 32 48 63 18 36 52 85 64 13 46 50 42 41 95 87 21 5 35 90 46 45 
47 84 7 96 15 66 26 31 85 60 86 37 47 26 87 28 97 91 63 66 87 18 98 70 29 24 71 36 20 88 23 89 96 83 4 57 87 63 90 9 57 48 59 78 8 19 74 31 57 100 68 46 36 9 79 5 28 85 91 90 20 67 41 50 86 74 43 60 51 40 55 95 65 69 87 38 80 34 55 75 63 8 37 100 7 52 77 42 7 39 65 89 9 71 36 94 9 96 11 85 53 83 91 84 44 94 56 79 41 9 78 25 32 66 87 41 23 77 48 39 48 94 69 60 16 2 24 24 
95 75 87 54 68 89 90 13 65 21 48 55 47 12 25 37 82 44 30 21 4 32 43 11 31 27 70 4 73 62 100 10 61 23 23 35 25 60 69 1 79 22 57 37 31 80 21 82 71 19 58 6 76 12 62 94 29 38 57 79 57 29 20 94 61 39 56 14 71 85 86 50 20 36 38 60 5 33 84 74 96 90 32 73 92 10 57 21 27 39 74 77 65 9 89 26 24 95 39 99 1 2 36 11 68 16 24 26 59 76 50 91 23 18 43 30 13 56 90 6 41 91 95 51 43 53 94 80 
7 30 62 35 79 83 71 38 3 11 70 92 20 31 65 77 45 42 39 60 10 12 74 88 32 13 98 18 52 92 6 13 36 83 92 5 33 3 18 5 84 16 61 72 88 10 72 9 68 40 63 48 29 97 43 66 72 94 35 92 7 48 98 48 61 81 99 84 97 2 66 56 82 100 33 10 18 76 78 17 57 14 49 90 37 36 54 17 72 94 28 14 79 21 31 71 67 98 31 38 46 31 4 15 14 83 77 52 36 49 21 58 23 27 13 96 40 35 62 37 42 2 61 82 77 80 41 95 
93 79 38 11 39 19 80 1 65 24 45 40 67 48 59 57 28 33 32 82 19 37 56 16 27 100 46 98 27 42 93 2 92 48 87 25 60 67 71 65 51 45 73 33 40 33 59 70 31 81 47 81 2 27 23 13 65 66 70 32 80 70 9 40 46 7 96 36 92 44 63 55 22 46 18 36 76 74 98 90 32 45 92 23 81 42 74 70 97 69 14 71 48 23 94 7 90 43 66 22 17 23 42 93 89 18 22 80 54 10 27 85 36 78 48 97 28 7 67 35 89 59 65 97 56 100 6 83 
80 78 81 7 4 86 100 75 69 56 40 11 12 73 18 76 48 46 42 47 45 31 16 76 43 78 62 77 13 61 27 7 40 57 22 67 24 77 51 92 23 21 7 62 91 30 7 10 87 48 14 16 58 89 90 60 24 50 57 70 14 39 38 42 60 17 54 79 8 30 80 53 65 49 24 56 23 38 31 17 33 59 33 40 49 57 95 9 92 44 98 99 22 94 74 86 82 59 64 28 30 63 34 23 8 71 6 27 78 11 11 36 57 21 99 11 78 56 80 69 65 95 8 18 35 20 33 73 
43 89 89 17 39 67 65 95 76 75 88 72 61 72 88 55 6 68 87 50 63 34 57 13 4 34 26 45 20 87 45 84 54 68 84 29 65 39 13 20 83 4 95 51 59 53 64 98 37 10 26 32 54 16 49 28 48 47 76 36 1 99 18 53 100 43 22 7 90 3 82 17 15 13 74 40 82 43 27 67 55 81 11 51 26 34 77 32 17 82 39 83 66 57 27 78 98 83 93 71 100 60 1 2 54 62 41 14 71 24 75 61 3 74 69 50 5 79 9 8 93 90 1 54 15 60 31 83 
34 19 73 37 52 58 9 25 68 23 21 83 83 87 64 33 7 72 27 82 65 70 68 30 88 36 89 14 41 21 3 39 3 36 66 87 71 71 56 97 57 43 15 93 97 59 52 98 46 18 97 31 65 73 91 80 5 14 88 60 64 15 95 78 57 58 6 90 11 34 6 57 3 72 71 86 74 81 4 89 63 52 86 70 36 61 12 95 24 34 67 27 36 44 59 46 3 29 19 57 11 35 16 16 25 91 23 67 17 52 64 55 77 17 30 86 76 57 20 35 87 54 80 97 35 94 58 3 
65 24 96 20 38 11 92 53 4 95 68 32 19 46 50 40 32 97 24 68 100 33 39 6 26 93 73 68 5 61 9 14 70 36 34 22 2 15 25 25 33 78 73 68 3 51 29 47 100 93 99 100 59 87 62 93 76 62 5 36 94 14 39 69 56 50 74 90 52 38 54 53 71 48 79 6 30 21 98 8 5 11 54 47 50 61 20 91 53 47 14 46 99 11 2 46 8 17 22 46 65 39 80 4 97 25 29 32 15 53 14 93 54 51 18 97 42 51 7 82 32 34 13 25 58 96 45 56 
6 91 3 94 7 38 54 40 3 29 74 5 87 95 59 79 40 14 42 60 59 82 63 77 22 61 62 20 65 35 1 55 55 65 90 54 65 54 81 54 34 95 27 56 71 83 5 88 86 54 26 49 35 20 86 83 40 52 28 50 8 88 24 3 41 26 74 14 74 44 55 54 3 88 25 31 11 64 27 36 87 34 18 61 31 81 66 26 51 82 1 22 10 74 20 14 18 78 11 12 27 55 54 21 97 92 95 59 53 60 8 64 20 21 22 15 32 75 23 52 30 66 72 80 53 6 53 86 
66 20 6 81 77 19 47 48 87 34 81 40 32 22 96 14 81 13 100 77 2 55 32 11 86 45 46 70 43 86 51 11 43 69 96 41 90 96 61 48 10 16 63 77 87 92 7 55 73 50 35 73 76 30 27 92 40 71 76 86 13 35 69 58 25 78 4 34 41 60 33 89 20 84 20 27 82 24 68 54 58 38 85 41 85 6 67 29 11 94 75 73 22 82 97 33 47 92 22 18 41 58 24 41 77 36 18 73 71 85 25 28 45 69 26 89 6 6 79 11 56 30 89 46 51 9 8 95 
78 34 98 3 69 37 85 13 59 6 32 82 63 35 27 95 36 20 71 25 21 38 79 40 82 70 21 98 83 99 22 41 9 100 88 27 62 8 62 56 47 90 94 16 45 66 23 75 86 64 59 45 44 4 59 99 81 37 86 5 44 85 74 7 42 83 6 45 100 18 86 44 92 23 58 28 45 24 92 44 93 59 95 23 90 97 30 48 72 2 67 3 93 67 39 94 1 82 69 72 86 94 60 47 14 21 85 81 9 85 68 26 90 16 76 10 58 2 56 94 37 36 4 88 100 44 38 12 
42 15 27 23 52 82 61 13 50 29 14 47 52 4 70 94 54 88 40 57 56 8 83 14 63 7 31 52 21 89 13 80 80 12 81 83 61 75 42 48 2 23 87 32 54 25 100 61 9 23 43 61 100 65 1 90 63 76 20 44 77 50 28 87 88 46 61 89 38 59 87 40 12 69 95 45 25 48 94 61 81 16 10 29 38 35 20 85 34 49 1 28 33 6 31 76 36 51 81 18 73 54 53 71 2 8 95 74 73 81 66 32 90 82 52 15 29 26 11 77 36 84 55 34 91 8 84 2 
35 60 91 37 81 11 50 58 17 88 14 79 11 12 17 78 2 16 42 33 53 93 97 43 57 83 86 70 45 33 48 87 38 48 75 31 84 20 75 6 92 95 1 18 45 81 95 76 94 79 44 33 28 65 71 18 73 35 5 51 92 44 87 54 30 45 18 83 44 35 22 77 83 61 31 89 92 64 9 24 87 38 1 2 10 10 32 82 22 31 2 53 30 70 62 39 65 45 32 54 14 51 1 53 58 8 6 35 15 100 100 87 99 26 1 3 48 98 79 1 100 26 93 12 36 65 46 2 
60 62 12 17 72 5 14 85 61 50 47 82 31 25 64 9 65 24 43 80 99 15 8 23 68 23 64 7 59 95 84 36 57 71 82 46 51 69 31 92 54 97 35 12 11 10 19 68 69 23 45 96 22 17 5 15 9 49 40 67 80 71 40 56 39 29 24 9 18 24 61 85 55 57 20 7 57 69 23 12 48 83 26 17 83 69 81 52 82 24 21 25 68 42 56 45 85 23 37 78 67 3 56 51 81 84 50 12 61 89 60 43 97 21 36 56 60 97 26 22 99 44 10 14 82 46 47 59 
19 66 13 9 26 69 33 19 3 73 52 28 38 40 12 40 59 34 55 48 51 14 72 9 13 71 4 57 32 86 31 73 20 42 80 25 96 14 26 86 46 35 90 28 86 78 46 28 97 12 19 80 12 93 15 55 74 35 87 62 2 15 9 97 92 74 41 48 74 95 93 18 49 71 19 97 23 81 62 14 10 77 9 52 83 4 20 32 47 55 37 80 10 85 40 40 14 49 45 19 79 15 91 46 7 59 22 96 97 83 32 77 2 40 56 95 1 49 77 81 73 93 100 6 80 43 24 51 
72 42 15 100 95 30 79 93 25 50 7 25 70 63 19 26 3 77 62 58 26 68 46 83 71 44 39 14 98 70 28 53 47 3 98 34 66 4 66 53 58 75 99 33 11 97 38 52 9 16 32 43 64 9 4 99 32 7 91 69 36 18 82 89 100 48 33 2 37 83 78 86 3 4 94 35 46 10 16 82 2 96 8 29 89 13 66 52 77 29 35 90 64 38 7 48 80 94 20 5 37 20 51 15 94 92 74 70 37 90 27 46 41 84 20 69 57 93 29 75 30 65 99 91 48 27 32 90 
28 28 51 79 28 73 37 17 68 81 13 99 99 75 3 74 94 65 26 43 26 79 71 36 54 59 51 94 70 18 86 67 82 37 10 83 72 58 85 56 69 65 47 26 80 50 6 34 84 49 39 59 24 100 38 80 6 2 38 86 53 22 91 83 15 2 80 64 96 96 47 99 88 29 80 67 23 92 93 29 13 21 35 8 84 12 52 40 14 85 93 93 52 66 57 82 77 86 99 45 42 1 60 96 26 99 9 55 80 84 28 33 75 74 21 68 54 54 21 20 52 66 2 99 18 19 8 48 
57 64 8 31 11 18 55 68 85 57 85 78 96 55 33 48 10 18 73 53 44 60 42 14 71 69 9 12 10 20 99 56 83 70 36 54 39 60 81 21 52 86 37 39 42 81 69 2 100 19 16 61 12 70 36 39 69 9 4 16 76 44 7 51 63 76 12 96 21 43 78 40 47 52 99 53 58 37 46 97 19 22 61 75 32 27 47 40 42 64 27 84 58 36 47 57 4 95 44 39 60 54 71 28 7 24 69 99 79 50 41 37 79 27 14 38 34 28 70 91 75 68 73 94 50 45 97 84 
61 33 27 69 2 12 34 27 5 16 55 87 65 19 38 32 44 86 16 17 55 25 83 7 62 96 55 36 7 65 37 92 96 36 94 78 31 91 47 19 51 57 22 17 68 43 93 74 26 51 58 15 29 23 22 96 62 62 48 78 74 69 42 51 84 70 13 18 47 5 66 32 95 1 70 79 78 62 46 84 92 89 96 41 79 93 51 21 64 55 20 11 61 3 55 81 94 65 25 49 69 84 33 68 86 88 4 61 58 49 67 2 16 66 59 46 24 62 67 15 9 2 98 31 88 60 15 86 
22 12 64 37 89 25 52 32 11 12 94 43 75 93 19 68 64 56 16 67 37 96 33 42 99 17 29 100 15 15 46 95 26 45 100 5 70 42 14 94 49 6 36 8 31 39 23 93 50 47 17 87 40 32 85 43 61 70 43 71 74 20 41 13 42 95 36 14 70 63 70 29 33 60 86 14 93 61 41 70 58 55 95 21 48 49 88 54 50 91 72 15 35 23 91 47 55 28 79 74 46 26 40 49 75 82 13 77 57 95 28 43 59 70 63 10 37 29 35 31 81 16 31 20 48 71 76 23 
37 65 81 97 31 63 45 96 68 71 44 82 19 13 5 4 72 62 61 75 88 42 21 73 31 92 59 8 45 43 44 86 42 66 46 52 94 1 77 33 56 79 42 45 53 10 88 84 19 59 91 19 43 27 40 43 58 49 42 81 41 37 65 34 22 97 19 28 41 18 35 43 25 95 44 64 2 11 11 54 30 68 61 63 33 60 1 21 76 81 7 79 94 33 2 63 63 100 70 2 45 66 3 18 46 32 58 71 4 9 17 45 80 17 69 55 4 93 56 38 4 45 30 73 58 81 43 23 
18 26 90 16 24 13 60 58 28 59 22 32 21 80 30 95 40 76 96 59 2 73 70 71 71 2 64 46 47 46 75 17 68 14 17 54 25 25 60 85 51 66 52 66 76 74 73 93 100 10 36 89 21 84 92 98 84 78 99 79 81 44 31 36 30 67 91 76 46 36 27 96 25 16 31 5 66 8 66 65 29 2 73 14 66 68 42 7 58 18 55 53 27 13 59 29 80 63 67 26 96 50 31 6 96 61 49 51 45 83 30 58 82 37 27 47 39 14 78 72 74 52 27 72 85 80 97 34 
51 17 6 29 62 10 84 84 19 89 64 48 40 55 45 28 59 10 4 25 77 61 33 17 45 85 66 36 63 15 47 68 4 87 52 51 89 65 51 76 84 27 18 53 73 55 17 20 3 35 38 91 30 87 98 86 81 92 21 16 40 51 34 88 18 33 89 30 41 62 35 37 4 58 15 15 12 29 66 39 9 20 98 83 76 90 40 60 48 78 95 90 65 29 50 52 2 76 63 76 29 49 91 89 26 92 49 51 90 43 91 38 75 87 57 15 62 25 33 96 42 52 84 73 100 18 66 81 
76 52 92 53 91 8 13 13 59 52 94 34 8 71 19 41 9 76 20 30 27 28 62 73 67 32 17 33 26 42 43 64 44 79 54 17 91 85 14 2 48 83 92 51 59 27 67 31 86 28 4 57 88 41 57 22 71 1 76 60 67 40 38 90 41 82 6 47 27 22 27 62 57 14 27 87 39 78 29 28 17 37 6 89 3 40 43 40 73 4 61 67 21 54 81 38 71 15 70 9 14 95 72 28 52 22 72 7 80 27 78 16 47 8 59 45 1 35 20 23 33 9 97 12 97 64 37 53 
62 94 40 72 94 71 17 44 84 34 2 65 55 18 61 52 3 25 18 70 93 62 8 59 62 24 54 77 44 23 80 27 21 9 37 32 20 27 7 49 50 69 66 15 44 12 27 76 40 42 45 24 82 100 8 14 100 71 13 23 26 67 66 86 50 69 44 35 66 33 68 53 58 13 58 70 57 73 41 15 60 28 80 29 31 55 60 89 88 42 74 72 70 6 77 9 4 25 43 36 33 55 3 3 81 67 90 37 44 48 63 71 61 41 46 62 33 72 94 1 9 31 57 44 63 79 89 90 
70 98 97 41 14 57 32 28 30 78 56 8 83 12 20 74 6 59 31 48 13 96 16 34 97 25 41 35 82 85 88 63 66 42 36 32 35 34 81 77 26 20 72 84 81 5 78 28 66 41 86 89 28 7 11 74 62 27 35 94 24 16 81 84 36 13 41 12 69 2 36 92 11 10 96 71 94 83 54 45 46 88 83 62 61 54 17 52 52 38 2 12 84 5 20 58 99 98 68 23 40 80 41 67 66 19 21 99 2 48 64 21 69 34 79 28 60 44 39 60 65 34 34 1 90 51 87 40 
37 8 74 98 28 18 99 13 43 16 96 23 22 23 96 87 93 33 65 41 51 27 53 76 22 64 9 15 45 10 78 51 92 84 42 45 97 77 49 25 12 40 98 10 7 59 10 77 5 39 47 18 98 93 48 93 34 58 100 77 40 69 11 25 92 5 45 23 67 31 42 9 87 40 48 85 88 70 28 57 13 10 2 30 99 37 19 74 79 70 73 91 98 33 10 36 32 3 47 63 77 59 47 82 11 86 87 80 20 1 97 58 22 88 85 63 91 26 80 33 70 80 57 18 2 56 1 16 
67 71 100 17 10 13 70 63 39 96 57 94 10 52 12 27 31 23 49 86 43 9 56 14 81 75 71 100 29 75 31 52 43 71 54 69 78 100 95 20 79 19 12 21 55 58 32 6 73 93 87 66 22 44 15 97 29 98 56 63 34 30 19 77 5 38 25 34 28 65 38 15 95 47 3 39 92 27 75 60 5 85 70 11 71 89 61 4 17 20 89 19 24 67 49 70 36 96 5 47 48 27 18 70 73 15 72 81 33 20 17 39 4 52 91 17 43 8 73 41 38 16 50 31 18 1 41 9 
25 15 69 32 19 74 15 19 23 91 73 34 91 88 70 31 11 10 35 42 51 73 23 19 56 6 9 68 79 8 18 67 81 71 98 49 34 28 31 48 37 29 63 69 5 28 82 46 72 90 38 4 90 55 93 24 54 65 50 7 83 54 44 29 76 61 6 55 14 58 29 1 59 86 8 66 53 56 46 93 92 90 46 83 4 51 56 35 33 36 84 44 73 53 77 29 90 16 19 77 7 9 40 9 26 83 94 31 28 77 72 74 97 79 72 80 60 95 73 74 73 77 16 33 83 19 23 87 
12 90 17 78 2 71 86 51 21 36 14 34 44 71 27 32 61 57 95 77 64 14 80 6 9 99 61 29 43 49 48 65 79 39 81 34 67 15 35 67 82 48 35 16 91 29 66 84 22 4 45 20 60 52 72 17 52 46 89 77 63 73 90 97 11 26 72 9 49 8 86 100 58 6 14 78 41 69 38 93 20 82 11 89 85 94 85 25 99 75 1 46 100 40 64 98 39 56 95 20 78 3 18 51 56 26 91 35 93 25 34 16 32 12 22 25 98 84 34 100 67 69 31 51 62 56 87 87 
56 28 94 65 28 96 26 77 78 99 11 59 83 70 82 95 36 28 45 85 77 51 77 68 74 31 56 4 44 67 43 16 83 77 67 9 53 22 14 38 100 67 8 98 69 16 13 56 58 16 13 6 61 92 77 29 1 20 47 60 10 65 42 60 8 27 78 39 23 15 41 9 73 30 82 34 19 89 78 20 62 66 26 23 1 40 90 10 8 99 86 38 12 91 100 71 88 26 12 31 11 81 93 8 82 18 83 78 74 64 89 94 45 7 82 67 2 96 34 56 91 78 96 98 77 6 66 46 
75 98 66 10 77 63 2 54 81 74 62 21 71 35 2 69 88 20 53 6 12 1 58 9 64 4 89 43 38 13 47 85 45 73 90 1 27 2 8 2 47 69 82 28 57 13 74 34 91 66 89 70 64 3 34 100 10 72 78 37 6 31 52 30 70 58 45 22 3 19 11 76 30 58 85 19 99 42 86 9 6 63 6 41 2 95 23 22 86 75 4 1 23 11 87 50 41 66 83 72 86 45 1 58 10 40 23 58 23 9 22 75 38 84 40 69 54 91 44 40 40 73 47 85 87 78 83 14 
90 24 96 1 55 83 64 31 47 54 67 18 40 37 47 17 47 67 43 84 97 71 52 75 94 55 37 15 9 2 71 24 49 45 59 1 92 74 68 36 36 11 44 13 44 37 9 38 24 1 89 92 19 51 40 51 94 16 99 77 22 55 6 3 91 65 93 49 33 41 97 70 27 47 41 53 18 59 29 10 27 99 18 88 77 23 89 29 12 100 40 66 63 21 70 12 39 37 3 38 16 17 48 93 58 98 42 10 31 78 92 60 67 23 5 1 96 77 89 91 9 96 78 15 90 89 77 30 
56 51 67 57 79 93 15 45 2 61 87 60 58 34 70 75 42 26 60 51 66 75 57 40 84 71 60 75 28 31 37 59 72 91 56 91 33 84 92 24 56 60 22 89 43 7 40 49 57 87 31 60 69 52 36 51 77 63 16 54 22 51 40 76 7 3 36 71 58 56 94 74 10 19 98 75 62 50 26 47 91 19 51 50 20 27 4 29 5 32 52 82 62 92 9 46 15 52 43 97 5 9 21 4 78 21 44 74 71 24 97 62 90 57 51 10 46 99 41 51 80 73 62 9 29 6 52 26 
74 4 48 45 40 62 10 49 30 17 36 40 88 29 49 6 81 56 91 89 18 45 87 5 63 34 64 57 70 25 47 33 53 19 90 1 89 86 28 90 61 23 49 36 15 99 93 50 11 62 7 29 62 29 85 68 50 25 17 100 22 7 15 25 61 54 52 27 83 33 56 53 71 70 43 8 3 93 90 21 51 82 9 17 2 31 43 46 77 65 96 49 83 88 36 80 22 38 98 61 68 65 93 92 84 18 49 87 59 63 21 85 73 21 78 34 84 19 15 32 5 10 99 6 8 19 7 73 
74 32 6 66 81 45 39 74 58 48 30 77 42 37 14 13 37 55 4 50 95 41 51 54 95 6 46 90 62 65 48 90 83 44 35 60 7 74 36 28 63 20 63 68 67 94 74 23 65 11 85 43 38 25 73 20 8 79 54 68 91 77 85 7 15 29 73 85 25 74 71 23 5 98 25 36 88 94 84 46 23 52 93 38 42 43 47 52 36 21 52 81 93 81 95 77 71 80 49 65 51 45 52 51 37 14 83 41 66 79 61 87 18 97 68 29 20 14 36 29 41 66 100 94 81 58 93 64 
4 43 39 85 88 71 90 25 22 53 33 28 15 40 61 85 47 27 74 76 10 99 98 51 81 72 59 77 42 100 84 95 10 24 5 94 54 72 49 80 47 79 41 78 55 68 14 67 8 29 16 37 28 10 72 45 40 35 3 88 100 28 34 10 95 87 26 82 81 93 68 68 36 22 60 93 17 72 55 88 95 73 87 38 11 34 49 24 88 65 22 89 33 61 51 73 37 40 89 25 34 72 34 33 50 8 32 79 27 67 7 79 66 66 61 100 50 84 48 61 46 77 94 97 54 10 99 15 
3 47 68 2 49 56 83 93 78 99 53 27 11 39 80 63 12 60 91 29 12 20 18 68 63 74 47 42 82 22 48 14 73 1 60 94 40 47 83 81 67 44 71 81 56 55 82 67 62 65 2 57 19 24 3 9 63 62 5 25 72 73 32 55 31 5 21 44 34 78 81 31 37 24 21 58 42 61 84 96 71 80 89 56 78 46 53 43 55 58 36 15 91 12 39 59 21 90 92 10 4 89 81 68 35 10 49 80 11 22 69 45 21 4 7 10 64 22 16 62 81 3 30 59 45 25 9 84 
92 78 45 17 57 90 35 85 73 90 62 16 96 55 79 9 32 31 3 43 55 29 5 47 81 95 58 36 64 10 58 8 78 37 91 52 85 17 47 54 50 22 99 19 60 47 91 44 44 84 64 24 80 25 75 12 82 31 54 8 20 72 46 92 96 98 32 66 84 54 33 1 30 51 51 30 6 96 54 70 18 32 98 15 91 74 57 26 84 42 55 65 6 80 13 2 16 42 30 7 84 82 12 22 7 86 83 22 17 42 40 67 26 69 84 54 56 41 32 51 49 27 26 16 99 9 28 80 
4 79 34 69 15 84 36 72 70 64 85 3 18 89 45 44 24 84 18 59 58 55 54 99 73 62 5 45 28 24 27 1 91 59 57 100 89 91 84 29 4 20 80 8 16 69 71 96 71 61 96 64 82 56 94 22 79 15 13 85 97 82 98 27 75 42 2 49 51 50 33 91 76 83 1 93 88 16 95 15 70 11 66 97 42 68 1 71 5 63 2 66 95 13 42 17 20 5 19 4 27 52 20 64 98 73 78 36 12 66 4 49 67 12 94 84 95 16 93 42 13 89 56 20 67 90 4 23 
90 81 32 76 72 20 40 96 83 59 20 81 35 71 81 11 6 33 44 38 69 88 18 72 22 78 44 1 43 73 43 7 57 71 2 48 1 86 77 27 48 52 41 43 100 45 54 24 65 80 71 37 64 31 74 11 50 47 18 60 33 40 71 56 31 5 14 46 13 41 37 55 5 38 71 81 63 52 49 42 73 3 1 43 75 64 1 61 96 80 50 1 81 35 19 19 22 19 17 56 30 82 52 100 55 48 31 87 4 13 25 51 46 71 3 8 81 45 97 68 69 63 8 61 30 30 57 16 
75 45 88 21 5 97 3 43 48 79 81 28 56 93 28 11 93 79 88 8 28 55 62 25 69 89 86 23 6 10 7 65 74 36 87 1 20 33 42 82 35 24 29 43 55 8 37 13 100 48 6 74 53 36 95 22 28 29 79 71 44 43 47 58 11 19 21 9 18 31 62 25 15 8 18 62 91 97 23 31 97 99 50 96 78 90 1 80 43 21 93 81 62 41 30 80 88 14 12 97 83 46 54 42 64 25 23 50 91 14 95 29 28 55 93 98 52 56 28 47 41 61 36 19 37 43 29 37 
56 48 70 55 76 76 49 52 16 26 89 78 54 37 9 72 19 44 58 38 9 36 14 64 55 50 69 87 57 60 3 31 20 75 49 83 88 81 10 61 40 100 39 26 1 8 51 36 94 49 13 80 45 100 40 63 18 65 78 24 90 37 59 87 12 38 57 44 30 65 19 15 22 85 27 56 22 2 56 66 98 3 38 90 29 70 1 65 79 93 54 18 85 62 15 17 88 95 5 29 67 65 20 55 89 82 93 90 61 100 66 35 10 67 21 58 3 26 78 5 86 98 26 64 57 52 87 76 
54 90 64 25 19 81 58 52 41 54 57 70 44 13 33 62 9 96 94 21 50 92 11 72 78 62 25 56 40 67 77 73 9 83 34 28 81 1 66 47 97 12 52 98 72 3 33 27 21 86 94 6 31 57 45 37 41 47 65 35 73 26 47 86 86 27 7 81 13 32 35 61 49 52 96 96 78 1 70 21 33 26 17 91 3 47 97 53 63 63 79 50 37 81 33 57 82 39 68 37 57 25 8 49 88 99 47 58 29 32 94 34 100 54 9 29 49 83 85 33 58 15 21 46 6 97 19 69 
37 9 75 7 83 49 29 64 25 49 25 66 43 96 59 72 14 22 97 4 76 27 69 17 76 31 28 30 61 33 94 60 14 93 16 91 81 9 97 42 95 49 91 17 24 93 24 59 48 5 37 43 16 20 65 74 91 72 62 68 22 14 23 68 60 66 7 37 86 79 43 67 59 95 53 32 3 23 92 38 81 52 71 47 68 97 41 43 79 4 75 30 99 56 96 23 94 52 4 29 3 53 64 26 26 97 12 88 27 1 61 13 36 93 59 92 86 53 37 57 7 52 65 76 15 4 76 5 
62 77 36 71 87 27 66 83 88 73 10 87 65 17 45 59 59 90 39 19 100 26 47 35 48 28 35 23 19 2 20 51 4 5 54 40 13 82 90 82 4 76 19 1 58 76 46 83 10 46 100 59 2 36 42 93 25 100 47 52 36 54 5 39 87 44 25 8 4 100 94 19 13 93 63 65 63 26 72 97 71 69 70 61 88 73 19 95 91 98 66 64 86 22 57 80 95 97 33 13 38 79 64 68 77 74 15 88 53 97 10 74 27 95 58 5 6 15 43 76 68 35 59 25 48 17 52 14 
52 19 29 88 73 55 85 21 78 96 86 67 25 85 84 24 38 89 71 77 75 49 56 75 66 62 66 64 83 24 23 100 16 61 39 14 28 4 54 51 17 61 22 13 92 91 64 26 12 81 70 48 2 59 35 13 11 91 46 100 4 51 97 7 10 8 73 26 5 46 76 20 38 73 23 67 60 90 10 56 87 87 33 35 14 15 26 92 35 41 9 80 100 45 4 40 27 33 81 91 50 96 2 25 76 79 96 55 61 54 82 63 84 84 54 89 82 3 85 63 87 78 25 82 62 51 11 46 
66 96 8 8 50 56 1 67 51 30 74 68 45 50 36 88 1 45 7 92 77 16 22 47 39 91 10 6 3 41 49 63 77 29 79 58 17 29 15 49 83 46 40 33 7 71 14 1 8 4 47 39 90 38 1 56 42 17 55 99 55 1 24 60 14 74 47 38 82 91 50 90 77 100 12 13 46 41 97 23 9 86 7 22 39 16 24 72 22 40 51 18 33 82 82 100 11 30 48 68 88 82 47 63 13 82 20 15 83 6 71 51 72 36 7 79 28 8 80 2 72 2 8 42 63 42 6 84 
62 59 52 48 65 15 35 66 97 8 92 75 76 34 56 5 58 91 35 33 29 60 53 100 51 23 75 9 13 49 85 54 33 41 56 63 90 68 31 74 33 76 29 49 63 32 81 75 63 49 77 33 43 59 52 29 61 93 30 17 27 71 91 46 28 89 31 11 52 72 5 68 66 82 64 36 19 67 7 60 8 4 4 27 59 70 51 52 50 74 66 1 76 61 55 7 2 39 7 68 76 17 41 85 61 26 10 92 74 13 67 64 19 99 32 24 3 47 94 40 55 94 95 60 5 57 35 83 
34 36 18 24 30 35 4 59 81 14 87 36 40 22 58 25 25 11 1 72 77 41 9 21 49 23 3 98 44 29 22 57 77 92 7 10 79 30 77 100 20 88 25 93 1 21 79 38 33 22 97 57 98 14 28 15 21 54 58 41 73 3 90 23 58 59 86 47 88 59 21 6 93 94 63 11 83 46 26 60 58 8 39 87 64 27 85 24 85 43 24 83 79 38 64 82 78 7 31 35 71 70 21 90 54 31 78 70 82 93 54 71 38 83 30 12 95 69 96 48 80 61 83 80 14 32 86 79 
80 90 34 28 49 74 62 5 50 27 54 70 21 7 82 75 12 41 61 2 49 15 9 14 19 70 2 35 87 45 48 36 68 34 70 6 7 85 10 24 97 88 61 16 95 38 93 29 76 87 39 60 41 64 76 94 4 32 18 55 39 77 19 62 71 89 16 35 28 85 23 84 95 85 90 58 89 96 97 47 46 66 87 59 61 69 69 1 98 81 2 26 4 48 13 70 24 29 77 63 45 26 80 67 16 50 91 32 73 81 92 83 33 92 30 36 78 44 69 14 62 30 79 25 25 25 70 54 
5 2 86 59 67 32 36 94 14 3 100 79 98 32 29 15 99 6 47 75 94 19 91 39 16 30 21 20 34 47 63 51 74 8 20 56 53 21 41 50 90 73 78 42 39 62 35 56 84 94 55 17 56 77 91 74 57 53 69 7 45 35 53 92 89 66 90 86 47 96 84 1 26 56 73 20 31 54 40 49 18 45 97 76 27 3 50 67 81 2 70 98 62 77 78 97 2 21 16 33 21 83 44 40 79 88 9 86 41 17 10 17 50 58 33 20 65 57 77 90 39 2 35 11 7 42 19 30 
45 28 63 96 15 46 5 64 84 57 49 70 7 50 34 41 38 100 11 57 68 63 48 45 2 39 26 74 40 5 63 49 66 20 22 17 48 77 7 1 57 59 70 17 94 26 56 52 21 8 34 10 6 32 63 2 61 35 87 28 42 45 42 38 38 60 15 26 51 72 84 51 74 71 41 63 87 72 40 34 35 84 84 6 58 77 12 23 83 87 19 81 34 26 74 50 46 90 95 92 43 52 24 78 80 7 95 29 1 62 23 42 6 71 47 41 14 83 23 54 76 56 55 80 66 49 77 51 
32 83 84 29 98 93 94 81 8 66 64 32 62 34 46 41 8 52 77 19 35 92 66 5 58 1 18 20 26 89 85 59 84 67 54 9 51 6 38 86 66 35 65 64 22 99 74 41 56 17 85 3 39 6 98 88 42 7 82 36 70 51 41 64 51 74 98 37 100 85 18 19 41 65 43 48 78 50 59 27 40 83 76 58 70 92 73 100 49 91 12 54 43 77 67 35 74 81 61 4 35 80 75 40 69 13 36 100 50 20 96 18 10 10 62 29 70 79 36 99 88 84 31 85 32 20 85 80 
65 33 10 94 84 86 30 99 43 30 73 47 61 55 54 55 83 42 18 50 59 59 27 65 2 72 77 92 77 60 38 73 25 84 20 41 76 85 55 84 54 63 67 27 86 59 30 63 71 83 40 20 89 32 32 21 51 14 69 2 10 21 43 36 70 10 64 11 30 4 98 67 56 55 62 56 54 100 19 55 48 99 58 74 91 40 79 77 97 62 34 39 62 87 33 97 59 24 8 34 90 18 84 81 19 71 98 34 38 60 65 80 71 99 99 47 48 94 29 67 35 49 32 87 31 90 64 66 
12 39 45 62 38 8 12 6 74 8 96 59 67 93 11 4 33 33 50 45 20 25 27 53 73 44 27 15 57 62 72 29 52 68 67 91 48 82 72 79 76 37 74 90 45 66 3 85 48 64 32 35 91 80 53 71 54 59 27 57 46 45 88 12 18 20 60 42 98 28 6 96 47 44 45 35 44 45 9 28 24 81 2 62 60 54 79 87 27 40 71 44 62 33 34 73 28 90 52 68 34 2 29 58 26 77 36 40 30 100 28 29 94 56 25 34 97 44 67 32 16 37 24 98 75 74 64 96 
38 40 36 41 3 2 87 32 94 9 17 15 15 94 54 11 32 20 65 70 28 89 32 11 12 33 82 30 11 78 65 44 24 69 83 44 24 87 89 85 11 67 53 32 63 20 94 61 5 79 20 81 14 44 71 78 99 3 58 69 6 72 79 90 21 92 66 16 37 100 19 5 86 62 6 85 67 95 17 75 24 60 62 73 97 68 63 10 33 53 69 92 96 61 4 38 77 29 97 24 51 10 54 3 44 5 41 63 44 58 25 91 99 54 44 49 99 13 9 44 79 72 20 36 22 13 27 73 
69 33 73 99 40 16 14 26 93 84 56 7 81 10 26 8 79 63 45 31 29 29 76 2 79 49 63 1 24 50 80 28 29 33 72 90 44 94 72 37 33 38 90 93 30 24 30 67 87 71 91 83 76 96 76 14 5 81 14 34 88 64 3 58 32 79 47 52 98 16 68 48 9 68 95 11 79 76 16 19 45 47 70 18 99 50 48 1 39 51 20 10 78 86 21 79 36 29 49 3 98 14 24 17 16 97 57 60 84 2 81 48 86 100 81 75 95 70 96 97 70 13 69 6 82 54 58 45 
1 13 12 79 41 55 86 42 74 89 69 8 23 82 10 96 48 55 25 94 3 42 46 57 83 1 29 57 89 24 45 34 16 86 2 83 11 46 89 49 87 34 59 54 78 63 77 93 14 19 44 2 20 33 36 62 33 100 18 92 12 11 6 22 8 14 18 57 98 91 97 6 20 13 68 16 99 25 35 53 56 80 71 34 100 35 7 74 38 71 87 88 85 42 75 82 25 29 74 21 24 24 84 32 99 29 52 72 34 48 77 31 16 19 45 52 38 58 6 32 100 28 27 37 98 44 38 63 
14 50 43 10 37 15 57 33 99 95 3 88 58 2 86 79 8 63 68 7 11 7 58 38 55 97 100 28 72 2 3 95 2 91 5 45 41 45 18 65 93 57 1 16 46 35 26 84 45 57 35 79 91 45 77 3 44 54 98 30 67 77 75 36 51 54 74 95 45 90 90 80 80 80 88 68 67 63 30 75 16 77 10 69 3 24 65 82 79 18 23 90 87 50 19 47 76 96 35 8 88 18 99 28 90 3 94 15 6 34 15 33 85 92 61 32 83 37 78 79 34 23 29 45 47 7 68 61 
16 44 99 91 72 72 100 28 91 45 66 33 21 3 2 19 4 71 86 25 56 72 73 79 8 18 63 45 63 52 26 53 46 65 49 47 9 94 72 32 59 99 86 14 38 36 98 98 59 51 81 72 1 8 29 47 47 37 67 26 29 22 1 33 49 51 69 10 78 89 32 50 70 66 84 36 13 73 28 51 18 60 85 18 67 7 72 12 24 15 16 75 86 7 60 29 24 34 87 29 28 72 51 67 58 17 55 74 4 27 19 57 29 4 8 44 93 42 93 64 6 37 96 29 64 27 72 68 
39 86 80 76 63 78 2 58 5 48 18 29 6 83 41 35 13 70 3 42 7 27 14 67 48 3 1 9 37 72 43 91 91 1 10 87 81 36 18 97 35 8 61 83 85 87 51 36 83 62 9 40 23 91 100 24 75 66 22 46 47 33 85 56 25 94 94 92 39 90 2 91 67 5 81 48 12 63 12 50 46 98 52 46 95 66 88 86 82 72 20 80 93 79 95 66 69 32 55 39 84 12 74 44 35 15 31 28 97 90 63 80 43 13 8 10 4 5 95 98 94 48 41 4 24 81 85 77 
38 49 100 99 46 60 93 34 74 74 75 53 55 56 48 96 54 87 77 48 98 19 84 20 85 57 12 35 17 69 63 51 7 55 72 5 1 32 42 78 77 83 7 51 80 30 22 41 14 84 74 95 98 77 35 23 8 13 79 16 36 93 7 44 80 53 22 38 14 79 76 50 66 62 35 58 86 18 70 20 13 51 8 42 42 90 92 33 35 50 20 25 67 61 3 52 30 62 19 45 42 20 79 55 21 14 20 13 42 59 38 61 87 19 94 59 96 76 2 83 50 23 68 31 24 16 22 73 
36 66 49 95 44 67 10 64 25 54 58 21 92 4 26 5 58 91 77 19 29 85 2 48 30 80 77 9 81 96 91 27 79 54 42 14 97 14 96 11 72 84 38 20 74 44 13 34 55 47 68 61 20 78 38 37 5 100 53 95 28 78 15 96 90 49 87 87 73 62 81 2 69 81 21 44 68 29 6 65 35 7 52 86 12 96 19 38 14 18 47 34 96 64 28 39 64 57 89 58 27 12 75 27 30 16 81 98 83 80 31 72 7 10 64 28 48 76 36 15 23 34 32 32 86 11 32 88 
60 16 67 68 71 35 92 55 59 10 39 95 53 5 95 90 15 50 20 98 16 19 86 54 80 55 55 65 17 30 81 55 62 83 62 61 10 95 36 72 35 32 45 78 86 88 44 30 100 83 71 38 76 2 94 45 75 43 11 60 86 11 98 42 50 67 90 99 43 82 48 14 40 97 61 32 24 85 37 63 44 10 82 43 10 22 64 42 28 17 86 40 26 79 61 14 93 10 89 77 33 70 19 12 58 60 59 70 31 83 51 97 7 96 51 58 92 21 98 97 53 12 22 75 60 79 60 71 
75 40 98 82 40 78 32 99 73 72 48 81 72 61 86 13 77 24 65 100 24 57 95 33 5 51 32 80 34 44 13 62 16 20 51 3 95 40 30 64 30 28 83 88 23 92 10 47 46 98 71 79 95 2 24 32 94 63 32 29 73 77 40 41 63 38 23 54 58 10 33 77 13 55 66 23 62 75 84 19 2 21 100 77 7 40 93 99 51 8 1 19 5 23 52 35 93 12 97 65 96 71 79 89 44 7 77 82 36 91 12 22 32 52 34 31 96 45 32 68 52 99 26 91 37 29 92 9 
40 66 29 86 83 87 45 88 20 62 97 24 76 10 22 20 86 38 67 77 97 30 37 86 41 46 66 9 88 43 57 42 34 91 20 6 31 50 96 68 49 47 59 82 26 13 54 86 7 66 72 7 96 95 94 74 83 37 12 70 91 15 22 58 88 9 29 23 90 46 85 60 69 76 44 46 51 22 5 30 28 16 71 47 43 30 54 42 4 58 32 80 57 12 41 67 86 86 7 44 8 44 93 17 7 93 88 1 36 67 48 93 9 57 21 70 90 21 45 45 74 74 53 23 33 75 35 13 
80 66 47 21 6 99 74 5 70 51 27 43 64 11 26 5 10 16 62 99 31 3 57 75 61 20 3 93 99 78 51 65 88 65 43 81 41 80 53 34 3 54 26 36 73 74 68 79 20 71 80 9 43 34 22 71 61 11 9 17 36 59 48 92 50 56 73 59 55 95 39 51 81 48 90 46 14 35 73 73 77 65 83 52 100 11 78 60 76 17 9 69 90 33 55 98 27 67 12 17 42 88 17 9 88 72 42 62 99 11 59 37 98 13 64 16 3 26 59 12 92 99 17 99 87 98 19 47 
17 62 77 11 27 57 30 82 16 95 68 94 16 57 68 55 54 49 15 34 17 68 31 53 59 49 14 6 33 23 59 80 29 48 7 37 42 39 38 76 20 51 31 56 33 62 69 60 30 58 23 90 47 2 83 58 53 30 59 28 41 59 68 4 97 50 64 37 62 57 94 82 67 62 81 16 10 80 100 9 34 37 85 90 9 10 78 95 38 83 34 100 49 3 86 14 94 13 61 37 8 28 78 2 93 10 29 92 38 96 79 97 13 10 19 34 96 92 19 53 2 25 29 3 96 29 9 91 
96 48 1 45 99 89 4 78 22 50 50 2 49 14 40 80 96 64 25 8 14 65 90 72 38 75 88 12 81 95 5 11 39 46 23 4 49 47 23 73 89 19 91 31 49 28 36 49 28 97 71 82 29 60 13 53 92 16 35 56 44 65 50 48 39 12 65 6 84 77 40 28 51 12 60 70 27 32 8 90 88 15 7 32 61 23 85 100 74 72 91 90 95 41 8 2 95 89 86 66 11 92 41 20 75 31 22 90 23 15 22 37 38 18 80 63 30 61 19 60 96 54 30 61 24 81 79 83 
22 73 18 58 9 59 52 21 63 14 82 17 27 66 26 58 8 26 30 83 84 67 14 80 24 34 36 95 65 44 92 97 19 36 88 54 86 21 13 14 10 49 28 72 41 68 54 27 89 84 88 59 29 32 52 65 29 11 29 40 78 27 11 8 93 73 82 13 56 71 37 14 1 59 28 2 97 40 56 36 30 62 60 86 44 46 100 7 57 82 30 20 21 65 9 57 52 75 63 39 26 8 84 72 46 71 25 33 69 68 57 22 60 59 16 47 26 96 42 5 55 21 96 41 90 38 89 86 
28 14 61 47 63 89 52 86 62 94 24 87 80 16 85 21 33 64 62 91 20 24 51 83 35 21 85 35 63 87 43 4 59 57 71 20 32 11 36 80 50 46 32 16 96 21 45 4 9 53 30 58 59 43 15 77 25 33 33 18 96 68 45 15 85 58 34 44 82 40 1 48 45 65 35 30 6 63 57 55 67 95 40 37 85 54 92 67 2 68 12 73 27 17 86 19 80 76 88 2 88 57 94 71 95 87 4 90 58 73 69 27 8 26 56 89 37 21 58 41 78 50 62 54 54 43 23 67 
13 36 99 44 27 67 100 88 92 18 37 61 23 89 52 43 48 63 18 90 84 88 21 88 23 47 77 6 18 21 2 85 22 39 91 100 86 38 46 5 93 75 57 47 40 85 4 22 3 87 18 26 89 17 35 94 84 92 59 23 11 62 31 29 45 27 56 39 22 73 61 70 99 49 29 34 97 77 2 17 86 23 91 76 2 26 87 69 10 23 79 41 14 88 25 58 74 93 40 7 52 76 59 93 9 54 67 60 34 54 31 23 64 52 6 33 62 9 78 63 92 55 35 92 77 92 72 33 
50 66 56 64 74 59 78 85 94 57 36 60 71 100 2 84 68 16 53 97 58 14 10 25 34 14 78 98 85 89 86 38 12 27 67 46 81 87 84 95 64 89 14 22 82 61 2 43 4 19 54 39 87 65 82 46 21 1 54 3 88 76 79 15 51 13 88 31 67 66 61 43 1 18 40 38 91 71 29 19 38 76 37 29 57 13 86 86 52 24 11 28 12 80 43 18 77 1 15 79 84 80 25 7 68 35 85 14 82 19 46 11 24 20 77 8 6 33 6 70 100 43 38 60 63 77 66 68 
78 27 7 12 30 50 68 17 54 40 80 15 99 1 40 73 30 8 45 14 42 4 2 21 91 65 59 10 84 66 51 51 44 95 57 47 6 40 40 15 73 5 59 5 32 66 95 60 11 52 48 76 43 94 43 38 22 18 98 93 87 44 21 24 70 97 54 10 35 85 68 53 70 76 13 33 10 100 66 77 29 28 17 81 38 71 53 71 39 37 70 97 77 73 38 62 69 82 64 5 33 45 96 98 79 71 42 64 10 58 61 56 5 41 100 21 93 58 9 38 79 46 53 68 28 87 27 29 
99 69 20 80 63 49 71 90 83 67 21 9 2 18 73 8 42 97 27 34 67 48 84 60 74 75 25 33 17 72 77 83 26 25 14 42 63 65 5 52 7 66 68 13 74 98 82 55 79 79 21 11 65 36 40 45 75 29 83 33 6 63 26 87 27 96 12 31 23 68 6 57 90 11 42 8 24 49 48 29 98 6 39 37 60 13 34 20 29 2 72 28 66 35 85 77 12 37 78 3 28 7 40 24 31 44 15 15 6 61 64 82 13 67 48 27 98 81 1 36 30 60 86 79 90 56 17 30 
7 23 36 26 23 80 66 63 92 61 61 49 81 10 21 75 4 81 47 21 36 23 19 53 84 98 26 43 52 20 64 81 21 64 6 25 50 29 96 54 60 6 13 18 78 23 67 87 45 72 64 17 34 2 25 41 93 40 35 76 64 26 76 86 96 15 14 62 55 79 52 77 42 99 83 62 71 83 87 16 74 61 39 64 44 4 51 98 9 79 62 57 97 63 62 93 87 7 32 89 7 66 41 72 89 59 81 95 8 20 95 77 68 32 85 32 86 100 6 92 76 34 28 82 80 94 99 77 
52 87 54 91 20 39 40 47 61 26 44 16 55 82 8 24 64 56 100 74 50 85 44 21 20 69 47 91 75 31 90 5 70 78 86 9 69 74 19 23 80 35 31 68 68 11 23 94 47 58 68 80 68 8 86 78 93 95 60 28 51 39 2 78 80 70 75 91 13 10 98 22 61 100 50 26 63 99 10 57 10 9 61 19 41 36 32 61 92 99 10 29 66 97 58 57 59 43 30 90 86 43 29 65 50 67 72 51 36 82 42 84 41 66 75 6 58 81 37 83 98 93 52 59 83 46 23 71 
90 27 43 33 27 86 31 28 59 50 91 35 3 30 3 49 66 76 78 10 64 28 29 56 90 61 92 21 28 63 24 94 48 91 73 30 44 64 35 80 45 28 44 24 12 28 29 90 83 4 83 83 71 15 22 78 72 60 52 92 9 71 53 31 25 14 99 55 85 12 95 91 94 37 53 64 16 10 1 83 91 85 38 18 33 62 6 84 97 20 25 19 16 76 20 72 40 99 39 82 93 8 12 56 66 94 31 80 3 71 61 89 24 22 53 51 94 3 53 4 3 65 19 89 4 68 4 1 
7 5 81 85 83 57 13 55 18 94 15 99 31 67 22 41 24 53 47 76 4 33 83 81 16 39 44 92 84 11 79 94 37 79 52 7 26 3 48 82 10 48 60 71 74 60 37 16 62 16 16 86 57 12 3 24 24 87 8 72 34 61 49 14 98 95 44 9 81 24 59 37 42 16 63 54 54 20 25 83 12 39 97 30 84 96 81 46 59 99 14 99 55 4 15 45 94 93 56 69 48 98 70 87 1 60 90 12 18 40 67 26 27 93 20 18 53 86 71 1 53 23 18 72 77 17 72 46 
31 36 77 14 41 13 54 15 75 8 61 74 79 47 53 41 30 95 81 91 47 60 87 42 40 32 91 85 7 95 24 62 100 52 76 81 69 50 90 13 33 8 37 6 68 57 20 21 96 99 81 62 82 29 81 67 67 12 17 2 16 98 55 76 71 4 30 82 65 86 99 70 74 70 53 61 23 38 82 78 22 10 48 23 85 43 74 40 61 17 87 33 69 100 58 31 98 80 85 71 20 18 65 100 7 16 45 12 29 59 10 8 35 64 14 34 80 81 57 5 54 5 79 77 97 44 5 5 
74 67 63 30 53 28 75 35 21 57 92 15 53 20 62 52 48 71 21 49 28 46 17 84 79 94 60 43 53 85 39 12 46 14 80 1 88 5 51 19 30 85 35 23 6 86 51 31 39 44 30 77 40 53 57 55 30 61 67 94 69 38 92 18 66 33 67 71 49 11 100 85 40 47 50 78 45 89 25 1 64 10 16 54 78 97 100 40 82 45 8 17 80 40 92 6 47 94 23 17 83 35 81 66 82 31 77 5 45 10 75 18 4 9 86 28 29 11 22 56 80 26 70 81 52 38 90 93 
78 26 19 90 37 54 56 60 93 26 43 77 7 24 23 98 10 39 36 4 48 23 91 40 12 79 6 76 13 29 84 46 64 15 63 31 76 83 79 32 40 100 94 10 63 3 14 88 66 63 62 6 67 5 48 62 42 11 30 5 43 84 96 67 45 66 48 80 11 27 71 64 9 73 80 81 21 39 19 36 76 49 6 68 3 91 72 85 40 30 85 85 1 16 85 29 41 29 28 76 50 57 87 56 76 30 48 5 52 34 74 77 29 16 87 72 31 53 36 70 2 72 40 37 28 36 23 65 
73 20 78 23 79 68 61 18 18 39 53 76 56 75 63 19 64 61 82 57 21 18 24 44 36 68 84 37 66 80 51 32 14 77 72 3 100 35 25 3 62 79 13 14 48 87 8 53 25 74 60 21 30 60 98 52 72 61 10 17 20 49 16 59 49 82 10 21 29 12 63 61 85 40 72 13 43 68 24 28 14 96 5 43 67 98 45 53 41 100 35 50 21 41 28 66 25 5 40 25 68 48 67 9 67 48 10 44 15 29 15 24 43 7 17 13 79 88 46 3 17 94 30 42 96 19 64 25 
73 61 48 38 2 36 2 29 31 42 87 73 18 74 53 37 70 19 83 38 3 69 86 26 96 30 23 27 46 87 1 39 16 83 27 10 78 31 9 46 5 83 91 22 46 99 53 88 45 94 19 85 63 92 93 46 82 56 36 20 37 14 92 96 45 81 77 62 3 65 40 19 3 11 64 20 69 75 14 78 30 90 48 63 11 82 15 75 87 73 37 75 71 53 19 31 72 32 52 74 50 4 58 5 72 95 80 77 16 85 18 70 9 49 11 56 22 92 92 98 46 20 55 39 48 83 30 3 
33 72 54 25 27 47 31 61 45 27 27 54 50 81 77 53 72 87 6 90 19 14 88 75 99 64 42 22 26 20 44 54 29 32 13 8 26 49 86 7 48 72 82 74 75 17 76 51 23 95 91 81 51 58 7 43 35 89 16 96 96 61 5 89 87 93 86 21 47 54 58 13 33 15 94 27 14 53 91 60 47 15 39 9 1 19 38 3 72 27 6 86 68 50 62 6 81 34 71 19 78 14 1 83 98 46 66 93 92 19 75 82 50 73 94 41 73 68 4 91 18 51 3 12 84 16 39 66 
52 96 37 35 54 50 4 60 74 26 60 10 67 84 24 12 40 29 83 44 92 71 66 33 13 5 80 93 10 89 46 65 3 18 31 100 33 55 15 47 29 6 61 51 98 57 46 39 54 12 66 43 65 24 9 99 16 19 15 71 63 46 69 61 23 12 37 95 86 45 16 1 35 22 37 36 9 64 60 46 34 99 35 36 23 74 19 86 18 63 60 18 4 88 89 87 46 67 15 6 24 56 80 42 58 87 52 59 57 84 87 23 94 73 61 51 70 70 7 21 99 56 37 56 25 14 52 87 
14 37 77 93 98 64 10 6 38 80 37 24 85 64 95 66 46 24 68 34 75 13 78 59 84 52 1 49 44 24 70 47 16 69 58 17 70 30 31 83 75 19 47 81 25 46 32 47 95 7 98 3 69 58 51 38 76 4 58 40 92 35 50 30 42 67 30 5 77 95 91 26 89 12 24 10 79 2 60 30 14 20 77 36 63 9 53 99 57 43 55 83 98 85 73 75 94 46 49 57 19 10 83 7 84 30 88 29 40 66 3 92 54 43 92 54 26 70 34 61 26 17 68 36 62 30 1 85 
38 72 85 92 97 70 40 68 48 66 53 1 82 62 11 54 8 57 33 13 74 89 65 92 98 9 55 38 14 59 49 75 66 58 81 43 22 90 74 96 81 73 4 47 74 43 21 84 7 15 20 61 2 94 47 55 54 89 7 75 10 67 31 85 31 92 76 59 10 47 24 96 14 19 46 33 28 55 40 87 16 58 99 33 28 49 48 26 12 88 45 89 29 19 30 18 28 94 6 93 17 38 96 90 96 55 47 19 96 19 16 43 6 63 8 19 43 39 8 26 80 52 71 90 30 47 71 98 
6 72 75 53 99 79 98 21 47 42 7 80 23 44 50 18 82 11 95 41 60 90 9 96 6 53 26 39 77 28 13 62 14 9 99 79 70 46 73 94 65 93 35 12 74 55 92 81 18 49 38 65 27 66 47 73 69 6 60 92 54 23 56 98 90 97 66 54 16 75 33 48 97 72 71 43 87 63 23 59 64 91 8 53 66 84 92 49 53 41 83 81 15 22 10 16 35 6 1 16 65 91 12 66 3 7 93 14 60 43 15 15 91 53 58 74 66 34 67 77 38 32 68 84 41 29 95 53 
40 74 22 83 28 3 18 7 4 94 47 27 92 35 14 70 97 89 16 45 83 21 11 84 42 26 49 25 10 2 49 50 45 27 34 64 41 29 33 19 88 83 65 9 18 68 41 15 41 17 60 80 30 3 11 80 70 14 82 44 85 83 8 48 70 28 28 18 76 25 70 73 39 27 33 8 50 36 19 37 8 49 49 40 53 53 12 71 96 43 44 65 71 86 95 29 58 29 61 72 15 83 59 43 27 21 55 66 79 100 89 48 27 75 25 7 15 74 28 99 42 92 69 80 15 78 37 32 
80 95 97 95 73 70 56 73 13 88 100 49 66 77 99 6 82 94 14 60 6 98 13 54 36 1 68 88 4 50 21 84 12 22 96 25 69 16 21 96 87 54 60 1 26 21 86 33 74 7 75 57 92 61 17 74 50 29 65 31 6 13 61 26 59 72 89 19 59 11 38 82 59 13 66 12 50 22 42 54 100 22 79 71 89 42 7 26 19 41 98 26 28 47 39 19 63 21 23 10 88 12 83 30 3 20 31 56 58 89 88 91 21 84 100 8 6 56 88 7 44 7 36 9 90 58 78 69 
23 35 12 28 50 37 53 59 22 34 88 44 25 41 23 80 18 35 98 69 69 51 23 68 96 9 15 19 42 62 63 31 52 57 71 25 52 19 75 55 53 48 74 32 84 96 26 94 3 51 56 63 17 76 60 77 84 24 66 34 55 97 87 82 11 50 4 3 22 93 57 93 59 22 12 58 84 51 81 13 14 74 99 27 67 65 75 37 5 42 54 97 89 85 58 25 50 87 80 27 19 52 51 31 68 59 47 63 42 27 57 59 28 83 94 67 99 42 8 80 18 51 52 94 25 90 71 25 
50 61 80 28 100 89 46 69 56 80 48 15 78 19 96 33 61 61 22 73 61 43 40 44 35 20 65 22 1 9 66 95 28 97 82 37 20 11 78 17 96 17 59 63 4 34 22 15 35 40 95 2 13 78 16 68 81 6 61 49 1 20 26 5 24 84 31 60 61 17 48 98 47 69 9 58 80 72 21 38 15 70 24 24 90 72 54 94 30 61 53 45 48 71 26 75 45 13 78 44 79 27 53 25 95 56 89 11 60 35 37 91 74 31 76 76 92 19 90 59 42 37 49 9 63 13 80 84 
1 1 -1 1 1 -1 -1 -1 1 -1 -1 1 -1 -1 -1 -1 -1 -1 1 -1 -1 -1 -1 1 -1 -1 1 1 1 -1 -1 1 -1 -1 -1 1 1 -1 1 -1 -1 1 1 -1 -1 -1 -1 1 -1 1 -1 -1 1 1 1 1 -1 1 -1 -1 1 1 -1 -1 -1 1 1 1 -1 -1 1 -1 1 1 -1 -1 -1 -1 -1 -1 1 1 -1 1 -1 -1 -1 1 1 1 1 -1 1 -1 -1 1 1 -1 1 -1 -1 -1 1 1 -1 1 1 -1 1 1 1 1 -1 1 1 -1 1 -1 -1 -1 1 -1 -1 -1 -1 1 -1 1 
1 -1 1 1 -1 1 -1 -1 -1 1 1 -1 1 1 1 1 -1 -1 -1 -1 -1 -1 -1 -1 1 -1 -1 1 1 1 -1 -1 -1 1 1 -1 -1 1 1 1 -1 1 1 -1 1 -1 1 1 1 -1 1 -1 1 1 1 -1 1 -1 1 -1 -1 -1 1 1 -1 -1 1 -1 1 -1 -1 -1 1 -1 -1 1 -1 1 1 1 -1 -1 1 -1 -1 -1 -1 -1 -1 1 1 -1 -1 -1 1 1 -1 1 1 -1 -1 1 1 1 1 -1 1 -1 -1 -1 1 1 -1 -1 -1 -1 1 -1 -1 -1 -1 -1 -1 -1 -1 -1 -1 1 
-1 1 -1 1 1 -1 1 1 1 1 1 -1 -1 -1 1 1 -1 -1 1 -1 -1 1 -1 1 1 -1 1 -1 -1 1 -1 -1 1 -1 -1 -1 -1 1 1 1 1 -1 -1 -1 1 1 1 -1 -1 -1 1 -1 -1 -1 -1 1 -1 1 1 -1 1 -1 -1 -1 -1 1 1 -1 1 1 1 -1 1 1 -1 -1 1 -1 -1 -1 -1 1 1 -1 1 1 1 1 1 1 1 1 1 -1 -1 1 -1 1 1 1 1 -1 -1 1 -1 -1 1 -1 -1 1 -1 1 -1 1 1 1 1 -1 -1 1 -1 1 -1 1 1 -1 -1 1 
1 1 1 1 1 1 -1 -1 -1 1 -1 1 -1 1 1 -1 1 1 1 1 -1 -1 1 -1 1 -1 1 1 -1 -1 -1 -1 -1 -1 1 1 1 1 -1 -1 -1 -1 -1 1 -1 1 1 1 -1 1 1 -1 1 1 1 -1 -1 1 1 1 -1 1 1 -1 1 -1 1 1 1 -1 -1 1 1 -1 -1 1 -1 1 -1 1 1 1 1 -1 -1 -1 -1 -1 1 1 -1 1 -1 1 1 -1 1 -1 1 1 1 1 1 -1 -1 1 -1 -1 1 1 1 -1 1 -1 1 -1 -1 -1 1 -1 1 -1 -1 -1 -1 1 -1 1 
1 -1 1 1 1 1 -1 1 -1 1 1 1 -1 1 1 -1 -1 1 -1 -1 -1 1 -1 -1 -1 1 -1 -1 1 1 -1 -1 1 1 -1 1 -1 1 1 -1 -1 1 -1 -1 -1 -1 1 1 1 1 1 -1 1 -1 -1 -1 1 1 1 -1 -1 1 -1 -1 -1 -1 1 -1 1 1 -1 1 -1 1 1 -1 -1 1 1 -1 1 1 1 -1 1 1 1 -1 -1 -1 -1 1 1 1 -1 1 1 -1 1 -1 1 -1 -1 1 -1 -1 -1 -1 -1 1 1 1 -1 1 -1 1 1 1 1 -1 -1 -1 -1 1 -1 -1 1 -1 
-1 1 -1 1 1 -1 1 1 -1 1 1 1 -1 -1 1 1 1 1 -1 1 -1 1 -1 -1 1 1 -1 -1 -1 -1 1 1 -1 -1 1 1 -1 1 1 -1 1 -1 -1 1 -1 -1 -1 1 -1 1 -1 1 1 -1 -1 -1 -1 -1 1 1 1 -1 1 -1 1 -1 1 -1 1 -1 1 -1 1 -1 -1 -1 -1 1 -1 1 1 1 1 -1 -1 -1 -1 1 1 1 -1 -1 1 1 1 -1 1 1 1 1 -1 1 1 -1 1 -1 1 1 1 1 1 1 -1 1 1 1 -1 1 1 1 -1 -1 1 1 1 1 1 1 
-1 -1 1 -1 -1 1 -1 -1 -1 1 1 -1 -1 -1 -1 -1 1 1 1 1 1 -1 1 -1 -1 -1 1 -1 1 -1 -1 -1 1 1 -1 -1 1 1 1 -1 -1 -1 -1 -1 1 1 -1 -1 1 -1 1 -1 1 1 -1 1 1 -1 -1 1 1 -1 1 -1 -1 -1 -1 1 -1 -1 -1 -1 1 1 -1 -1 1 1 1 -1 1 -1 -1 -1 1 -1 -1 -1 -1 1 -1 -1 1 1 -1 1 1 1 1 1 -1 1 1 -1 -1 1 -1 1 1 1 1 1 1 -1 -1 -1 1 1 1 -1 1 -1 -1 1 -1 -1 -1 1 
-1 -1 1 -1 1 1 -1 -1 -1 -1 -1 -1 -1 -1 -1 -1 -1 1 1 -1 1 -1 -1 -1 -1 1 -1 -1 1 -1 -1 -1 -1 1 1 1 1 1 -1 -1 1 1 1 -1 -1 -1 -1 -1 1 -1 -1 -1 -1 1 -1 -1 -1 1 1 -1 -1 -1 -1 1 -1 -1 1 1 -1 -1 -1 1 -1 -1 -1 -1 -1 1 -1 1 1 1 1 -1 -1 1 -1 1 -1 -1 -1 -1 -1 1 1 -1 1 1 -1 -1 1 -1 -1 1 -1 -1 -1 -1 1 1 1 1 1 -1 -1 -1 1 -1 1 -1 1 1 -1 -1 1 -1 -1 1 
1 -1 1 -1 -1 -1 -1 -1 -1 -1 -1 1 -1 1 -1 -1 1 -1 1 1 1 -1 1 1 1 1 1 -1 -1 -1 -1 -1 1 -1 -1 1 1 1 -1 1 1 1 -1 1 1 1 -1 -1 -1 1 1 1 1 -1 1 1 1 -1 -1 1 -1 -1 -1 -1 1 -1 -1 -1 1 -1 1 -1 1 -1 -1 1 1 -1 1 -1 1 1 1 -1 1 -1 1 -1 -1 -1 -1 1 1 -1 1 -1 1 1 -1 1 -1 -1 1 1 1 1 1 1 1 -1 1 1 1 -1 1 1 1 -1 1 1 -1 -1 1 -1 -1 -1 1 1 
-1 1 1 1 1 1 1 -1 -1 1 -1 1 1 -1 1 -1 -1 1 1 -1 -1 -1 1 1 -1 1 -1 1 -1 1 1 1 -1 -1 -1 -1 -1 -1 -1 -1 -1 -1 -1 1 -1 -1 1 1 -1 -1 -1 1 1 -1 1 -1 -1 1 -1 -1 -1 -1 1 1 -1 1 -1 1 1 -1 -1 -1 -1 1 1 -1 -1 1 -1 -1 -1 -1 1 -1 1 -1 1 -1 -1 -1 1 1 1 1 1 1 -1 -1 -1 1 1 -1 1 -1 1 1 -1 -1 1 1 1 1 1 -1 1 -1 -1 -1 1 1 1 1 -1 1 1 -1 1 -1 
-1 1 1 -1 1 1 1 -1 -1 -1 1 -1 1 -1 -1 1 1 1 -1 -1 -1 1 1 -1 1 1 -1 1 1 -1 -1 1 -1 1 1 -1 -1 -1 -1 -1 1 1 1 1 1 -1 1 -1 -1 1 -1 1 1 1 1 -1 1 1 1 -1 1 1 -1 -1 -1 1 1 1 1 1 -1 1 1 -1 -1 -1 -1 1 1 -1 -1 1 -1 -1 -1 1 1 1 1 1 1 1 1 1 -1 -1 -1 -1 1 1 -1 1 1 -1 -1 -1 -1 1 -1 1 1 -1 -1 1 -1 1 -1 1 -1 1 1 1 -1 -1 1 -1 -1 1 
1 -1 -1 1 1 1 -1 -1 1 1 -1 1 -1 1 -1 -1 1 -1 1 1 -1 -1 1 -1 -1 -1 1 -1 -1 -1 -1 -1 -1 -1 -1 1 1 -1 1 1 -1 -1 1 1 -1 1 -1 1 -1 1 -1 1 1 -1 1 1 -1 -1 1 -1 1 1 1 1 -1 -1 1 1 1 -1 1 -1 -1 -1 1 1 -1 1 -1 -1 -1 1 1 1 -1 -1 -1 1 -1 -1 1 -1 1 1 1 1 1 -1 1 1 -1 1 -1 1 -1 1 -1 1 1 1 -1 1 1 -1 1 1 -1 1 1 -1 1 1 -1 -1 1 -1 -1 -1 
-1 1 -1 -1 -1 -1 -1 -1 -1 1 1 -1 -1 -1 1 -1 1 1 1 1 1 -1 -1 -1 -1 1 1 -1 1 1 1 1 -1 1 1 -1 -1 -1 1 1 -1 1 -1 -1 -1 -1 -1 1 -1 -1 1 1 -1 -1 1 1 1 -1 -1 1 1 1 -1 -1 -1 1 1 1 1 1 -1 -1 -1 1 -1 -1 -1 -1 1 1 1 -1 -1 1 -1 -1 -1 -1 -1 -1 1 -1 1 1 1 1 1 1 -1 1 -1 -1 -1 -1 -1 1 1 -1 1 -1 -1 1 -1 1 -1 -1 -1 1 -1 -1 1 -1 1 -1 -1 -1 -1 -1 
-1 1 -1 1 1 -1 -1 -1 1 -1 -1 1 -1 1 -1 1 1 -1 1 -1 -1 -1 -1 1 1 1 1 -1 1 -1 -1 -1 1 1 1 1 1 1 1 1 1 -1 -1 1 -1 1 -1 -1 1 -1 -1 -1 -1 -1 -1 1 1 1 -1 -1 1 -1 1 1 1 1 1 -1 1 1 1 -1 -1 1 -1 1 -1 -1 1 1 -1 -1 -1 -1 1 -1 1 -1 -1 -1 1 1 1 1 -1 1 1 -1 1 -1 1 1 -1 1 1 -1 1 -1 -1 -1 -1 1 1 1 -1 1 1 -1 -1 1 1 -1 1 -1 1 -1 1 1 
-1 1 1 1 1 1 -1 -1 -1 1 -1 -1 1 -1 1 1 1 -1 1 1 -1 1 -1 1 1 -1 -1 1 -1 -1 -1 -1 -1 1 1 -1 1 -1 1 1 1 -1 1 1 -1 1 1 -1 1 1 1 -1 1 -1 1 -1 1 -1 1 1 1 1 -1 -1 1 -1 -1 1 1 -1 -1 -1 1 -1 1 1 1 1 -1 1 1 -1 1 -1 -1 -1 1 1 -1 -1 -1 -1 1 -1 -1 -1 -1 1 -1 -1 -1 -1 -1 -1 -1 1 -1 -1 -1 -1 1 1 1 -1 -1 -1 -1 -1 -1 1 1 -1 -1 1 1 1 1 1 
-1 1 1 -1 -1 1 -1 -1 -1 -1 1 -1 -1 1 1 -1 1 1 1 1 1 1 -1 1 -1 -1 1 1 -1 -1 1 -1 1 -1 -1 -1 -1 1 1 1 -1 1 -1 1 -1 1 1 -1 1 -1 1 1 1 1 1 -1 1 1 1 -1 1 1 -1 1 1 -1 -1 -1 -1 -1 -1 1 1 1 1 -1 1 1 -1 -1 -1 -1 1 -1 -1 -1 1 1 1 -1 -1 -1 1 1 -1 -1 1 1 1 -1 -1 -1 -1 -1 1 -1 -1 -1 -1 -1 -1 -1 -1 1 -1 1 1 1 1 1 -1 1 1 1 1 1 1 1 
-1 -1 -1 1 -1 1 1 -1 1 -1 1 1 1 1 1 1 -1 -1 1 1 1 1 1 1 -1 1 1 1 -1 1 -1 -1 -1 1 1 -1 -1 1 -1 1 1 1 1 1 -1 1 1 1 -1 1 -1 1 -1 -1 1 1 1 -1 -1 1 1 -1 -1 1 -1 -1 1 1 1 -1 1 -1 -1 -1 1 1 1 -1 1 1 1 -1 -1 -1 -1 -1 1 1 -1 -1 -1 1 -1 1 -1 1 -1 1 1 -1 1 -1 -1 -1 1 -1 -1 -1 1 -1 -1 1 1 -1 1 -1 1 1 1 -1 1 -1 -1 1 -1 1 -1 1 
-1 -1 -1 1 1 1 1 1 -1 1 1 -1 1 -1 -1 1 -1 1 1 -1 -1 -1 1 1 -1 1 -1 -1 1 1 1 1 -1 1 -1 1 -1 1 -1 1 1 1 -1 1 -1 -1 1 1 1 -1 -1 1 -1 1 1 1 1 -1 -1 1 -1 1 -1 1 1 1 -1 1 -1 -1 -1 -1 1 -1 1 1 -1 -1 -1 1 1 -1 1 1 1 1 1 1 1 1 1 -1 1 1 -1 1 -1 -1 -1 1 -1 -1 1 1 1 1 1 -1 -1 -1 -1 -1 1 1 1 -1 -1 -1 1 1 1 1 -1 -1 1 -1 -1 1 
1 -1 1 1 -1 -1 1 1 1 1 -1 1 1 1 1 1 1 1 1 1 -1 1 1 -1 1 -1 -1 -1 -1 1 1 -1 -1 -1 1 -1 1 1 -1 -1 -1 1 -1 -1 1 -1 1 -1 1 -1 1 1 1 -1 -1 1 -1 1 -1 1 1 1 1 -1 -1 1 -1 -1 1 -1 1 -1 1 -1 -1 -1 -1 1 -1 1 -1 1 1 1 -1 1 -1 1 1 -1 1 1 -1 -1 -1 1 1 -1 1 -1 1 -1 1 1 1 1 -1 1 1 1 1 1 -1 -1 -1 1 -1 -1 -1 -1 1 1 1 -1 1 -1 1 -1 
-1 -1 -1 1 -1 1 1 -1 1 -1 -1 1 1 -1 1 1 1 -1 1 -1 1 1 -1 1 -1 1 1 1 -1 1 -1 -1 1 1 -1 1 1 -1 -1 -1 1 1 1 1 -1 -1 1 1 1 -1 -1 1 1 -1 1 -1 -1 -1 1 1 1 -1 1 1 -1 -1 1 -1 1 -1 -1 1 1 1 -1 -1 -1 1 -1 1 1 1 -1 1 -1 -1 -1 1 1 1 1 -1 1 -1 1 -1 -1 1 1 -1 1 1 -1 -1 -1 1 1 1 1 1 -1 -1 1 -1 -1 -1 1 -1 -1 1 -1 1 1 1 1 -1 -1 -1 
-1 -1 -1 -1 -1 -1 1 1 1 -1 -1 -1 1 -1 -1 1 1 -1 -1 1 -1 1 1 1 1 1 1 1 1 1 -1 -1 1 1 1 -1 1 -1 -1 -1 1 -1 -1 -1 1 -1 -1 1 -1 -1 -1 1 1 1 1 -1 1 -1 -1 -1 1 1 -1 -1 1 -1 -1 1 -1 -1 -1 1 -1 -1 1 -1 -1 -1 -1 1 1 -1 1 1 -1 1 -1 -1 1 -1 1 -1 1 1 1 1 1 1 1 1 -1 1 -1 -1 1 1 -1 1 1 1 -1 1 1 -1 1 -1 -1 -1 -1 -1 -1 1 -1 1 1 1 1 -1 
-1 -1 1 -1 1 1 -1 -1 -1 -1 1 -1 -1 -1 1 1 1 -1 1 1 1 1 -1 1 1 -1 1 1 1 1 -1 -1 1 1 1 1 1 -1 1 -1 1 1 -1 -1 1 1 -1 1 -1 -1 -1 -1 1 -1 -1 -1 -1 1 1 -1 -1 1 -1 -1 1 -1 -1 1 1 -1 -1 -1 1 1 1 1 1 1 1 -1 -1 1 -1 1 -1 1 -1 -1 1 1 -1 -1 -1 1 1 1 -1 -1 1 -1 1 1 -1 1 1 1 1 -1 1 -1 1 -1 -1 -1 1 1 1 -1 -1 1 -1 -1 1 -1 1 1 -1 1 
-1 -1 -1 1 -1 -1 1 -1 1 1 1 1 -1 -1 -1 -1 1 1 1 -1 1 -1 1 -1 1 -1 1 1 1 -1 1 -1 1 1 -1 -1 1 -1 -1 -1 1 1 1 -1 -1 -1 -1 1 -1 -1 1 -1 1 -1 -1 -1 -1 1 1 1 -1 -1 -1 1 1 -1 -1 1 -1 1 1 1 1 -1 1 1 1 -1 -1 1 -1 -1 -1 1 1 -1 -1 1 1 -1 -1 1 1 -1 1 -1 1 -1 -1 -1 1 -1 1 -1 1 -1 1 -1 1 -1 1 1 -1 -1 -1 -1 -1 1 1 1 -1 1 1 -1 1 1 -1 1 
1 -1 1 -1 -1 -1 -1 -1 1 1 -1 -1 -1 1 1 1 1 1 -1 1 1 1 -1 -1 -1 1 -1 -1 1 1 1 1 1 1 1 1 -1 -1 -1 1 1 -1 -1 1 -1 1 1 -1 1 -1 -1 1 -1 1 1 1 -1 1 1 1 -1 -1 1 -1 -1 -1 1 -1 1 -1 -1 1 -1 1 1 1 1 1 1 -1 -1 1 1 -1 1 -1 -1 1 -1 -1 -1 1 -1 -1 -1 -1 -1 -1 -1 -1 1 -1 1 -1 -1 -1 1 1 1 -1 1 -1 -1 -1 1 -1 -1 1 1 -1 1 -1 1 1 1 -1 1 1 
-1 1 1 1 -1 1 -1 -1 1 -1 1 -1 -1 1 1 -1 -1 -1 1 -1 1 1 1 -1 1 1 1 1 -1 1 1 1 1 -1 1 1 1 -1 -1 -1 -1 -1 1 1 1 1 1 1 1 -1 1 1 -1 -1 -1 1 1 -1 1 1 1 1 -1 -1 1 -1 -1 1 -1 1 -1 1 1 1 1 -1 -1 -1 -1 -1 1 -1 1 1 1 -1 -1 1 -1 1 -1 1 1 1 1 -1 1 1 -1 -1 1 -1 1 1 -1 1 -1 1 -1 1 -1 -1 -1 -1 1 1 -1 1 -1 1 -1 -1 1 1 1 1 1 1 
-1 -1 -1 -1 1 1 -1 1 1 1 1 -1 1 1 -1 -1 1 1 -1 1 1 -1 -1 1 1 1 1 -1 -1 1 1 -1 -1 -1 1 -1 -1 1 1 -1 -1 1 -1 1 -1 1 -1 -1 -1 1 1 1 1 1 1 1 -1 -1 -1 1 -1 -1 -1 1 1 1 1 1 1 1 1 -1 -1 -1 1 -1 -1 -1 1 1 1 -1 1 -1 1 -1 -1 -1 -1 -1 1 -1 1 1 1 1 -1 -1 1 -1 -1 1 1 -1 -1 -1 1 1 1 -1 1 1 1 1 1 -1 -1 1 1 -1 1 1 1 1 1 1 -1 -1 
1 -1 1 1 -1 -1 1 -1 1 -1 -1 1 1 1 -1 1 1 -1 -1 1 1 1 1 -1 1 1 -1 -1 -1 -1 -1 1 1 -1 1 1 1 -1 1 1 1 1 1 -1 -1 -1 -1 1 1 1 -1 -1 1 1 1 -1 -1 1 -1 -1 1 1 1 -1 -1 1 1 -1 -1 -1 1 1 1 1 1 1 -1 1 -1 1 -1 1 -1 1 1 -1 1 -1 -1 1 -1 -1 -1 1 1 -1 -1 1 1 -1 1 -1 1 -1 1 -1 1 1 -1 1 -1 -1 -1 1 1 -1 -1 -1 -1 1 -1 -1 1 -1 -1 1 -1 -1 
1 1 -1 1 -1 -1 -1 -1 -1 1 1 -1 -1 -1 1 1 1 -1 -1 1 1 1 1 -1 1 -1 -1 1 -1 1 -1 -1 1 1 1 1 1 1 1 -1 -1 1 -1 -1 -1 1 1 -1 1 1 -1 1 1 -1 -1 -1 1 -1 1 -1 1 1 1 1 -1 -1 1 -1 -1 1 1 1 1 1 1 1 1 1 -1 -1 -1 1 1 -1 1 1 1 -1 -1 1 -1 -1 1 -1 1 -1 1 1 -1 -1 1 1 -1 -1 -1 1 -1 -1 1 -1 1 -1 1 1 -1 1 -1 -1 -1 -1 1 1 1 1 -1 1 1 -1 
1 1 -1 -1 1 -1 1 1 -1 -1 1 -1 1 1 -1 -1 -1 1 -1 -1 1 1 1 1 -1 -1 -1 -1 -1 -1 1 1 1 1 -1 1 -1 -1 -1 1 1 1 -1 1 -1 -1 -1 1 -1 1 1 -1 1 1 1 1 1 1 -1 1 1 -1 -1 -1 1 -1 1 -1 1 -1 1 1 1 -1 1 -1 1 1 -1 1 1 -1 1 -1 1 1 1 -1 1 1 1 1 1 -1 1 -1 -1 1 1 -1 -1 -1 1 1 -1 1 1 -1 1 -1 1 1 1 1 -1 -1 -1 1 1 -1 -1 -1 1 -1 1 1 -1 -1 
-1 1 1 -1 1 -1 -1 -1 -1 1 -1 -1 1 -1 -1 -1 1 1 1 1 1 1 -1 1 1 1 -1 1 -1 -1 -1 -1 -1 -1 -1 1 1 1 -1 1 -1 1 1 -1 -1 1 -1 -1 -1 1 -1 1 1 1 -1 1 -1 1 -1 -1 1 -1 1 1 -1 1 1 -1 -1 -1 1 1 -1 1 1 1 -1 -1 -1 -1 -1 -1 -1 1 -1 1 1 -1 1 1 -1 1 -1 1 1 -1 -1 1 -1 -1 -1 -1 1 1 -1 1 1 1 -1 1 -1 1 -1 1 1 1 1 1 1 1 -1 -1 -1 1 1 -1 1 -1 
-1 -1 -1 -1 -1 1 -1 -1 -1 1 -1 -1 1 -1 -1 1 -1 1 1 -1 -1 -1 1 1 1 1 -1 -1 1 -1 1 -1 1 1 1 1 1 1 -1 -1 -1 -1 -1 1 -1 -1 1 1 1 1 1 1 1 -1 1 1 1 1 1 -1 1 1 1 1 1 1 1 1 1 1 -1 -1 1 -1 1 1 -1 -1 1 1 -1 1 -1 -1 1 1 1 -1 -1 1 1 1 1 -1 -1 -1 -1 -1 1 1 1 -1 -1 -1 -1 1 1 1 1 1 1 -1 1 -1 1 1 1 -1 1 -1 -1 -1 1 1 1 1 1 1 
1 -1 -1 -1 -1 1 -1 -1 -1 1 1 -1 1 -1 -1 -1 -1 1 -1 -1 -1 -1 -1 1 1 -1 1 -1 1 -1 -1 1 1 1 1 1 -1 1 1 1 -1 -1 -1 1 1 -1 1 1 -1 1 1 1 1 1 1 1 -1 -1 1 1 -1 -1 -1 -1 -1 1 1 1 -1 1 -1 -1 -1 1 -1 1 -1 -1 1 1 1 -1 1 1 -1 -1 1 -1 -1 1 -1 -1 -1 1 -1 -1 -1 1 -1 1 -1 1 -1 1 -1 1 -1 1 1 1 1 1 -1 -1 1 1 1 -1 1 -1 1 1 1 -1 1 -1 1 1 
-1 -1 1 -1 1 -1 1 -1 1 -1 -1 -1 -1 1 -1 1 -1 -1 -1 1 1 1 1 1 1 -1 1 1 1 -1 1 1 1 1 1 -1 1 1 1 1 1 -1 -1 -1 -1 1 -1 1 1 -1 -1 -1 1 -1 1 -1 -1 1 -1 1 1 -1 -1 1 -1 -1 1 1 1 1 -1 -1 1 1 1 -1 -1 1 1 -1 -1 1 1 1 1 1 1 -1 -1 -1 1 1 1 1 -1 1 1 -1 -1 -1 -1 1 -1 -1 1 -1 1 1 -1 1 1 -1 1 1 1 -1 1 -1 1 -1 1 1 -1 -1 1 1 1 1 
-1 1 -1 -1 1 -1 1 1 -1 -1 1 -1 1 1 1 -1 1 1 -1 1 1 1 1 1 -1 -1 -1 1 1 -1 1 1 1 -1 1 -1 1 -1 1 1 1 1 1 -1 1 1 -1 -1 -1 1 1 1 1 -1 1 -1 1 1 1 1 1 1 -1 -1 -1 1 -1 -1 1 -1 1 -1 -1 -1 -1 -1 -1 1 -1 1 -1 1 -1 -1 -1 -1 -1 1 1 -1 1 -1 -1 -1 -1 -1 1 -1 -1 -1 1 -1 1 -1 1 1 -1 1 1 -1 1 -1 -1 1 1 -1 1 1 -1 -1 1 1 -1 1 1 1 1 -1 
-1 1 -1 1 -1 1 -1 1 -1 -1 1 -1 1 1 1 -1 1 -1 1 -1 1 1 -1 1 1 1 1 1 -1 -1 1 1 1 1 -1 1 1 1 1 -1 -1 1 1 1 -1 1 1 1 -1 1 1 -1 -1 -1 1 -1 1 -1 -1 1 -1 1 1 -1 1 1 1 1 1 1 -1 -1 1 1 1 -1 1 1 1 1 1 -1 1 1 1 1 1 1 -1 1 -1 -1 1 -1 -1 1 1 1 -1 1 1 1 -1 -1 -1 -1 -1 1 1 1 1 1 -1 1 -1 1 -1 1 -1 -1 1 -1 -1 -1 1 1 -1 -1 
1 -1 -1 1 1 1 -1 1 1 -1 -1 1 -1 1 -1 -1 -1 1 -1 1 -1 1 -1 1 1 -1 1 1 1 1 1 1 -1 -1 1 -1 1 1 -1 -1 -1 1 1 1 -1 -1 -1 -1 1 1 -1 -1 1 -1 1 1 -1 1 -1 1 -1 -1 -1 -1 -1 1 -1 -1 -1 1 -1 1 1 -1 -1 1 1 1 1 1 -1 1 1 1 1 1 -1 -1 1 -1 1 -1 -1 1 -1 -1 1 1 -1 -1 1 1 1 1 -1 -1 1 1 -1 1 1 1 1 -1 -1 -1 1 -1 1 -1 -1 -1 -1 -1 -1 1 1 -1 
1 -1 -1 1 -1 -1 1 1 1 -1 -1 1 -1 1 1 -1 -1 -1 1 1 1 1 1 -1 1 -1 1 1 -1 1 1 -1 1 1 1 1 1 1 1 1 -1 -1 1 1 1 -1 1 1 1 -1 -1 1 1 1 1 -1 1 -1 -1 -1 -1 1 1 -1 -1 1 1 1 -1 -1 -1 1 1 -1 1 -1 -1 1 1 1 -1 1 1 -1 -1 -1 -1 -1 1 1 1 1 -1 -1 1 1 1 -1 1 -1 1 -1 1 -1 1 1 -1 1 -1 -1 1 -1 -1 -1 -1 -1 1 -1 1 -1 1 1 -1 1 -1 1 -1 -1 
-1 1 1 1 1 1 1 1 1 -1 -1 -1 -1 1 -1 1 1 1 1 -1 -1 -1 -1 -1 -1 1 -1 1 -1 1 1 1 1 -1 1 1 1 1 1 -1 1 -1 1 -1 -1 -1 -1 -1 1 1 1 -1 -1 1 -1 1 1 1 1 -1 -1 1 -1 -1 -1 -1 1 -1 1 -1 -1 -1 -1 -1 1 -1 1 -1 -1 -1 -1 -1 1 -1 -1 -1 1 1 1 -1 -1 -1 -1 1 -1 -1 1 -1 1 1 1 1 -1 -1 1 1 -1 -1 -1 -1 -1 -1 1 -1 1 1 1 -1 1 1 1 -1 -1 -1 -1 -1 1 1 
1 1 1 -1 1 1 1 -1 -1 -1 -1 1 1 1 1 1 -1 -1 -1 -1 -1 1 -1 -1 -1 1 1 1 -1 -1 -1 1 1 1 1 -1 1 1 1 1 1 1 1 1 -1 -1 1 -1 -1 -1 1 1 1 -1 -1 -1 1 1 -1 1 1 1 1 -1 1 1 1 -1 1 -1 1 -1 1 -1 -1 1 1 1 -1 -1 -1 -1 -1 -1 -1 -1 1 -1 -1 1 -1 1 -1 -1 -1 1 1 -1 1 1 1 1 -1 1 1 -1 -1 -1 -1 1 1 1 1 -1 1 1 1 -1 -1 1 -1 1 1 -1 -1 -1 -1 1 
-1 1 1 -1 -1 -1 -1 -1 1 -1 -1 1 1 1 1 1 1 1 -1 -1 -1 -1 -1 1 -1 -1 1 -1 1 1 -1 1 1 1 -1 -1 1 -1 1 -1 -1 1 -1 1 1 1 1 -1 1 1 -1 -1 1 1 1 -1 -1 -1 -1 1 -1 -1 1 -1 1 1 1 1 1 -1 -1 -1 1 1 -1 1 -1 1 -1 1 -1 -1 -1 1 -1 -1 1 -1 -1 1 1 1 -1 1 -1 -1 1 1 -1 1 -1 1 1 1 1 1 -1 1 -1 -1 1 1 -1 -1 -1 1 -1 -1 1 1 1 -1 -1 1 1 1 1 -1 
-1 -1 1 -1 -1 1 -1 1 1 -1 1 -1 -1 1 1 -1 1 1 -1 1 1 1 1 1 -1 -1 1 -1 1 -1 -1 -1 1 1 -1 -1 -1 1 1 -1 -1 -1 -1 1 -1 1 -1 -1 1 1 1 1 -1 1 1 1 -1 1 1 -1 -1 1 -1 1 -1 -1 -1 1 -1 -1 1 1 -1 1 -1 1 -1 -1 -1 1 -1 1 -1 -1 1 1 1 -1 1 -1 1 -1 1 1 1 -1 1 -1 1 -1 1 1 -1 1 -1 -1 1 1 1 1 -1 1 -1 -1 1 -1 1 1 1 1 -1 1 -1 1 -1 -1 1 1 
1 1 -1 -1 1 -1 -1 1 1 -1 1 -1 1 -1 -1 1 1 1 1 1 -1 1 1 -1 -1 1 1 1 1 1 -1 -1 -1 1 1 1 -1 -1 1 1 -1 -1 -1 1 1 -1 -1 -1 1 1 -1 -1 -1 -1 -1 -1 -1 -1 1 1 -1 -1 -1 -1 1 1 1 -1 1 1 -1 -1 1 1 -1 1 1 -1 1 -1 1 1 -1 1 1 1 -1 -1 1 1 1 -1 1 -1 -1 1 1 1 -1 1 -1 1 -1 -1 1 1 -1 -1 1 -1 1 -1 -1 -1 1 1 -1 1 -1 -1 -1 1 1 1 1 1 -1 1 
1 1 -1 -1 -1 -1 -1 1 -1 -1 1 1 -1 -1 1 -1 1 -1 -1 1 -1 -1 1 -1 1 -1 1 -1 -1 1 -1 -1 -1 1 1 1 1 1 1 -1 -1 -1 1 1 1 1 1 1 -1 -1 -1 -1 1 -1 1 -1 1 -1 -1 -1 1 -1 1 -1 -1 -1 1 -1 -1 1 -1 -1 -1 1 1 1 1 1 -1 -1 -1 -1 1 1 -1 -1 1 -1 1 1 1 -1 -1 -1 1 1 -1 -1 -1 1 1 -1 1 1 -1 1 -1 1 -1 1 -1 -1 -1 1 -1 1 1 1 -1 1 1 1 1 -1 1 -1 1 1 
-1 -1 -1 1 -1 1 -1 -1 1 1 1 1 -1 1 1 1 1 1 -1 1 -1 -1 -1 1 1 1 -1 -1 1 -1 1 1 -1 -1 1 1 1 -1 1 1 1 1 1 -1 -1 1 -1 -1 1 1 -1 1 1 -1 -1 -1 1 1 -1 -1 -1 1 1 1 -1 1 1 1 1 -1 -1 1 1 -1 -1 -1 1 -1 1 1 -1 -1 -1 1 -1 -1 -1 -1 1 1 -1 -1 1 -1 1 1 -1 -1 1 1 1 1 1 1 -1 1 -1 -1 -1 1 -1 -1 -1 1 -1 1 1 1 1 1 1 -1 -1 1 1 -1 -1 -1 
-1 1 1 -1 -1 -1 1 -1 1 -1 1 -1 -1 -1 -1 -1 -1 -1 1 -1 1 1 -1 -1 1 -1 -1 -1 -1 -1 -1 1 -1 1 -1 -1 1 -1 -1 1 -1 1 1 -1 -1 1 -1 1 -1 1 -1 1 -1 -1 1 -1 1 1 -1 -1 -1 -1 -1 1 -1 -1 1 -1 1 -1 -1 -1 -1 -1 -1 1 -1 1 1 1 1 -1 1 -1 1 -1 -1 1 -1 -1 -1 -1 -1 1 1 1 1 1 -1 -1 1 1 1 1 1 1 1 -1 1 -1 -1 1 -1 1 1 1 -1 1 1 1 -1 -1 1 1 -1 1 1 1 
-1 -1 1 1 -1 -1 1 -1 1 -1 -1 1 -1 1 1 1 1 -1 -1 -1 -1 1 -1 1 1 1 -1 1 -1 1 -1 -1 1 1 1 -1 -1 -1 -1 1 1 -1 1 1 1 1 1 1 1 1 1 1 1 1 -1 1 1 1 -1 1 1 -1 -1 -1 1 1 1 -1 -1 1 -1 1 -1 1 -1 1 -1 1 1 -1 1 -1 -1 -1 -1 -1 1 -1 -1 -1 1 -1 -1 1 -1 1 1 1 1 -1 1 1 1 1 -1 -1 1 -1 1 1 -1 1 1 -1 -1 1 -1 -1 1 -1 -1 1 -1 -1 1 -1 -1 -1 
-1 1 1 1 1 -1 -1 -1 -1 1 1 -1 -1 -1 1 1 1 1 1 1 -1 -1 -1 1 1 -1 -1 1 -1 -1 1 1 -1 -1 1 -1 1 -1 1 1 -1 -1 1 -1 -1 1 1 -1 -1 1 1 -1 1 1 1 1 -1 -1 -1 -1 -1 1 -1 -1 -1 -1 1 1 -1 1 -1 1 1 -1 -1 1 1 1 -1 1 -1 -1 -1 1 1 1 1 1 -1 -1 -1 -1 -1 1 -1 1 1 -1 -1 1 -1 1 -1 1 1 1 -1 -1 1 1 -1 1 -1 1 -1 -1 -1 -1 1 -1 -1 1 1 -1 1 1 1 1 
1 1 -1 1 1 1 -1 -1 -1 1 -1 1 1 -1 -1 -1 1 1 -1 1 1 1 1 -1 1 -1 1 -1 1 -1 1 1 1 -1 1 -1 1 -1 -1 -1 -1 -1 1 -1 1 1 -1 1 -1 1 1 -1 -1 1 -1 1 -1 1 1 -1 1 1 1 1 -1 1 1 -1 -1 1 -1 1 1 1 1 -1 -1 1 1 -1 -1 1 -1 1 -1 1 1 -1 -1 1 -1 1 -1 1 1 1 -1 1 -1 1 -1 -1 1 1 -1 -1 -1 1 -1 -1 1 1 1 -1 -1 -1 1 -1 1 -1 -1 -1 1 1 -1 1 -1 -1 
-1 1 -1 -1 1 -1 1 1 -1 -1 -1 -1 -1 1 1 1 -1 1 1 1 -1 -1 -1 1 1 -1 1 1 -1 -1 1 -1 1 -1 -1 1 1 1 -1 1 1 1 -1 1 -1 1 -1 -1 -1 1 1 -1 1 1 -1 -1 -1 -1 1 -1 1 -1 1 -1 1 1 1 -1 -1 1 1 1 -1 -1 1 1 1 -1 1 1 -1 -1 -1 -1 -1 -1 1 1 1 -1 1 -1 1 -1 1 1 1 1 1 1 1 -1 1 -1 1 1 -1 1 1 1 1 -1 1 -1 -1 -1 1 1 1 1 1 -1 -1 -1 -1 1 1 -1 
1 -1 -1 1 1 1 -1 -1 1 -1 1 1 -1 -1 1 -1 1 -1 -1 -1 -1 -1 -1 -1 -1 1 1 1 1 1 1 1 -1 1 1 1 -1 1 -1 1 1 1 -1 1 1 1 1 1 1 1 -1 1 -1 -1 -1 -1 -1 1 1 -1 -1 1 -1 -1 -1 -1 -1 1 1 1 1 1 -1 -1 1 -1 1 -1 1 -1 1 -1 1 1 1 -1 1 1 -1 1 -1 1 -1 -1 -1 1 1 -1 -1 1 1 -1 -1 1 1 1 1 -1 -1 -1 -1 -1 1 1 1 1 -1 1 1 1 -1 1 1 1 -1 -1 -1 1 
-1 1 1 1 1 -1 1 -1 1 -1 -1 -1 1 -1 1 1 -1 -1 1 -1 -1 -1 1 -1 1 1 -1 -1 1 -1 1 1 -1 1 1 -1 -1 1 1 -1 1 -1 -1 -1 -1 1 1 1 1 -1 1 1 1 1 -1 1 -1 -1 -1 -1 1 1 1 -1 1 -1 -1 1 1 1 -1 1 -1 -1 1 1 -1 1 1 1 -1 1 -1 -1 -1 1 1 -1 -1 -1 1 -1 1 1 -1 -1 -1 -1 1 -1 1 1 1 -1 -1 1 1 -1 1 -1 1 1 1 -1 -1 -1 -1 1 -1 1 1 -1 1 -1 1 1 -1 -1 
-1 -1 -1 -1 -1 1 -1 -1 1 1 1 1 1 -1 -1 1 1 1 1 1 1 -1 -1 1 1 1 -1 1 -1 1 1 1 -1 1 -1 -1 1 -1 1 -1 1 -1 -1 1 1 1 -1 -1 -1 1 1 1 -1 1 1 -1 1 1 -1 -1 1 1 1 -1 -1 1 -1 1 1 1 -1 -1 -1 -1 -1 1 1 -1 1 1 1 1 -1 1 1 1 1 -1 -1 1 -1 -1 -1 1 -1 -1 -1 1 1 -1 -1 1 -1 1 1 -1 1 -1 -1 1 -1 1 -1 -1 1 1 1 1 1 -1 -1 1 1 1 1 1 1 -1 
1 1 -1 1 1 1 1 -1 1 1 1 1 -1 -1 1 1 -1 -1 1 1 1 1 1 -1 -1 1 1 1 1 1 1 1 1 1 -1 1 1 -1 1 1 -1 -1 1 1 -1 1 1 -1 1 -1 1 -1 -1 1 1 -1 1 -1 1 1 1 -1 1 1 -1 -1 -1 1 1 -1 -1 1 1 -1 -1 1 -1 1 1 -1 1 -1 1 1 1 1 1 -1 -1 1 -1 1 1 -1 1 1 1 1 1 -1 -1 -1 1 -1 1 1 1 -1 1 1 1 1 1 1 1 -1 -1 1 1 -1 1 1 1 -1 -1 1 1 1 
1 1 -1 1 -1 -1 1 1 -1 -1 1 -1 -1 -1 -1 1 -1 1 -1 -1 1 -1 -1 1 -1 1 1 -1 1 1 -1 1 -1 -1 -1 -1 1 1 -1 1 1 -1 -1 -1 -1 1 1 1 1 -1 1 1 1 1 1 -1 1 -1 1 -1 1 1 -1 1 1 -1 1 1 1 1 -1 1 -1 1 1 -1 -1 1 -1 -1 -1 -1 -1 1 -1 -1 1 1 -1 -1 -1 1 -1 1 1 -1 -1 -1 -1 1 1 1 1 -1 1 -1 1 -1 1 1 -1 -1 1 -1 1 1 -1 1 -1 1 -1 1 1 1 1 -1 1 -1 
1 1 -1 1 -1 -1 -1 -1 1 1 1 1 1 -1 1 1 1 1 -1 1 1 -1 -1 1 -1 1 1 -1 1 -1 1 1 1 1 1 1 1 -1 -1 1 1 -1 1 -1 1 -1 1 -1 -1 -1 -1 1 1 1 -1 -1 -1 -1 -1 1 -1 -1 1 -1 1 -1 -1 -1 -1 -1 1 1 1 1 -1 1 1 1 -1 -1 1 -1 -1 1 -1 1 -1 -1 1 -1 1 -1 -1 1 -1 -1 -1 -1 1 1 -1 -1 -1 1 1 1 -1 1 1 -1 1 -1 1 1 -1 1 -1 1 -1 -1 -1 -1 1 -1 1 1 1 -1 
1 -1 1 -1 -1 -1 1 -1 1 -1 -1 1 1 1 -1 -1 1 1 1 -1 -1 -1 -1 1 1 1 -1 -1 1 1 1 1 -1 -1 -1 1 -1 1 -1 -1 1 -1 -1 -1 -1 1 1 1 -1 -1 1 -1 -1 -1 -1 1 -1 1 1 1 -1 1 -1 -1 -1 -1 1 1 -1 1 -1 -1 1 1 1 -1 -1 1 1 1 1 -1 1 1 -1 -1 -1 -1 -1 -1 -1 1 -1 1 -1 -1 -1 1 1 1 -1 1 -1 -1 1 1 -1 -1 -1 1 1 1 -1 1 1 -1 1 1 1 1 -1 -1 1 -1 1 -1 1 1 
-1 1 -1 -1 1 -1 1 -1 1 -1 1 -1 1 1 1 1 1 1 -1 -1 1 -1 -1 -1 1 -1 -1 1 1 -1 1 -1 -1 1 1 -1 1 1 1 -1 -1 -1 1 1 1 1 -1 -1 -1 -1 -1 1 1 1 -1 -1 -1 -1 1 -1 -1 -1 -1 1 1 1 -1 1 -1 1 1 1 1 1 1 1 1 -1 -1 1 -1 -1 -1 1 -1 1 -1 1 1 -1 1 -1 1 -1 1 1 1 1 -1 1 -1 -1 1 -1 -1 1 -1 1 1 1 1 1 1 1 -1 1 -1 -1 1 1 1 1 -1 -1 -1 1 1 -1 
1 -1 1 1 1 -1 -1 1 -1 1 1 -1 -1 1 -1 1 -1 -1 1 -1 -1 1 1 1 -1 -1 1 -1 1 1 1 -1 1 1 -1 1 -1 1 1 -1 1 -1 -1 1 1 1 -1 1 -1 1 -1 1 -1 -1 -1 1 -1 -1 -1 1 -1 -1 1 -1 -1 -1 1 1 -1 1 1 1 -1 -1 -1 -1 -1 1 -1 1 -1 -1 -1 1 -1 -1 1 1 -1 1 -1 1 -1 -1 1 -1 1 -1 1 -1 -1 -1 1 -1 1 -1 -1 1 -1 1 -1 1 1 -1 1 -1 1 -1 -1 1 1 -1 1 -1 -1 1 1 -1 
-1 1 1 1 1 1 -1 1 -1 -1 1 1 -1 -1 1 1 -1 -1 -1 1 -1 1 1 1 1 -1 -1 1 -1 -1 1 1 -1 1 -1 -1 -1 1 -1 -1 1 1 -1 -1 -1 -1 -1 1 1 1 -1 -1 1 1 -1 1 1 -1 -1 1 -1 -1 1 1 1 1 1 -1 -1 -1 -1 1 -1 1 1 -1 1 1 1 -1 1 -1 -1 1 1 -1 -1 -1 1 1 -1 1 -1 1 -1 -1 1 -1 1 -1 -1 -1 1 1 -1 -1 -1 -1 1 -1 1 1 1 -1 -1 1 -1 1 1 -1 1 -1 -1 1 -1 1 1 1 
-1 -1 -1 1 -1 1 1 -1 1 -1 -1 -1 1 -1 1 -1 1 1 1 1 -1 -1 1 1 1 1 -1 -1 1 -1 -1 1 1 1 1 1 -1 -1 1 1 -1 1 -1 -1 -1 1 -1 -1 -1 -1 -1 -1 1 -1 1 1 -1 1 1 1 -1 -1 -1 1 1 1 1 -1 1 1 1 -1 1 1 1 -1 1 -1 1 -1 1 1 -1 1 1 -1 -1 1 1 1 -1 -1 1 1 1 -1 1 -1 -1 1 -1 1 -1 -1 1 -1 1 -1 -1 1 -1 -1 1 1 -1 1 1 1 -1 1 -1 -1 1 -1 -1 -1 -1 -1 
1 -1 1 -1 -1 1 1 -1 -1 -1 1 1 1 1 1 1 1 -1 1 1 1 -1 -1 -1 1 -1 1 1 1 1 1 -1 1 1 -1 -1 -1 -1 1 -1 -1 -1 1 -1 -1 1 -1 1 1 -1 1 1 1 1 -1 -1 -1 -1 -1 -1 1 1 1 -1 1 1 1 1 -1 1 -1 -1 1 1 1 -1 1 1 1 -1 1 1 1 -1 1 -1 1 -1 1 -1 -1 -1 -1 -1 -1 1 -1 -1 -1 -1 1 -1 -1 -1 -1 1 -1 1 -1 -1 -1 1 1 1 -1 -1 -1 1 1 1 -1 -1 1 -1 -1 1 -1 -1 
1 -1 -1 1 1 -1 -1 -1 -1 -1 1 1 1 -1 1 1 -1 1 1 -1 1 1 -1 -1 1 -1 1 1 -1 -1 1 -1 -1 1 1 -1 1 1 1 -1 1 -1 -1 1 -1 -1 1 1 -1 1 1 1 -1 1 -1 1 -1 -1 -1 -1 1 1 -1 -1 1 1 -1 -1 1 -1 1 1 -1 -1 -1 1 -1 -1 -1 1 -1 1 1 -1 -1 1 1 -1 -1 -1 1 1 -1 1 -1 1 1 1 1 -1 1 -1 1 1 -1 -1 -1 1 -1 -1 1 -1 1 -1 1 1 1 1 -1 -1 1 -1 1 -1 1 1 1 -1 
-1 1 -1 1 -1 1 1 -1 -1 1 -1 1 -1 1 -1 -1 -1 -1 1 1 -1 -1 -1 1 -1 -1 1 1 -1 1 1 -1 -1 -1 1 -1 1 -1 1 1 -1 -1 1 1 -1 -1 -1 1 1 -1 1 1 1 -1 1 -1 -1 1 1 -1 1 -1 1 -1 -1 -1 -1 1 -1 1 1 1 1 1 -1 1 1 1 1 -1 1 1 -1 -1 -1 -1 -1 -1 1 1 -1 -1 1 -1 1 -1 1 1 -1 -1 -1 1 -1 1 1 -1 1 -1 1 -1 1 -1 -1 1 -1 -1 1 -1 -1 1 -1 -1 1 -1 -1 -1 1 1 
-1 1 -1 -1 -1 -1 -1 1 -1 1 -1 1 -1 1 -1 1 1 1 -1 1 -1 -1 1 -1 -1 1 -1 1 -1 1 1 -1 1 -1 -1 -1 -1 -1 -1 -1 1 -1 -1 1 1 -1 -1 1 -1 -1 -1 -1 1 1 -1 -1 1 -1 1 1 -1 -1 -1 -1 1 1 -1 1 -1 1 1 -1 -1 1 -1 1 1 1 1 1 1 -1 1 1 -1 -1 -1 1 1 -1 1 1 1 1 1 -1 -1 -1 1 -1 -1 -1 1 1 -1 -1 -1 -1 1 -1 -1 1 1 -1 1 -1 -1 1 1 -1 1 -1 -1 -1 -1 -1 1 1 
-1 -1 -1 1 -1 1 -1 -1 1 -1 -1 -1 -1 1 1 1 -1 1 -1 -1 1 1 1 -1 1 1 -1 -1 1 -1 1 -1 -1 -1 1 -1 -1 -1 1 1 -1 1 -1 -1 -1 1 -1 -1 1 -1 1 -1 -1 1 1 -1 1 -1 1 1 1 1 -1 1 -1 1 -1 1 -1 1 1 -1 -1 1 1 1 -1 -1 -1 -1 1 -1 1 -1 -1 -1 1 1 -1 -1 1 1 -1 1 1 -1 1 1 -1 1 1 -1 -1 1 1 -1 -1 -1 -1 1 1 1 -1 1 1 1 1 1 1 -1 1 -1 1 1 1 1 -1 -1 
1 -1 1 -1 -1 -1 -1 -1 -1 1 1 -1 1 1 -1 -1 -1 1 1 -1 -1 -1 -1 -1 -1 1 1 -1 -1 1 1 1 -1 1 1 1 1 -1 1 1 -1 1 -1 1 -1 1 -1 1 1 -1 -1 1 -1 -1 -1 -1 1 -1 1 1 1 1 -1 1 1 1 -1 -1 1 -1 -1 1 1 1 -1 -1 1 -1 -1 1 -1 -1 -1 1 1 1 -1 -1 1 -1 1 -1 1 1 1 1 1 1 -1 -1 1 1 1 -1 -1 -1 -1 1 -1 -1 -1 -1 -1 -1 -1 1 -1 1 -1 -1 1 1 -1 1 -1 1 -1 1 
1 1 1 1 1 1 -1 1 -1 -1 1 1 1 1 -1 -1 1 -1 -1 1 -1 -1 -1 1 -1 1 1 1 1 1 1 1 1 -1 1 -1 1 1 1 1 -1 1 1 1 1 1 1 1 1 -1 -1 -1 -1 1 -1 1 -1 1 1 1 1 -1 -1 -1 -1 -1 1 1 1 1 1 1 -1 1 1 1 -1 1 1 -1 -1 -1 -1 -1 -1 1 1 1 -1 -1 -1 1 1 1 -1 -1 -1 -1 1 1 -1 -1 1 -1 1 -1 1 1 1 -1 -1 -1 -1 1 -1 1 1 1 -1 1 1 1 -1 -1 -1 1 -1 1 
1 -1 -1 1 -1 -1 1 1 -1 1 1 1 1 -1 1 -1 1 1 -1 -1 1 1 1 -1 1 1 -1 -1 -1 -1 1 1 1 -1 1 -1 1 -1 -1 1 1 -1 -1 1 -1 -1 1 -1 -1 1 1 1 1 1 -1 1 1 1 -1 -1 1 -1 1 1 1 -1 1 -1 -1 1 -1 -1 1 1 -1 -1 -1 1 -1 -1 -1 -1 1 1 -1 -1 1 -1 1 -1 -1 1 1 1 1 1 -1 1 1 1 -1 1 -1 -1 -1 1 1 -1 1 -1 1 -1 1 -1 1 1 1 -1 -1 -1 1 -1 1 1 1 -1 1 -1 
-1 1 1 1 1 1 -1 -1 1 1 1 1 1 1 1 -1 1 -1 1 1 -1 1 -1 1 -1 1 -1 -1 1 -1 1 -1 1 1 1 -1 -1 1 1 1 -1 1 -1 1 1 -1 -1 -1 -1 1 1 1 1 1 -1 -1 -1 -1 -1 1 -1 1 -1 -1 -1 1 1 -1 1 1 1 1 -1 -1 -1 -1 1 -1 -1 -1 1 -1 1 -1 1 1 -1 -1 1 1 -1 -1 1 -1 1 1 -1 1 1 1 1 -1 -1 -1 -1 -1 1 -1 1 1 -1 1 -1 1 1 -1 -1 -1 1 -1 -1 -1 -1 -1 1 -1 -1 -1 
-1 -1 1 -1 1 -1 -1 -1 -1 -1 1 -1 1 1 -1 -1 -1 -1 -1 -1 -1 -1 1 -1 1 1 -1 1 -1 -1 1 1 1 -1 1 1 -1 -1 -1 -1 -1 1 1 -1 -1 1 1 1 1 1 1 1 -1 1 -1 1 1 1 -1 1 1 -1 1 1 1 -1 1 1 1 -1 1 1 -1 -1 -1 -1 1 1 -1 -1 1 1 -1 1 1 -1 -1 -1 -1 1 1 -1 1 -1 1 -1 -1 -1 1 -1 -1 1 1 1 -1 1 -1 -1 -1 -1 1 1 -1 -1 -1 1 -1 -1 -1 1 1 1 -1 1 -1 1 -1 -1 
1 -1 1 -1 -1 1 -1 -1 1 -1 -1 1 -1 1 -1 -1 1 -1 1 -1 -1 -1 1 -1 -1 1 1 1 1 1 -1 -1 -1 1 -1 -1 -1 -1 1 -1 1 -1 -1 -1 -1 -1 -1 -1 1 1 -1 -1 -1 -1 1 -1 1 1 -1 1 -1 1 1 1 1 -1 1 -1 1 1 1 -1 1 1 1 -1 1 -1 1 -1 -1 -1 1 -1 -1 -1 1 1 1 -1 -1 -1 1 -1 1 1 1 -1 -1 -1 1 -1 1 1 1 1 -1 1 -1 -1 1 -1 1 1 1 -1 1 1 -1 1 -1 -1 -1 -1 1 -1 -1 -1 
-1 -1 -1 1 1 -1 -1 1 -1 -1 1 -1 -1 -1 -1 1 -1 -1 -1 1 1 -1 1 1 1 -1 1 1 1 1 -1 -1 -1 -1 -1 1 1 -1 -1 -1 1 -1 -1 1 -1 1 1 1 1 1 1 -1 1 1 1 -1 1 1 1 -1 -1 1 1 -1 -1 1 1 -1 1 1 -1 -1 1 1 -1 1 1 -1 1 -1 -1 -1 -1 1 -1 1 -1 1 -1 -1 -1 1 1 -1 1 1 -1 1 -1 -1 1 1 -1 -1 1 1 1 -1 -1 -1 1 1 1 -1 -1 -1 -1 -1 -1 1 1 1 1 -1 1 -1 1 -1 
1 1 1 1 -1 1 1 -1 1 -1 1 -1 -1 -1 1 1 -1 1 1 1 -1 1 1 -1 1 -1 1 1 1 -1 1 -1 1 -1 1 1 1 -1 1 1 -1 1 -1 1 -1 -1 1 1 -1 -1 -1 -1 1 -1 1 1 1 -1 -1 1 1 -1 1 -1 -1 1 -1 1 -1 -1 1 1 -1 1 -1 1 -1 1 -1 -1 1 -1 1 1 1 1 1 -1 -1 -1 -1 -1 -1 -1 1 -1 1 -1 -1 1 1 1 1 1 -1 -1 -1 1 -1 1 -1 -1 -1 -1 1 -1 1 -1 1 1 -1 1 1 1 -1 1 -1 -1 
1 -1 1 -1 1 -1 1 -1 -1 1 -1 -1 1 1 -1 1 -1 -1 -1 1 -1 1 -1 1 1 -1 1 1 -1 1 -1 1 1 -1 1 -1 -1 -1 -1 1 1 1 1 -1 -1 1 -1 1 -1 -1 -1 -1 -1 1 1 1 1 -1 1 1 1 -1 1 1 1 1 1 1 -1 -1 1 1 1 -1 1 -1 -1 1 -1 1 1 -1 -1 1 -1 1 -1 1 1 -1 -1 1 -1 1 1 -1 -1 1 -1 1 1 -1 1 -1 1 -1 -1 1 1 1 1 -1 1 -1 -1 -1 -1 -1 -1 -1 -1 -1 -1 1 1 1 1 -1 
-1 -1 -1 -1 1 -1 -1 -1 -1 1 -1 1 -1 -1 1 1 1 1 -1 -1 1 1 1 1 1 1 1 1 1 1 1 -1 1 -1 1 -1 1 1 -1 -1 -1 -1 1 -1 -1 -1 -1 1 1 1 1 -1 -1 1 -1 1 1 -1 1 1 1 -1 -1 -1 1 -1 1 -1 -1 -1 1 -1 -1 1 -1 1 -1 1 -1 1 -1 1 1 -1 1 1 -1 -1 -1 -1 1 -1 1 -1 1 1 -1 -1 -1 -1 1 1 1 -1 -1 -1 -1 -1 1 1 1 1 -1 1 -1 -1 -1 1 1 -1 1 1 1 -1 1 -1 -1 1 
-1 1 -1 1 -1 -1 -1 -1 1 -1 -1 1 -1 1 1 -1 1 1 -1 -1 -1 1 1 1 -1 -1 1 1 -1 1 1 1 -1 -1 -1 1 -1 -1 1 1 1 1 1 -1 1 1 1 -1 1 -1 1 1 1 -1 1 -1 1 -1 -1 -1 -1 1 1 1 1 -1 1 -1 -1 -1 -1 1 1 -1 1 1 1 1 -1 1 -1 1 -1 -1 1 1 1 1 -1 1 1 -1 1 -1 -1 1 1 1 1 -1 1 1 -1 1 1 -1 1 -1 -1 -1 -1 -1 1 1 -1 -1 -1 1 -1 1 -1 1 1 1 1 1 1 -1 
-1 -1 1 -1 -1 -1 1 -1 1 -1 -1 -1 -1 -1 1 1 1 -1 -1 -1 -1 1 1 1 -1 -1 -1 1 1 -1 -1 -1 -1 -1 1 1 -1 1 1 -1 -1 1 1 1 -1 -1 1 -1 1 1 -1 1 -1 -1 1 -1 1 -1 1 1 1 -1 1 1 -1 1 -1 -1 1 1 1 1 -1 -1 -1 1 -1 -1 1 1 1 -1 1 1 -1 1 -1 -1 -1 -1 1 1 1 -1 -1 1 -1 1 -1 1 1 -1 1 -1 1 -1 -1 -1 -1 1 1 1 1 1 -1 -1 1 -1 1 -1 1 1 -1 -1 -1 -1 1 -1 
-1 1 -1 1 1 1 1 1 -1 1 1 1 -1 -1 1 1 -1 -1 1 1 -1 1 -1 1 -1 -1 1 1 1 -1 -1 -1 1 1 1 1 1 -1 1 1 -1 -1 1 -1 1 1 1 1 -1 -1 1 -1 1 1 1 1 -1 1 1 -1 1 -1 1 1 -1 -1 1 1 -1 1 -1 -1 1 1 1 1 -1 1 1 1 -1 -1 -1 -1 -1 1 1 1 1 -1 -1 1 -1 -1 1 -1 1 -1 -1 1 1 -1 -1 1 1 -1 1 -1 1 -1 1 -1 1 -1 -1 1 -1 -1 1 -1 1 -1 -1 -1 -1 1 1 1 
-1 1 -1 -1 1 -1 1 -1 1 -1 1 -1 1 1 -1 -1 1 -1 -1 -1 -1 1 -1 1 -1 1 -1 -1 -1 -1 1 1 1 -1 1 1 1 -1 -1 -1 -1 1 -1 1 1 1 -1 1 1 1 1 1 1 -1 -1 1 -1 -1 1 1 1 -1 1 1 -1 -1 1 -1 -1 -1 1 1 -1 -1 -1 -1 1 1 -1 -1 -1 1 -1 1 1 1 1 -1 1 -1 -1 -1 -1 -1 1 -1 1 -1 1 -1 1 1 -1 -1 1 -1 -1 -1 -1 -1 1 -1 -1 1 1 -1 1 -1 -1 1 1 -1 -1 -1 -1 -1 1 -1 
-1 1 -1 1 -1 1 -1 1 -1 -1 -1 -1 1 1 1 -1 1 1 1 1 1 -1 1 -1 -1 1 1 -1 1 -1 1 1 -1 1 1 1 1 -1 -1 1 1 -1 -1 1 1 -1 1 -1 1 -1 1 1 -1 -1 -1 1 1 1 -1 -1 -1 1 -1 1 -1 1 -1 -1 -1 -1 -1 -1 -1 1 1 1 1 1 -1 -1 -1 -1 1 -1 -1 1 1 -1 1 -1 1 -1 -1 1 1 -1 1 1 -1 -1 1 1 -1 1 1 -1 1 1 -1 -1 1 1 -1 -1 1 -1 -1 1 1 -1 1 1 1 -1 -1 1 1 -1 
1 -1 -1 1 1 1 1 1 1 -1 -1 -1 1 -1 1 -1 1 1 -1 1 1 -1 -1 -1 1 1 -1 -1 1 -1 -1 1 -1 -1 1 -1 -1 -1 -1 -1 -1 1 -1 -1 1 1 -1 -1 -1 1 -1 1 1 -1 1 1 -1 -1 1 1 1 -1 1 1 1 -1 -1 -1 1 1 -1 -1 1 1 -1 -1 1 -1 -1 -1 1 1 1 -1 -1 -1 -1 -1 -1 1 -1 1 -1 1 -1 -1 1 1 -1 -1 1 -1 -1 1 1 -1 -1 -1 -1 1 1 -1 1 -1 1 1 1 1 1 1 1 -1 1 1 1 1 1 1 
1 -1 1 1 1 1 -1 1 1 -1 1 1 -1 -1 -1 -1 -1 -1 1 1 -1 1 -1 1 -1 -1 1 1 -1 -1 1 -1 1 1 -1 1 1 -1 -1 -1 1 1 -1 -1 -1 -1 -1 1 -1 -1 1 1 -1 -1 -1 -1 -1 -1 -1 1 1 1 1 -1 -1 -1 -1 -1 -1 1 -1 -1 -1 -1 1 1 -1 -1 1 -1 1 -1 1 1 1 1 -1 1 1 -1 1 1 1 -1 -1 -1 -1 1 1 -1 -1 1 1 -1 -1 1 -1 1 1 1 -1 1 -1 1 -1 -1 -1 1 1 -1 1 -1 1 1 1 -1 1 -1 
-1 1 1 1 1 1 -1 1 1 1 -1 1 -1 -1 1 1 -1 1 1 -1 1 -1 -1 1 1 1 -1 1 1 -1 -1 1 1 -1 1 1 1 1 -1 -1 -1 -1 1 -1 1 -1 -1 -1 -1 1 -1 -1 1 -1 -1 1 -1 -1 -1 -1 1 1 -1 1 1 -1 -1 1 1 -1 1 -1 1 -1 1 -1 1 -1 -1 1 1 1 1 -1 1 1 1 1 1 -1 1 1 -1 1 -1 1 1 1 1 -1 1 1 1 -1 -1 -1 1 1 -1 -1 1 -1 -1 -1 1 1 -1 -1 1 -1 1 -1 -1 -1 1 1 -1 -1 
1 -1 -1 -1 -1 -1 -1 -1 -1 -1 -1 1 1 -1 -1 -1 -1 1 1 1 1 1 1 -1 1 -1 1 -1 -1 1 -1 1 1 -1 1 1 -1 -1 -1 1 -1 1 1 1 -1 -1 1 1 -1 1 -1 1 1 1 1 1 1 1 1 1 -1 -1 -1 1 -1 1 -1 1 -1 1 -1 1 1 1 -1 -1 1 -1 1 -1 -1 1 -1 1 -1 1 1 1 -1 1 1 1 1 1 1 1 -1 -1 -1 1 1 1 -1 -1 1 1 1 1 1 -1 1 -1 -1 1 -1 1 -1 -1 -1 -1 -1 1 -1 -1 1 1 1 1 
-1 -1 1 -1 1 -1 1 -1 1 1 -1 -1 -1 1 -1 -1 -1 1 -1 -1 -1 -1 1 1 1 1 1 1 1 -1 1 -1 1 -1 1 1 -1 -1 -1 -1 1 1 -1 -1 1 -1 1 -1 -1 1 -1 1 1 -1 -1 -1 -1 -1 1 1 1 -1 -1 -1 -1 1 -1 -1 1 1 -1 -1 1 -1 1 1 -1 -1 1 -1 -1 1 1 -1 1 1 -1 1 1 1 -1 -1 -1 1 -1 1 -1 1 1 -1 -1 -1 -1 -1 1 -1 -1 -1 -1 1 1 -1 1 -1 -1 1 -1 1 1 1 1 1 1 -1 1 1 -1 -1 
-1 -1 1 -1 1 -1 -1 1 -1 -1 1 -1 -1 -1 -1 -1 -1 1 1 -1 1 1 -1 -1 -1 -1 -1 1 1 1 1 -1 1 -1 1 1 -1 -1 -1 -1 1 1 -1 -1 -1 -1 1 1 -1 -1 1 1 1 -1 1 -1 1 -1 -1 -1 -1 1 -1 -1 -1 1 1 -1 1 -1 -1 1 1 1 1 1 1 1 1 1 -1 1 1 1 1 1 1 1 -1 1 -1 1 1 -1 1 -1 1 -1 -1 -1 1 -1 1 -1 -1 -1 1 1 1 1 -1 -1 1 -1 1 -1 -1 1 1 -1 -1 1 -1 1 1 1 1 -1 
-1 -1 1 -1 1 -1 -1 -1 1 1 1 -1 -1 1 1 1 1 1 -1 -1 -1 -1 -1 -1 -1 -1 1 1 1 1 1 1 1 -1 1 -1 -1 1 1 1 1 -1 1 -1 -1 1 1 1 1 1 1 1 1 1 -1 -1 -1 1 -1 -1 1 1 -1 -1 1 -1 1 1 -1 -1 1 -1 1 -1 -1 1 -1 1 1 1 -1 -1 1 1 -1 1 -1 1 -1 1 1 1 1 1 -1 -1 1 1 1 -1 -1 -1 1 1 -1 -1 -1 1 1 -1 -1 -1 -1 1 1 1 -1 -1 -1 -1 -1 -1 1 1 -1 -1 1 1 
1 -1 1 -1 -1 1 -1 1 -1 -1 1 1 -1 -1 1 1 1 1 1 1 -1 -1 1 1 1 -1 -1 -1 -1 -1 -1 -1 -1 1 1 -1 -1 1 -1 -1 -1 -1 -1 -1 1 -1 1 -1 1 1 -1 -1 -1 1 -1 -1 1 1 -1 1 -1 -1 -1 1 1 -1 1 -1 -1 -1 1 1 -1 1 -1 1 -1 1 -1 -1 -1 1 1 1 1 1 1 -1 -1 -1 1 -1 -1 -1 -1 -1 -1 -1 1 -1 1 -1 -1 1 -1 1 -1 1 -1 1 -1 -1 1 -1 1 1 1 1 -1 1 -1 1 -1 1 -1 1 -1 -1 
1 -1 1 1 -1 1 -1 -1 -1 -1 1 -1 -1 -1 -1 1 -1 1 1 1 1 1 1 -1 -1 -1 -1 -1 1 1 -1 -1 -1 1 -1 1 1 1 -1 -1 1 1 1 1 -1 -1 -1 -1 1 -1 -1 -1 -1 -1 1 -1 1 -1 1 1 1 -1 1 1 -1 1 -1 1 1 -1 1 -1 -1 1 -1 -1 -1 1 1 1 -1 1 1 -1 1 -1 -1 -1 1 -1 1 1 -1 1 -1 -1 1 1 -1 1 1 -1 -1 -1 1 1 -1 1 -1 1 1 1 -1 -1 -1 -1 -1 1 1 -1 -1 1 1 -1 -1 -1 1 -1 
1 1 1 1 -1 1 1 -1 -1 -1 1 -1 -1 -1 -1 -1 -1 1 -1 1 -1 1 -1 -1 1 -1 1 1 1 1 1 1 -1 -1 1 -1 1 -1 1 1 -1 1 1 1 -1 -1 -1 1 -1 1 -1 1 1 -1 -1 -1 -1 1 1 1 -1 -1 1 -1 -1 -1 -1 -1 1 1 -1 -1 -1 -1 -1 1 -1 -1 -1 -1 1 -1 -1 1 1 1 1 -1 -1 1 -1 1 -1 1 -1 -1 -1 -1 1 -1 -1 1 1 1 1 -1 -1 -1 -1 1 1 -1 -1 -1 1 1 1 1 -1 -1 1 1 1 1 1 -1 -1 -1 
1 1 1 -1 -1 -1 -1 -1 -1 1 1 1 1 1 -1 -1 -1 1 1 1 1 -1 -1 -1 -1 1 -1 -1 1 -1 1 -1 1 1 -1 1 1 -1 -1 1 1 1 1 -1 -1 1 -1 -1 1 -1 1 -1 -1 -1 1 -1 1 -1 -1 -1 -1 1 -1 1 1 1 -1 -1 -1 1 -1 -1 -1 -1 1 1 1 -1 -1 1 -1 1 1 1 -1 -1 1 1 1 -1 1 1 1 -1 1 1 1 1 -1 1 -1 1 1 1 1 -1 1 1 -1 1 1 1 1 1 -1 -1 1 1 1 -1 1 1 -1 1 -1 -1 1 1 
-1 -1 1 1 1 -1 -1 -1 1 1 1 -1 -1 1 -1 -1 1 -1 1 -1 -1 -1 1 1 1 -1 -1 -1 1 1 1 -1 1 -1 -1 -1 1 -1 1 1 -1 -1 -1 -1 -1 -1 -1 1 -1 1 -1 -1 1 1 -1 1 -1 1 1 -1 -1 1 -1 1 1 -1 1 1 -1 -1 -1 1 -1 1 -1 -1 1 1 -1 -1 1 1 1 1 -1 1 1 -1 1 1 1 -1 -1 -1 1 1 1 -1 -1 1 -1 1 1 1 -1 1 1 1 1 1 -1 1 1 -1 1 1 1 1 1 1 1 1 -1 1 -1 -1 1 -1 
1 -1 1 -1 1 1 1 -1 1 1 1 1 1 1 1 1 -1 1 -1 1 1 -1 1 -1 1 1 -1 1 1 -1 1 -1 1 -1 1 -1 -1 -1 -1 -1 1 1 -1 1 -1 -1 -1 -1 1 -1 1 -1 1 -1 -1 -1 1 -1 -1 1 -1 -1 1 1 -1 1 1 1 1 1 1 1 -1 -1 1 1 1 -1 -1 -1 -1 1 -1 1 -1 1 1 -1 -1 -1 1 -1 -1 1 -1 1 1 1 -1 -1 -1 -1 1 1 1 -1 1 1 -1 1 1 1 -1 1 -1 1 1 1 1 -1 1 1 1 -1 1 1 -1 1 
-1 -1 -1 1 1 1 1 1 -1 1 1 1 1 1 -1 1 1 1 -1 -1 1 1 -1 -1 1 1 1 -1 -1 1 -1 1 1 -1 -1 1 -1 1 -1 1 1 -1 -1 -1 1 1 1 1 -1 -1 1 1 -1 1 1 1 -1 -1 1 1 -1 1 -1 1 1 1 1 1 -1 -1 -1 -1 -1 1 -1 -1 -1 -1 -1 1 1 -1 1 1 1 -1 1 -1 1 1 -1 -1 1 1 -1 1 -1 -1 -1 -1 -1 -1 -1 1 -1 1 -1 -1 1 1 -1 -1 -1 1 -1 -1 1 -1 1 -1 -1 -1 -1 1 1 1 1 1 
-1 1 -1 1 -1 1 -1 1 1 1 -1 1 1 -1 -1 -1 -1 -1 -1 1 1 1 1 -1 1 1 1 1 1 1 -1 -1 -1 -1 -1 -1 1 -1 -1 -1 1 -1 1 1 1 -1 -1 1 1 -1 -1 -1 1 1 -1 -1 1 1 -1 1 -1 -1 1 1 1 1 -1 1 1 1 1 1 1 1 1 -1 -1 1 1 1 -1 -1 -1 1 -1 1 -1 -1 -1 -1 1 1 -1 -1 1 1 -1 -1 -1 1 -1 -1 -1 1 -1 1 -1 -1 -1 -1 1 1 -1 1 1 -1 1 -1 -1 1 -1 -1 -1 1 1 -1 1 -1 
1 1 1 -1 1 -1 1 -1 -1 1 -1 1 1 1 -1 -1 1 1 1 -1 1 1 -1 -1 -1 1 -1 -1 -1 -1 -1 -1 1 -1 1 -1 1 -1 1 -1 -1 1 1 1 1 1 1 1 1 1 -1 -1 1 -1 -1 -1 1 -1 -1 -1 1 1 -1 -1 -1 1 -1 1 1 -1 1 1 -1 -1 1 1 1 -1 -1 -1 -1 -1 1 1 1 -1 -1 -1 -1 -1 1 1 1 1 1 -1 1 -1 1 1 -1 -1 -1 1 -1 -1 -1 1 1 -1 -1 1 1 1 -1 -1 -1 1 -1 -1 1 -1 1 -1 -1 1 -1 1 
1 -1 -1 1 1 1 1 1 1 -1 -1 1 1 1 -1 1 -1 -1 1 -1 1 -1 1 -1 1 -1 -1 1 -1 -1 -1 -1 1 1 1 1 1 1 1 1 1 1 -1 -1 1 1 1 -1 1 1 -1 -1 1 -1 -1 -1 1 1 1 1 -1 1 1 -1 1 1 -1 -1 -1 -1 1 -1 1 -1 -1 1 -1 1 1 1 1 -1 1 -1 -1 1 1 -1 1 -1 1 1 1 -1 -1 1 1 1 1 -1 1 1 1 1 1 1 1 -1 1 1 1 1 -1 -1 1 -1 1 -1 1 -1 1 -1 -1 1 1 1 1 -1 
-1 1 1 -1 -1 1 1 1 1 -1 -1 -1 1 -1 1 1 1 -1 -1 1 1 -1 -1 -1 1 -1 1 1 1 1 -1 1 -1 -1 1 1 -1 -1 -1 1 -1 1 -1 -1 1 1 -1 1 1 -1 -1 1 1 -1 -1 1 1 -1 -1 -1 -1 1 1 -1 1 1 -1 1 1 -1 -1 1 -1 1 -1 1 1 -1 -1 1 1 1 1 -1 1 -1 1 -1 1 -1 1 -1 1 -1 -1 -1 1 1 -1 -1 1 1 1 1 1 1 -1 1 1 -1 1 1 1 1 -1 1 -1 -1 1 -1 1 1 -1 1 1 -1 1 -1 
1 1 1 1 1 1 1 -1 -1 -1 1 1 -1 1 -1 1 1 -1 1 1 1 1 -1 -1 -1 1 1 -1 1 -1 1 -1 -1 -1 -1 -1 1 1 1 -1 1 -1 -1 1 -1 1 -1 -1 1 -1 1 1 1 -1 1 1 -1 1 1 -1 -1 1 -1 1 -1 -1 1 1 1 1 -1 -1 -1 -1 -1 1 -1 -1 1 -1 -1 1 1 -1 1 -1 1 1 -1 1 -1 -1 -1 -1 -1 1 1 -1 -1 -1 -1 -1 1 -1 -1 -1 -1 1 1 -1 -1 1 -1 -1 1 1 -1 1 1 -1 1 1 1 -1 -1 1 -1 -1 
-1 -1 1 1 -1 1 1 -1 1 1 1 1 1 -1 -1 -1 -1 1 -1 -1 1 -1 -1 -1 -1 -1 -1 -1 -1 -1 1 1 -1 -1 1 -1 -1 1 1 1 -1 1 1 1 -1 -1 1 1 1 1 -1 -1 -1 1 1 1 1 -1 -1 1 -1 -1 -1 -1 1 -1 1 1 1 -1 -1 -1 1 1 -1 -1 1 1 -1 -1 -1 -1 -1 1 -1 -1 -1 -1 1 -1 1 1 -1 -1 1 1 -1 -1 -1 1 -1 1 -1 1 1 1 -1 -1 -1 -1 -1 1 -1 1 -1 -1 1 -1 -1 -1 1 1 -1 1 1 -1 1 1 
-1 -1 1 1 1 -1 -1 1 -1 1 -1 -1 -1 1 -1 -1 1 -1 1 1 -1 1 1 1 1 -1 1 1 -1 -1 1 -1 -1 1 1 1 1 1 1 -1 1 -1 1 1 1 1 -1 -1 1 1 1 -1 -1 1 -1 -1 -1 -1 -1 -1 1 1 -1 -1 1 1 -1 -1 1 -1 1 1 1 1 1 1 1 1 1 1 1 -1 1 1 -1 1 -1 1 1 -1 -1 -1 -1 -1 -1 -1 1 1 -1 -1 1 1 -1 1 -1 -1 1 -1 -1 -1 1 1 1 -1 1 1 -1 1 1 -1 1 1 -1 -1 -1 -1 1 -1 
-1 1 -1 1 -1 1 1 -1 -1 -1 1 1 -1 1 -1 -1 -1 -1 -1 1 1 1 -1 -1 -1 1 -1 1 -1 -1 -1 1 1 -1 1 1 -1 1 1 1 1 1 -1 1 1 1 1 -1 -1 -1 1 1 -1 1 -1 1 -1 -1 -1 1 -1 -1 1 -1 -1 1 -1 1 -1 1 -1 1 1 -1 1 1 -1 -1 1 1 -1 1 1 1 -1 -1 -1 -1 -1 1 1 1 -1 -1 -1 -1 1 1 -1 1 1 1 1 1 -1 -1 -1 -1 -1 -1 1 -1 -1 1 1 1 -1 -1 1 -1 -1 -1 1 -1 -1 -1 1 -1 
1 1 -1 1 -1 1 1 -1 1 1 1 -1 -1 -1 -1 -1 -1 1 1 -1 -1 -1 1 1 1 1 1 -1 1 1 -1 -1 -1 1 -1 1 1 -1 -1 1 -1 -1 1 1 1 1 -1 1 1 -1 1 -1 1 1 -1 -1 1 1 1 -1 -1 1 -1 1 -1 1 1 -1 -1 1 1 -1 1 1 1 -1 1 -1 -1 -1 -1 1 1 -1 -1 1 1 -1 -1 1 1 1 1 -1 -1 -1 1 1 1 -1 -1 1 1 -1 1 1 -1 1 1 -1 -1 1 -1 -1 1 1 1 -1 -1 -1 1 -1 -1 1 -1 1 -1 1 
1 1 1 -1 1 -1 -1 1 1 -1 -1 1 -1 1 -1 -1 -1 1 1 -1 -1 1 -1 -1 1 -1 -1 -1 1 1 -1 1 -1 -1 -1 1 -1 -1 1 1 1 -1 1 1 1 1 1 1 -1 1 -1 1 -1 -1 1 -1 -1 -1 1 -1 -1 1 1 1 1 -1 -1 -1 -1 1 1 -1 1 -1 -1 1 -1 1 -1 1 1 -1 -1 -1 -1 -1 1 1 -1 1 1 1 1 1 1 1 1 1 -1 1 1 1 -1 -1 1 1 -1 -1 -1 1 -1 1 -1 1 1 -1 1 1 1 -1 -1 -1 1 -1 -1 -1 -1 -1 
-1 1 -1 -1 -1 1 -1 -1 1 1 -1 -1 -1 1 -1 1 1 1 1 -1 1 1 1 -1 -1 -1 1 -1 -1 -1 -1 -1 1 1 -1 -1 1 1 1 1 -1 1 -1 -1 1 -1 1 -1 1 1 -1 1 1 1 1 1 -1 1 -1 1 -1 -1 1 -1 1 -1 1 -1 -1 -1 1 1 -1 1 -1 1 1 1 1 1 1 -1 -1 1 1 -1 -1 -1 1 1 1 -1 1 -1 -1 -1 1 1 -1 1 -1 -1 1 1 1 -1 1 -1 1 -1 1 -1 -1 1 1 1 -1 -1 -1 -1 1 -1 1 -1 -1 1 1 1 
1 -1 -1 1 -1 -1 1 -1 1 1 -1 1 1 -1 1 -1 -1 1 1 1 1 1 -1 -1 1 -1 -1 1 1 1 1 1 -1 1 -1 -1 1 1 -1 1 -1 1 1 1 1 -1 1 -1 1 1 1 -1 1 -1 1 1 1 -1 -1 -1 1 -1 -1 -1 -1 -1 -1 1 -1 1 1 1 -1 -1 -1 -1 -1 -1 -1 -1 -1 1 -1 1 -1 -1 -1 1 1 -1 -1 1 -1 1 1 -1 1 1 -1 1 -1 -1 1 1 -1 1 1 -1 -1 1 1 -1 1 1 1 -1 -1 -1 -1 1 1 1 1 -1 1 -1 -1 1 
1 1 1 -1 -1 1 -1 -1 1 -1 -1 -1 1 1 -1 -1 -1 1 -1 1 -1 1 1 1 -1 1 1 -1 1 1 1 -1 1 -1 -1 1 -1 -1 -1 -1 1 -1 -1 -1 1 1 -1 -1 -1 1 1 1 1 1 -1 -1 -1 -1 -1 1 -1 -1 1 -1 -1 -1 1 1 1 -1 -1 1 -1 -1 -1 1 -1 1 -1 1 -1 -1 1 1 -1 1 -1 -1 -1 -1 1 1 1 -1 -1 -1 1 -1 -1 -1 1 -1 -1 -1 1 1 1 1 1 1 -1 1 -1 1 -1 -1 -1 -1 -1 1 -1 -1 -1 -1 1 -1 1 1 
-1 -1 -1 -1 -1 1 1 -1 1 -1 1 1 -1 -1 -1 -1 -1 -1 1 1 1 -1 -1 1 1 1 1 -1 -1 1 1 1 1 1 1 1 1 -1 -1 1 1 -1 1 -1 -1 -1 -1 1 1 -1 -1 -1 -1 -1 1 -1 1 1 -1 -1 1 1 -1 -1 -1 1 1 -1 -1 -1 1 -1 1 1 -1 -1 -1 -1 -1 1 -1 1 1 1 -1 1 1 1 1 -1 1 1 1 -1 -1 1 -1 1 1 -1 -1 -1 1 -1 -1 -1 1 1 -1 -1 1 1 -1 -1 1 1 -1 1 -1 -1 1 1 -1 -1 -1 -1 -1 1 
1 -1 -1 1 -1 1 1 1 1 1 -1 1 1 -1 -1 -1 1 -1 1 1 1 1 1 1 -1 1 -1 1 1 -1 1 1 -1 1 1 -1 -1 -1 -1 -1 1 1 -1 -1 1 1 1 -1 1 -1 1 -1 1 1 1 -1 1 -1 1 -1 -1 -1 1 1 -1 -1 1 1 1 -1 -1 -1 -1 1 1 -1 -1 1 -1 -1 -1 1 -1 1 -1 1 1 -1 -1 -1 -1 1 -1 1 -1 1 1 1 1 -1 -1 -1 1 -1 1 -1 1 -1 1 -1 -1 1 -1 -1 -1 -1 1 1 -1 -1 1 1 1 -1 1 -1 1 -1 
1 -1 1 1 1 1 1 1 -1 1 1 1 -1 -1 -1 -1 -1 -1 1 1 1 -1 -1 -1 1 -1 1 -1 -1 1 1 1 1 -1 1 1 -1 -1 1 -1 1 -1 1 1 -1 1 1 -1 1 -1 -1 1 1 1 -1 1 1 1 -1 1 -1 -1 -1 -1 1 -1 -1 -1 1 -1 -1 -1 1 1 1 -1 1 -1 -1 -1 1 1 -1 -1 1 1 -1 1 1 1 1 1 1 1 -1 -1 1 -1 -1 -1 -1 -1 -1 1 -1 1 1 -1 -1 -1 1 -1 -1 -1 -1 -1 -1 1 -1 1 -1 -1 1 1 -1 1 -1 1 
1 1 -1 1 1 1 1 1 1 1 1 -1 -1 -1 1 -1 -1 -1 1 -1 -1 1 1 1 -1 1 -1 1 1 -1 1 1 1 1 1 1 1 -1 1 1 -1 1 -1 -1 -1 -1 -1 1 1 -1 1 -1 1 -1 1 1 1 -1 1 -1 -1 1 1 -1 1 -1 -1 1 -1 1 1 1 -1 1 1 -1 1 1 1 1 1 -1 1 1 1 -1 -1 -1 1 1 1 -1 1 -1 1 -1 1 1 -1 -1 1 1 -1 -1 1 1 -1 1 -1 1 -1 1 -1 1 1 1 -1 1 1 -1 1 -1 1 -1 1 -1 1 1 
1 1 1 -1 1 1 1 1 1 1 -1 1 1 1 1 -1 1 -1 1 -1 1 -1 1 -1 -1 1 -1 -1 1 1 -1 1 -1 -1 1 1 -1 -1 1 1 1 -1 -1 -1 1 1 1 1 -1 -1 1 1 1 -1 -1 1 1 1 1 -1 1 -1 -1 1 1 -1 -1 -1 1 1 -1 1 -1 -1 1 -1 1 -1 -1 1 -1 1 -1 -1 -1 -1 -1 -1 1 -1 1 1 1 -1 1 1 1 1 1 1 1 -1 1 1 -1 -1 1 1 1 -1 1 1 1 1 1 1 -1 1 1 -1 1 -1 -1 -1 -1 1 1 -1 
-1 -1 -1 1 -1 -1 1 1 1 1 -1 1 -1 1 1 -1 1 1 -1 1 1 -1 -1 -1 -1 1 -1 1 1 -1 1 -1 1 -1 -1 1 -1 1 1 -1 -1 -1 -1 -1 -1 1 -1 1 1 1 1 -1 1 1 1 -1 1 1 1 1 1 1 -1 1 -1 -1 -1 1 -1 -1 1 1 -1 1 -1 1 1 1 -1 -1 1 -1 -1 -1 1 1 -1 1 -1 -1 1 1 -1 -1 -1 1 -1 1 -1 -1 1 -1 -1 -1 -1 1 -1 -1 -1 -1 -1 1 1 -1 -1 -1 1 1 -1 -1 1 -1 -1 1 1 -1 1 -1 
1 -1 1 -1 1 1 -1 -1 -1 -1 1 -1 1 1 -1 1 -1 1 -1 -1 -1 -1 -1 -1 -1 1 1 1 1 1 -1 -1 1 1 1 -1 -1 -1 -1 -1 -1 -1 1 1 1 -1 1 -1 -1 1 -1 -1 1 -1 1 1 1 -1 -1 1 1 -1 1 -1 1 -1 1 -1 1 -1 1 -1 -1 -1 1 1 1 -1 1 -1 -1 1 -1 1 -1 -1 1 -1 -1 -1 1 -1 1 1 1 1 -1 1 -1 1 -1 1 -1 1 1 1 1 -1 -1 -1 1 1 -1 -1 1 -1 -1 1 1 -1 1 1 -1 1 1 1 -1 1 
1 -1 1 1 -1 1 -1 -1 1 1 -1 1 -1 -1 -1 -1 1 1 -1 -1 1 1 -1 1 1 1 1 -1 -1 1 1 1 1 1 -1 -1 -1 1 1 -1 1 1 -1 -1 1 -1 -1 -1 -1 1 -1 1 1 1 -1 1 -1 1 -1 -1 -1 1 -1 1 1 -1 -1 1 1 -1 1 -1 1 -1 -1 -1 -1 -1 1 1 1 -1 1 -1 -1 1 1 1 -1 1 -1 1 -1 -1 1 -1 1 -1 1 -1 1 1 1 1 1 1 -1 1 -1 -1 1 1 -1 1 -1 1 1 -1 1 -1 -1 1 -1 1 1 -1 1 -1 
-1 -1 1 -1 1 1 -1 -1 1 -1 1 1 -1 1 -1 1 -1 -1 1 -1 -1 1 -1 -1 1 -1 -1 1 -1 1 1 1 -1 -1 1 -1 -1 1 1 1 -1 1 1 1 1 1 -1 -1 -1 1 -1 1 -1 1 1 -1 1 -1 1 1 -1 1 -1 -1 1 1 1 1 -1 1 -1 -1 -1 -1 -1 -1 -1 1 -1 -1 1 -1 1 1 1 -1 1 1 -1 1 -1 1 1 -1 -1 -1 -1 1 1 -1 1 1 1 -1 1 -1 -1 1 -1 -1 1 1 -1 -1 1 1 -1 1 -1 1 1 1 -1 1 -1 -1 1 1 
1 1 1 -1 1 -1 1 1 1 -1 -1 -1 -1 1 -1 1 1 -1 -1 1 -1 1 -1 -1 -1 -1 -1 -1 -1 1 1 1 1 1 -1 1 1 1 1 -1 1 -1 1 1 -1 -1 -1 1 1 -1 -1 1 -1 -1 -1 1 -1 1 -1 1 -1 1 1 -1 1 -1 1 1 -1 -1 1 -1 1 -1 -1 -1 1 -1 1 -1 1 -1 -1 -1 -1 -1 -1 1 -1 1 1 1 1 1 1 -1 1 -1 -1 1 -1 -1 1 1 -1 -1 -1 -1 1 -1 -1 -1 1 -1 1 -1 1 1 -1 1 -1 1 -1 1 -1 1 1 -1 
-1 -1 -1 -1 1 1 1 -1 -1 -1 1 1 1 -1 -1 1 1 -1 -1 -1 -1 -1 1 1 1 1 -1 -1 1 1 -1 -1 -1 1 1 -1 -1 -1 -1 -1 1 1 1 1 1 -1 -1 -1 1 1 1 1 1 1 1 1 -1 -1 1 1 1 1 -1 1 1 1 1 -1 -1 -1 1 -1 -1 -1 1 1 -1 -1 -1 1 1 1 -1 -1 1 1 -1 1 1 1 1 1 1 -1 -1 1 -1 -1 1 -1 1 -1 -1 1 -1 -1 -1 1 1 1 1 1 1 1 -1 1 1 1 -1 -1 1 1 1 -1 1 -1 1 1 
-1 -1 -1 1 1 1 1 1 1 1 -1 1 -1 -1 -1 1 1 1 -1 -1 -1 -1 1 1 -1 1 -1 -1 1 1 1 1 1 -1 -1 1 1 1 -1 1 1 -1 -1 1 1 1 1 1 1 1 -1 1 1 -1 -1 1 1 -1 1 -1 1 -1 -1 1 1 -1 -1 -1 1 -1 -1 -1 1 -1 1 -1 1 1 -1 1 1 1 1 -1 1 1 -1 -1 1 -1 1 1 1 1 -1 -1 1 1 1 -1 1 1 -1 1 -1 -1 -1 -1 -1 -1 1 1 -1 1 1 -1 -1 -1 1 1 1 1 1 1 -1 -1 -1 1 
-1 -1 1 -1 -1 1 -1 -1 1 1 1 -1 -1 1 1 1 -1 1 -1 1 -1 1 1 -1 1 -1 1 -1 -1 1 -1 -1 -1 -1 -1 -1 -1 1 1 1 1 -1 1 1 1 -1 -1 -1 1 1 1 -1 -1 1 -1 1 1 1 -1 1 1 -1 1 -1 -1 -1 1 -1 -1 1 1 1 1 -1 -1 1 -1 -1 1 -1 1 -1 -1 -1 1 -1 -1 1 -1 -1 -1 1 -1 -1 1 -1 -1 -1 -1 -1 -1 -1 -1 -1 -1 1 1 -1 -1 1 -1 -1 -1 -1 -1 1 1 -1 1 -1 -1 -1 -1 -1 1 1 1 -1 
1 -1 -1 1 -1 -1 1 1 -1 1 1 1 1 1 1 -1 1 1 1 -1 -1 -1 -1 1 -1 1 -1 1 -1 -1 -1 1 1 1 1 -1 1 1 -1 1 -1 -1 1 1 -1 -1 -1 -1 1 -1 1 -1 1 -1 -1 -1 1 1 1 -1 -1 1 -1 1 1 1 1 1 -1 1 -1 1 -1 -1 1 -1 1 1 1 1 1 1 1 -1 1 -1 -1 -1 -1 1 1 1 1 -1 -1 1 1 1 1 1 1 -1 1 -1 1 1 -1 1 1 -1 1 1 1 1 -1 1 -1 1 1 -1 -1 -1 -1 -1 -1 1 -1 1 
-1 -1 1 -1 -1 -1 -1 1 -1 1 1 1 -1 -1 -1 1 -1 1 1 1 1 -1 1 -1 -1 1 -1 1 -1 -1 -1 1 1 1 -1 -1 1 -1 1 -1 1 1 1 -1 -1 1 1 -1 -1 1 -1 1 1 1 -1 -1 1 -1 -1 -1 -1 -1 -1 -1 -1 1 1 -1 -1 1 -1 1 1 -1 1 1 1 -1 -1 1 -1 -1 -1 1 1 1 -1 1 1 1 1 1 1 -1 -1 -1 -1 1 1 1 1 -1 -1 -1 -1 1 -1 1 1 -1 -1 -1 -1 1 1 1 1 1 1 -1 -1 1 -1 -1 -1 -1 -1 -1 
-1 -1 -1 -1 -1 1 -1 -1 1 -1 -1 -1 1 1 -1 1 -1 -1 1 1 -1 1 1 1 1 1 1 1 1 -1 1 1 -1 -1 -1 -1 -1 -1 1 -1 -1 1 1 -1 1 -1 1 1 -1 1 1 1 1 1 1 1 -1 1 -1 1 1 1 1 -1 1 -1 -1 1 -1 -1 -1 1 1 -1 1 1 -1 -1 -1 1 1 1 -1 -1 1 -1 1 -1 1 1 -1 -1 1 -1 -1 1 -1 -1 1 -1 -1 1 -1 1 1 1 -1 -1 1 1 1 -1 -1 -1 -1 -1 -1 1 1 -1 -1 -1 -1 1 -1 -1 -1 -1 
-1 -1 1 -1 1 1 1 -1 -1 1 -1 -1 -1 -1 1 1 1 -1 -1 1 1 -1 -1 1 1 1 -1 1 -1 1 1 -1 -1 1 -1 -1 1 -1 -1 1 1 1 -1 1 1 -1 -1 1 -1 1 -1 1 -1 1 -1 -1 -1 -1 1 -1 -1 -1 -1 -1 1 1 -1 1 -1 1 -1 -1 1 1 -1 1 -1 -1 -1 -1 1 1 -1 -1 -1 1 1 1 -1 1 1 1 -1 1 1 -1 1 1 -1 1 -1 -1 1 -1 -1 -1 -1 -1 -1 1 -1 -1 1 1 1 1 1 -1 1 -1 -1 -1 1 1 1 1 -1 1 
-1 -1 1 -1 -1 1 -1 1 -1 1 1 1 -1 1 1 1 -1 1 1 1 1 1 1 1 1 1 -1 -1 1 1 1 1 1 1 1 -1 -1 -1 -1 1 -1 1 1 1 -1 1 1 -1 -1 -1 1 1 -1 1 1 1 -1 -1 -1 -1 -1 1 -1 -1 1 -1 -1 1 1 -1 1 1 -1 1 1 1 -1 -1 -1 -1 1 1 1 1 1 1 -1 -1 -1 1 -1 -1 1 1 1 -1 1 1 -1 1 -1 -1 -1 -1 -1 1 1 -1 1 -1 1 -1 1 1 1 -1 -1 1 -1 1 -1 -1 -1 1 1 -1 1 -1 
1 -1 -1 1 -1 1 -1 -1 -1 -1 -1 -1 -1 -1 1 1 1 -1 -1 -1 1 1 1 -1 1 1 1 1 1 -1 1 -1 1 1 1 1 1 -1 -1 1 -1 1 -1 -1 1 -1 1 1 1 -1 1 1 1 -1 1 -1 1 1 1 -1 1 1 -1 -1 1 1 1 -1 -1 1 -1 -1 1 1 -1 1 -1 1 -1 1 1 -1 1 1 1 1 -1 1 -1 -1 -1 -1 1 1 -1 1 1 -1 1 -1 -1 -1 1 -1 1 -1 -1 -1 -1 1 -1 1 -1 1 -1 -1 1 -1 -1 1 1 -1 -1 1 -1 1 1 1 
-1 -1 -1 -1 1 1 -1 -1 1 1 -1 -1 -1 1 1 1 -1 -1 1 -1 1 -1 -1 1 1 -1 -1 1 -1 1 1 1 1 1 -1 1 -1 1 -1 1 1 -1 1 -1 1 -1 1 -1 1 -1 -1 1 1 1 1 1 1 1 1 -1 -1 1 1 1 -1 -1 -1 1 -1 -1 -1 1 -1 1 -1 1 1 1 1 1 1 1 -1 1 -1 1 1 -1 1 -1 1 1 -1 1 1 -1 1 1 -1 1 1 1 -1 -1 1 -1 1 -1 1 -1 1 1 1 -1 1 1 1 1 -1 1 -1 -1 -1 -1 1 1 1 1 
1 1 1 1 -1 1 1 1 1 -1 1 -1 -1 1 1 1 1 1 -1 -1 -1 1 1 1 1 -1 -1 -1 -1 -1 1 1 1 -1 -1 -1 -1 1 1 -1 1 1 1 -1 1 -1 1 -1 -1 1 -1 -1 1 -1 -1 1 -1 -1 1 -1 -1 -1 1 1 -1 1 1 -1 -1 -1 -1 -1 -1 -1 1 -1 -1 1 -1 -1 1 -1 -1 1 -1 -1 1 -1 -1 -1 1 -1 1 1 -1 1 -1 -1 -1 1 -1 -1 1 -1 1 1 1 1 -1 1 1 -1 -1 1 -1 1 -1 1 1 -1 1 -1 -1 1 -1 1 1 1 