32 -32 32 326 6036
61 97 15 37 29 3 64 80 62 73 19 2 48 98 6 72 4 98 61 33 23 3 9 72 58 6 29 62 71 73 45 1 
49 91 14 52 56 55 41 59 52 28 60 11 62 73 52 18 10 84 11 83 82 4 93 13 9 69 54 64 7 94 58 29 
33 16 89 14 8 16 19 36 23 59 91 62 2 55 80 67 13 85 85 49 91 54 5 2 38 28 76 83 77 91 69 65 
87 71 3 35 30 19 26 21 90 17 28 91 84 43 57 75 81 18 94 70 61 83 4 56 34 8 18 13 32 11 54 13 
63 49 77 68 84 38 6 86 11 92 16 1 31 44 67 25 11 29 72 16 90 14 8 2 65 75 99 89 50 70 78 11 
32 20 57 47 68 2 49 33 88 48 31 89 4 32 56 35 24 23 36 66 84 37 68 94 74 57 48 56 42 68 47 5 
53 51 23 50 4 3 71 32 63 34 85 100 35 14 53 5 40 5 54 9 53 12 70 17 16 98 20 34 67 90 54 71 
40 44 96 48 95 94 38 58 83 75 53 77 69 6 91 98 70 3 19 12 93 27 77 78 40 92 44 60 29 67 39 33 
90 58 59 3 40 59 97 19 32 18 88 81 55 33 90 99 12 40 22 18 87 83 22 78 85 80 84 54 19 97 33 61 
2 70 2 81 53 70 52 51 54 29 67 6 76 51 83 34 53 67 5 20 63 32 39 100 16 26 18 64 29 22 15 33 
74 3 62 40 95 18 4 49 30 28 8 50 8 23 79 68 50 26 40 80 41 33 73 57 53 37 43 67 64 43 60 89 
49 77 72 89 96 51 82 40 83 61 45 88 18 59 7 16 68 62 34 72 60 88 39 50 57 33 69 35 84 6 86 48 
56 5 87 15 61 31 25 46 25 66 71 50 91 26 35 13 85 92 17 11 34 66 73 55 24 68 28 17 2 98 18 39 
34 38 91 66 97 87 18 57 84 86 19 21 43 64 75 44 46 54 96 76 17 41 45 39 55 74 68 37 41 23 73 37 
9 15 53 57 41 35 72 92 61 57 50 68 9 19 79 16 8 36 62 28 56 32 65 23 81 6 11 16 58 98 23 64 
77 52 34 78 16 69 35 81 56 1 16 87 28 26 39 82 47 54 85 70 69 3 36 55 84 12 1 57 90 24 81 90 
69 63 72 62 35 93 26 78 78 21 84 71 40 90 7 2 34 53 28 88 89 88 93 30 55 48 61 36 35 49 92 75 
14 64 83 42 45 6 7 34 12 85 3 59 82 53 48 45 29 45 61 48 21 58 3 13 6 95 54 59 64 67 32 57 
49 94 8 6 31 7 62 89 59 46 23 29 77 97 44 53 79 92 26 58 91 5 44 99 11 89 63 62 18 15 59 7 
23 4 82 3 23 33 54 25 41 49 3 59 42 15 93 56 71 8 43 90 9 20 14 45 23 49 38 8 18 6 32 10 
20 17 93 97 70 45 34 28 90 53 22 32 24 33 40 100 55 55 12 71 68 68 47 38 21 75 95 31 95 56 6 22 
13 46 71 44 36 90 82 64 46 21 48 57 97 34 65 83 55 84 59 64 97 3 19 79 11 51 96 66 100 5 13 8 
56 70 2 45 38 40 12 76 37 96 57 72 15 24 32 85 68 92 66 7 68 43 8 76 68 21 92 14 29 75 78 97 
65 56 92 45 19 43 1 79 13 93 36 64 96 54 74 55 10 67 6 9 43 66 41 34 34 11 71 30 49 12 3 54 
72 20 45 8 92 19 73 27 68 25 60 89 18 12 87 48 69 56 35 21 34 38 92 59 11 58 96 24 100 31 36 14 
83 90 42 70 42 22 89 33 15 54 3 20 84 50 58 90 18 34 52 41 59 39 74 17 24 8 32 45 32 59 51 82 
49 49 12 16 93 68 29 57 91 14 81 93 11 63 37 11 45 91 7 91 92 27 7 43 5 98 99 97 8 15 72 76 
78 73 23 57 41 40 6 71 37 85 86 9 39 90 91 88 51 98 99 74 28 9 56 60 50 62 99 50 65 15 36 3 
92 5 8 35 4 25 39 25 17 25 100 75 92 4 98 74 81 30 73 6 70 19 73 88 14 72 22 90 61 33 99 18 
45 52 98 39 79 45 38 87 27 1 78 2 14 91 48 18 51 59 76 36 54 34 14 14 87 55 96 95 70 69 96 94 
97 61 50 95 91 4 99 62 63 83 76 23 70 48 38 54 75 86 41 90 83 99 75 86 42 29 74 81 33 54 7 61 
1 43 10 4 21 25 30 31 46 34 9 87 74 78 11 6 5 67 85 81 6 55 78 97 20 57 71 58 51 87 41 65 
-1 -1 -1 -1 -1 1 -1 1 1 1 -1 -1 1 1 1 1 1 1 -1 1 1 1 1 -1 -1 -1 -1 -1 1 1 -1 1 
-1 -1 1 -1 1 -1 -1 1 1 1 -1 -1 -1 -1 -1 -1 1 -1 -1 -1 1 1 -1 -1 -1 -1 -1 -1 -1 1 -1 1 
-1 1 1 -1 -1 -1 1 -1 1 1 -1 1 -1 -1 1 1 1 1 -1 -1 1 -1 -1 -1 1 1 1 -1 -1 1 -1 -1 
-1 -1 -1 1 1 -1 1 1 1 -1 -1 -1 1 1 1 1 -1 -1 -1 1 1 -1 -1 -1 1 1 1 1 -1 1 1 -1 
-1 1 -1 1 -1 1 1 -1 1 1 -1 -1 -1 1 -1 -1 1 -1 1 1 -1 -1 1 1 1 1 1 1 -1 1 1 1 
1 -1 -1 -1 1 -1 1 -1 -1 -1 1 -1 1 -1 1 -1 -1 1 1 -1 -1 1 1 -1 1 1 1 1 1 1 1 1 
-1 -1 1 1 1 1 -1 1 1 1 1 -1 -1 1 -1 1 -1 1 1 1 1 -1 1 -1 1 1 -1 1 1 1 -1 1 
1 1 -1 1 -1 -1 1 1 -1 -1 1 1 -1 1 -1 1 -1 1 -1 1 1 1 -1 1 1 -1 1 -1 -1 -1 -1 1 
1 1 1 1 1 -1 1 -1 1 -1 1 1 1 -1 -1 -1 -1 -1 -1 -1 -1 -1 1 -1 -1 1 1 1 1 1 -1 1 
1 1 1 -1 1 -1 1 -1 -1 -1 -1 -1 1 1 1 1 -1 -1 -1 -1 1 -1 1 -1 1 1 1 -1 -1 1 1 1 
-1 -1 -1 -1 -1 1 1 1 1 -1 1 1 -1 -1 1 1 1 1 1 1 1 1 1 -1 -1 1 -1 1 1 -1 -1 1 
-1 -1 1 -1 -1 -1 -1 1 1 -1 1 -1 1 1 1 1 1 -1 -1 -1 -1 1 -1 -1 -1 -1 -1 1 -1 1 1 1 
1 -1 -1 1 -1 1 -1 -1 1 1 -1 1 -1 1 1 -1 1 1 -1 1 -1 -1 1 -1 1 1 -1 1 -1 -1 -1 -1 
1 -1 -1 1 1 -1 1 1 -1 1 -1 1 1 -1 1 -1 -1 -1 -1 -1 -1 -1 -1 -1 -1 -1 1 -1 -1 1 1 1 
1 -1 1 1 -1 1 -1 -1 -1 1 1 1 1 1 -1 -1 -1 1 1 1 -1 1 1 1 -1 -1 1 1 -1 1 1 1 
1 -1 1 1 -1 -1 1 1 -1 1 1 1 -1 -1 -1 -1 1 1 1 1 1 1 1 1 1 1 1 1 -1 1 -1 1 
1 1 1 -1 1 -1 -1 -1 -1 -1 1 1 1 -1 -1 1 -1 1 -1 1 -1 -1 1 -1 -1 1 1 -1 1 1 1 1 
1 -1 1 -1 -1 1 1 1 -1 -1 1 -1 1 -1 1 1 1 -1 1 -1 1 1 1 -1 -1 -1 1 1 -1 -1 1 -1 
-1 -1 -1 -1 1 1 1 -1 -1 -1 1 -1 -1 -1 1 1 -1 1 1 1 1 -1 -1 -1 1 1 -1 -1 1 1 1 -1 
1 -1 -1 1 1 -1 1 1 -1 -1 1 -1 1 -1 1 1 1 -1 1 1 1 -1 -1 1 -1 1 -1 1 -1 -1 -1 1 
1 1 1 1 -1 -1 1 1 -1 1 1 -1 -1 -1 -1 1 -1 1 1 1 1 -1 -1 -1 1 1 1 -1 1 -1 -1 1 
1 1 -1 -1 -1 1 -1 1 -1 -1 1 1 -1 -1 1 1 -1 1 -1 -1 -1 -1 -1 1 1 1 1 -1 1 -1 1 -1 
1 -1 -1 -1 1 1 1 -1 1 1 1 -1 1 -1 1 1 1 1 -1 -1 -1 -1 -1 1 1 -1 1 1 -1 -1 1 -1 
-1 -1 -1 -1 1 -1 -1 1 -1 -1 -1 -1 -1 -1 1 1 -1 -1 -1 1 -1 1 1 -1 1 1 1 -1 1 -1 1 1 
-1 -1 1 1 1 1 1 1 -1 1 -1 -1 1 -1 -1 1 -1 -1 1 -1 1 1 1 1 -1 1 1 1 -1 -1 -1 -1 
-1 -1 1 1 1 1 1 -1 1 1 1 -1 1 -1 -1 1 1 -1 1 1 1 1 -1 1 1 -1 -1 -1 -1 1 1 -1 
-1 -1 1 1 1 1 -1 1 1 1 -1 -1 -1 1 1 1 1 1 -1 -1 1 1 1 1 1 -1 1 -1 1 1 -1 1 
-1 -1 -1 1 1 1 1 -1 1 -1 1 1 1 -1 1 1 -1 1 -1 1 -1 -1 1 -1 1 -1 -1 -1 1 -1 1 -1 
1 -1 -1 -1 -1 1 1 -1 1 -1 1 -1 -1 -1 -1 -1 1 -1 1 -1 1 1 -1 1 -1 -1 1 1 -1 1 1 1 
1 1 1 1 1 1 1 -1 1 1 -1 1 -1 1 1 1 1 -1 1 -1 -1 -1 -1 -1 -1 1 1 -1 1 1 -1 1 
-1 -1 -1 1 1 1 -1 -1 -1 1 -1 1 -1 1 1 -1 1 1 1 -1 -1 1 1 1 -1 1 -1 1 1 -1 -1 -1 
1 1 -1 -1 1 1 1 1 1 1 1 1 -1 1 1 1 1 -1 -1 1 1 -1 -1 1 -1 -1 1 -1 1 1 -1 -1 