16
74 30 7 61 65 98 5 28 6 92 9 44 45 4 77 73 
44 23 22 95 12 46 80 2 25 87 86 44 15 74 23 26 
27 89 43 38 4 55 66 58 51 57 45 80 82 4 95 8 
53 77 50 100 71 84 33 44 95 6 22 22 93 53 79 77 
39 35 87 92 42 75 74 82 59 17 46 63 19 83 27 12 
96 44 32 65 84 59 5 61 41 25 96 81 50 78 77 100 
87 26 79 62 92 25 62 44 34 50 24 59 36 41 22 8 
11 94 54 100 69 46 22 89 1 5 59 64 62 29 65 59 
65 44 75 99 62 52 42 34 97 80 70 43 8 36 87 71 
96 88 50 32 43 83 5 50 12 26 100 69 1 74 12 17 
46 93 57 18 40 22 84 51 81 9 85 80 28 22 61 31 
45 98 90 62 53 70 19 28 2 72 48 80 82 93 91 50 
81 33 61 13 50 72 85 8 36 90 38 64 85 24 60 19 
26 46 86 31 23 75 57 18 84 19 59 13 25 84 62 48 
29 69 29 40 3 94 16 49 55 74 49 86 41 27 72 12 
89 56 82 66 100 73 96 18 25 19 94 20 77 63 40 75 
1 1 1 1 1 1 -1 -1 1 1 1 -1 -1 1 -1 -1 
1 -1 -1 -1 1 1 -1 1 1 1 -1 1 -1 -1 1 -1 
1 -1 1 -1 1 1 -1 1 -1 -1 -1 1 1 1 -1 1 
1 -1 -1 1 1 1 1 1 1 -1 1 -1 -1 1 1 -1 
1 1 1 1 1 -1 1 -1 -1 1 1 1 -1 -1 -1 1 
1 1 1 1 -1 -1 -1 -1 -1 1 1 1 -1 -1 1 1 
-1 -1 -1 1 1 -1 1 -1 1 1 -1 -1 1 1 1 -1 
-1 1 1 1 -1 -1 -1 -1 -1 1 1 1 1 1 1 1 
1 1 -1 1 -1 -1 1 -1 -1 1 1 1 1 1 -1 1 
1 1 -1 -1 1 1 1 1 1 -1 -1 -1 -1 -1 1 -1 
1 -1 -1 1 1 1 -1 1 1 -1 1 1 -1 -1 -1 -1 
-1 1 1 -1 1 1 -1 1 1 -1 1 -1 1 -1 1 -1 
-1 -1 1 -1 -1 -1 1 1 1 -1 -1 1 1 -1 -1 -1 
1 -1 1 1 -1 -1 1 1 1 -1 -1 -1 -1 -1 1 1 
-1 1 -1 1 -1 1 1 1 -1 1 -1 1 -1 1 1 -1 
-1 -1 1 -1 1 1 -1 1 1 -1 -1 -1 -1 1 -1 1 