128
94 34 23 34 13 63 14 57 74 15 18 98 94 61 76 88 24 25 74 41 4 58 61 77 41 45 21 8 48 2 60 30 80 56 42 25 31 49 59 40 69 5 20 27 98 51 5 92 89 2 51 28 29 18 25 24 51 80 8 91 6 15 13 78 12 47 6 36 86 37 58 87 78 15 65 52 13 31 13 18 77 24 47 10 69 62 29 52 31 33 61 60 16 83 33 67 92 91 7 48 37 57 29 7 81 22 98 46 78 75 24 83 44 49 55 14 94 33 42 46 4 11 50 23 90 11 27 21 
45 98 85 51 36 21 96 45 12 91 94 69 95 20 45 48 90 28 70 9 67 55 60 19 2 46 65 11 69 3 46 48 15 65 11 91 80 11 54 83 65 58 84 57 27 54 67 73 26 93 65 43 26 98 38 5 97 19 72 73 87 95 88 30 10 52 96 80 5 79 52 20 15 37 57 1 98 88 12 38 3 75 5 44 68 20 71 66 26 83 47 54 20 97 63 7 66 91 52 60 41 97 34 49 96 95 46 37 30 85 69 14 61 99 88 20 24 20 41 31 47 64 11 63 96 63 69 42 
27 38 6 46 67 73 92 71 82 65 64 66 53 57 66 95 92 55 38 32 76 36 34 17 81 24 100 56 40 44 45 52 88 88 2 62 40 21 17 93 3 71 9 1 32 30 19 13 81 43 20 90 39 96 82 75 22 7 71 33 8 67 41 38 16 56 35 91 51 9 81 81 48 65 21 94 88 52 21 85 61 89 80 58 60 7 69 53 63 69 12 19 85 54 39 15 29 63 10 94 29 91 34 67 62 68 13 5 30 42 45 24 82 29 21 18 60 89 75 2 75 63 30 24 44 65 13 27 
8 21 67 17 9 70 2 6 69 62 17 100 43 29 71 79 67 75 39 85 34 40 77 14 81 99 28 24 44 77 35 20 69 7 32 86 11 70 22 67 64 1 27 27 4 73 5 55 38 2 82 59 29 93 1 8 82 79 78 2 12 37 79 95 84 21 24 31 53 12 56 83 75 82 69 65 88 48 13 96 23 69 21 76 5 65 87 83 31 96 48 95 71 37 43 66 32 2 58 82 28 55 30 52 24 33 60 19 52 8 67 46 51 44 43 89 43 21 32 69 7 94 37 67 45 19 24 22 
9 95 92 26 72 87 82 74 98 55 36 63 58 86 75 11 79 59 27 74 57 88 71 11 30 8 95 15 5 77 89 15 7 18 74 97 73 14 83 69 97 53 10 4 24 100 20 29 85 11 65 77 95 5 46 73 45 69 96 96 56 19 83 19 86 76 98 66 36 64 11 67 53 69 69 88 30 16 88 73 11 58 2 20 68 75 13 43 80 30 97 32 59 76 59 88 40 83 64 64 83 78 21 55 30 33 34 27 7 30 30 6 98 56 96 56 96 19 32 50 28 69 17 20 85 78 70 30 
22 44 24 37 40 30 37 12 39 12 40 86 88 67 96 37 43 44 97 48 75 7 77 81 73 71 88 53 40 34 14 57 11 72 47 14 27 84 49 93 36 79 5 6 71 54 87 37 63 80 13 80 86 35 24 95 73 72 27 64 7 67 4 44 61 60 80 51 4 78 35 65 86 19 96 18 11 57 99 64 22 72 81 93 43 33 95 64 74 23 100 79 69 33 32 36 87 92 66 89 77 14 96 76 67 27 73 54 24 74 51 8 9 39 94 36 94 30 15 98 10 46 19 84 86 41 38 60 
6 56 17 53 27 51 92 22 5 40 35 90 6 83 65 5 85 28 93 59 41 15 58 63 70 26 67 20 16 23 14 91 56 32 45 33 92 4 72 44 16 27 87 42 46 6 35 62 22 45 42 7 37 49 87 33 28 60 65 45 34 100 54 47 32 2 92 42 46 33 94 62 79 42 96 79 43 56 40 99 97 59 47 8 6 78 32 72 42 36 93 10 78 91 15 8 62 81 47 21 67 77 19 75 86 51 94 82 98 21 75 68 60 94 45 87 69 14 23 58 70 31 10 32 44 73 9 56 
49 98 48 15 93 32 72 62 41 21 56 94 54 88 14 62 22 23 96 66 62 97 72 31 76 76 82 78 27 60 32 17 22 35 1 81 54 90 35 78 10 15 70 48 77 1 87 7 50 52 41 89 4 11 31 8 100 82 97 99 98 23 80 6 19 17 56 36 73 79 48 15 26 87 11 70 41 43 83 99 90 62 37 89 97 88 67 2 91 57 75 44 42 5 95 40 89 79 56 73 42 89 92 4 60 41 80 82 61 68 83 33 76 33 28 62 18 58 46 99 67 11 20 82 22 9 97 14 
50 22 50 76 63 13 56 62 43 28 80 55 27 70 30 26 56 47 46 36 49 16 12 43 73 47 4 83 44 87 50 50 47 56 38 6 15 95 73 81 84 15 100 58 72 7 6 28 77 10 83 85 80 64 70 75 16 46 58 98 24 45 10 90 67 56 35 40 22 49 62 16 3 87 19 32 7 84 60 78 5 97 76 93 17 64 52 57 91 38 76 67 84 6 12 43 49 13 94 44 69 11 60 22 43 46 13 89 34 90 9 71 85 45 81 28 78 21 19 82 90 35 40 47 98 68 32 67 
58 66 22 18 32 15 96 94 63 60 67 86 91 57 99 97 88 79 55 12 55 54 41 71 61 57 32 54 86 18 8 27 85 33 67 81 84 10 71 61 81 22 89 37 58 41 58 52 23 27 71 94 18 98 72 30 15 60 4 21 71 11 56 24 6 18 17 68 95 65 28 35 73 6 12 14 26 62 41 1 87 17 20 94 32 88 92 40 8 59 18 15 48 12 23 5 89 46 63 50 55 1 14 41 95 15 20 19 92 74 55 10 47 2 93 74 48 93 21 46 22 20 57 75 78 53 24 54 
79 85 25 78 13 73 33 92 11 24 78 29 34 56 38 17 13 82 81 35 41 61 6 35 74 37 24 82 24 51 17 19 37 12 66 56 64 55 46 22 94 6 9 61 31 24 55 39 12 10 86 36 51 41 23 46 17 33 28 82 63 18 50 25 76 27 79 85 41 97 66 40 99 91 45 9 26 98 91 36 33 93 94 6 23 91 23 18 49 9 67 52 75 88 62 87 13 13 73 18 50 88 46 32 10 32 56 91 61 56 57 57 100 44 97 56 61 18 22 34 31 10 29 2 32 5 66 87 
63 91 94 37 76 84 67 18 66 32 66 73 44 2 1 9 31 17 52 99 61 60 14 8 36 66 60 33 68 67 75 30 81 28 23 86 85 91 25 15 95 86 27 72 97 90 83 50 71 87 91 98 9 47 61 97 73 53 21 19 52 66 72 58 31 58 6 85 4 23 62 48 36 26 23 2 8 7 55 76 19 79 42 13 19 73 70 24 98 68 86 86 56 13 19 12 52 48 86 95 54 46 60 87 9 46 80 39 86 22 72 12 97 82 9 33 75 18 25 47 73 9 85 42 21 71 8 75 
32 31 51 7 53 85 95 65 97 20 54 95 5 54 45 65 16 24 68 59 88 36 23 69 30 81 18 98 46 20 61 23 85 55 93 78 74 96 97 27 10 83 21 24 69 25 79 52 70 31 33 57 73 1 13 97 86 61 22 65 96 34 70 94 91 73 22 60 25 76 66 91 73 76 84 19 44 92 4 68 100 98 84 84 48 26 37 70 17 96 47 12 69 99 65 48 58 36 16 31 40 40 94 48 20 87 56 76 31 95 72 41 28 27 26 9 80 52 44 25 72 66 93 70 91 8 24 34 
90 81 72 76 7 15 29 26 67 19 49 42 54 46 79 13 37 4 58 77 34 78 89 81 72 55 66 80 68 19 22 56 3 9 92 34 18 42 29 87 26 57 61 97 96 17 53 44 64 45 51 90 14 63 42 13 18 50 95 1 5 88 17 37 34 27 60 32 69 60 28 86 90 39 22 3 59 68 74 5 7 59 41 13 39 47 27 13 44 80 76 55 57 40 93 42 62 15 11 90 78 81 49 21 90 42 10 27 57 13 58 59 34 20 7 35 53 94 24 50 14 28 28 58 7 25 54 4 
86 33 11 40 58 14 45 30 56 18 74 28 81 16 98 14 98 98 59 72 76 71 100 63 83 22 54 20 1 40 65 8 65 48 20 72 86 24 61 39 54 38 83 39 8 41 1 59 89 72 30 24 88 74 20 9 5 89 17 31 65 70 7 18 19 71 18 5 19 28 20 40 97 81 86 74 89 18 74 31 13 57 91 13 65 100 67 22 64 98 92 55 95 39 35 93 40 13 6 69 52 85 27 44 17 69 27 6 58 79 58 28 37 68 30 15 69 36 37 55 45 17 7 75 4 98 81 3 
48 41 21 37 32 96 73 53 35 54 5 10 41 43 57 67 50 86 53 96 42 33 16 89 13 44 88 24 54 83 7 95 72 38 6 11 23 5 59 36 48 91 90 40 45 77 43 35 10 69 23 83 75 67 49 87 13 89 30 47 81 95 35 38 94 36 88 5 34 19 55 74 89 89 35 23 85 69 95 60 33 100 49 76 75 41 78 86 79 56 5 77 84 46 40 8 99 41 53 14 20 51 96 34 75 74 18 82 37 56 19 79 27 49 75 67 49 44 32 65 89 16 70 29 38 80 64 19 
63 92 67 87 70 60 69 17 36 33 97 74 39 3 61 30 77 56 47 40 17 66 86 84 80 2 85 59 5 67 41 63 69 67 85 69 38 36 29 80 36 67 100 54 56 65 14 79 24 90 1 69 27 91 40 87 60 38 28 32 48 91 94 81 69 43 65 78 28 48 33 100 4 29 25 50 85 44 33 85 45 33 32 31 47 66 79 86 27 20 54 51 42 89 73 52 50 6 20 77 24 28 10 60 38 6 59 95 43 3 14 14 12 79 68 25 67 66 32 71 98 7 59 70 65 28 61 51 
48 77 95 90 38 36 2 71 6 78 83 94 81 62 91 47 48 28 77 43 3 26 8 25 29 2 16 12 14 42 98 4 73 94 69 2 27 23 29 8 59 83 45 87 15 89 82 61 30 21 68 77 78 62 38 100 96 37 67 31 82 25 50 39 15 99 73 82 9 97 81 59 30 95 95 53 58 86 3 80 17 76 13 81 29 89 13 18 49 88 10 94 64 1 85 81 21 16 2 47 91 24 68 29 84 51 20 53 33 20 39 51 72 63 86 64 98 61 63 60 71 27 9 82 46 5 21 19 
2 70 28 58 34 38 26 16 43 7 59 29 13 60 2 70 47 17 33 83 98 2 92 10 51 45 57 69 46 53 30 5 17 56 89 57 16 60 18 63 31 59 70 99 48 58 38 28 70 91 83 36 47 94 23 54 99 89 53 11 69 76 8 49 91 83 26 49 69 20 92 63 31 57 99 82 4 9 43 35 64 75 78 90 67 13 69 25 56 14 93 81 87 47 9 14 31 37 28 81 58 11 69 23 16 61 90 58 26 82 22 21 66 2 79 35 71 18 13 28 27 16 9 78 15 39 54 48 
8 49 79 88 84 100 66 4 22 86 31 80 89 73 53 37 98 6 80 4 67 86 51 45 84 29 96 36 58 92 83 91 72 16 71 54 93 77 35 4 80 19 41 11 4 52 80 9 50 58 22 19 10 73 6 71 48 24 20 55 58 39 86 86 53 28 56 43 43 100 58 100 85 93 64 1 51 32 68 80 28 63 36 68 74 37 20 70 48 24 67 35 41 14 51 92 92 17 13 45 68 31 64 13 71 62 47 21 3 87 35 58 70 93 87 29 19 49 50 17 75 29 95 98 71 20 73 33 
21 96 45 3 88 74 36 79 56 10 60 71 48 8 78 50 21 94 47 66 6 68 22 80 65 16 24 56 71 65 83 39 54 98 77 54 58 80 81 23 22 22 43 6 55 22 44 61 60 87 56 85 29 66 92 27 22 71 47 60 12 76 41 22 100 95 51 54 60 98 56 48 96 19 71 67 6 92 87 54 88 28 8 50 32 28 54 8 68 55 53 28 57 62 58 92 65 68 74 51 2 11 5 17 41 56 90 58 25 85 75 8 93 17 47 23 80 11 96 38 57 97 83 11 26 62 47 60 
44 52 2 54 70 15 78 41 54 14 70 3 35 14 32 1 94 39 1 56 50 27 39 10 45 10 36 86 59 33 100 31 62 5 47 57 9 43 42 2 28 60 45 48 93 32 39 31 37 51 41 55 70 72 18 65 56 88 62 26 44 32 47 84 26 30 79 10 24 18 17 79 68 45 84 6 55 37 48 13 59 40 11 31 55 71 98 46 52 2 89 100 30 20 2 78 83 91 16 77 20 69 89 89 98 55 26 78 17 89 97 67 84 89 12 9 12 68 76 68 27 9 17 39 60 77 97 12 
12 44 35 86 7 15 74 95 56 35 16 65 52 26 29 60 70 39 34 74 74 10 21 14 45 54 26 98 57 74 36 83 82 93 42 14 75 32 43 85 1 25 8 39 26 27 53 71 47 25 86 40 6 61 56 50 68 67 100 58 41 82 87 78 33 45 55 79 49 27 2 2 33 8 74 27 96 100 52 41 40 19 89 41 3 78 64 62 57 59 58 41 91 52 26 94 67 44 23 71 27 71 41 87 48 64 41 40 41 7 15 10 35 34 54 77 43 68 17 54 33 71 48 5 68 30 60 32 
5 77 41 38 42 82 10 17 69 41 86 34 47 81 31 7 3 23 30 75 85 72 31 20 7 4 34 58 37 82 12 24 42 70 66 74 18 73 92 75 78 63 94 3 94 4 26 100 27 25 9 73 79 29 85 98 73 9 62 26 92 50 38 82 39 45 48 19 15 72 75 68 62 24 88 7 26 16 70 2 17 53 100 96 60 32 84 77 61 91 81 29 23 64 90 32 75 67 46 31 89 27 84 85 65 94 66 99 6 83 65 47 41 95 96 36 72 82 86 26 35 80 72 66 96 23 87 25 
32 52 35 62 76 49 25 77 69 24 49 66 51 31 80 64 80 93 31 19 69 14 91 60 13 81 90 96 8 13 55 46 14 98 78 53 91 14 64 34 36 41 50 91 68 7 93 37 18 1 49 66 49 68 90 45 25 67 82 97 1 64 99 46 57 47 28 47 73 62 47 89 83 47 3 11 62 83 82 89 6 20 43 72 77 31 32 95 2 37 34 28 78 15 59 49 14 94 68 35 61 76 38 81 37 52 52 39 34 84 72 18 84 60 87 70 97 50 2 15 37 52 90 35 100 90 15 39 
39 54 65 20 34 87 17 62 9 93 5 19 53 42 50 42 98 71 39 88 48 82 45 21 37 24 19 76 34 67 9 97 22 32 11 71 54 15 73 49 9 84 95 48 26 76 55 34 49 74 22 96 19 64 7 95 84 77 56 86 98 63 4 31 89 44 63 51 84 71 9 24 97 98 83 52 53 5 73 87 18 43 51 24 25 26 88 13 14 46 35 21 48 91 43 80 9 39 29 53 19 8 9 32 80 7 32 100 74 48 46 19 99 3 38 100 33 14 78 58 71 32 24 9 49 96 65 89 
16 11 28 43 3 95 19 17 59 95 12 93 77 94 21 59 92 54 57 43 94 78 95 43 46 48 83 68 42 67 7 83 75 80 88 29 65 52 45 73 55 9 2 11 46 1 20 70 62 62 35 96 21 26 97 74 36 78 3 64 24 41 60 49 48 84 31 9 50 20 38 67 33 30 6 51 65 74 8 11 81 96 50 51 75 85 91 96 9 57 87 59 12 86 42 17 6 96 80 56 79 82 26 67 9 43 51 82 86 79 59 25 5 30 77 72 20 35 13 85 95 30 38 18 28 23 70 17 
15 55 91 92 57 17 37 27 50 71 76 84 72 51 96 1 40 75 99 36 31 62 94 35 54 62 18 75 42 58 67 54 58 57 68 84 45 93 30 6 45 18 40 41 58 28 72 9 40 80 98 73 6 24 51 88 98 57 96 34 27 97 49 63 60 5 96 14 97 95 74 60 38 60 39 100 83 50 91 83 90 70 38 83 54 50 8 8 8 10 49 45 37 65 63 41 67 72 61 40 19 64 86 63 47 91 44 99 16 73 22 67 35 34 81 29 81 7 3 80 68 52 95 37 81 52 33 69 
7 5 33 98 49 37 98 86 29 63 86 62 84 65 27 46 44 20 17 21 92 76 38 22 4 98 55 33 10 38 50 18 94 86 46 55 8 37 57 55 31 45 35 16 91 68 81 36 34 79 46 72 80 78 52 79 39 17 60 84 53 43 10 21 31 100 3 91 45 68 80 33 37 53 25 33 15 38 3 33 50 80 33 48 85 63 39 38 21 92 58 49 100 63 71 95 59 99 20 4 28 24 99 50 91 86 91 34 15 75 95 61 93 97 72 48 36 17 39 70 97 52 61 75 99 36 21 24 
44 32 45 54 45 16 9 72 67 76 12 70 64 58 91 38 47 28 59 21 95 99 5 86 29 43 76 88 11 46 39 35 72 64 29 97 15 3 80 61 10 69 79 45 40 9 61 90 16 96 37 61 8 38 4 89 4 42 5 45 40 92 14 47 90 65 85 69 100 78 45 85 39 68 25 34 74 45 10 6 85 32 61 31 35 11 89 20 56 56 58 72 15 53 61 66 5 60 87 69 88 10 5 55 12 59 18 93 15 47 99 93 11 3 99 3 24 33 24 75 87 69 36 38 22 34 90 31 
55 80 63 31 56 6 8 21 81 59 96 5 30 4 21 12 64 60 71 78 39 96 18 94 19 4 38 22 27 7 25 3 64 76 92 4 2 58 59 52 42 56 1 76 51 68 20 59 41 8 60 6 41 25 57 44 32 34 67 25 68 98 68 100 43 2 62 13 92 10 67 63 40 74 35 78 59 89 62 31 70 59 86 11 48 18 79 64 59 54 99 5 49 55 77 29 35 38 19 29 14 32 36 12 8 19 95 3 22 24 55 42 97 89 75 66 48 37 68 10 29 3 38 20 29 20 91 24 
35 97 51 56 7 49 76 99 27 90 37 55 78 67 85 11 55 13 72 85 64 10 50 33 15 54 53 82 38 19 94 63 17 54 64 85 76 52 86 40 98 99 71 32 55 93 71 58 19 51 87 63 43 96 44 48 16 27 24 90 97 48 25 88 98 52 45 32 99 7 27 69 77 93 99 91 78 98 68 16 89 80 42 30 87 26 51 54 57 74 12 52 15 89 93 84 89 6 33 72 78 14 95 88 75 9 46 55 69 4 80 89 39 51 56 6 58 16 40 11 15 7 86 57 15 54 75 77 
1 93 79 63 58 17 70 83 50 30 21 25 45 67 74 36 47 42 75 63 60 20 68 51 10 21 85 16 3 53 33 34 45 3 44 52 82 49 83 92 15 62 76 24 70 28 64 82 4 61 15 64 74 93 4 30 96 40 83 48 23 36 61 29 46 72 98 100 67 73 92 34 30 69 22 48 98 24 48 24 34 33 44 65 85 91 93 87 47 80 59 92 41 33 35 70 70 10 44 69 27 11 30 87 34 75 26 70 28 64 69 98 88 8 22 82 49 59 72 45 3 6 35 97 56 34 76 29 
9 7 97 22 93 44 95 81 21 31 93 74 70 13 26 91 54 31 18 60 6 54 20 70 63 93 37 91 28 63 39 5 10 44 36 29 29 71 87 58 56 91 93 1 34 15 40 85 48 3 1 47 66 71 1 34 71 50 15 83 59 27 20 62 34 15 44 51 13 22 39 60 60 90 36 63 21 94 37 71 18 17 2 77 58 5 1 51 85 88 16 15 39 50 3 19 61 19 44 19 20 9 87 3 62 51 76 47 39 64 35 4 22 61 38 23 68 18 15 41 53 74 77 98 36 14 6 26 
59 44 2 60 93 37 83 11 63 54 69 55 47 74 74 24 26 8 51 53 26 35 20 84 100 14 21 38 39 88 5 72 14 81 64 56 5 26 27 86 70 51 82 69 86 24 2 79 32 23 70 37 72 91 1 13 93 6 57 2 89 98 87 69 26 62 32 40 94 10 85 5 89 72 93 38 73 55 32 19 7 44 58 83 74 85 48 60 74 5 97 64 34 51 27 8 32 42 66 80 57 27 90 28 50 44 37 59 33 36 23 61 71 99 7 91 72 40 4 8 64 2 40 95 16 99 32 100 
26 3 25 20 78 40 65 37 19 6 43 26 37 71 7 39 79 35 72 5 75 45 44 43 95 50 97 24 89 22 90 18 3 78 73 69 1 10 61 42 34 87 98 42 100 86 88 83 46 92 44 74 44 6 52 40 12 75 20 38 48 12 40 75 35 49 83 88 62 56 46 89 1 90 59 59 11 51 100 100 8 79 8 85 51 81 29 65 80 90 1 15 71 64 61 71 44 86 45 43 36 75 39 60 18 25 53 49 44 35 60 55 25 62 5 13 19 18 50 43 61 4 68 70 59 10 69 18 
23 74 84 51 96 100 31 1 96 72 36 87 61 31 20 1 16 70 29 25 59 7 72 6 66 27 59 50 23 6 92 4 97 26 69 47 41 16 98 31 36 13 88 53 76 98 88 90 50 61 35 45 81 98 18 68 35 60 66 80 58 56 80 73 34 46 79 32 31 74 94 3 49 75 6 9 20 51 31 85 14 78 68 13 68 90 22 15 74 61 45 55 37 71 17 55 31 34 71 14 24 3 4 59 49 99 1 22 42 17 7 43 85 17 51 37 56 68 52 41 70 76 65 37 78 52 96 10 
80 60 92 14 57 14 11 40 82 51 81 41 5 34 4 62 50 68 41 80 54 25 46 75 93 44 91 64 100 85 70 4 30 44 80 52 23 99 70 39 66 3 42 14 19 37 47 42 88 99 100 56 98 4 49 91 78 60 12 86 82 76 27 57 58 72 55 76 42 94 47 17 46 97 56 35 70 99 98 96 97 15 38 46 4 44 80 63 43 11 83 2 87 73 40 10 62 43 11 7 66 63 14 57 2 77 35 62 24 8 99 23 18 31 79 86 66 96 1 11 11 87 51 48 13 64 64 15 
52 83 98 20 79 40 71 10 30 100 53 56 72 80 86 67 63 49 48 59 58 26 59 88 53 94 25 20 89 47 44 78 90 22 14 14 13 9 23 63 69 15 89 65 9 82 94 74 100 69 94 57 56 75 22 33 56 65 4 49 18 26 56 10 96 95 51 71 74 81 80 55 86 69 15 81 72 24 19 9 71 59 15 1 64 13 77 76 50 51 10 70 42 73 1 96 84 61 19 90 95 61 8 68 10 85 58 17 88 81 51 3 91 8 48 27 97 52 22 57 31 33 73 56 57 67 25 49 
63 36 25 81 95 3 42 96 53 37 59 35 7 100 100 47 39 76 16 6 60 40 37 64 17 68 1 80 36 55 59 88 66 49 73 41 29 48 55 24 6 13 97 17 44 74 15 55 39 20 21 87 67 36 97 69 62 50 52 38 79 100 68 17 25 14 88 90 17 55 10 88 71 21 86 27 55 42 16 19 34 81 72 18 21 52 33 66 100 87 80 96 9 4 35 71 56 68 61 81 76 4 47 59 71 47 4 34 32 60 86 58 21 10 13 76 97 45 97 36 14 46 100 83 85 100 94 73 
61 49 43 38 30 59 89 18 23 5 43 51 85 29 9 30 72 59 74 82 82 77 70 45 52 82 24 89 9 88 46 96 47 55 46 24 33 87 89 62 27 26 25 51 34 79 19 64 28 63 75 27 16 67 96 75 54 63 60 62 9 49 68 93 54 36 63 58 75 96 63 34 68 98 17 39 28 50 32 19 35 98 33 19 96 78 27 79 41 57 1 71 68 52 18 56 84 52 35 89 40 61 12 71 20 70 88 44 4 5 24 88 81 78 45 81 31 23 23 65 42 93 61 28 26 31 28 76 
83 78 48 96 28 54 90 33 85 97 12 4 79 27 48 44 30 92 58 56 50 18 93 39 11 28 95 64 61 25 14 93 2 38 10 63 26 85 40 88 46 41 71 44 77 23 16 53 53 100 47 43 98 96 90 53 29 46 76 17 7 79 66 52 30 82 71 8 73 40 97 78 5 26 85 49 81 100 34 8 89 48 40 40 46 29 5 35 18 8 3 62 23 71 57 58 87 90 22 54 53 19 22 72 42 29 45 65 40 13 11 31 12 47 92 58 42 41 11 69 82 69 88 89 68 25 20 65 
2 73 56 88 94 57 45 81 21 67 7 47 11 55 31 8 52 5 4 41 63 20 69 36 11 81 31 54 65 54 67 7 29 46 47 11 10 86 41 54 96 17 2 47 100 6 36 94 71 78 61 36 33 50 57 59 51 41 41 62 57 70 82 48 87 11 60 42 10 4 55 21 18 99 99 10 38 87 83 34 13 46 87 13 59 82 63 80 35 43 94 75 54 4 61 66 4 98 50 60 9 39 64 16 79 11 17 63 73 32 50 89 84 65 26 25 52 40 43 8 3 47 77 25 89 35 21 83 
45 37 56 32 90 95 12 68 56 17 94 91 98 96 77 43 97 22 90 32 6 50 50 49 59 31 66 47 72 82 92 73 57 92 33 77 5 91 56 51 22 15 20 80 88 100 5 3 29 58 89 62 39 34 58 59 39 84 41 12 24 41 78 46 90 40 13 63 66 11 73 80 65 44 8 15 80 8 57 98 96 38 73 19 44 47 44 74 56 10 12 7 14 40 78 96 95 84 54 18 66 48 39 81 61 33 10 43 11 70 88 13 25 93 26 93 73 9 34 79 33 20 27 89 12 22 11 94 
27 28 52 58 24 21 23 22 48 81 58 54 8 91 35 22 76 72 68 12 94 61 10 4 91 33 84 99 99 7 97 33 77 38 76 70 60 74 7 25 38 46 19 58 44 72 70 99 58 90 69 90 82 27 8 22 63 36 59 59 24 77 63 10 53 23 48 4 78 20 12 15 1 42 41 70 38 9 52 97 20 15 35 100 53 100 73 55 73 80 56 72 66 86 45 14 33 68 30 85 40 64 81 57 80 46 3 16 32 1 64 24 97 92 60 45 54 50 50 96 13 93 55 36 21 43 24 88 
35 54 84 70 95 12 44 44 6 58 53 3 70 66 61 84 1 99 62 100 35 53 32 79 74 19 28 38 9 53 29 33 45 49 87 84 59 28 1 98 12 7 29 14 58 46 45 32 18 29 14 23 36 59 84 23 25 5 42 31 74 98 31 15 61 91 17 33 50 47 64 58 34 21 17 77 66 27 59 78 44 20 13 79 2 86 9 29 17 27 76 13 5 58 84 89 9 96 83 40 83 92 23 35 65 23 32 76 2 79 8 68 23 96 19 50 93 41 80 73 79 36 98 69 38 51 60 24 
67 44 38 10 85 84 58 78 68 24 34 36 19 15 32 1 38 79 14 36 77 71 7 16 90 24 86 86 57 48 29 90 99 52 81 78 61 33 85 86 39 10 47 33 51 81 74 7 88 75 2 89 42 17 86 68 49 60 26 92 85 95 83 39 11 57 22 43 29 7 15 1 75 60 69 49 79 77 88 4 52 64 44 95 79 1 48 83 16 73 18 93 7 43 71 5 14 24 48 1 72 29 66 59 88 24 68 22 19 94 93 97 31 89 74 3 39 94 40 32 30 94 90 71 46 56 24 9 
82 16 21 71 2 50 74 65 30 92 95 41 59 61 66 37 33 38 17 74 96 68 12 94 81 76 61 28 3 16 81 61 14 70 20 62 62 81 22 56 32 77 44 23 9 51 31 34 46 28 23 77 55 71 23 37 88 15 61 58 7 27 60 88 43 14 89 52 65 35 93 45 53 94 9 68 83 83 79 88 47 97 72 8 15 8 10 44 26 76 21 67 71 18 21 74 92 93 77 25 30 58 76 41 75 81 1 35 41 73 88 84 49 82 7 89 27 47 69 79 60 8 14 56 45 54 6 27 
3 62 79 19 49 84 96 13 33 7 24 72 66 72 100 66 3 15 4 42 99 8 89 62 76 81 55 58 2 14 43 56 31 83 9 92 100 52 29 16 58 25 21 83 20 16 79 91 81 45 71 56 68 14 7 54 82 89 99 39 65 98 92 69 54 22 97 76 89 36 53 84 69 26 78 14 32 58 96 17 71 7 68 99 62 54 36 45 72 53 67 25 3 21 45 32 86 4 64 7 71 88 94 58 6 44 26 42 75 9 83 34 60 8 76 99 81 50 4 12 89 96 42 12 13 94 12 22 
5 58 84 90 83 77 24 51 34 52 75 32 12 10 88 66 78 45 29 6 17 98 59 70 80 41 39 84 12 61 15 25 2 8 9 49 69 5 13 99 58 7 70 68 60 63 12 23 33 16 89 28 43 74 55 68 76 85 70 87 88 99 3 31 26 23 28 13 19 77 36 86 68 98 14 84 39 30 87 98 49 84 54 32 77 31 91 95 1 87 95 21 79 63 62 21 40 69 79 83 26 35 64 65 80 60 39 8 43 24 60 23 21 51 87 54 4 77 86 19 33 19 21 55 15 90 96 2 
48 60 48 91 87 12 25 36 10 74 71 77 72 22 8 10 70 66 36 23 81 43 85 98 92 42 82 20 92 12 25 80 86 44 28 25 37 56 49 100 3 78 31 90 54 64 31 91 95 94 81 4 65 36 61 93 36 77 25 53 93 69 40 43 85 90 27 57 23 39 23 45 56 62 32 51 92 90 85 79 54 29 22 87 30 95 34 10 46 73 20 80 32 62 19 69 62 59 71 25 60 67 42 90 44 33 78 30 73 78 61 93 69 30 34 45 72 88 88 92 31 11 91 20 96 88 99 78 
3 8 92 86 84 19 8 33 96 92 12 38 51 63 8 3 55 53 58 15 50 41 27 29 8 88 98 94 67 51 30 41 6 89 55 89 51 6 78 28 64 38 13 14 77 49 47 20 54 73 10 90 82 17 27 34 50 54 92 10 76 19 12 18 28 6 79 69 81 67 82 61 48 7 77 53 83 90 11 60 65 58 60 21 60 45 41 54 6 58 39 95 18 79 49 85 57 85 63 1 14 62 64 47 65 63 30 36 35 68 49 7 49 12 48 26 37 34 7 99 8 52 65 47 16 50 31 90 
77 60 9 44 70 83 47 30 17 77 5 76 54 33 59 39 64 51 27 35 17 72 50 71 17 6 35 26 21 13 27 2 67 56 29 2 82 59 25 73 36 6 88 27 59 98 17 41 1 69 89 19 56 38 73 14 77 80 95 8 31 85 19 91 62 22 85 56 8 48 15 23 22 59 1 48 22 45 81 6 100 75 20 10 66 100 36 9 7 44 43 69 100 44 97 43 7 20 72 74 34 88 1 95 53 88 74 53 69 23 6 100 26 96 5 40 12 71 100 9 57 66 46 10 46 39 66 80 
37 74 91 92 20 74 67 96 92 90 46 94 59 45 71 84 14 7 47 4 34 35 65 9 78 54 27 60 86 58 64 37 24 13 94 9 9 99 85 25 10 56 34 71 45 41 52 58 8 70 59 68 35 64 100 4 59 74 82 46 93 96 53 77 66 54 81 62 5 43 66 35 78 77 87 54 57 45 19 44 39 7 48 56 56 36 81 79 56 22 89 6 10 82 15 63 99 76 95 78 15 25 84 25 85 9 56 67 4 43 2 64 7 23 86 95 7 81 94 70 9 77 27 45 26 45 9 76 
32 2 18 1 10 15 68 68 18 99 17 54 29 9 57 89 9 56 73 58 5 21 4 24 72 65 37 100 31 100 38 53 59 65 48 25 1 48 28 28 71 1 9 24 24 13 53 85 71 23 36 80 80 49 65 31 10 34 69 82 98 16 88 81 24 65 76 90 41 79 83 13 100 21 59 66 10 18 99 83 78 51 4 14 82 47 95 63 69 27 23 33 39 53 2 15 11 3 53 96 62 82 53 26 4 5 100 73 81 100 79 62 39 81 22 79 46 21 73 6 2 94 51 41 63 68 81 39 
75 66 40 99 84 75 66 80 76 40 43 2 57 98 12 66 76 49 55 32 74 74 16 49 74 74 1 61 29 34 68 28 13 53 69 90 17 52 28 6 41 10 9 49 30 42 49 20 70 75 35 82 17 87 42 76 81 80 52 3 49 4 57 2 60 98 79 92 4 100 100 74 29 67 41 41 40 90 6 70 13 72 95 21 87 20 99 33 15 70 26 97 44 38 30 94 86 41 30 75 55 49 62 92 61 89 31 41 31 95 28 31 8 25 26 1 39 58 66 62 53 41 56 18 14 67 97 63 
24 88 19 68 28 35 98 64 31 32 64 58 85 6 9 19 90 53 94 100 89 65 29 90 87 82 20 34 44 24 40 5 39 22 25 75 61 50 2 51 29 54 62 9 20 18 92 10 45 51 87 94 2 9 33 12 26 30 76 61 100 78 19 86 30 89 63 80 69 95 5 32 55 53 51 11 61 27 51 57 10 41 74 27 72 46 57 92 67 32 69 75 6 23 24 39 79 20 73 91 43 2 100 17 42 64 30 65 87 72 6 19 50 73 93 52 32 28 98 72 41 46 80 45 32 78 50 10 
81 80 86 92 89 50 89 37 8 54 25 21 82 23 46 74 55 13 55 79 76 49 77 16 32 74 22 13 35 42 32 98 51 29 87 44 12 62 92 71 26 4 30 94 41 52 68 39 57 37 40 41 54 3 20 12 82 12 85 58 39 54 35 42 53 57 95 42 32 11 84 27 8 98 18 86 30 95 20 21 7 68 71 6 90 75 70 29 23 1 51 10 19 11 58 1 71 59 90 39 44 76 18 11 60 39 11 48 30 45 78 71 19 12 57 2 90 61 52 82 22 52 39 75 15 77 8 39 
35 98 2 88 4 3 6 88 8 70 45 90 45 19 78 90 13 79 64 23 87 48 45 75 55 88 34 46 36 57 72 25 20 9 59 80 4 13 9 50 94 15 76 44 56 99 54 23 13 36 28 35 20 13 45 66 13 98 8 91 87 38 22 98 92 41 48 69 49 27 71 11 99 87 6 71 86 35 62 97 22 99 36 14 30 16 71 76 96 91 18 27 17 94 90 7 13 54 58 79 88 47 49 53 100 37 43 50 54 34 24 18 59 26 45 19 20 96 14 76 48 80 18 88 39 6 96 45 
17 98 42 30 98 49 36 13 96 12 31 48 94 32 42 11 52 71 5 66 55 12 65 12 62 46 34 43 53 72 51 81 9 79 46 27 4 83 80 4 69 73 28 17 71 37 10 20 42 66 95 29 46 20 55 82 25 77 51 73 77 99 53 85 94 93 91 3 8 89 99 97 5 89 48 97 72 46 5 34 81 46 57 93 70 24 71 71 47 79 41 22 16 96 65 12 6 6 82 64 33 5 91 1 38 78 7 38 98 30 50 6 77 32 87 69 84 91 67 63 15 78 79 24 23 45 53 81 
86 27 52 50 52 45 32 84 53 29 51 27 38 93 63 84 25 77 70 30 23 85 86 44 67 40 39 18 17 81 67 10 91 55 56 29 20 49 99 96 37 5 64 15 16 41 68 24 94 58 79 53 18 61 93 96 35 45 84 53 9 42 73 1 62 45 66 39 55 45 68 63 78 29 73 4 77 51 46 89 91 67 38 48 7 66 14 90 57 74 50 43 29 52 96 86 42 79 7 6 99 40 20 76 66 95 4 96 96 72 42 6 72 82 93 17 72 74 21 16 9 52 48 93 73 13 23 18 
73 30 12 88 90 7 58 18 17 6 58 82 53 28 70 8 80 20 80 59 56 68 55 18 1 8 40 17 19 27 8 1 29 67 74 15 87 50 88 55 26 94 11 91 16 8 38 6 11 56 49 49 18 72 91 48 11 47 7 96 46 5 81 71 36 24 30 10 6 25 95 76 32 47 22 22 92 87 100 62 17 100 63 29 98 3 53 87 84 52 31 57 3 45 50 94 94 100 71 3 63 73 83 8 61 87 6 50 81 5 13 86 80 96 92 7 11 2 98 22 11 86 23 92 54 34 97 32 
79 50 56 44 59 81 39 54 85 96 94 60 93 71 94 28 61 5 35 14 72 87 80 83 8 7 81 56 78 65 63 36 37 60 73 27 79 66 23 2 20 79 33 99 97 7 28 46 60 69 52 41 65 17 49 43 24 65 83 1 88 90 17 50 61 17 51 52 89 71 60 30 35 8 52 10 90 7 89 51 51 97 57 54 15 15 5 16 62 35 52 25 89 90 79 69 18 64 65 65 88 34 42 17 95 44 76 59 26 45 41 38 89 13 32 59 69 19 18 29 76 81 94 60 73 81 41 63 
82 93 73 37 17 93 97 84 3 54 35 26 6 58 71 21 96 56 99 33 14 7 6 39 56 74 80 19 1 86 27 35 46 34 42 5 49 94 37 28 95 76 47 41 37 57 86 49 99 96 87 66 92 91 72 49 78 87 72 80 19 64 77 76 83 51 47 39 44 60 16 76 26 91 67 54 42 57 23 46 17 88 9 86 56 88 49 44 5 8 45 59 37 76 73 57 80 26 1 47 36 23 77 15 36 9 98 42 16 39 9 30 2 42 76 45 51 58 30 88 50 67 28 61 80 34 61 74 
91 20 54 76 69 4 69 62 75 62 49 67 17 98 84 58 5 95 92 35 60 43 93 60 60 13 37 38 59 84 34 95 83 36 8 43 87 89 9 76 9 32 16 44 69 74 63 18 100 77 12 49 22 47 17 39 7 2 84 66 45 33 43 35 30 63 63 69 56 82 97 53 81 93 11 3 87 31 81 40 100 3 60 32 18 69 32 82 49 71 39 29 60 85 57 79 11 45 75 23 78 44 50 36 24 10 87 68 76 29 53 32 75 85 82 17 83 90 68 98 8 43 94 50 27 68 17 87 
82 7 53 77 81 54 26 47 2 61 77 11 44 94 18 7 20 66 69 12 34 74 72 97 64 89 41 95 54 55 27 97 36 34 76 12 76 28 34 51 20 75 11 21 88 77 72 66 7 95 25 52 44 91 42 2 71 50 91 84 14 75 90 2 80 21 48 22 61 38 93 16 99 74 17 32 47 18 89 80 11 97 1 32 24 23 65 100 9 55 12 62 50 6 37 31 76 93 31 64 98 58 69 68 46 43 45 70 10 48 76 11 94 23 22 37 26 71 68 54 56 40 54 94 44 59 25 18 
46 28 87 42 12 100 85 64 17 80 20 96 79 34 93 19 3 55 1 97 57 1 92 77 88 23 90 29 79 46 30 48 13 88 89 80 40 80 37 41 67 22 29 29 66 93 36 16 42 21 27 7 39 17 98 16 21 88 58 6 14 44 50 51 81 70 75 52 65 71 39 24 82 55 84 14 94 5 42 88 14 4 33 98 76 72 16 84 81 71 67 85 60 52 20 81 9 32 17 16 87 77 56 82 95 41 8 54 81 24 1 94 79 58 38 60 74 53 55 97 10 44 33 5 37 67 32 87 
27 88 95 21 22 45 36 39 75 88 14 21 77 71 17 42 84 69 25 22 50 74 18 77 45 31 66 13 4 11 78 65 12 21 18 9 91 25 79 36 1 69 68 69 28 35 98 36 68 80 59 95 35 24 80 56 9 6 35 88 94 80 20 96 16 63 31 20 60 100 82 15 7 62 7 21 13 83 19 18 80 14 89 8 27 91 46 43 41 39 39 27 83 70 79 85 89 67 75 24 8 9 56 76 44 78 71 32 23 10 15 80 64 81 54 80 39 10 59 34 1 70 9 98 53 51 49 14 
58 32 28 91 83 63 1 58 7 69 66 97 89 61 18 64 4 69 10 61 58 26 33 61 27 89 56 79 70 80 56 93 61 48 59 95 1 65 68 18 30 28 9 41 12 97 15 97 18 21 37 14 21 42 62 21 61 100 37 25 69 21 75 64 11 28 73 25 66 9 82 43 14 51 64 1 15 68 25 94 67 19 14 32 46 55 32 42 46 57 4 89 27 93 47 28 17 42 22 35 62 1 47 62 9 67 5 87 7 67 53 35 43 24 18 77 85 27 46 2 73 94 91 61 33 14 68 17 
89 64 40 13 59 33 71 59 81 88 61 83 43 70 58 88 50 40 11 36 55 25 15 30 78 14 77 92 78 64 19 27 46 96 69 61 75 84 67 30 80 81 1 16 13 87 62 17 3 48 16 45 4 72 40 70 60 80 37 44 2 38 21 30 44 69 51 73 92 99 17 20 41 31 31 67 20 34 73 23 41 24 33 19 15 7 11 33 7 98 38 57 70 43 35 56 66 5 29 18 80 14 84 17 95 40 73 73 95 23 8 72 24 58 34 33 31 2 72 60 91 73 87 51 80 6 32 16 
2 56 74 79 55 7 34 92 19 31 54 28 23 76 72 63 58 18 69 65 50 27 41 58 10 19 82 27 31 42 63 9 100 66 25 44 43 40 73 99 33 78 22 80 52 81 44 91 5 36 18 16 25 9 8 14 50 64 36 78 26 25 97 50 92 68 52 28 43 22 2 42 24 98 76 51 88 79 86 58 78 82 68 6 13 22 32 85 45 14 38 17 42 32 30 36 10 97 88 12 63 8 77 36 39 59 9 62 95 8 95 50 97 40 34 85 57 51 80 42 86 53 14 38 62 10 35 11 
81 44 52 84 74 13 37 65 100 27 21 27 41 44 9 22 75 18 70 89 6 96 73 19 34 55 55 66 82 92 58 72 25 35 79 29 10 12 6 21 67 83 88 82 62 29 95 63 96 7 86 46 56 12 43 66 30 64 50 45 94 79 59 69 29 91 54 77 87 60 78 8 69 4 96 5 8 41 57 41 70 19 94 26 65 24 75 85 55 77 76 54 19 15 15 99 57 78 42 10 50 38 10 54 89 44 64 37 20 78 40 94 61 20 90 63 26 32 12 61 6 37 92 40 39 68 78 91 
76 92 66 17 67 30 41 81 90 38 55 86 85 40 10 96 14 48 63 66 53 71 84 2 15 28 28 25 65 57 17 2 49 36 45 98 67 8 70 82 60 43 96 3 35 23 96 20 22 98 4 67 53 3 4 15 32 27 16 98 13 43 91 68 57 12 100 30 56 35 71 2 71 53 93 27 64 1 57 56 88 28 46 47 61 35 65 26 6 78 34 67 54 92 44 91 65 54 59 82 65 57 60 60 74 66 56 3 93 64 6 40 70 74 51 48 95 90 30 43 68 3 27 65 72 99 98 31 
69 49 55 34 11 83 35 64 53 52 10 99 88 59 19 66 23 22 79 50 80 35 37 19 54 95 87 79 15 93 82 53 77 13 55 52 15 63 22 22 12 76 66 68 80 50 54 89 14 96 33 24 70 21 29 93 96 79 32 100 36 60 67 59 26 73 78 29 85 15 38 97 64 81 24 72 36 77 35 94 63 80 31 44 92 98 12 55 2 86 41 99 27 8 75 53 78 4 11 54 96 6 54 89 79 67 38 33 5 84 8 40 43 43 78 12 21 34 33 45 79 63 51 43 66 61 4 76 
70 66 86 77 14 37 99 80 15 94 19 15 21 100 42 67 37 63 29 30 9 58 48 79 23 35 68 63 81 34 55 13 34 1 45 44 84 79 29 97 54 29 36 4 32 70 83 34 37 57 100 11 46 82 93 73 81 13 80 44 49 98 50 9 89 73 13 74 6 81 29 32 7 45 27 34 89 49 15 1 34 87 34 26 9 92 34 22 77 1 14 50 84 13 79 82 58 77 29 44 75 28 33 99 61 68 91 50 18 51 79 93 97 26 68 25 79 79 74 68 79 99 2 86 23 90 17 29 
91 69 59 64 71 33 99 65 66 1 15 50 14 76 81 46 45 68 89 88 36 59 25 71 38 43 7 46 53 24 68 42 65 52 53 84 38 48 69 7 20 55 60 9 18 11 1 99 34 8 82 54 51 98 49 86 18 5 93 93 6 29 63 6 4 97 3 51 13 15 40 6 89 73 20 42 36 88 68 29 79 18 8 92 49 82 19 82 37 54 2 33 97 59 59 97 54 1 27 46 67 50 100 79 59 44 62 81 20 36 9 56 77 50 63 20 70 31 41 65 54 12 66 5 22 75 88 4 
25 3 68 76 63 53 93 30 82 5 55 11 14 24 53 95 56 40 90 60 15 19 12 22 30 15 42 20 98 35 94 68 6 67 12 67 3 56 67 3 86 11 99 36 82 91 37 13 7 23 91 92 71 4 55 14 36 92 12 3 25 6 55 36 60 55 47 27 50 19 31 9 98 27 53 72 85 65 75 70 93 38 15 23 45 39 65 21 52 74 16 26 47 29 65 85 94 82 45 43 18 38 41 79 96 22 64 75 84 32 33 12 35 44 78 83 88 4 5 74 89 98 47 52 46 75 71 74 
47 86 36 42 25 51 84 27 64 49 28 40 72 36 78 26 52 49 59 13 74 35 52 51 37 2 19 42 84 62 85 76 92 58 1 32 26 14 32 32 40 33 73 57 23 6 75 10 24 66 63 16 91 96 54 48 41 79 38 59 32 71 20 87 15 70 23 12 3 64 13 68 51 78 69 43 71 42 53 14 92 33 3 81 11 54 42 85 89 16 49 18 43 41 84 50 77 40 16 84 82 90 63 81 89 74 69 14 45 53 68 40 86 51 67 74 12 75 88 63 71 18 4 73 45 95 34 52 
25 30 98 18 7 19 30 93 6 53 22 79 80 89 83 46 81 26 9 28 49 80 80 71 25 53 81 5 40 35 90 57 63 60 51 26 4 53 24 22 47 88 29 97 60 9 11 68 59 96 61 73 60 70 81 38 43 82 74 5 18 33 28 11 83 4 77 56 73 37 58 78 97 97 34 43 1 66 27 8 73 29 5 62 53 96 81 6 41 26 80 7 21 23 53 18 77 7 86 15 44 63 39 11 47 58 45 21 48 52 36 66 1 9 53 38 40 86 40 37 60 23 30 76 72 48 80 44 
5 9 62 80 76 2 16 63 77 77 93 74 33 75 33 27 81 91 87 7 83 59 83 69 30 100 92 71 10 90 21 11 84 41 93 98 63 38 18 2 79 50 88 10 17 44 53 29 31 59 18 69 14 11 55 32 1 23 52 72 90 39 83 15 67 31 29 66 7 88 46 65 41 63 73 57 81 29 83 3 48 48 11 67 17 69 77 12 33 37 5 55 6 63 47 96 16 1 50 46 83 98 32 56 4 90 64 71 81 64 31 10 83 72 63 47 40 54 86 90 72 10 94 79 3 45 29 78 
17 34 20 34 79 73 18 58 27 6 15 67 38 82 96 89 42 98 83 84 7 91 89 93 34 93 29 38 49 59 91 29 35 65 100 46 32 48 50 92 22 70 92 100 20 77 58 40 29 89 92 47 36 40 16 91 86 99 4 67 68 25 72 48 35 62 31 87 38 97 8 75 17 49 28 90 87 45 79 48 5 24 45 25 8 27 15 46 16 98 18 29 98 61 13 69 81 31 27 69 94 77 18 68 25 52 89 11 31 73 62 3 67 20 71 82 77 72 48 77 87 17 41 70 68 89 87 8 
89 47 61 50 70 50 63 96 62 77 63 28 99 41 3 19 7 56 5 30 87 90 68 38 17 50 24 22 22 99 12 80 90 86 34 43 10 32 18 10 78 64 94 81 15 77 13 72 79 45 73 64 2 73 10 68 61 95 74 85 65 37 61 71 21 64 78 53 53 84 47 36 50 80 87 16 59 38 63 11 29 24 41 9 2 57 70 33 45 40 63 15 3 75 65 87 7 9 83 98 15 94 96 25 78 15 45 83 23 36 48 6 5 81 30 58 79 73 35 39 97 69 12 84 50 38 64 34 
48 86 65 62 56 80 98 11 68 100 82 45 30 16 71 66 37 66 66 24 3 77 39 33 69 66 65 37 27 66 91 70 42 11 2 17 68 79 84 51 86 59 58 23 48 28 31 51 24 31 67 21 81 12 32 89 84 74 56 56 53 95 97 13 88 79 62 28 66 23 55 52 65 63 25 62 31 43 45 40 64 73 50 29 10 81 98 15 84 81 40 82 45 52 66 66 10 21 31 13 9 14 69 44 75 90 10 79 47 42 60 6 18 100 14 77 39 36 28 96 33 30 15 4 43 19 62 53 
59 71 30 78 74 18 4 32 45 67 28 70 8 80 62 4 17 54 51 3 30 52 30 98 80 29 79 89 70 72 80 98 98 14 98 73 8 6 48 29 85 53 22 19 75 65 59 99 72 3 17 42 69 3 34 46 36 79 65 77 17 26 49 57 94 67 92 63 90 99 80 98 30 48 68 7 48 31 27 65 53 7 31 65 18 5 85 88 22 37 3 70 22 28 68 53 93 62 59 42 79 100 3 62 30 82 61 69 30 59 99 30 59 91 3 82 70 95 18 60 7 83 42 31 15 60 57 26 
1 71 14 86 49 49 30 32 51 96 13 52 86 95 7 24 52 76 55 66 42 35 37 7 31 20 12 30 19 67 63 71 12 79 56 23 89 34 71 90 54 70 56 56 60 99 95 70 33 81 36 42 84 89 56 96 11 80 19 65 76 76 23 66 23 26 75 48 12 54 66 40 67 90 49 70 75 68 41 78 20 8 90 29 14 66 91 73 60 94 57 89 51 23 17 11 21 75 57 61 82 27 99 45 37 63 37 1 60 36 38 3 44 24 5 48 80 35 29 51 85 5 67 86 33 10 98 14 
14 71 18 64 90 62 55 54 32 46 5 14 33 17 63 1 35 46 88 33 76 6 28 91 57 92 85 72 72 80 8 42 96 86 11 73 59 44 25 57 37 20 24 13 28 41 39 86 100 37 39 20 2 34 49 91 63 71 70 87 86 81 68 50 45 39 37 8 45 34 59 10 96 73 92 95 68 17 65 19 95 64 100 53 49 49 28 80 5 72 5 3 14 76 59 88 58 5 11 91 76 88 63 37 4 32 24 5 55 68 83 91 2 8 43 99 25 65 37 24 86 73 36 67 37 92 51 44 
13 64 13 27 21 93 96 49 75 58 41 77 78 100 99 14 45 14 87 63 97 79 34 48 38 15 73 48 27 68 14 66 25 1 86 9 15 52 54 90 89 87 16 53 53 52 86 62 94 55 87 68 54 97 1 73 84 83 87 94 88 17 64 69 71 99 19 40 86 33 9 90 62 24 11 76 18 23 63 9 43 54 62 17 26 100 68 43 74 7 78 1 17 4 57 19 50 7 18 77 81 96 60 77 60 56 10 34 71 3 18 74 70 40 91 94 59 35 3 73 24 57 84 85 17 37 61 27 
57 61 76 12 3 54 33 32 11 16 98 48 18 34 52 65 65 99 94 12 12 82 20 43 83 53 93 93 71 96 24 70 61 12 73 75 41 58 61 15 96 86 87 9 98 20 10 21 86 11 83 75 43 10 77 99 69 86 47 76 41 11 14 84 3 82 38 55 14 75 61 17 54 82 28 96 96 6 96 97 9 92 77 30 98 12 42 85 30 47 95 11 81 22 97 13 13 74 22 12 25 11 83 5 93 20 48 23 15 39 49 45 100 98 18 31 69 8 48 100 69 60 88 71 62 41 49 12 
59 23 84 5 94 3 66 23 57 60 55 28 11 10 72 86 84 53 84 99 85 99 51 31 62 1 26 20 86 64 67 64 38 52 87 44 6 89 51 96 37 85 95 5 27 45 24 88 71 34 74 88 78 22 30 15 56 32 68 22 7 84 36 73 86 38 82 27 54 36 33 77 28 31 99 65 73 16 42 33 55 87 53 58 15 89 27 17 4 29 19 59 38 42 90 13 6 30 99 82 55 57 8 51 83 53 34 43 73 85 12 54 51 13 21 34 26 8 83 42 75 81 25 62 28 30 23 74 
37 44 40 72 93 30 3 82 47 61 46 17 45 24 31 75 11 29 71 23 77 73 62 68 49 84 57 78 74 45 42 38 55 47 3 77 20 9 51 11 31 98 16 20 42 38 93 73 10 1 5 86 57 47 94 91 86 60 95 15 5 85 94 1 42 14 79 59 57 76 80 38 82 23 35 57 84 21 20 60 5 60 52 41 75 19 41 59 90 43 34 29 56 80 56 84 41 15 79 28 47 74 33 50 40 14 92 94 75 82 74 75 17 92 77 28 91 52 78 35 36 20 32 58 53 82 59 63 
42 45 66 92 91 26 9 97 37 97 88 57 10 14 26 27 72 10 54 7 16 22 72 94 44 5 5 65 21 92 53 18 12 39 26 11 51 86 78 61 19 46 42 52 49 38 95 71 64 6 45 14 25 30 21 66 6 93 78 79 51 85 88 17 82 42 87 5 24 17 69 95 62 54 23 19 41 12 59 84 90 39 80 47 58 79 1 50 85 72 59 41 4 86 52 53 46 87 95 81 88 83 79 79 23 3 9 47 72 71 98 9 50 20 27 62 32 59 67 11 45 13 48 41 29 48 27 18 
11 27 75 61 81 39 64 79 35 83 8 88 30 42 12 50 72 22 66 82 23 29 27 45 6 66 65 58 94 48 20 51 39 82 45 95 90 22 32 1 78 64 41 12 91 7 89 99 66 41 76 6 50 73 98 77 8 59 42 93 41 53 77 97 40 66 41 7 96 42 46 60 15 30 34 44 8 92 52 36 18 66 35 27 75 16 80 91 19 40 95 77 64 29 61 97 80 18 58 63 72 20 18 86 16 8 48 81 72 84 92 60 29 37 9 61 73 63 87 7 26 72 93 50 60 60 30 33 
7 14 77 45 79 22 97 69 74 34 100 19 75 24 7 76 75 16 21 10 88 10 20 2 18 19 25 19 71 78 49 67 19 72 32 20 43 37 48 41 53 2 54 17 74 70 79 40 24 9 19 99 66 65 76 72 66 63 98 53 79 7 65 96 1 69 97 46 94 81 33 47 79 29 85 3 90 37 9 27 80 1 63 98 5 88 79 34 74 47 95 71 20 16 44 16 84 43 57 12 65 63 2 39 84 57 7 100 11 52 36 17 50 43 60 48 92 75 13 99 13 44 70 6 98 44 14 68 
55 62 21 22 54 83 97 67 56 75 24 81 39 8 93 64 68 70 98 61 76 72 91 23 19 73 18 58 43 78 48 36 95 64 81 61 58 47 83 37 88 1 87 97 84 97 16 82 35 90 31 62 29 36 16 46 16 5 78 66 62 49 92 18 25 92 59 35 82 85 15 17 25 36 9 23 28 23 85 38 19 1 65 57 71 30 42 21 76 30 92 42 10 4 95 47 72 17 85 32 8 93 29 87 37 12 16 17 83 15 98 13 100 41 65 24 77 13 55 53 81 5 36 55 35 41 65 60 
100 80 100 68 34 9 9 9 9 89 40 49 73 38 41 20 6 99 26 38 46 47 44 31 44 82 55 50 76 77 61 50 58 42 97 98 34 27 83 77 26 66 87 55 43 9 100 57 86 5 60 56 26 20 8 92 31 40 69 37 42 59 84 29 17 95 62 70 14 5 16 31 81 71 37 13 42 20 96 5 95 43 73 94 55 44 44 80 37 56 74 30 58 49 4 4 74 23 44 57 80 87 59 8 68 10 35 21 13 12 8 49 30 100 20 33 69 84 91 93 31 34 28 38 6 3 35 46 
21 68 50 23 79 65 25 100 13 49 45 70 69 99 47 2 47 17 15 27 1 57 35 87 89 45 57 15 66 45 92 14 47 83 26 91 41 69 80 76 91 99 84 30 86 43 42 80 66 15 80 79 28 77 97 9 53 76 96 11 90 95 6 6 88 97 26 26 40 21 23 87 95 21 13 56 6 77 65 1 28 42 95 68 62 81 33 12 76 96 14 55 45 38 79 13 73 14 10 32 63 62 66 2 89 65 19 63 5 42 81 31 69 34 18 5 75 31 57 89 63 71 71 5 38 30 92 87 
30 30 75 32 55 66 58 16 12 61 73 6 98 65 69 14 80 47 52 87 66 67 57 21 88 40 24 13 9 79 9 9 50 9 12 61 37 81 5 11 45 58 83 5 14 46 100 89 5 26 77 89 48 8 53 70 27 53 59 74 86 91 26 80 13 87 31 41 55 87 23 47 88 19 36 12 86 99 88 91 91 5 89 21 18 57 3 25 18 7 95 93 55 42 85 50 53 88 40 76 84 3 4 58 97 61 71 99 5 12 42 79 42 67 23 24 91 65 68 34 33 15 93 67 5 77 75 86 
58 33 50 18 22 17 72 88 52 3 41 44 17 9 48 71 95 82 58 37 48 84 97 19 64 81 8 78 69 14 90 33 40 18 41 91 44 43 64 43 49 12 38 37 30 83 9 5 45 77 57 25 38 39 100 49 48 30 6 35 50 71 62 53 8 61 30 55 7 67 78 50 94 60 67 16 88 36 40 26 9 34 92 44 1 34 63 99 18 87 92 53 44 67 97 9 37 31 75 81 4 87 46 79 99 93 19 61 15 31 80 50 66 79 52 76 74 1 33 94 70 68 27 55 51 24 49 75 
66 33 71 63 74 30 40 83 97 18 66 8 38 57 65 27 13 29 71 9 81 14 3 89 76 70 26 42 81 27 4 53 4 90 71 96 28 5 40 99 44 24 14 3 40 16 50 90 37 19 100 47 55 37 30 44 96 17 25 20 100 26 36 30 49 29 18 53 76 52 19 29 40 67 93 87 23 15 24 88 28 41 97 26 5 15 84 91 18 10 46 97 61 36 39 17 76 13 15 52 94 55 77 50 55 95 50 11 7 87 85 83 25 56 60 50 100 45 40 69 58 67 18 20 46 15 72 51 
74 88 89 1 62 56 81 9 24 28 29 94 96 83 19 10 62 49 55 1 44 14 60 34 16 37 3 17 90 56 95 3 94 70 43 55 44 84 14 89 89 77 68 20 95 50 87 96 62 2 20 57 64 70 49 12 49 20 60 29 79 20 63 57 93 63 55 60 12 49 46 91 76 72 87 47 26 11 52 68 67 87 44 64 12 24 69 9 29 34 88 66 68 73 63 67 37 50 4 10 5 86 23 87 73 37 23 51 18 31 79 94 61 17 55 69 3 6 87 97 79 78 75 37 78 38 10 90 
16 56 76 39 56 6 70 16 95 39 28 78 94 13 96 47 47 80 63 84 98 94 36 29 71 51 46 73 64 47 70 79 21 48 81 98 83 50 82 36 95 100 73 42 5 60 98 1 66 22 93 99 63 40 91 51 49 29 52 57 2 40 12 16 24 61 62 49 86 38 26 40 24 38 54 95 68 54 30 97 23 59 30 74 97 57 34 85 53 1 77 24 60 78 68 20 43 26 90 100 39 70 77 25 38 1 17 91 95 3 44 94 22 97 10 10 90 84 53 20 46 63 42 51 52 68 82 85 
75 8 36 66 2 77 64 5 4 96 46 17 52 55 15 91 7 61 1 34 52 2 11 93 65 97 2 17 11 95 17 35 22 26 68 17 75 16 55 79 81 28 99 12 14 85 14 89 7 73 34 95 65 70 52 27 81 55 66 59 75 83 6 53 69 80 50 2 72 21 20 75 30 82 5 26 94 59 13 21 55 61 19 76 83 73 90 33 41 63 88 43 88 85 72 59 97 60 100 35 55 55 91 41 23 60 66 92 19 57 4 83 63 91 93 9 88 51 92 87 18 21 28 44 57 84 9 20 
55 71 3 84 5 75 18 85 39 5 8 38 5 83 95 55 68 30 15 50 7 60 79 16 92 54 62 36 62 56 45 24 44 41 43 54 77 6 57 93 35 39 62 72 83 49 24 75 67 69 63 99 86 90 93 54 41 92 52 66 16 56 43 89 20 71 90 51 6 62 31 94 13 95 100 26 34 41 61 42 88 7 43 36 16 36 2 99 62 38 89 89 93 74 88 59 50 76 89 43 40 18 36 99 17 10 39 10 59 32 7 57 91 15 93 99 67 81 86 36 15 96 2 45 69 13 70 20 
85 79 62 21 54 33 30 33 27 4 82 67 2 18 71 81 7 50 61 96 55 80 84 12 7 21 81 5 25 26 6 34 90 61 89 48 86 66 52 50 25 85 53 57 79 90 29 3 20 43 61 59 55 35 64 74 86 76 2 42 28 42 29 92 12 26 86 44 85 38 56 67 91 72 31 40 41 63 37 92 14 34 10 5 63 20 42 39 39 89 69 55 87 81 29 88 31 11 11 36 19 65 62 10 66 76 88 60 39 39 66 6 92 35 63 24 69 48 48 32 58 43 57 36 25 8 39 87 
95 72 35 84 33 71 67 74 52 60 1 58 96 78 92 50 48 81 58 37 80 68 91 65 57 4 62 16 64 77 95 21 42 10 60 53 12 9 2 31 38 99 50 42 90 4 83 16 27 51 38 69 100 68 99 68 12 80 20 27 16 85 65 28 61 95 29 86 59 12 69 8 93 43 68 66 19 28 31 59 78 66 10 43 14 62 69 25 69 88 89 80 5 45 77 7 30 78 90 55 70 70 9 50 41 33 94 59 87 31 45 25 64 1 89 56 51 52 40 51 13 63 68 24 43 65 20 35 
96 42 26 74 66 100 46 16 70 10 59 18 76 46 60 91 29 24 77 29 6 63 51 39 37 92 77 58 12 2 62 92 27 36 56 69 41 1 59 20 26 56 1 92 93 76 1 82 7 78 1 10 12 44 56 13 9 70 73 41 17 36 100 4 25 44 4 26 46 60 48 18 64 40 85 31 85 21 27 37 19 19 40 64 18 48 69 74 9 21 99 40 72 64 3 50 100 48 99 94 60 51 73 57 77 76 80 9 91 46 96 90 7 56 91 93 83 39 29 61 93 47 1 88 86 90 93 31 
17 38 27 100 67 77 3 94 97 68 54 72 92 68 41 91 5 54 73 13 4 65 56 94 81 50 92 92 53 28 40 46 45 46 47 71 64 64 8 28 54 44 88 13 9 91 30 36 14 17 56 5 99 40 93 86 43 41 35 46 4 30 15 56 26 28 32 90 7 98 10 43 36 87 70 30 11 20 18 6 92 27 71 65 66 97 49 1 45 74 76 36 57 24 25 86 87 39 76 97 37 31 39 18 6 91 43 59 20 91 2 83 18 56 98 13 45 97 58 18 69 27 54 70 33 52 37 35 
92 56 67 15 5 5 22 15 23 100 19 24 80 65 64 6 25 42 79 78 59 76 38 86 76 74 59 33 48 29 33 35 14 38 27 86 74 58 100 40 54 52 97 43 10 60 65 38 7 18 69 55 26 75 82 32 66 38 2 45 3 35 4 6 17 70 52 38 54 57 61 7 7 63 45 1 1 3 100 100 49 96 91 72 71 80 55 28 24 41 95 52 37 14 83 70 49 1 35 74 15 80 86 99 18 93 20 4 29 78 94 63 88 81 45 87 63 95 2 34 70 51 82 35 49 5 17 74 
67 69 11 67 13 93 54 58 90 88 58 37 17 74 74 29 9 63 65 6 1 18 43 98 98 49 17 5 7 37 72 40 67 9 80 24 5 70 78 68 74 67 27 41 26 16 46 100 42 36 71 72 60 100 18 19 86 29 54 10 19 67 64 50 49 83 61 39 83 85 71 58 16 24 56 28 74 4 84 96 63 50 52 34 100 42 93 43 57 22 70 22 79 1 53 56 12 88 43 45 80 83 92 91 54 29 20 51 80 95 77 8 85 29 39 97 52 91 42 25 37 49 94 91 23 97 72 100 
24 16 65 38 38 2 88 57 5 43 34 62 100 18 96 46 55 53 8 6 41 30 64 52 85 77 70 13 23 45 3 23 64 27 28 35 39 23 98 56 11 21 96 70 18 40 83 62 72 30 71 47 20 97 91 10 78 22 89 93 39 16 97 17 6 66 10 72 80 96 12 31 86 42 17 16 56 84 34 59 3 67 70 54 39 23 99 31 96 43 78 1 66 63 2 3 66 65 19 20 30 71 39 21 43 36 34 31 41 71 65 77 47 37 14 87 6 10 98 1 1 45 77 6 31 47 30 71 
45 27 12 61 60 30 77 82 92 52 73 53 44 58 34 74 1 65 52 20 87 45 95 94 19 100 44 10 91 7 78 87 69 93 92 68 44 64 99 19 61 32 87 76 25 44 55 55 90 41 52 88 24 15 40 81 62 55 88 51 52 36 8 35 34 55 82 66 19 35 51 36 50 40 14 83 67 1 42 43 36 40 32 3 93 59 94 64 21 20 50 16 54 82 23 18 100 69 21 70 32 89 10 68 19 4 80 94 85 98 45 33 38 15 27 36 17 65 67 65 49 40 69 5 62 57 65 14 
47 86 88 33 90 46 97 92 81 15 57 9 44 66 69 39 99 17 70 25 39 46 9 9 91 2 30 99 41 61 47 63 49 24 19 30 44 86 87 27 87 73 9 44 67 100 11 42 9 91 18 82 17 22 33 3 31 61 89 92 64 42 39 81 5 91 96 80 49 62 28 76 38 15 98 44 7 65 79 73 26 90 90 48 26 43 57 50 12 92 46 25 97 47 37 73 30 26 22 92 35 89 66 31 85 79 63 30 1 8 31 50 31 68 74 30 99 14 82 35 91 23 25 78 13 77 100 15 
82 78 86 57 61 85 29 55 47 1 86 74 2 29 10 92 53 34 4 32 48 41 29 63 18 15 60 87 55 51 86 92 67 18 94 78 23 56 55 93 88 88 93 23 69 23 77 50 87 3 34 66 4 49 86 64 74 36 1 26 82 17 48 22 21 78 58 4 72 64 79 39 30 1 80 80 89 73 98 4 83 38 19 44 100 7 7 22 78 98 97 97 99 1 87 1 63 96 92 55 55 47 97 12 41 23 92 95 84 1 98 69 24 21 20 1 8 66 42 48 16 75 33 62 41 33 9 91 
47 50 56 87 57 14 9 23 37 28 86 58 58 3 51 50 1 70 67 96 30 58 82 15 60 41 84 62 3 86 24 33 38 69 11 100 15 62 31 35 97 87 85 69 34 82 69 68 95 100 14 43 38 20 96 49 27 8 10 75 29 93 38 8 41 85 38 26 66 76 39 10 91 77 33 2 92 73 100 38 32 39 92 53 47 23 54 26 100 72 71 45 35 16 47 92 99 12 10 71 76 55 9 32 39 57 61 98 7 1 47 20 84 71 99 36 81 23 7 35 80 72 12 32 28 25 14 27 
5 41 12 90 91 29 85 36 37 37 10 94 62 12 45 23 9 1 83 38 75 38 67 21 17 96 24 33 84 4 25 52 59 69 51 85 22 1 30 1 13 96 24 17 50 63 25 33 4 18 89 3 69 70 28 79 51 67 47 6 51 76 9 43 89 5 40 35 2 14 49 39 45 63 77 13 33 4 44 99 22 11 57 7 25 8 81 24 39 99 46 26 60 31 9 21 92 56 33 47 6 46 80 35 48 73 9 33 62 72 18 51 77 87 55 7 21 76 39 25 52 21 94 59 3 2 28 1 
16 50 41 85 95 2 28 28 52 64 3 80 68 88 21 46 74 56 74 43 78 77 78 64 92 92 99 50 74 66 98 59 68 34 49 70 4 26 26 72 15 43 79 33 21 25 63 57 47 1 40 5 1 99 27 6 39 35 63 31 32 25 31 23 41 19 77 28 76 95 24 85 38 38 1 86 44 73 37 36 69 64 44 65 40 38 24 26 36 99 48 81 12 17 46 48 1 30 75 2 67 29 32 11 34 56 70 71 57 50 20 22 61 64 22 25 38 91 10 28 33 76 61 70 49 39 16 87 
5 8 51 20 7 72 66 71 27 96 41 36 12 72 89 75 71 4 38 78 51 59 80 6 87 86 93 78 92 30 47 72 29 51 31 81 98 34 47 65 54 17 83 15 15 93 70 81 61 99 92 80 39 80 96 18 5 7 20 19 9 16 16 99 78 80 88 89 37 70 33 97 59 32 33 34 55 27 71 99 74 55 68 74 77 64 32 50 93 51 46 34 23 30 64 98 52 94 69 45 25 97 79 83 55 91 92 87 98 85 60 26 17 68 10 73 63 28 79 72 23 43 80 43 36 8 21 29 
2 96 80 45 39 56 62 93 77 12 77 79 28 32 89 46 32 58 27 11 2 87 17 96 39 46 50 87 34 56 94 20 89 17 5 99 8 59 1 45 50 52 23 80 66 18 5 13 95 18 19 47 51 51 80 82 80 17 13 67 25 85 36 49 57 14 14 77 3 44 48 27 44 44 50 48 50 39 89 64 29 68 48 30 16 34 45 80 22 10 71 20 81 3 99 97 62 37 80 26 65 36 84 88 35 72 23 87 6 5 62 75 44 5 38 79 42 85 7 4 94 24 44 11 17 16 100 14 
24 60 66 3 80 81 84 23 90 36 8 50 53 34 24 20 52 19 46 60 4 21 43 66 14 17 19 32 25 19 52 96 33 95 18 45 7 16 60 7 78 84 17 96 44 97 71 96 32 100 67 29 13 22 83 60 35 100 40 59 1 78 11 2 78 89 39 46 17 65 55 98 82 50 59 63 41 65 12 67 33 83 42 83 34 60 6 100 33 48 10 36 58 53 92 84 96 48 40 62 20 60 51 79 6 49 4 31 91 43 87 56 27 45 45 47 21 74 65 2 83 59 42 41 64 22 78 96 
72 60 57 93 55 38 9 19 37 23 6 96 54 62 23 85 83 37 18 73 44 47 15 55 44 67 6 55 65 76 74 53 75 57 35 42 87 55 19 4 9 72 5 8 81 85 21 56 4 19 24 79 55 91 7 34 81 64 65 3 36 69 90 45 13 26 59 31 93 42 70 98 95 6 79 43 57 83 75 81 65 7 30 3 57 39 80 5 29 26 58 35 50 36 12 55 70 18 28 43 58 1 61 12 7 64 73 100 37 45 89 84 30 77 95 34 11 1 91 35 13 31 59 57 50 25 1 79 
64 54 22 69 31 77 55 24 64 3 27 88 45 40 15 46 44 93 58 84 88 43 86 99 80 34 24 37 59 32 70 24 1 88 89 4 34 53 13 5 61 36 52 71 98 99 43 63 34 53 32 74 62 70 69 93 43 77 48 98 94 11 83 4 34 63 53 32 51 14 42 81 47 44 33 45 1 47 50 92 65 33 32 71 74 83 93 33 42 82 73 62 29 83 15 93 45 12 99 8 18 94 92 31 54 39 85 6 49 58 23 38 24 59 66 22 13 41 72 89 48 86 57 36 79 99 18 78 
46 1 54 19 38 85 87 55 41 57 94 58 79 61 53 79 57 9 43 12 25 46 11 90 40 26 5 80 91 34 86 52 2 65 84 57 12 11 54 87 36 44 98 66 79 54 15 2 50 34 84 61 32 54 50 43 21 68 98 80 20 40 42 98 86 46 93 49 77 93 77 3 53 55 7 98 26 4 23 33 78 84 72 37 42 88 29 99 100 51 55 46 32 26 99 48 40 78 100 32 92 100 94 93 42 23 55 50 50 50 19 86 19 1 32 4 11 25 55 13 7 5 11 68 23 70 6 43 
95 1 26 33 95 56 78 73 39 26 100 9 1 50 45 38 37 11 60 42 92 28 43 20 44 63 1 48 30 43 48 68 20 70 41 98 46 60 97 91 37 29 52 75 4 50 30 14 29 51 25 21 56 13 77 60 91 90 38 85 45 83 4 14 63 99 81 52 19 3 78 68 83 77 18 4 18 80 31 88 11 80 15 34 90 69 70 25 75 49 36 62 26 4 4 52 69 13 37 30 44 38 47 62 56 56 51 98 13 23 46 31 49 73 39 26 34 84 36 35 6 50 65 45 50 81 35 2 
49 81 52 81 95 96 5 85 27 80 39 8 89 54 31 80 5 14 45 32 49 72 56 57 29 45 86 66 20 28 24 87 6 26 48 23 59 36 19 51 5 12 72 13 69 16 67 96 77 59 69 55 11 11 93 2 64 57 77 61 6 7 88 95 40 49 57 80 34 88 89 24 98 58 14 87 39 92 20 61 5 95 2 97 46 41 8 53 12 29 5 51 24 92 96 58 56 9 68 56 93 27 11 81 57 9 72 82 44 83 15 42 96 76 88 78 15 65 94 83 77 11 37 64 92 54 60 71 
50 2 58 50 96 94 96 41 57 62 77 14 18 83 91 56 37 43 86 27 55 67 2 62 78 39 12 74 53 2 99 66 67 34 25 56 36 13 4 69 9 68 29 41 97 82 97 62 69 33 8 14 79 47 32 25 88 75 90 79 22 74 76 94 35 84 72 1 73 33 5 65 68 73 87 3 82 39 31 10 40 28 19 22 2 48 55 83 46 66 41 97 42 93 9 91 84 43 91 76 21 67 61 56 25 22 39 48 24 6 68 27 46 73 21 30 71 76 35 50 64 97 8 89 19 65 7 70 
52 40 85 62 85 50 26 37 2 63 38 28 15 73 34 35 24 51 52 57 26 28 85 43 36 16 53 93 17 94 27 32 73 16 99 94 75 55 79 1 61 70 49 59 31 42 16 57 42 49 25 54 97 79 90 22 73 82 93 71 28 53 41 61 86 84 53 20 45 78 76 65 49 54 92 92 44 28 66 9 51 21 18 76 6 81 44 32 98 27 94 27 88 37 90 72 71 6 20 47 44 29 35 52 96 39 53 55 35 86 90 21 76 74 96 98 91 87 29 35 10 84 43 54 56 23 9 14 
40 85 76 21 14 69 17 12 85 35 93 85 96 74 93 1 36 11 8 40 86 100 58 49 29 33 92 55 26 68 8 60 20 11 72 76 98 99 3 23 76 3 26 81 21 17 86 9 95 30 55 65 21 60 71 15 38 71 30 46 47 44 77 72 1 60 90 60 88 33 6 48 21 12 9 63 30 8 98 20 5 37 9 24 46 47 25 38 100 52 21 17 99 44 95 78 43 81 96 26 86 77 50 38 76 57 99 30 29 67 59 62 20 34 46 36 7 27 16 87 60 25 28 64 48 78 12 99 
99 70 74 60 86 20 84 22 3 47 44 58 37 69 93 81 58 85 62 5 55 31 39 52 47 8 100 68 26 48 68 54 99 66 27 22 4 97 32 8 65 27 42 72 29 11 17 40 69 11 28 77 2 9 46 76 96 25 100 31 46 26 49 98 12 54 45 38 11 80 58 34 28 68 13 34 77 68 2 11 23 8 51 43 40 87 44 56 87 34 59 79 57 27 98 89 74 64 48 71 1 63 24 33 3 89 79 90 88 92 87 66 34 81 69 99 71 10 4 15 1 2 3 19 70 74 3 91 
1 1 1 1 1 -1 1 1 -1 -1 -1 -1 -1 1 -1 -1 -1 -1 -1 -1 1 -1 -1 -1 1 -1 1 -1 1 -1 1 1 -1 -1 -1 -1 1 1 -1 -1 -1 -1 1 -1 -1 1 -1 -1 -1 -1 1 -1 -1 1 -1 -1 1 1 1 1 -1 1 1 -1 1 -1 -1 1 1 1 -1 -1 -1 -1 -1 -1 -1 -1 1 1 -1 1 -1 1 -1 1 -1 1 1 1 -1 -1 -1 -1 1 1 1 -1 1 1 1 1 -1 1 -1 -1 1 1 1 -1 -1 1 1 1 -1 -1 1 -1 -1 1 1 -1 1 1 1 1 -1 -1 
1 1 1 -1 1 -1 -1 1 -1 1 -1 -1 1 -1 -1 -1 1 1 1 -1 1 -1 1 -1 -1 -1 1 1 1 -1 -1 1 -1 1 1 -1 -1 1 -1 1 -1 1 1 1 1 -1 -1 -1 1 1 -1 -1 1 1 -1 1 1 1 1 -1 -1 -1 1 1 1 1 -1 -1 1 1 1 -1 -1 -1 -1 -1 -1 -1 -1 1 1 1 1 1 1 -1 1 1 1 -1 1 1 -1 1 1 1 1 -1 1 1 -1 1 1 1 1 1 1 -1 1 1 1 -1 1 -1 1 -1 1 -1 1 -1 1 -1 -1 1 1 1 -1 -1 
1 1 -1 -1 1 1 -1 -1 1 1 -1 -1 1 1 1 -1 1 1 1 -1 -1 -1 -1 1 -1 1 -1 -1 -1 -1 1 -1 -1 1 1 -1 -1 -1 1 1 -1 -1 1 -1 1 1 -1 -1 -1 -1 1 -1 -1 -1 -1 1 -1 1 1 1 1 -1 -1 1 1 -1 -1 1 1 -1 -1 -1 1 1 1 -1 1 -1 -1 -1 -1 -1 1 -1 -1 -1 1 1 1 -1 1 -1 1 -1 -1 1 -1 1 1 1 -1 1 1 1 1 1 -1 1 -1 1 -1 1 1 1 1 -1 1 1 -1 1 -1 1 1 1 1 1 -1 -1 
1 -1 -1 1 1 1 -1 1 -1 1 1 -1 1 -1 -1 -1 1 -1 1 -1 1 1 -1 1 -1 -1 1 1 -1 -1 1 1 1 -1 1 1 -1 -1 1 -1 -1 1 -1 -1 -1 -1 1 -1 1 -1 -1 1 1 -1 1 -1 1 1 -1 -1 -1 1 -1 -1 1 1 -1 -1 -1 -1 -1 -1 -1 -1 -1 -1 -1 -1 1 1 -1 -1 1 1 1 1 1 -1 1 -1 -1 -1 1 1 1 -1 -1 -1 1 1 -1 -1 -1 1 1 1 1 1 -1 -1 1 -1 1 -1 -1 -1 1 -1 -1 -1 1 -1 1 -1 -1 -1 -1 -1 
1 1 1 1 1 1 1 1 -1 1 1 -1 -1 -1 -1 1 1 -1 -1 1 -1 -1 -1 1 -1 -1 1 1 1 1 -1 1 1 1 -1 -1 -1 1 1 -1 -1 -1 -1 -1 -1 1 -1 1 1 1 -1 1 -1 1 -1 -1 -1 -1 -1 -1 -1 1 1 -1 1 1 -1 -1 1 1 -1 1 1 1 1 1 -1 -1 1 -1 -1 1 -1 1 -1 -1 -1 1 -1 -1 1 1 1 1 -1 1 -1 1 -1 1 1 1 1 1 -1 1 1 -1 -1 -1 1 -1 -1 -1 -1 1 1 -1 1 1 -1 1 -1 1 1 1 -1 -1 
-1 -1 1 1 1 1 1 1 -1 1 1 1 1 -1 1 1 1 1 -1 -1 -1 -1 1 1 -1 1 1 -1 -1 -1 1 -1 -1 -1 1 -1 -1 1 1 -1 1 1 -1 1 1 -1 -1 1 -1 1 -1 1 -1 -1 1 -1 -1 1 1 -1 1 -1 1 1 1 -1 -1 -1 -1 1 -1 -1 -1 1 1 1 1 1 1 -1 -1 -1 -1 1 -1 -1 1 1 1 -1 -1 1 -1 1 -1 -1 -1 1 -1 -1 1 1 -1 -1 1 1 1 1 -1 -1 1 1 -1 -1 1 -1 -1 -1 -1 1 -1 1 -1 -1 1 1 1 -1 
1 -1 -1 -1 1 1 1 1 1 1 1 1 -1 1 -1 1 1 -1 1 -1 -1 1 -1 -1 -1 -1 -1 -1 1 -1 -1 1 1 -1 1 1 -1 1 1 -1 1 -1 1 1 1 -1 1 -1 -1 -1 -1 -1 -1 1 -1 1 -1 -1 1 -1 -1 -1 1 1 -1 1 1 -1 1 1 -1 1 1 -1 1 -1 1 1 -1 -1 -1 1 -1 1 1 -1 1 1 -1 1 1 -1 -1 1 -1 -1 -1 1 1 1 1 1 1 1 1 1 1 -1 -1 -1 1 1 1 -1 1 -1 -1 -1 -1 1 -1 1 1 -1 -1 1 1 1 
1 1 -1 1 1 1 1 1 -1 -1 1 -1 1 1 1 -1 1 1 1 -1 -1 -1 -1 1 -1 -1 -1 -1 -1 -1 1 1 -1 -1 1 1 -1 -1 -1 -1 1 -1 1 -1 -1 1 1 -1 1 1 -1 -1 -1 -1 1 -1 -1 1 1 1 -1 -1 -1 1 1 1 -1 1 1 -1 -1 1 1 1 -1 -1 1 1 1 -1 1 1 1 1 -1 1 1 -1 -1 -1 1 1 -1 1 -1 1 -1 -1 1 1 1 -1 -1 -1 -1 1 -1 -1 1 -1 -1 -1 1 1 -1 -1 -1 1 1 -1 1 -1 -1 -1 -1 1 -1 -1 
-1 -1 1 -1 -1 -1 1 -1 1 1 -1 1 -1 -1 -1 1 -1 1 1 -1 1 -1 -1 -1 -1 1 1 -1 1 1 -1 -1 1 1 1 -1 1 -1 -1 1 -1 -1 1 -1 -1 1 1 1 -1 -1 1 1 1 1 -1 -1 1 -1 1 -1 -1 1 1 1 1 1 -1 1 1 1 1 1 -1 1 1 1 -1 -1 1 -1 1 -1 -1 1 -1 1 -1 1 1 -1 -1 -1 1 1 1 1 1 -1 -1 -1 1 -1 -1 1 -1 1 1 1 1 -1 1 -1 -1 -1 1 1 -1 1 -1 -1 1 -1 1 -1 1 1 1 -1 
-1 1 1 1 1 1 1 -1 1 -1 1 1 1 -1 -1 -1 1 -1 1 -1 -1 -1 -1 -1 1 1 1 1 1 1 -1 1 -1 -1 -1 -1 1 -1 1 1 1 -1 -1 -1 1 1 1 1 1 -1 -1 -1 1 1 1 1 1 1 1 1 -1 -1 -1 -1 -1 1 -1 -1 -1 -1 -1 1 1 1 1 -1 -1 1 1 -1 -1 -1 -1 -1 1 -1 1 -1 -1 -1 1 1 1 1 1 -1 1 -1 1 -1 -1 -1 -1 -1 -1 1 1 -1 -1 1 1 1 -1 1 -1 1 1 -1 -1 1 -1 1 1 -1 1 1 -1 -1 
-1 -1 -1 1 1 1 1 1 -1 1 1 1 -1 -1 1 -1 1 1 -1 1 1 -1 1 1 1 -1 -1 1 1 1 -1 -1 -1 1 -1 -1 -1 1 1 1 1 -1 1 -1 1 -1 1 -1 -1 -1 -1 -1 -1 -1 1 1 -1 1 -1 -1 1 -1 1 1 -1 -1 1 1 -1 -1 1 1 1 -1 -1 1 -1 -1 -1 -1 1 -1 1 1 1 -1 1 1 1 -1 -1 -1 1 -1 1 -1 -1 1 -1 1 -1 -1 1 -1 -1 -1 -1 1 1 -1 1 1 -1 1 1 1 -1 -1 -1 1 1 1 1 1 1 -1 1 1 
-1 -1 -1 -1 -1 1 1 -1 1 1 1 -1 -1 -1 -1 1 -1 -1 -1 1 -1 1 1 -1 1 1 -1 -1 1 1 -1 1 1 1 1 -1 -1 -1 -1 1 1 -1 -1 -1 -1 1 1 -1 1 -1 -1 -1 1 1 -1 1 -1 -1 1 1 1 -1 -1 -1 1 1 -1 1 1 -1 1 -1 -1 -1 -1 1 1 -1 1 -1 1 1 -1 -1 1 -1 -1 1 1 -1 -1 1 -1 1 1 -1 1 -1 1 -1 1 1 -1 -1 1 -1 1 1 -1 1 -1 1 -1 -1 -1 -1 -1 1 1 1 1 -1 -1 -1 -1 -1 1 1 
-1 1 1 1 -1 1 -1 1 -1 1 -1 -1 1 1 -1 1 1 1 1 1 1 -1 1 1 1 1 -1 -1 1 1 1 1 1 1 -1 -1 1 1 1 -1 1 -1 1 1 -1 -1 1 -1 1 -1 1 1 -1 -1 -1 -1 1 1 1 1 -1 1 -1 1 1 1 -1 -1 1 -1 1 -1 1 1 1 -1 1 -1 1 1 1 -1 1 -1 -1 -1 1 1 -1 1 1 -1 -1 1 -1 1 -1 1 1 1 -1 1 1 -1 -1 1 -1 -1 1 -1 -1 1 1 1 -1 -1 -1 1 -1 -1 1 1 -1 -1 1 1 -1 -1 
1 -1 1 -1 -1 -1 1 1 -1 -1 -1 -1 1 -1 -1 -1 1 -1 -1 -1 1 -1 1 -1 -1 -1 -1 1 1 1 -1 1 1 -1 -1 1 -1 -1 1 -1 -1 -1 -1 1 -1 -1 -1 1 1 -1 1 -1 1 -1 1 -1 -1 -1 -1 -1 1 -1 1 1 1 1 1 1 1 1 -1 -1 1 1 1 -1 1 1 -1 -1 -1 -1 1 -1 1 -1 1 -1 1 -1 1 -1 -1 1 -1 -1 -1 -1 1 -1 -1 -1 -1 1 -1 1 -1 1 1 1 1 -1 1 1 1 -1 -1 -1 -1 -1 1 -1 -1 -1 -1 1 1 1 
-1 -1 1 -1 -1 1 -1 1 -1 -1 1 -1 -1 -1 1 -1 -1 -1 -1 1 -1 -1 -1 -1 1 1 1 -1 -1 -1 1 1 1 1 -1 1 -1 -1 1 1 1 -1 1 -1 1 1 1 1 1 1 -1 -1 1 -1 -1 1 1 -1 -1 1 1 -1 1 1 1 -1 1 -1 -1 1 -1 1 1 1 1 -1 1 1 -1 -1 1 1 1 1 1 -1 1 1 -1 1 -1 1 -1 -1 -1 1 -1 1 -1 -1 -1 -1 1 1 -1 1 -1 -1 1 -1 -1 1 -1 -1 1 -1 -1 1 -1 1 -1 1 -1 1 -1 1 -1 -1 
-1 -1 -1 -1 1 1 1 -1 1 -1 -1 1 1 -1 -1 -1 -1 1 1 -1 -1 1 1 -1 -1 1 1 -1 -1 1 -1 -1 -1 -1 -1 1 1 1 1 1 -1 -1 1 1 1 1 -1 -1 -1 -1 1 1 1 1 1 1 -1 -1 1 1 -1 1 1 -1 -1 1 1 -1 1 1 1 -1 1 -1 -1 1 -1 1 -1 -1 -1 -1 -1 -1 -1 1 -1 -1 -1 1 1 1 1 -1 -1 1 -1 1 -1 -1 1 1 -1 1 -1 -1 1 1 1 -1 1 -1 1 1 -1 1 1 -1 -1 1 -1 1 1 1 1 -1 1 -1 
-1 1 1 1 1 1 1 1 -1 1 1 -1 1 1 -1 -1 -1 1 -1 1 1 -1 1 -1 1 1 -1 -1 -1 -1 1 1 1 -1 -1 -1 -1 -1 1 -1 -1 -1 -1 -1 1 1 -1 -1 1 -1 1 -1 -1 -1 1 -1 -1 -1 1 1 1 -1 -1 1 1 -1 -1 -1 1 1 -1 1 -1 -1 1 -1 1 -1 -1 1 -1 1 -1 1 -1 1 1 -1 1 1 -1 -1 1 1 1 1 -1 -1 -1 1 -1 1 1 -1 -1 1 1 1 1 -1 1 1 1 1 1 1 -1 1 -1 -1 1 -1 -1 1 -1 1 -1 1 
-1 1 1 -1 -1 1 -1 1 1 -1 1 -1 1 -1 -1 1 1 1 1 1 1 -1 -1 -1 -1 1 -1 -1 -1 -1 -1 -1 -1 1 1 1 1 1 -1 1 1 -1 1 1 1 1 1 -1 1 -1 1 -1 1 -1 -1 -1 1 -1 1 -1 -1 1 -1 -1 -1 1 1 1 1 1 -1 1 1 -1 1 1 -1 1 -1 1 -1 1 -1 -1 1 1 -1 -1 -1 1 -1 1 1 -1 -1 1 -1 1 1 -1 -1 -1 1 -1 -1 1 -1 1 -1 1 -1 -1 1 -1 -1 -1 1 -1 -1 1 1 1 -1 -1 -1 -1 -1 -1 
-1 1 1 1 -1 -1 1 1 1 1 -1 -1 1 -1 -1 1 -1 1 1 1 1 1 -1 -1 -1 1 1 -1 1 -1 1 1 -1 -1 -1 1 1 1 1 1 1 1 1 -1 -1 -1 1 -1 -1 -1 1 -1 -1 -1 1 1 1 1 -1 1 1 1 -1 1 1 1 -1 -1 1 -1 1 1 -1 1 1 1 -1 1 -1 1 -1 1 -1 1 1 -1 1 -1 1 1 1 1 1 1 1 -1 -1 1 -1 -1 -1 -1 -1 1 -1 -1 -1 -1 1 1 1 -1 -1 -1 1 1 -1 -1 -1 1 1 -1 -1 -1 -1 1 -1 1 
-1 -1 -1 -1 1 -1 -1 -1 -1 -1 1 1 1 -1 1 -1 1 1 1 1 1 1 1 1 1 1 1 1 1 1 -1 1 -1 1 -1 1 1 1 1 -1 1 -1 1 -1 -1 1 1 -1 -1 1 -1 -1 1 -1 1 1 -1 -1 -1 -1 -1 1 -1 -1 -1 -1 1 1 -1 -1 1 -1 1 1 1 -1 -1 1 1 1 -1 -1 -1 1 -1 1 -1 1 1 -1 1 1 1 1 1 1 -1 1 1 1 -1 -1 1 1 -1 -1 1 -1 -1 -1 -1 1 -1 -1 -1 -1 -1 1 -1 -1 1 -1 1 -1 1 -1 1 -1 
1 1 -1 1 -1 -1 -1 -1 1 -1 1 -1 1 1 -1 -1 1 1 1 1 1 -1 1 -1 -1 1 1 1 -1 1 -1 -1 -1 1 1 1 -1 -1 -1 -1 1 1 1 1 1 -1 1 1 1 1 -1 1 1 -1 -1 1 -1 1 -1 1 -1 1 -1 1 1 1 1 -1 1 -1 1 -1 -1 1 -1 1 1 1 -1 1 -1 1 -1 -1 1 1 -1 1 1 1 -1 1 -1 -1 1 1 1 1 -1 -1 -1 -1 1 1 -1 1 -1 1 -1 1 1 1 1 1 -1 -1 -1 1 -1 -1 -1 -1 -1 -1 1 -1 1 -1 
-1 -1 -1 1 -1 -1 1 -1 -1 -1 -1 1 -1 -1 -1 1 -1 -1 1 1 -1 1 1 1 1 -1 1 1 -1 -1 1 1 1 -1 -1 -1 -1 1 -1 -1 -1 1 1 1 1 -1 1 1 -1 -1 -1 -1 1 -1 1 1 1 -1 -1 -1 1 -1 -1 -1 1 -1 -1 1 1 1 1 -1 1 -1 1 1 -1 1 -1 -1 -1 -1 1 1 -1 1 1 -1 1 1 1 1 -1 -1 -1 -1 1 -1 -1 -1 -1 1 -1 -1 1 -1 1 1 -1 1 1 -1 -1 1 1 1 1 -1 -1 1 1 -1 1 -1 -1 1 -1 1 
-1 1 -1 -1 -1 1 -1 -1 -1 -1 1 1 1 1 -1 1 1 -1 -1 1 1 1 1 -1 -1 1 -1 -1 1 1 1 -1 -1 -1 -1 -1 -1 -1 -1 -1 1 -1 1 -1 1 1 -1 1 -1 1 -1 -1 1 1 -1 -1 -1 -1 1 1 1 1 1 1 -1 1 1 -1 -1 -1 -1 -1 1 -1 1 1 1 -1 1 -1 -1 -1 -1 -1 1 1 1 1 -1 -1 -1 1 -1 -1 -1 1 1 1 -1 -1 1 1 -1 1 1 1 -1 1 -1 1 1 1 -1 1 -1 1 1 -1 1 1 -1 -1 1 -1 -1 -1 -1 1 
-1 -1 1 1 1 1 -1 1 -1 -1 1 -1 1 -1 -1 -1 -1 -1 -1 1 -1 1 -1 1 1 -1 -1 -1 1 1 1 1 1 1 -1 -1 1 -1 1 -1 -1 1 1 1 1 -1 -1 -1 1 1 1 -1 1 -1 -1 1 -1 1 1 1 -1 1 1 -1 -1 1 -1 1 -1 -1 -1 1 -1 1 -1 1 -1 -1 -1 -1 -1 -1 -1 -1 -1 -1 -1 1 1 -1 1 -1 -1 1 -1 1 1 -1 -1 -1 -1 -1 -1 -1 -1 -1 1 1 1 -1 1 -1 -1 -1 1 -1 1 -1 1 1 -1 1 1 1 1 1 1 -1 
1 -1 -1 -1 -1 -1 -1 -1 -1 1 1 1 1 -1 1 -1 1 -1 -1 1 -1 1 -1 1 1 -1 1 1 1 1 -1 -1 1 -1 -1 1 1 -1 -1 -1 -1 -1 1 1 -1 1 1 -1 -1 1 -1 -1 1 -1 1 1 -1 1 1 -1 1 1 -1 1 -1 1 -1 -1 -1 1 -1 -1 1 -1 1 -1 -1 -1 1 1 -1 -1 1 1 -1 -1 -1 1 1 -1 1 1 -1 1 -1 -1 1 1 1 1 1 -1 1 1 1 -1 1 1 -1 -1 1 1 -1 1 1 1 -1 1 1 1 -1 1 -1 -1 1 -1 -1 1 
-1 -1 1 -1 -1 1 -1 -1 1 1 -1 1 1 -1 1 1 1 1 1 1 1 -1 1 -1 -1 -1 1 1 -1 -1 -1 -1 1 1 -1 -1 -1 -1 1 1 1 -1 -1 -1 -1 -1 1 1 -1 -1 1 1 -1 1 -1 1 1 1 1 -1 1 1 -1 1 -1 -1 1 1 1 1 -1 -1 -1 -1 1 1 1 -1 -1 -1 1 -1 -1 1 1 1 1 -1 1 1 1 -1 1 1 1 -1 1 1 -1 -1 -1 1 -1 1 1 1 1 1 -1 1 -1 1 -1 -1 1 -1 1 1 -1 -1 -1 1 1 -1 -1 -1 1 -1 
1 1 -1 1 1 1 -1 -1 1 1 -1 -1 -1 -1 1 1 -1 -1 1 1 1 1 -1 -1 1 1 -1 1 1 -1 -1 1 -1 -1 1 1 -1 -1 1 -1 1 1 1 -1 -1 -1 1 -1 1 -1 -1 1 1 -1 -1 1 1 -1 1 1 -1 -1 1 1 -1 -1 1 1 -1 -1 1 -1 1 1 1 1 -1 -1 1 1 1 1 -1 -1 1 -1 1 1 -1 1 -1 -1 -1 1 -1 -1 -1 1 -1 -1 -1 1 1 -1 -1 -1 1 1 -1 1 1 -1 1 -1 1 -1 1 1 1 1 -1 1 -1 1 -1 1 1 -1 
-1 1 -1 1 1 -1 -1 -1 -1 1 1 -1 -1 1 -1 -1 -1 -1 -1 1 1 1 -1 -1 1 1 1 1 1 -1 1 -1 1 1 -1 1 1 -1 1 -1 1 1 1 1 1 -1 -1 -1 -1 -1 -1 1 1 1 -1 1 1 1 -1 -1 1 1 -1 -1 1 1 1 -1 -1 -1 -1 1 -1 1 -1 1 1 -1 -1 1 1 1 1 1 1 1 -1 -1 -1 1 1 1 1 1 -1 1 -1 1 1 1 -1 -1 1 -1 1 1 1 1 -1 -1 1 1 -1 1 -1 -1 1 -1 -1 1 -1 1 1 -1 -1 -1 1 -1 
1 1 -1 -1 1 -1 1 -1 1 1 1 1 1 1 -1 -1 -1 -1 1 1 -1 -1 1 1 1 -1 1 1 -1 -1 1 -1 -1 1 1 -1 -1 1 -1 1 -1 1 -1 1 1 -1 -1 -1 -1 -1 1 1 -1 1 -1 1 1 -1 -1 -1 1 1 -1 1 1 -1 1 -1 1 1 1 -1 1 1 -1 -1 -1 1 -1 1 1 -1 -1 1 -1 1 -1 1 1 -1 -1 -1 -1 -1 1 1 -1 -1 -1 1 1 1 -1 1 1 -1 1 -1 1 -1 1 1 -1 1 -1 -1 1 1 -1 -1 -1 -1 1 1 1 -1 1 1 
-1 -1 -1 -1 1 -1 -1 -1 1 1 1 1 1 1 -1 1 -1 -1 -1 1 1 -1 1 1 1 -1 -1 -1 -1 1 -1 1 1 1 1 1 -1 -1 1 -1 -1 -1 -1 -1 1 1 1 -1 -1 1 1 -1 -1 1 -1 -1 1 -1 -1 1 -1 -1 1 -1 -1 1 1 1 1 -1 -1 1 -1 -1 1 1 1 1 1 1 -1 -1 1 -1 1 1 -1 -1 -1 -1 -1 -1 -1 1 1 1 1 -1 -1 -1 1 1 1 1 1 1 1 1 -1 -1 1 -1 1 -1 1 -1 -1 -1 -1 1 1 1 -1 -1 -1 1 1 1 
1 -1 1 1 -1 1 -1 1 -1 -1 -1 -1 1 -1 1 -1 1 -1 1 -1 -1 1 1 1 -1 -1 -1 1 1 -1 -1 -1 1 -1 -1 -1 -1 1 1 1 1 -1 -1 -1 -1 -1 1 1 1 -1 1 1 -1 1 1 1 1 1 1 -1 -1 -1 1 1 1 1 -1 1 -1 1 -1 -1 -1 1 -1 -1 1 1 1 -1 -1 -1 -1 1 -1 -1 -1 -1 1 1 -1 1 -1 -1 -1 -1 -1 -1 1 1 -1 1 -1 1 1 1 1 -1 1 -1 -1 -1 -1 1 -1 1 -1 1 1 1 -1 -1 1 -1 1 -1 -1 -1 
1 1 -1 1 1 -1 1 1 -1 1 -1 1 1 1 1 -1 1 -1 1 1 -1 1 -1 1 -1 -1 1 -1 -1 1 -1 -1 1 -1 -1 1 -1 -1 -1 1 1 1 1 -1 1 1 -1 -1 1 1 -1 1 1 1 1 1 1 1 1 -1 -1 -1 -1 -1 -1 1 1 -1 1 1 1 1 1 -1 -1 -1 1 -1 1 -1 1 1 -1 1 1 -1 -1 1 1 1 1 1 -1 -1 -1 -1 -1 -1 1 1 -1 -1 1 -1 1 -1 1 1 1 -1 1 1 1 1 1 -1 1 1 1 -1 -1 -1 1 -1 -1 1 -1 1 
-1 -1 -1 1 1 -1 1 -1 1 -1 -1 1 1 1 1 -1 1 -1 -1 -1 -1 1 -1 1 1 1 -1 1 -1 1 1 1 1 -1 -1 1 -1 1 -1 -1 -1 -1 1 1 -1 1 1 1 1 -1 1 1 1 -1 1 -1 -1 1 1 -1 -1 1 -1 -1 1 -1 1 -1 -1 1 1 -1 -1 -1 -1 -1 1 -1 1 1 -1 -1 1 -1 -1 -1 1 -1 1 1 1 -1 1 -1 1 -1 -1 -1 -1 1 1 -1 -1 -1 1 1 -1 -1 1 -1 1 -1 1 -1 -1 1 -1 -1 1 -1 1 1 -1 -1 1 -1 1 -1 
-1 1 1 -1 1 -1 -1 -1 1 -1 1 1 1 -1 1 -1 -1 1 -1 1 1 -1 -1 1 -1 1 -1 1 1 1 -1 -1 -1 -1 1 1 1 -1 -1 1 1 -1 1 -1 -1 -1 -1 1 -1 -1 1 1 1 1 1 -1 -1 -1 -1 1 1 -1 1 1 1 1 1 -1 1 -1 1 1 -1 -1 -1 -1 -1 -1 1 -1 -1 -1 -1 -1 -1 1 1 1 -1 -1 1 -1 -1 -1 -1 1 1 1 1 1 -1 -1 1 1 1 -1 -1 1 1 -1 -1 -1 -1 -1 1 1 -1 -1 -1 -1 1 1 1 1 1 -1 1 -1 
-1 1 1 1 -1 1 1 1 1 -1 -1 1 -1 -1 -1 -1 -1 1 -1 -1 1 -1 -1 -1 -1 -1 1 -1 1 1 -1 -1 -1 1 1 1 -1 -1 1 -1 -1 -1 1 -1 -1 -1 1 1 1 1 -1 -1 1 1 -1 1 1 1 1 1 -1 -1 -1 1 1 1 1 1 -1 -1 -1 1 -1 1 1 1 -1 -1 -1 1 1 1 -1 1 -1 1 1 1 1 -1 1 -1 1 -1 1 -1 1 1 -1 1 -1 1 -1 1 -1 -1 1 1 -1 1 -1 1 -1 1 1 1 1 1 1 1 1 -1 -1 1 1 -1 -1 -1 
-1 -1 -1 1 -1 -1 1 1 -1 -1 -1 -1 -1 1 1 1 -1 1 1 1 1 -1 -1 -1 1 -1 1 1 -1 1 -1 1 1 1 1 1 -1 1 1 -1 1 1 1 1 1 1 1 -1 -1 1 -1 1 -1 1 -1 1 -1 -1 -1 -1 -1 1 -1 -1 -1 -1 1 -1 -1 1 -1 -1 -1 1 -1 1 1 -1 1 1 1 -1 1 -1 1 1 1 -1 -1 1 1 1 1 1 1 1 -1 -1 -1 -1 -1 -1 1 -1 1 -1 -1 1 -1 -1 -1 1 1 -1 -1 -1 -1 1 1 -1 1 -1 -1 1 -1 -1 1 -1 
1 -1 -1 -1 -1 -1 -1 -1 1 1 -1 -1 1 -1 -1 1 -1 1 1 1 -1 -1 -1 1 1 -1 -1 1 -1 -1 -1 -1 -1 1 -1 -1 1 1 -1 -1 1 1 -1 -1 1 1 -1 -1 -1 1 1 1 -1 -1 1 1 1 -1 1 -1 -1 1 -1 1 1 -1 -1 1 1 1 1 -1 1 1 -1 1 -1 -1 1 -1 -1 -1 1 1 -1 1 -1 1 -1 -1 1 1 1 -1 1 -1 -1 1 -1 -1 -1 1 1 1 -1 -1 1 -1 -1 1 -1 -1 1 1 -1 -1 1 -1 1 1 -1 1 -1 1 -1 -1 -1 1 
1 1 -1 -1 1 1 1 -1 -1 -1 1 -1 1 -1 -1 1 -1 1 1 1 -1 1 -1 -1 -1 -1 -1 -1 1 -1 1 -1 1 -1 -1 1 1 -1 -1 -1 -1 1 -1 1 1 1 1 -1 1 -1 -1 -1 -1 1 -1 1 1 -1 1 1 -1 1 -1 1 -1 -1 -1 -1 1 -1 1 1 1 -1 -1 -1 1 -1 -1 1 -1 1 1 1 -1 1 1 -1 -1 -1 -1 -1 -1 -1 -1 1 1 1 -1 -1 1 -1 -1 -1 -1 -1 1 -1 1 1 -1 -1 1 1 -1 1 1 1 1 -1 -1 1 1 1 1 -1 -1 -1 
-1 -1 1 1 1 1 1 -1 -1 1 1 -1 1 1 1 1 1 -1 1 1 -1 -1 -1 1 -1 1 1 1 -1 1 1 -1 -1 -1 1 1 -1 -1 -1 -1 1 -1 1 1 1 1 1 -1 -1 -1 -1 1 -1 -1 -1 -1 1 1 -1 -1 1 1 1 1 -1 -1 -1 1 1 -1 -1 -1 1 1 -1 1 1 1 1 -1 1 1 1 -1 -1 -1 1 -1 1 -1 -1 -1 -1 -1 1 1 1 1 -1 -1 -1 1 1 -1 -1 -1 1 1 -1 1 -1 1 -1 -1 1 -1 1 1 1 1 1 -1 -1 1 -1 -1 1 1 
-1 1 1 -1 -1 -1 -1 -1 1 1 1 1 -1 -1 1 1 -1 1 1 -1 -1 -1 -1 -1 -1 1 -1 -1 1 -1 1 1 -1 1 -1 -1 -1 -1 -1 1 -1 -1 1 -1 1 -1 1 -1 1 -1 1 -1 -1 -1 1 1 1 1 -1 -1 1 -1 1 -1 -1 1 1 -1 1 1 1 -1 -1 1 1 -1 -1 -1 -1 -1 1 1 1 -1 -1 -1 -1 -1 1 1 1 1 1 -1 1 1 -1 -1 1 -1 -1 -1 -1 -1 -1 1 -1 1 -1 1 -1 -1 1 -1 -1 1 1 1 -1 1 1 -1 1 -1 -1 1 -1 1 
-1 -1 -1 -1 -1 1 1 1 -1 1 1 1 1 -1 1 -1 -1 1 1 1 1 -1 1 -1 -1 1 1 1 -1 -1 1 1 -1 1 -1 1 1 -1 1 -1 -1 -1 1 1 1 -1 -1 1 -1 -1 -1 1 -1 -1 1 -1 -1 1 -1 1 -1 -1 -1 -1 -1 -1 -1 1 1 -1 1 -1 -1 -1 1 1 -1 1 1 1 -1 -1 -1 -1 1 1 -1 -1 1 -1 1 -1 1 1 1 1 -1 1 -1 -1 1 -1 -1 -1 1 1 -1 -1 -1 -1 1 -1 1 -1 1 -1 1 -1 -1 1 -1 -1 -1 -1 -1 1 -1 -1 
-1 1 -1 1 -1 1 -1 -1 -1 -1 -1 -1 -1 -1 -1 -1 -1 -1 1 -1 1 1 -1 1 -1 -1 1 1 1 -1 -1 1 -1 -1 -1 1 1 1 -1 -1 -1 -1 1 -1 1 -1 -1 -1 1 -1 1 1 -1 1 -1 -1 1 1 1 1 -1 -1 -1 -1 -1 -1 -1 -1 1 1 -1 1 -1 1 -1 -1 -1 -1 -1 -1 -1 -1 -1 -1 1 -1 -1 -1 1 1 -1 -1 -1 -1 1 1 1 -1 1 -1 -1 -1 -1 -1 1 1 -1 1 1 -1 -1 1 1 1 -1 -1 -1 1 -1 1 -1 -1 -1 -1 -1 -1 1 -1 
1 1 1 -1 -1 -1 1 1 1 -1 1 -1 1 -1 1 1 -1 1 1 1 1 1 1 1 1 -1 1 1 -1 -1 -1 1 1 1 1 1 -1 -1 1 1 1 1 1 -1 1 1 1 -1 1 -1 1 1 1 1 1 -1 -1 -1 -1 -1 -1 1 1 1 1 1 -1 -1 -1 -1 1 1 1 -1 -1 -1 1 -1 -1 1 1 -1 -1 -1 -1 -1 -1 -1 1 -1 -1 -1 -1 -1 -1 1 1 1 -1 1 1 -1 -1 -1 -1 -1 -1 1 1 1 -1 1 1 -1 -1 -1 -1 -1 1 -1 -1 1 1 -1 -1 -1 -1 -1 
-1 1 -1 -1 -1 1 1 -1 -1 -1 -1 -1 1 1 -1 1 -1 1 -1 -1 1 1 -1 1 1 -1 -1 1 1 -1 -1 -1 1 -1 -1 1 -1 1 1 -1 1 -1 -1 -1 -1 -1 1 -1 1 -1 -1 1 1 -1 -1 -1 1 1 1 1 1 1 1 -1 -1 1 1 -1 -1 -1 -1 -1 1 -1 -1 -1 1 -1 -1 1 1 1 1 -1 1 1 -1 1 -1 1 1 1 1 -1 -1 1 -1 -1 1 -1 -1 1 -1 -1 -1 -1 -1 -1 -1 1 1 -1 1 -1 -1 1 1 1 -1 -1 -1 -1 -1 1 -1 1 1 1 
-1 1 1 -1 -1 1 1 -1 -1 1 1 -1 -1 -1 1 1 1 1 -1 -1 1 1 1 1 -1 -1 -1 1 1 1 -1 1 -1 -1 -1 1 1 1 1 1 1 1 1 -1 1 1 1 -1 -1 -1 1 -1 1 1 -1 1 1 -1 1 -1 1 -1 -1 -1 -1 1 1 1 -1 -1 -1 -1 1 -1 -1 1 -1 1 -1 -1 1 1 -1 -1 1 -1 -1 -1 -1 1 1 -1 -1 1 -1 1 1 1 -1 -1 -1 1 -1 -1 1 1 -1 -1 -1 1 1 -1 -1 1 -1 1 -1 1 -1 -1 -1 1 1 -1 1 -1 1 -1 
1 -1 1 -1 1 -1 -1 1 1 1 -1 1 -1 -1 1 1 1 1 -1 1 -1 -1 1 -1 1 -1 -1 -1 -1 1 -1 1 1 -1 -1 1 1 1 1 -1 -1 -1 1 -1 1 -1 -1 -1 -1 -1 1 -1 1 -1 -1 -1 -1 1 1 -1 -1 1 -1 1 1 1 -1 -1 1 -1 -1 1 -1 1 1 1 -1 1 -1 -1 -1 -1 1 -1 1 1 1 1 1 -1 1 1 1 -1 1 -1 1 -1 -1 -1 -1 1 1 1 1 -1 1 -1 1 1 -1 1 -1 -1 -1 -1 -1 1 1 1 1 1 1 1 1 -1 -1 1 
-1 -1 -1 1 -1 -1 1 1 1 1 1 1 1 -1 1 -1 -1 1 1 1 1 1 -1 -1 1 1 1 -1 -1 1 1 -1 1 -1 1 1 -1 1 1 1 -1 -1 1 1 1 -1 1 1 -1 -1 1 -1 -1 1 -1 1 1 -1 1 -1 -1 1 1 1 -1 1 -1 -1 -1 -1 1 -1 1 1 -1 -1 1 1 1 -1 -1 1 1 1 1 -1 -1 -1 -1 -1 -1 1 1 -1 -1 1 1 -1 1 -1 1 1 -1 1 -1 1 -1 -1 -1 -1 1 1 -1 -1 -1 1 1 1 1 1 -1 1 1 -1 -1 1 1 -1 
-1 -1 -1 -1 1 1 -1 -1 1 1 -1 -1 -1 1 1 -1 -1 -1 -1 -1 1 1 1 -1 -1 1 -1 -1 -1 -1 1 -1 1 1 1 -1 -1 -1 -1 -1 1 -1 -1 -1 -1 -1 1 -1 1 -1 -1 -1 1 -1 1 1 -1 -1 -1 -1 1 -1 -1 1 1 1 1 -1 -1 -1 1 -1 1 -1 -1 1 -1 1 -1 -1 1 -1 1 -1 -1 -1 1 1 -1 1 -1 -1 -1 -1 1 1 1 -1 -1 1 -1 1 -1 -1 1 1 -1 1 -1 1 1 1 1 -1 1 -1 1 -1 1 1 -1 1 -1 -1 -1 1 -1 1 
-1 1 -1 1 1 -1 -1 1 -1 1 -1 1 1 1 1 -1 1 1 -1 -1 1 -1 -1 1 -1 -1 1 -1 -1 -1 1 1 1 -1 1 -1 -1 1 -1 1 -1 1 1 1 -1 -1 -1 1 -1 -1 1 -1 -1 -1 1 1 1 1 1 -1 1 1 1 -1 -1 -1 1 -1 1 1 -1 1 1 1 1 1 -1 1 -1 -1 1 1 -1 -1 1 -1 1 1 1 -1 -1 -1 -1 1 1 1 -1 1 1 1 1 1 1 -1 1 1 -1 1 -1 -1 1 -1 1 1 1 -1 -1 -1 1 1 -1 -1 -1 -1 1 -1 1 1 
-1 1 -1 -1 1 1 -1 1 -1 -1 -1 -1 -1 -1 1 -1 -1 -1 -1 1 1 -1 1 1 1 -1 -1 -1 -1 1 -1 1 -1 -1 1 1 1 -1 -1 -1 -1 -1 -1 -1 -1 -1 -1 -1 -1 -1 -1 1 -1 -1 -1 1 1 -1 -1 -1 -1 -1 -1 1 -1 -1 -1 -1 1 -1 1 -1 1 -1 1 -1 1 1 -1 1 -1 1 1 1 -1 -1 -1 -1 1 -1 -1 -1 -1 -1 1 -1 1 1 1 -1 -1 -1 -1 -1 -1 1 1 1 1 1 -1 1 1 1 -1 -1 1 -1 1 1 1 1 -1 1 1 1 -1 -1 
1 -1 1 -1 -1 -1 -1 -1 1 -1 -1 -1 1 1 -1 1 1 1 1 -1 -1 -1 -1 1 -1 1 -1 -1 1 1 1 -1 1 1 -1 -1 1 -1 -1 1 -1 1 1 -1 1 1 1 -1 1 -1 -1 1 1 1 -1 1 -1 1 -1 1 1 -1 1 -1 1 -1 1 -1 -1 1 -1 -1 -1 1 1 -1 -1 -1 1 1 -1 -1 1 1 -1 1 -1 1 -1 1 1 1 1 1 -1 -1 1 -1 1 1 1 1 1 -1 -1 -1 -1 -1 -1 1 1 1 1 -1 -1 -1 -1 -1 -1 -1 -1 -1 1 -1 1 -1 -1 1 
-1 -1 -1 1 1 1 -1 -1 1 -1 -1 -1 1 -1 -1 1 -1 -1 -1 -1 1 -1 -1 -1 -1 1 1 1 1 -1 1 1 1 1 -1 1 1 -1 1 -1 1 1 1 1 -1 -1 -1 -1 -1 1 1 -1 1 1 -1 1 -1 -1 -1 -1 -1 1 1 -1 1 -1 1 -1 1 -1 -1 -1 1 -1 1 -1 -1 -1 1 1 1 -1 1 -1 1 1 -1 1 -1 -1 1 1 1 1 1 1 1 1 1 1 1 -1 -1 1 -1 1 -1 -1 1 1 1 1 1 1 -1 -1 1 1 1 -1 1 -1 -1 1 -1 1 -1 1 
-1 1 -1 1 -1 -1 -1 -1 1 1 -1 1 -1 1 1 1 -1 1 -1 1 1 1 1 1 1 -1 1 1 -1 -1 -1 1 1 1 1 -1 -1 -1 -1 -1 -1 -1 1 1 1 1 -1 1 -1 -1 1 1 1 -1 1 -1 -1 1 -1 1 -1 -1 1 1 -1 1 1 -1 1 -1 -1 1 -1 -1 -1 1 1 1 1 -1 -1 -1 1 -1 -1 -1 -1 1 -1 -1 -1 -1 1 1 1 1 -1 1 1 -1 -1 1 1 -1 1 -1 1 1 1 1 -1 1 1 -1 1 -1 -1 1 1 1 1 -1 1 -1 -1 -1 -1 -1 
1 1 -1 -1 1 -1 1 -1 1 1 -1 1 -1 -1 -1 1 -1 -1 -1 -1 -1 -1 1 -1 -1 1 -1 1 1 1 1 1 -1 1 1 1 -1 1 -1 -1 -1 1 1 -1 1 -1 1 -1 -1 -1 1 1 -1 -1 -1 1 -1 -1 1 1 -1 1 1 1 1 -1 -1 1 1 -1 -1 1 1 -1 -1 1 1 1 1 -1 1 1 -1 -1 -1 1 -1 1 1 -1 -1 -1 1 -1 -1 -1 -1 1 -1 1 1 1 -1 -1 1 -1 -1 -1 1 -1 -1 -1 -1 -1 1 -1 1 1 -1 -1 -1 -1 -1 -1 1 1 1 -1 
-1 -1 -1 1 -1 1 -1 1 -1 1 1 -1 -1 1 -1 1 1 -1 1 1 -1 1 -1 -1 1 -1 -1 -1 -1 -1 1 1 1 1 -1 -1 1 -1 -1 1 1 -1 1 -1 -1 -1 -1 1 1 -1 -1 -1 1 -1 1 1 -1 -1 1 1 -1 -1 -1 1 -1 -1 1 1 1 -1 1 -1 -1 1 -1 1 1 -1 1 1 -1 1 1 1 1 -1 1 -1 -1 -1 -1 -1 -1 -1 -1 -1 -1 -1 -1 -1 -1 -1 1 1 -1 1 -1 -1 1 -1 -1 -1 -1 1 -1 -1 -1 -1 -1 -1 -1 -1 -1 1 -1 -1 1 -1 
-1 1 1 -1 -1 -1 1 -1 -1 1 1 1 -1 -1 1 1 -1 -1 1 1 1 1 -1 1 1 1 1 1 1 -1 1 1 -1 -1 1 1 1 1 -1 1 -1 -1 -1 -1 1 -1 1 1 1 1 1 1 -1 1 1 1 1 1 1 -1 -1 1 1 -1 1 1 -1 -1 -1 1 1 -1 1 -1 -1 1 -1 1 -1 -1 1 -1 1 1 -1 -1 -1 -1 1 1 1 -1 -1 1 -1 1 -1 -1 -1 -1 -1 -1 -1 1 -1 -1 1 -1 -1 -1 -1 -1 1 -1 1 1 -1 -1 1 1 -1 1 -1 -1 -1 -1 -1 -1 
1 1 -1 1 -1 -1 -1 -1 1 1 -1 -1 1 -1 1 -1 -1 1 1 -1 -1 1 -1 -1 -1 1 1 1 1 1 1 1 -1 -1 1 -1 1 1 1 1 -1 1 -1 1 1 -1 1 -1 1 1 -1 -1 -1 -1 -1 1 -1 1 -1 -1 1 -1 1 1 1 1 -1 -1 -1 1 1 1 1 -1 -1 1 -1 -1 1 -1 -1 -1 -1 -1 -1 1 1 1 -1 1 1 -1 1 1 1 1 1 1 1 1 -1 1 -1 1 1 1 -1 1 1 1 -1 1 -1 -1 -1 -1 -1 -1 -1 -1 -1 -1 -1 -1 -1 1 1 1 
1 1 1 1 -1 1 -1 1 -1 1 1 -1 1 -1 -1 -1 -1 -1 1 -1 1 -1 -1 1 1 1 -1 1 -1 -1 1 1 1 -1 1 -1 -1 -1 1 1 1 1 -1 1 -1 1 -1 -1 1 -1 1 -1 1 -1 -1 1 1 1 -1 -1 1 -1 1 1 -1 1 1 1 -1 1 -1 -1 -1 1 -1 -1 -1 1 1 -1 1 1 1 -1 1 -1 1 -1 1 -1 1 -1 1 -1 1 1 -1 1 -1 -1 1 -1 1 1 1 -1 1 -1 1 -1 -1 1 1 1 1 -1 1 -1 1 1 -1 -1 -1 -1 -1 1 1 1 
1 1 1 -1 -1 1 1 1 1 1 -1 1 1 -1 -1 1 1 1 -1 -1 -1 -1 1 1 1 1 1 -1 -1 -1 1 1 1 -1 1 -1 1 1 -1 -1 -1 1 -1 1 1 1 1 -1 1 -1 -1 -1 -1 1 1 1 -1 -1 1 1 -1 1 1 -1 1 1 -1 -1 1 -1 1 1 -1 -1 1 -1 1 -1 -1 1 -1 1 1 1 1 -1 1 -1 -1 1 1 -1 -1 1 1 1 -1 -1 -1 -1 1 1 -1 1 -1 -1 1 -1 1 -1 1 1 -1 1 1 -1 -1 1 1 -1 1 -1 -1 -1 -1 -1 1 1 
1 -1 1 -1 -1 -1 -1 1 -1 1 -1 1 1 -1 1 1 1 -1 1 -1 1 -1 1 1 -1 -1 1 -1 -1 1 -1 -1 -1 1 1 -1 -1 1 -1 -1 1 1 -1 1 -1 -1 -1 -1 -1 -1 1 -1 1 1 1 -1 -1 -1 1 1 1 1 -1 1 -1 1 -1 -1 1 1 1 1 1 -1 -1 -1 1 -1 1 1 1 -1 1 1 1 1 -1 -1 -1 1 1 -1 1 -1 -1 -1 1 -1 1 1 -1 1 1 -1 -1 1 1 -1 -1 1 -1 1 -1 -1 -1 -1 -1 -1 1 1 -1 -1 -1 -1 1 -1 1 1 
-1 -1 1 -1 -1 1 -1 -1 -1 -1 1 1 -1 1 1 -1 1 -1 1 -1 -1 1 1 -1 1 1 -1 1 1 -1 -1 -1 -1 1 -1 -1 -1 -1 1 1 -1 -1 -1 1 1 -1 -1 1 1 -1 1 -1 -1 -1 -1 -1 1 1 -1 1 1 -1 1 -1 1 1 -1 1 -1 1 -1 1 1 -1 -1 -1 -1 -1 1 1 1 -1 1 -1 1 -1 1 -1 -1 1 -1 1 -1 -1 1 1 1 -1 1 1 1 1 -1 1 1 1 -1 -1 1 -1 1 1 1 1 -1 1 1 -1 1 -1 1 1 1 -1 1 1 -1 -1 
1 -1 -1 1 1 -1 -1 -1 1 -1 -1 -1 1 -1 -1 1 -1 1 1 1 1 -1 1 1 1 1 -1 1 1 -1 -1 -1 1 -1 -1 1 1 1 1 -1 -1 -1 1 1 -1 1 1 -1 1 -1 -1 1 -1 1 -1 1 -1 -1 1 1 -1 1 1 1 -1 1 -1 1 1 1 -1 -1 1 1 -1 1 -1 -1 -1 -1 1 1 -1 -1 -1 -1 -1 -1 -1 -1 -1 -1 1 -1 -1 1 1 1 1 -1 1 -1 1 1 -1 1 1 1 1 -1 -1 1 -1 1 1 -1 1 1 1 1 1 1 1 1 1 -1 1 -1 
1 1 -1 -1 1 1 1 -1 1 -1 1 -1 -1 1 1 1 -1 -1 -1 -1 -1 -1 1 1 -1 -1 1 -1 -1 1 1 -1 -1 1 -1 -1 -1 -1 1 1 -1 -1 1 1 -1 -1 1 -1 1 -1 1 1 1 1 -1 1 1 1 1 -1 1 1 -1 -1 1 1 -1 1 -1 -1 -1 -1 -1 1 -1 -1 1 1 1 1 -1 -1 -1 -1 -1 -1 -1 -1 1 1 1 -1 1 -1 -1 1 1 1 -1 1 -1 1 -1 1 -1 1 -1 1 1 1 -1 -1 1 1 -1 -1 1 -1 -1 1 -1 1 -1 -1 -1 1 -1 1 
-1 1 1 -1 -1 1 1 1 1 -1 1 -1 1 1 1 -1 1 -1 1 -1 1 -1 1 -1 1 1 1 -1 1 -1 1 -1 -1 1 1 -1 1 1 1 -1 -1 -1 1 -1 -1 1 1 1 -1 1 -1 -1 1 1 1 -1 1 1 -1 1 -1 1 -1 -1 1 1 -1 -1 1 1 1 1 -1 1 -1 1 1 -1 1 1 1 1 -1 -1 -1 -1 -1 1 -1 1 1 -1 1 1 -1 -1 -1 1 1 1 -1 -1 -1 -1 1 1 -1 1 -1 1 1 -1 1 -1 1 -1 -1 1 1 -1 -1 -1 -1 1 1 1 -1 1 
1 1 1 1 1 1 -1 1 1 -1 -1 1 1 1 1 -1 1 -1 1 -1 1 1 -1 -1 -1 -1 -1 1 1 -1 1 -1 1 1 1 -1 1 -1 -1 -1 -1 -1 1 -1 -1 1 -1 1 -1 -1 1 1 -1 1 -1 1 1 -1 1 -1 1 -1 1 1 -1 -1 -1 -1 -1 -1 -1 1 1 1 -1 -1 1 -1 -1 1 -1 -1 -1 -1 1 -1 -1 1 1 -1 1 1 1 1 1 -1 -1 1 1 -1 1 -1 -1 -1 1 -1 -1 -1 -1 -1 1 -1 -1 1 -1 -1 1 1 -1 1 1 1 1 1 -1 1 -1 1 
-1 1 -1 1 1 -1 1 1 1 1 -1 1 1 1 -1 1 -1 1 1 -1 1 -1 1 1 1 -1 -1 1 -1 1 1 1 -1 1 1 -1 -1 -1 -1 1 -1 -1 1 1 1 1 1 1 -1 -1 -1 -1 1 -1 -1 1 1 1 1 1 1 1 1 1 -1 1 1 -1 1 -1 -1 1 -1 1 -1 1 1 1 -1 -1 -1 -1 1 -1 -1 -1 -1 1 -1 1 1 -1 1 -1 1 1 1 1 1 1 -1 1 1 1 1 1 1 -1 -1 1 1 -1 1 -1 -1 -1 1 1 -1 1 1 -1 1 1 -1 1 1 -1 
-1 -1 -1 -1 -1 -1 1 -1 -1 -1 1 -1 -1 1 1 1 -1 1 -1 1 1 -1 1 -1 -1 1 1 1 1 1 -1 1 1 1 1 1 -1 -1 -1 1 -1 -1 -1 1 1 -1 -1 1 1 -1 1 1 1 -1 1 -1 -1 1 -1 -1 -1 -1 -1 -1 -1 1 1 1 1 1 1 1 -1 1 1 -1 1 -1 1 -1 -1 -1 1 1 1 -1 1 1 1 -1 -1 1 1 -1 -1 -1 -1 -1 1 1 -1 1 1 -1 1 -1 -1 1 1 1 -1 1 -1 1 1 -1 -1 -1 1 1 -1 -1 -1 1 1 -1 1 -1 
1 -1 1 -1 -1 -1 -1 1 1 -1 1 1 -1 1 -1 -1 -1 1 -1 1 -1 1 -1 1 -1 1 1 -1 -1 1 1 -1 -1 -1 1 -1 1 -1 1 -1 1 -1 -1 -1 1 -1 -1 -1 -1 -1 -1 -1 -1 1 1 -1 -1 1 -1 -1 1 1 1 -1 -1 -1 1 1 1 1 1 1 -1 1 -1 1 1 1 -1 -1 -1 1 -1 -1 -1 1 1 -1 -1 1 -1 1 -1 -1 1 1 1 1 1 -1 1 -1 1 -1 -1 -1 1 -1 -1 -1 -1 1 -1 -1 1 -1 1 -1 1 1 1 -1 -1 1 -1 1 -1 -1 
1 1 1 -1 1 -1 1 1 1 -1 -1 1 1 1 -1 1 1 1 1 -1 1 1 -1 -1 -1 1 -1 -1 1 1 -1 1 -1 1 -1 -1 1 1 1 1 1 1 -1 -1 -1 1 -1 -1 1 1 -1 1 1 1 1 -1 -1 -1 1 1 -1 1 -1 1 -1 1 1 1 1 1 1 -1 -1 1 -1 1 1 -1 1 -1 1 -1 1 1 1 -1 1 1 -1 1 -1 1 -1 -1 1 -1 1 1 -1 1 1 1 1 -1 -1 1 1 1 1 1 1 1 1 1 1 1 -1 -1 1 1 -1 1 1 -1 -1 -1 1 -1 
1 1 -1 -1 1 1 1 -1 1 -1 -1 -1 -1 1 1 1 1 1 -1 -1 -1 1 -1 -1 1 1 -1 -1 1 -1 1 1 1 -1 -1 1 1 -1 -1 1 -1 1 -1 -1 -1 -1 -1 -1 1 -1 1 -1 -1 -1 -1 1 1 1 -1 1 1 1 -1 1 -1 -1 1 1 1 -1 1 -1 1 1 1 -1 1 -1 -1 -1 1 -1 -1 -1 1 1 -1 -1 -1 1 1 1 -1 1 1 1 1 1 -1 1 1 -1 1 -1 1 1 -1 1 -1 1 1 -1 1 -1 -1 -1 -1 1 -1 1 1 1 1 1 1 -1 1 1 
-1 1 -1 -1 -1 -1 -1 -1 1 -1 1 1 1 -1 -1 1 -1 -1 1 1 1 1 -1 -1 -1 -1 1 -1 1 -1 -1 1 1 1 -1 -1 1 1 -1 1 1 -1 1 -1 -1 -1 1 1 -1 1 -1 -1 -1 -1 1 1 1 -1 1 1 -1 -1 -1 1 -1 -1 1 1 1 1 -1 1 -1 -1 -1 1 1 1 -1 -1 -1 1 1 -1 1 -1 1 1 -1 -1 -1 1 1 1 -1 -1 1 1 -1 1 1 -1 1 1 -1 -1 -1 -1 -1 1 1 1 1 1 -1 -1 1 -1 -1 -1 1 -1 1 -1 1 -1 1 -1 
-1 -1 -1 -1 1 -1 1 1 1 1 1 -1 -1 -1 1 -1 1 1 1 -1 -1 -1 -1 1 -1 -1 -1 1 -1 1 -1 1 -1 1 1 -1 -1 1 -1 -1 -1 1 1 -1 -1 1 -1 -1 1 -1 -1 -1 1 1 -1 -1 1 -1 1 1 1 -1 -1 1 1 1 1 1 -1 -1 1 -1 -1 1 -1 1 -1 -1 -1 -1 -1 -1 1 1 -1 1 -1 -1 -1 -1 -1 1 1 1 -1 1 -1 1 -1 -1 1 1 -1 1 -1 -1 -1 -1 -1 -1 -1 1 -1 -1 1 -1 1 -1 -1 1 1 1 -1 -1 -1 1 -1 -1 
-1 -1 1 -1 1 -1 1 1 -1 1 1 -1 1 1 1 1 -1 1 -1 1 -1 1 1 -1 1 -1 1 -1 1 -1 -1 1 -1 -1 -1 -1 1 1 1 -1 -1 -1 1 1 1 -1 1 1 1 1 -1 1 -1 1 -1 1 1 -1 -1 1 1 1 -1 -1 1 -1 -1 -1 -1 1 -1 -1 -1 -1 1 1 1 1 1 1 -1 -1 1 1 1 1 -1 -1 1 1 -1 -1 1 1 -1 1 1 -1 1 -1 1 -1 -1 -1 -1 1 -1 -1 1 1 1 1 -1 1 1 -1 1 1 -1 -1 1 -1 -1 1 -1 1 1 -1 
-1 -1 1 -1 1 1 -1 1 1 1 -1 -1 1 1 1 -1 -1 -1 1 1 1 -1 -1 1 -1 -1 1 1 1 -1 1 -1 -1 -1 1 1 1 -1 1 1 -1 1 -1 -1 -1 1 1 -1 1 -1 1 -1 -1 -1 1 -1 -1 1 -1 -1 -1 1 1 1 1 1 1 1 1 1 -1 1 -1 -1 -1 1 1 -1 1 1 -1 1 -1 -1 1 -1 -1 1 -1 1 1 1 1 -1 -1 1 1 1 -1 1 -1 -1 1 1 1 -1 1 1 -1 -1 1 1 1 1 -1 1 1 1 -1 1 -1 1 -1 -1 -1 -1 -1 -1 
-1 -1 1 -1 1 1 1 -1 1 1 -1 -1 1 1 1 -1 1 1 1 1 -1 1 1 -1 1 1 1 -1 -1 1 -1 -1 -1 -1 1 -1 -1 -1 -1 1 1 -1 -1 -1 -1 1 -1 -1 1 1 1 1 -1 -1 -1 -1 -1 -1 1 -1 -1 -1 -1 -1 -1 -1 1 -1 -1 1 -1 -1 1 -1 -1 -1 -1 1 1 -1 1 1 -1 1 -1 -1 -1 -1 -1 1 -1 1 -1 1 1 1 -1 -1 1 1 -1 -1 -1 1 1 1 1 -1 1 -1 -1 1 1 -1 -1 -1 -1 -1 -1 1 -1 1 -1 1 1 -1 1 -1 
-1 -1 -1 -1 1 1 -1 -1 1 -1 1 1 -1 -1 -1 1 -1 1 1 -1 1 1 1 1 -1 1 1 1 -1 1 -1 -1 -1 -1 1 1 1 -1 1 -1 1 -1 -1 -1 1 1 -1 1 1 -1 -1 -1 1 1 1 1 1 -1 -1 -1 -1 1 -1 1 -1 1 -1 1 1 -1 1 1 1 1 -1 1 1 1 -1 -1 1 1 -1 -1 1 1 -1 1 1 -1 1 -1 1 -1 -1 -1 1 -1 -1 -1 1 -1 -1 1 1 1 -1 1 -1 -1 1 -1 -1 -1 1 1 -1 1 -1 -1 -1 1 -1 -1 -1 1 -1 -1 
-1 -1 1 -1 -1 1 1 1 -1 -1 -1 1 1 1 1 -1 1 -1 -1 -1 1 -1 1 -1 -1 1 -1 1 -1 1 1 1 1 -1 -1 1 -1 1 1 -1 -1 -1 1 1 -1 -1 1 -1 -1 1 -1 -1 1 1 1 -1 -1 -1 1 1 -1 -1 1 1 1 1 1 1 1 1 1 -1 1 1 -1 1 -1 1 -1 -1 1 -1 1 -1 1 1 1 1 1 -1 1 1 1 -1 -1 1 -1 -1 -1 1 1 1 -1 -1 -1 -1 -1 -1 1 1 1 1 -1 -1 -1 -1 1 1 1 -1 -1 1 1 -1 1 -1 1 1 
-1 -1 -1 -1 -1 1 1 1 -1 1 -1 -1 -1 1 1 1 -1 1 1 1 1 1 -1 -1 -1 -1 -1 -1 1 1 1 -1 -1 -1 -1 -1 -1 -1 1 -1 1 -1 -1 -1 1 1 1 1 1 1 -1 -1 1 1 -1 1 -1 1 -1 -1 -1 -1 1 -1 -1 1 -1 1 -1 -1 1 -1 1 -1 1 1 1 1 1 -1 1 1 1 1 -1 1 1 -1 -1 1 -1 1 1 -1 1 1 -1 1 1 -1 1 1 -1 -1 -1 1 -1 -1 -1 -1 -1 1 1 1 -1 -1 -1 -1 -1 -1 -1 1 -1 1 -1 1 -1 -1 
1 -1 -1 1 1 1 -1 1 1 1 -1 1 1 -1 -1 -1 -1 -1 -1 1 -1 -1 1 -1 1 -1 1 -1 -1 1 1 1 1 1 -1 1 1 -1 1 -1 1 -1 -1 -1 -1 -1 1 -1 -1 -1 1 1 1 1 1 -1 1 1 -1 1 1 -1 1 1 -1 -1 1 -1 1 -1 -1 -1 1 1 1 -1 -1 1 1 -1 -1 -1 1 -1 1 1 1 1 1 -1 -1 1 -1 -1 1 -1 1 -1 -1 -1 1 1 1 1 -1 -1 1 -1 1 1 1 -1 -1 1 1 -1 1 -1 1 1 1 -1 -1 -1 -1 -1 -1 -1 
1 1 -1 1 -1 -1 -1 -1 -1 -1 -1 -1 1 -1 -1 -1 1 1 1 1 1 -1 -1 -1 1 -1 1 1 1 1 -1 -1 1 -1 1 1 -1 1 -1 -1 1 -1 1 1 -1 -1 -1 -1 -1 1 1 1 -1 -1 1 -1 -1 -1 1 1 1 -1 1 1 1 -1 -1 -1 -1 -1 -1 -1 1 1 -1 -1 -1 -1 -1 1 1 1 -1 -1 1 -1 -1 -1 1 1 -1 1 -1 1 1 1 -1 1 -1 1 -1 -1 1 -1 -1 -1 -1 -1 -1 -1 -1 1 1 -1 -1 -1 -1 -1 -1 1 -1 1 -1 1 1 1 1 1 
-1 1 -1 -1 -1 -1 -1 1 1 -1 1 1 1 -1 1 -1 -1 -1 -1 -1 -1 -1 -1 -1 -1 1 1 1 1 -1 -1 1 -1 -1 1 1 -1 -1 1 1 -1 -1 1 1 1 -1 -1 1 1 -1 -1 1 -1 1 -1 1 -1 1 -1 1 1 1 -1 1 -1 -1 -1 -1 1 1 -1 -1 -1 -1 1 1 1 1 -1 1 1 1 -1 1 -1 1 -1 -1 1 1 -1 -1 1 1 -1 -1 1 1 -1 -1 -1 1 -1 -1 -1 -1 -1 1 -1 1 1 1 -1 1 -1 -1 -1 -1 -1 -1 -1 1 -1 1 -1 1 1 -1 
1 1 -1 -1 1 -1 1 1 -1 -1 -1 1 -1 -1 1 -1 1 1 1 -1 1 -1 -1 -1 -1 -1 1 1 -1 -1 -1 1 -1 -1 1 -1 -1 1 1 1 -1 -1 -1 1 1 -1 1 -1 1 1 -1 -1 -1 1 1 -1 -1 1 1 -1 -1 1 -1 1 -1 -1 -1 1 -1 -1 1 -1 -1 1 1 1 -1 1 -1 1 1 1 1 1 1 -1 1 1 -1 -1 -1 1 -1 1 1 -1 -1 -1 -1 1 -1 -1 -1 1 -1 -1 -1 1 1 1 1 -1 -1 1 1 1 1 1 1 -1 1 -1 1 1 -1 1 1 -1 
-1 1 1 1 -1 -1 -1 1 -1 -1 1 -1 1 1 1 -1 -1 -1 -1 -1 -1 1 -1 -1 1 -1 -1 1 -1 1 -1 -1 1 -1 -1 1 1 1 1 1 -1 -1 -1 1 -1 1 1 1 -1 1 1 1 1 -1 1 1 -1 1 1 1 1 -1 -1 -1 -1 1 1 -1 1 -1 1 1 1 -1 -1 -1 1 1 1 -1 -1 1 -1 1 1 1 -1 1 1 1 -1 1 -1 -1 1 -1 1 1 -1 1 1 1 -1 1 1 -1 -1 -1 1 1 1 -1 1 1 -1 1 1 -1 -1 1 1 1 -1 -1 1 -1 1 -1 
1 1 -1 1 1 1 1 1 1 -1 1 -1 -1 -1 1 -1 1 -1 1 1 -1 1 -1 -1 1 1 -1 1 1 -1 1 1 -1 -1 1 -1 1 1 -1 -1 -1 -1 -1 -1 -1 -1 1 -1 -1 1 1 -1 -1 -1 1 1 -1 -1 1 1 -1 -1 -1 -1 -1 -1 1 -1 1 -1 -1 1 1 -1 1 -1 -1 1 -1 -1 1 1 1 1 -1 -1 1 -1 -1 1 1 -1 1 1 -1 -1 1 -1 -1 -1 1 1 -1 -1 -1 1 1 1 1 -1 1 -1 -1 1 -1 1 1 -1 1 -1 1 -1 -1 1 -1 -1 -1 -1 
-1 1 -1 1 -1 -1 1 -1 -1 1 1 1 -1 1 1 -1 -1 1 1 -1 1 -1 1 -1 -1 1 1 1 -1 1 -1 1 -1 -1 -1 1 -1 -1 -1 -1 1 1 -1 1 1 1 1 -1 1 -1 -1 1 -1 -1 1 -1 -1 1 1 1 1 -1 -1 -1 1 -1 1 -1 1 1 1 -1 1 1 -1 1 1 -1 1 1 -1 1 1 -1 1 1 1 1 1 1 -1 -1 1 -1 -1 -1 -1 1 1 -1 1 -1 1 1 1 1 1 1 -1 -1 -1 1 -1 1 -1 -1 -1 1 1 -1 -1 -1 1 -1 1 -1 1 1 
1 -1 -1 1 -1 -1 -1 1 1 -1 -1 -1 -1 -1 -1 1 1 1 -1 1 1 1 1 -1 -1 1 -1 1 1 1 -1 -1 -1 1 1 1 1 1 -1 -1 1 -1 -1 1 -1 1 -1 -1 -1 -1 1 1 -1 1 -1 -1 1 -1 -1 1 -1 -1 -1 -1 -1 -1 -1 1 -1 1 -1 1 1 -1 -1 1 1 1 1 -1 1 -1 1 -1 1 -1 1 -1 -1 1 -1 1 -1 -1 1 1 -1 1 -1 1 -1 1 1 1 1 1 1 1 1 -1 -1 1 1 -1 -1 -1 -1 -1 1 -1 1 1 -1 1 -1 -1 1 -1 
-1 1 1 1 -1 1 1 1 -1 1 1 -1 1 1 1 -1 1 -1 1 -1 -1 1 1 -1 -1 1 1 -1 -1 -1 -1 -1 1 1 1 1 -1 1 1 -1 -1 -1 -1 -1 -1 1 -1 1 1 -1 -1 -1 -1 -1 1 -1 1 1 1 -1 1 -1 -1 -1 -1 -1 1 1 1 -1 1 -1 -1 -1 -1 -1 1 1 1 -1 -1 1 -1 1 1 1 -1 -1 1 -1 1 -1 1 -1 -1 -1 -1 -1 1 -1 1 1 1 1 1 1 -1 1 1 -1 1 1 1 -1 -1 -1 1 1 -1 1 1 -1 -1 -1 1 1 1 1 
1 1 1 -1 1 1 1 -1 1 -1 1 1 1 -1 1 -1 -1 -1 -1 1 1 -1 1 1 1 -1 1 -1 1 -1 -1 1 -1 1 1 -1 1 -1 -1 -1 -1 -1 -1 1 -1 1 -1 1 1 -1 1 1 1 1 -1 -1 1 -1 -1 -1 -1 -1 -1 1 1 1 1 -1 1 -1 1 -1 -1 1 -1 1 1 -1 1 -1 -1 1 1 -1 1 -1 -1 -1 -1 1 -1 1 -1 -1 -1 -1 1 1 1 -1 1 -1 -1 1 -1 1 -1 -1 -1 1 -1 -1 -1 1 1 1 -1 1 -1 -1 1 -1 1 -1 -1 1 1 -1 
1 1 1 1 -1 1 -1 -1 1 -1 1 1 -1 1 -1 -1 1 -1 1 1 1 1 -1 1 1 1 -1 -1 1 -1 1 1 1 -1 1 -1 -1 -1 1 1 1 1 1 -1 -1 1 -1 -1 1 1 -1 -1 -1 1 -1 1 -1 1 -1 -1 -1 -1 1 -1 1 -1 1 -1 -1 -1 -1 -1 1 -1 -1 1 1 -1 1 1 1 -1 1 -1 1 -1 1 -1 1 1 -1 1 1 -1 1 1 -1 -1 1 -1 1 1 1 -1 1 1 -1 1 -1 -1 -1 -1 1 -1 -1 -1 1 1 -1 -1 1 -1 -1 1 1 1 1 1 
1 -1 -1 -1 -1 -1 1 -1 -1 -1 -1 -1 1 -1 1 1 1 1 1 -1 1 1 -1 -1 -1 1 1 1 -1 -1 1 1 1 -1 -1 1 -1 -1 -1 1 -1 1 -1 1 1 -1 -1 1 -1 -1 1 -1 -1 -1 -1 1 1 -1 1 1 1 -1 1 1 -1 1 -1 1 1 1 -1 -1 1 1 1 -1 -1 1 -1 1 1 -1 1 1 1 1 -1 1 1 1 1 -1 -1 -1 1 1 -1 1 1 1 1 1 1 -1 1 -1 -1 1 1 1 -1 -1 1 -1 -1 1 -1 1 -1 -1 -1 -1 1 -1 -1 1 1 1 
-1 1 1 -1 1 -1 1 1 -1 1 -1 -1 1 1 -1 1 -1 -1 1 1 -1 1 -1 1 1 1 -1 1 -1 -1 -1 1 1 1 1 1 1 -1 -1 1 1 -1 -1 1 1 1 -1 -1 -1 -1 1 1 -1 -1 -1 1 1 1 1 1 -1 -1 1 1 1 1 -1 -1 -1 1 -1 -1 -1 1 -1 1 1 -1 -1 -1 -1 -1 -1 1 -1 -1 1 -1 -1 1 1 1 -1 1 -1 -1 -1 -1 1 1 -1 -1 1 1 -1 -1 -1 -1 1 -1 1 -1 1 1 -1 -1 1 -1 1 1 -1 -1 -1 -1 -1 -1 1 -1 
-1 1 -1 -1 1 1 -1 1 -1 1 -1 1 -1 -1 1 1 -1 1 1 1 1 1 1 -1 1 -1 -1 1 -1 -1 1 1 -1 -1 -1 1 1 -1 -1 1 -1 -1 -1 1 -1 1 1 -1 -1 -1 1 1 -1 -1 -1 -1 -1 -1 -1 -1 1 -1 -1 -1 1 -1 1 1 1 1 1 1 -1 1 1 -1 1 1 1 1 -1 1 1 -1 -1 1 -1 1 1 -1 1 -1 -1 -1 1 -1 -1 1 1 -1 1 1 -1 -1 1 1 -1 1 -1 -1 -1 1 -1 -1 -1 1 -1 -1 -1 -1 1 -1 1 1 -1 -1 1 1 
-1 -1 1 1 1 -1 -1 -1 1 1 1 -1 -1 -1 -1 1 1 1 1 1 -1 -1 -1 -1 -1 1 -1 1 -1 -1 -1 -1 1 -1 1 1 1 -1 -1 1 1 -1 -1 1 -1 1 1 -1 -1 -1 1 1 1 1 -1 -1 1 1 -1 1 -1 1 1 1 1 1 1 -1 -1 -1 1 1 1 1 -1 1 1 1 -1 -1 1 -1 -1 1 1 -1 1 -1 1 -1 -1 -1 1 -1 -1 -1 1 1 -1 1 1 -1 1 -1 1 1 1 -1 -1 1 -1 -1 1 -1 -1 1 -1 1 1 1 1 -1 -1 1 -1 -1 -1 -1 
-1 1 -1 1 1 1 1 1 1 1 -1 1 1 1 -1 -1 1 -1 1 1 -1 -1 -1 1 1 1 1 1 -1 1 -1 -1 -1 -1 -1 1 -1 -1 -1 -1 1 -1 -1 -1 1 -1 -1 -1 1 -1 1 1 1 -1 -1 1 1 -1 1 -1 -1 -1 -1 1 1 -1 -1 -1 -1 1 1 1 1 -1 1 -1 -1 -1 -1 1 1 1 -1 1 -1 -1 -1 -1 -1 -1 1 -1 -1 -1 -1 -1 1 1 -1 -1 1 -1 -1 -1 1 -1 1 1 -1 1 1 1 1 -1 1 -1 1 1 -1 -1 1 -1 -1 -1 -1 -1 1 -1 
1 1 -1 1 -1 -1 -1 -1 1 1 1 1 -1 -1 -1 -1 1 -1 1 1 1 -1 -1 -1 -1 1 -1 -1 1 1 -1 -1 1 -1 1 1 1 -1 1 1 1 1 -1 -1 -1 1 -1 1 1 1 -1 1 1 -1 -1 -1 1 1 1 -1 1 -1 -1 -1 1 1 -1 1 1 1 -1 -1 -1 -1 1 -1 -1 1 1 1 -1 1 1 -1 -1 1 -1 -1 1 1 -1 1 -1 -1 1 1 -1 -1 1 1 -1 1 -1 1 -1 1 1 1 1 -1 -1 1 -1 -1 -1 -1 1 -1 1 1 -1 -1 1 1 -1 1 1 1 
1 1 1 -1 1 -1 -1 1 1 -1 -1 -1 1 -1 1 1 1 1 -1 1 1 -1 1 1 -1 -1 -1 1 1 1 -1 -1 -1 1 -1 1 -1 1 1 1 1 1 1 1 1 -1 1 1 1 -1 -1 1 1 -1 -1 1 1 1 1 -1 1 1 1 -1 -1 1 -1 1 -1 1 -1 1 1 1 1 -1 1 1 -1 1 -1 -1 -1 -1 -1 1 -1 -1 1 1 -1 -1 -1 -1 1 -1 1 -1 -1 1 -1 1 -1 -1 1 1 1 -1 -1 1 1 1 1 1 -1 1 -1 1 1 1 1 -1 -1 -1 1 -1 1 1 
1 1 -1 -1 -1 -1 -1 -1 1 1 -1 1 -1 -1 -1 -1 -1 -1 -1 -1 1 1 1 1 1 1 -1 -1 -1 1 -1 -1 -1 1 1 -1 -1 1 1 -1 -1 1 1 -1 1 1 1 1 -1 1 1 1 -1 -1 -1 -1 1 -1 -1 1 1 1 1 -1 -1 1 -1 1 1 1 1 -1 1 1 -1 1 -1 -1 1 -1 1 -1 1 1 -1 -1 -1 1 -1 -1 -1 -1 1 1 -1 1 -1 1 -1 1 1 1 1 1 -1 1 -1 1 1 -1 1 1 1 1 -1 1 1 1 -1 -1 1 1 1 -1 1 -1 -1 1 
-1 -1 1 -1 1 1 1 -1 -1 -1 1 -1 1 -1 1 1 -1 1 1 1 1 -1 1 -1 1 1 1 1 -1 -1 -1 -1 -1 1 1 -1 1 1 1 -1 1 -1 1 -1 1 -1 -1 -1 1 1 -1 1 1 1 -1 -1 1 1 -1 -1 -1 1 1 1 1 1 -1 1 1 1 1 1 -1 1 -1 -1 -1 1 -1 1 1 -1 1 -1 1 1 -1 1 -1 1 -1 1 1 1 -1 -1 1 1 1 -1 -1 1 -1 1 1 -1 -1 -1 1 -1 -1 -1 -1 1 -1 1 -1 -1 1 1 1 1 -1 1 1 1 1 -1 
1 1 1 1 -1 -1 1 1 -1 1 -1 1 1 1 -1 -1 -1 1 -1 1 -1 -1 -1 -1 1 -1 -1 1 -1 -1 1 1 -1 1 -1 -1 -1 -1 -1 1 -1 1 -1 1 -1 -1 1 -1 1 1 1 1 1 -1 -1 -1 1 -1 -1 1 1 1 -1 1 1 1 1 1 -1 -1 -1 -1 1 -1 1 -1 -1 1 -1 -1 -1 -1 -1 -1 1 -1 1 1 1 1 1 1 -1 -1 1 -1 -1 1 1 1 1 -1 -1 1 1 1 1 -1 -1 1 1 -1 1 -1 1 1 1 -1 1 -1 -1 -1 -1 -1 1 1 -1 -1 
1 1 1 1 1 -1 1 1 -1 -1 1 -1 1 -1 -1 -1 1 -1 -1 1 -1 -1 -1 -1 1 -1 -1 1 1 -1 1 1 1 1 1 -1 -1 -1 -1 -1 -1 -1 1 -1 -1 -1 -1 1 1 -1 1 1 -1 1 -1 -1 1 -1 -1 1 1 -1 1 1 -1 1 1 -1 1 1 1 -1 -1 1 1 -1 1 -1 -1 1 -1 1 1 -1 -1 1 -1 -1 -1 1 1 -1 1 -1 1 1 1 -1 1 1 -1 -1 1 1 -1 -1 -1 1 -1 1 -1 1 -1 1 -1 1 1 -1 -1 -1 -1 -1 -1 1 1 1 -1 1 
1 -1 -1 -1 1 1 1 1 1 -1 -1 1 -1 -1 -1 1 -1 -1 -1 -1 -1 -1 1 -1 1 -1 -1 -1 1 1 -1 -1 1 -1 -1 -1 -1 1 -1 -1 1 -1 1 -1 -1 -1 1 -1 1 -1 1 1 -1 1 -1 -1 -1 1 1 -1 1 1 -1 -1 1 -1 -1 1 1 1 1 1 1 -1 -1 1 1 1 1 -1 -1 -1 1 1 1 -1 1 1 1 1 -1 1 1 1 -1 -1 1 -1 1 -1 1 1 1 1 1 -1 -1 1 -1 -1 1 -1 -1 -1 1 -1 -1 -1 1 -1 -1 -1 -1 1 -1 1 1 -1 
1 1 1 -1 1 1 1 -1 -1 -1 -1 1 1 -1 -1 1 1 -1 -1 -1 -1 1 1 -1 -1 1 1 -1 1 1 1 -1 -1 -1 1 -1 1 -1 1 -1 -1 -1 -1 1 1 1 1 1 1 -1 1 -1 1 1 -1 -1 1 -1 1 1 1 -1 1 -1 -1 1 1 -1 1 -1 -1 1 -1 -1 -1 -1 1 1 1 -1 1 -1 1 1 -1 1 1 -1 1 1 -1 1 -1 -1 1 1 1 1 -1 -1 1 -1 1 -1 1 -1 1 -1 -1 -1 1 1 -1 -1 -1 -1 -1 1 1 1 -1 1 1 1 -1 1 1 -1 
-1 1 1 -1 1 -1 1 -1 -1 -1 1 -1 1 -1 1 -1 1 1 -1 1 1 -1 -1 -1 1 -1 1 1 -1 1 -1 1 -1 1 -1 1 1 -1 1 -1 -1 -1 -1 -1 -1 1 -1 -1 1 -1 1 -1 1 -1 1 -1 -1 1 -1 1 -1 1 -1 -1 -1 1 1 1 1 1 1 -1 -1 1 -1 -1 -1 -1 1 1 -1 -1 -1 -1 1 1 1 -1 1 1 1 -1 1 -1 -1 -1 1 -1 -1 1 1 1 1 1 1 -1 1 -1 -1 1 1 1 1 -1 1 -1 -1 1 -1 -1 1 1 1 -1 -1 -1 1 -1 
1 1 1 1 1 -1 1 -1 1 -1 -1 -1 -1 1 1 1 -1 -1 1 1 1 -1 1 -1 1 1 -1 -1 1 1 1 -1 -1 1 1 -1 1 -1 -1 -1 -1 -1 -1 -1 -1 1 1 -1 -1 -1 -1 1 -1 -1 1 1 1 1 1 -1 1 1 1 -1 -1 1 -1 -1 -1 -1 1 1 -1 1 1 1 -1 -1 1 -1 -1 1 1 -1 1 1 1 1 -1 -1 1 -1 -1 -1 1 -1 1 1 1 1 1 -1 1 -1 -1 1 1 -1 1 1 1 -1 -1 1 -1 1 1 -1 -1 -1 -1 -1 1 1 -1 -1 1 1 
-1 1 1 1 -1 1 1 -1 -1 -1 -1 1 -1 -1 -1 -1 -1 -1 -1 -1 -1 1 1 -1 1 1 -1 1 1 1 1 1 1 1 -1 1 -1 -1 -1 -1 1 1 -1 -1 1 1 -1 1 1 -1 -1 -1 1 1 -1 -1 1 1 -1 -1 1 -1 -1 1 1 1 1 -1 -1 1 -1 -1 -1 1 1 1 -1 -1 -1 -1 -1 -1 1 -1 1 1 1 -1 1 1 -1 1 1 1 -1 1 -1 1 1 -1 1 1 1 -1 1 1 1 1 1 -1 1 1 -1 -1 -1 1 -1 1 -1 -1 1 -1 1 1 -1 1 -1 -1 
-1 1 1 1 1 1 1 1 1 1 -1 -1 1 1 1 -1 1 1 -1 -1 1 -1 1 -1 -1 1 -1 1 -1 1 1 -1 1 -1 -1 -1 -1 -1 -1 1 1 1 -1 -1 1 -1 1 1 1 1 -1 1 -1 -1 1 -1 1 -1 -1 1 1 1 1 1 -1 1 -1 -1 1 1 -1 -1 1 -1 1 1 -1 1 -1 -1 -1 -1 -1 1 1 1 1 1 1 -1 -1 1 1 -1 1 1 1 -1 1 -1 -1 -1 -1 1 1 -1 1 1 1 1 -1 1 1 1 1 -1 1 1 1 -1 1 1 1 -1 1 -1 1 -1 
1 1 -1 1 1 1 1 -1 1 1 -1 1 -1 -1 -1 1 1 -1 -1 1 -1 1 -1 1 1 1 1 1 1 1 1 1 -1 -1 1 -1 1 1 1 -1 -1 -1 -1 -1 -1 1 -1 -1 -1 1 -1 -1 1 -1 -1 1 -1 1 1 1 -1 1 -1 -1 -1 1 -1 1 1 -1 -1 -1 -1 1 1 -1 -1 -1 1 -1 -1 -1 -1 1 1 1 -1 -1 -1 -1 -1 -1 1 1 1 1 -1 -1 1 -1 -1 1 1 1 1 1 -1 -1 1 -1 -1 1 -1 -1 1 -1 1 -1 1 -1 -1 -1 1 1 -1 1 1 -1 
1 -1 1 1 -1 1 -1 -1 1 -1 1 1 -1 1 -1 1 1 1 -1 -1 1 1 1 1 1 1 1 1 -1 1 -1 1 -1 1 1 1 -1 -1 1 1 -1 1 1 -1 -1 -1 -1 1 1 1 -1 -1 1 -1 -1 -1 1 -1 -1 -1 -1 1 1 1 -1 -1 1 -1 1 1 -1 -1 -1 1 -1 1 -1 -1 -1 -1 1 1 -1 1 1 1 1 -1 1 1 -1 1 -1 1 1 -1 1 -1 -1 1 1 -1 -1 -1 1 1 -1 -1 -1 -1 1 1 1 1 1 -1 1 -1 -1 1 1 -1 1 1 -1 1 -1 -1 
1 1 -1 -1 -1 -1 -1 1 1 -1 1 -1 1 1 1 1 1 -1 1 -1 -1 -1 -1 1 -1 -1 -1 -1 1 -1 1 1 1 1 -1 -1 -1 1 -1 -1 -1 1 1 -1 -1 1 -1 -1 -1 1 -1 1 1 1 1 -1 1 1 1 -1 1 1 1 -1 -1 -1 1 -1 1 -1 -1 -1 1 -1 1 -1 1 -1 1 -1 -1 1 1 1 -1 1 1 -1 -1 1 1 -1 -1 -1 1 -1 1 1 -1 -1 -1 -1 -1 1 1 1 1 -1 -1 1 -1 -1 -1 -1 -1 -1 1 -1 1 1 1 -1 -1 -1 1 1 1 1 
-1 1 1 -1 -1 -1 -1 -1 -1 1 -1 1 -1 1 -1 -1 -1 1 1 -1 1 1 1 -1 -1 1 1 -1 -1 -1 -1 -1 -1 -1 1 -1 1 1 1 1 -1 -1 1 1 1 1 -1 1 -1 1 1 1 1 -1 -1 -1 1 -1 -1 1 -1 -1 1 1 -1 1 1 -1 1 1 1 -1 1 -1 -1 -1 1 -1 1 -1 1 1 1 -1 -1 -1 -1 1 -1 1 -1 -1 1 1 -1 1 -1 -1 1 1 -1 -1 1 1 -1 1 -1 -1 1 1 1 1 -1 1 1 -1 -1 -1 -1 -1 -1 1 1 -1 1 -1 1 -1 
-1 1 -1 1 1 1 1 -1 1 1 1 -1 -1 1 -1 1 1 -1 1 -1 1 1 1 1 1 -1 1 1 1 1 -1 1 1 -1 -1 -1 -1 -1 -1 -1 1 -1 -1 1 1 -1 1 1 1 -1 1 1 -1 -1 -1 -1 -1 -1 1 -1 1 -1 -1 1 1 1 -1 -1 1 1 1 -1 1 1 -1 1 1 -1 1 -1 1 1 1 1 -1 -1 1 -1 -1 -1 1 -1 -1 1 -1 1 1 -1 1 -1 1 1 1 1 1 -1 -1 1 -1 1 -1 1 1 1 -1 -1 -1 1 -1 -1 -1 1 -1 1 -1 1 -1 -1 
1 -1 1 -1 -1 1 1 -1 -1 1 1 1 1 -1 1 -1 1 -1 -1 1 1 -1 1 -1 1 1 -1 1 1 -1 -1 1 -1 -1 1 1 -1 -1 1 -1 -1 1 1 -1 -1 1 1 1 -1 1 1 1 1 -1 -1 -1 1 1 1 1 1 1 -1 -1 -1 -1 1 1 1 -1 1 1 1 1 1 -1 1 1 -1 1 1 -1 -1 -1 1 1 1 -1 -1 -1 -1 1 -1 1 1 1 1 -1 -1 1 -1 1 1 -1 1 1 1 1 -1 1 1 1 1 1 -1 -1 1 1 1 -1 -1 -1 1 1 -1 1 -1 -1 
1 1 1 1 -1 -1 1 1 -1 -1 -1 -1 1 1 -1 1 1 1 -1 -1 1 -1 -1 -1 -1 -1 1 -1 -1 1 -1 1 1 -1 -1 1 1 1 -1 1 1 1 1 1 -1 -1 -1 1 1 1 1 1 1 -1 -1 1 -1 1 -1 -1 1 -1 1 1 -1 1 -1 -1 1 1 1 -1 -1 1 1 -1 -1 1 -1 1 -1 -1 1 -1 -1 1 1 -1 1 1 1 -1 1 1 -1 1 1 -1 1 -1 -1 -1 1 -1 -1 1 -1 1 -1 -1 1 1 -1 1 1 -1 1 1 -1 -1 -1 1 1 1 1 -1 1 1 
1 -1 1 -1 -1 -1 -1 1 -1 1 1 -1 1 1 -1 1 1 -1 -1 -1 1 1 1 -1 1 -1 -1 1 1 -1 1 1 -1 -1 1 -1 1 1 -1 -1 -1 1 -1 -1 1 -1 -1 -1 1 1 -1 1 -1 -1 1 -1 -1 1 1 -1 1 1 1 -1 1 -1 1 -1 1 -1 1 -1 1 1 -1 -1 -1 1 1 -1 1 1 1 1 1 -1 -1 1 -1 -1 1 -1 -1 -1 -1 1 1 1 -1 1 -1 -1 -1 1 -1 1 -1 1 -1 1 1 1 1 -1 -1 1 1 1 1 1 -1 -1 1 -1 1 1 1 1 
-1 1 1 -1 -1 1 1 -1 1 -1 1 -1 -1 1 1 -1 1 -1 1 -1 -1 1 -1 1 1 1 1 -1 -1 1 -1 1 -1 1 1 -1 -1 -1 1 -1 1 -1 -1 -1 -1 -1 -1 1 1 -1 -1 -1 1 1 -1 1 -1 1 1 -1 -1 1 -1 1 -1 -1 1 1 1 -1 -1 1 1 -1 -1 1 -1 -1 1 -1 -1 1 -1 -1 -1 -1 -1 1 -1 -1 -1 -1 -1 1 -1 -1 -1 -1 1 -1 1 -1 1 -1 -1 1 1 1 -1 1 -1 -1 1 -1 -1 1 -1 1 1 -1 -1 -1 -1 -1 -1 1 1 1 
-1 -1 -1 -1 1 -1 -1 -1 1 1 1 -1 -1 -1 -1 1 1 -1 1 -1 -1 1 1 -1 1 -1 -1 -1 -1 -1 1 -1 1 1 1 -1 -1 1 -1 1 -1 -1 -1 1 1 -1 1 -1 -1 -1 -1 -1 -1 -1 -1 1 -1 -1 -1 -1 1 -1 -1 -1 -1 -1 -1 -1 1 -1 -1 -1 -1 1 -1 1 -1 -1 -1 -1 -1 1 1 1 -1 -1 -1 1 -1 1 -1 1 1 -1 -1 1 1 1 1 1 -1 -1 -1 1 1 -1 -1 -1 -1 -1 -1 -1 -1 1 1 1 -1 -1 -1 1 1 1 -1 -1 1 1 1 1 
1 1 1 1 1 -1 -1 -1 -1 1 -1 -1 -1 -1 -1 1 -1 1 -1 -1 -1 1 1 1 -1 1 1 1 1 -1 -1 1 -1 -1 1 -1 1 1 1 1 1 -1 -1 1 -1 -1 1 1 -1 1 -1 1 -1 1 -1 -1 -1 1 -1 -1 1 1 1 -1 1 1 -1 1 -1 -1 1 1 1 1 -1 -1 1 -1 1 -1 -1 1 1 1 -1 -1 1 -1 1 -1 1 -1 -1 1 1 -1 1 -1 1 1 -1 -1 -1 1 -1 1 1 1 1 -1 -1 1 1 1 -1 -1 -1 -1 -1 -1 -1 -1 -1 1 1 -1 1 1 
-1 -1 1 -1 -1 -1 -1 1 1 -1 -1 1 1 -1 1 -1 1 -1 -1 1 1 -1 -1 -1 1 1 1 -1 1 -1 1 1 -1 -1 1 1 -1 1 1 1 -1 1 -1 1 1 1 1 -1 -1 -1 -1 1 1 1 -1 -1 -1 -1 1 -1 -1 1 -1 1 1 1 -1 -1 -1 1 -1 -1 1 1 -1 1 1 -1 -1 -1 -1 1 -1 -1 1 -1 1 1 1 1 -1 -1 1 1 -1 1 1 -1 -1 -1 -1 1 1 -1 1 1 -1 -1 -1 -1 1 1 1 1 1 -1 -1 -1 1 -1 1 -1 1 1 1 -1 1 1 
-1 1 -1 -1 1 -1 -1 1 -1 -1 -1 1 -1 -1 -1 -1 -1 -1 -1 -1 -1 -1 1 1 1 -1 1 -1 -1 -1 1 1 1 -1 1 1 1 1 1 -1 -1 -1 1 -1 -1 1 1 1 1 1 -1 1 1 -1 -1 1 -1 1 1 1 1 1 -1 1 -1 -1 1 1 1 -1 -1 -1 -1 -1 -1 -1 1 -1 1 -1 -1 1 -1 1 1 1 -1 -1 -1 -1 1 -1 1 -1 1 1 -1 1 1 -1 1 1 -1 -1 -1 1 1 -1 1 -1 -1 1 -1 1 1 -1 -1 1 -1 -1 1 -1 1 -1 1 -1 -1 1 
1 -1 1 -1 1 1 1 -1 -1 1 1 1 -1 -1 1 1 -1 1 1 -1 -1 1 1 1 1 -1 1 1 -1 1 1 -1 -1 -1 1 -1 1 -1 1 1 1 1 -1 -1 -1 1 1 1 1 1 -1 -1 1 -1 -1 1 -1 1 -1 1 -1 1 1 -1 1 1 1 1 1 1 -1 1 -1 1 1 -1 -1 -1 1 1 -1 -1 1 -1 -1 -1 1 -1 -1 -1 1 -1 1 -1 1 1 -1 1 -1 -1 -1 1 -1 -1 -1 -1 -1 1 1 -1 -1 -1 -1 1 -1 1 -1 -1 -1 1 -1 -1 1 1 -1 1 -1 1 
1 1 -1 1 -1 -1 -1 1 1 -1 1 1 1 1 -1 -1 1 1 1 1 -1 1 -1 -1 -1 -1 -1 -1 -1 1 -1 -1 1 1 1 1 -1 -1 1 1 -1 -1 -1 -1 -1 1 -1 -1 -1 1 -1 1 1 -1 -1 -1 -1 -1 1 -1 1 1 -1 -1 1 1 -1 1 -1 1 1 1 1 -1 -1 -1 -1 -1 1 -1 -1 1 1 1 -1 1 1 1 1 -1 -1 1 1 1 -1 1 1 1 -1 -1 -1 -1 1 -1 1 1 -1 1 1 -1 -1 -1 -1 -1 -1 1 -1 1 1 -1 1 1 1 1 -1 1 -1 1 
-1 -1 1 -1 1 1 1 -1 -1 1 1 -1 1 -1 1 1 -1 1 -1 -1 -1 -1 -1 1 1 1 1 1 -1 1 -1 -1 1 1 -1 -1 1 1 -1 -1 -1 -1 1 -1 1 1 1 1 -1 1 -1 -1 -1 -1 -1 1 -1 -1 -1 -1 1 1 1 -1 1 -1 -1 -1 1 1 -1 1 -1 1 1 1 1 1 -1 1 1 -1 1 -1 -1 1 -1 -1 -1 -1 -1 -1 -1 -1 -1 -1 1 1 -1 -1 -1 1 1 -1 -1 1 -1 -1 -1 1 1 -1 1 -1 -1 1 -1 -1 -1 -1 1 1 1 1 -1 1 -1 1 
1 -1 1 1 -1 -1 1 -1 1 1 1 -1 -1 -1 -1 1 -1 -1 -1 1 -1 1 1 1 -1 1 -1 1 1 -1 1 1 -1 1 -1 -1 -1 1 -1 1 -1 -1 1 -1 1 1 1 -1 -1 -1 1 -1 1 -1 -1 -1 -1 -1 -1 -1 1 1 -1 -1 1 1 -1 -1 1 1 1 -1 -1 -1 -1 -1 1 -1 -1 -1 -1 1 -1 -1 1 -1 -1 1 -1 1 -1 1 -1 -1 1 -1 1 -1 -1 -1 -1 1 1 1 1 1 1 1 -1 1 -1 1 1 1 -1 -1 -1 1 1 1 1 1 1 1 1 -1 -1 1 
1 1 1 -1 1 -1 -1 -1 -1 -1 1 -1 -1 -1 1 1 1 -1 -1 -1 -1 -1 -1 1 -1 -1 1 -1 1 -1 -1 -1 -1 1 1 1 1 1 1 -1 -1 -1 -1 1 -1 1 -1 -1 -1 1 -1 1 -1 -1 1 -1 -1 -1 -1 -1 -1 1 -1 1 1 1 1 1 -1 1 -1 -1 1 -1 1 -1 -1 1 -1 1 1 1 -1 1 -1 1 -1 -1 1 -1 -1 1 1 -1 1 -1 -1 1 -1 1 1 1 -1 1 1 -1 1 1 -1 -1 1 1 1 -1 -1 -1 1 1 -1 1 1 1 1 -1 1 -1 -1 -1 
1 1 1 -1 1 1 -1 -1 1 1 1 -1 1 -1 -1 1 -1 -1 -1 1 1 -1 -1 1 1 -1 -1 -1 1 -1 1 -1 1 1 1 -1 -1 1 -1 -1 -1 -1 -1 -1 1 1 -1 -1 1 1 1 -1 -1 1 -1 -1 -1 -1 -1 1 1 1 -1 1 -1 -1 1 -1 -1 1 1 -1 -1 -1 1 -1 1 -1 -1 1 -1 -1 1 -1 1 -1 1 -1 1 -1 -1 -1 -1 -1 -1 1 1 1 1 1 -1 -1 -1 -1 -1 1 -1 -1 1 1 -1 -1 1 1 -1 1 1 1 1 -1 -1 -1 1 1 -1 1 1 1 
1 1 1 -1 1 1 1 1 1 1 -1 -1 1 1 1 -1 1 -1 1 -1 -1 1 -1 1 -1 -1 1 -1 -1 1 -1 1 -1 -1 -1 -1 -1 -1 -1 1 1 -1 -1 1 -1 -1 1 1 -1 1 -1 1 -1 1 -1 -1 1 1 -1 -1 1 -1 1 1 1 1 -1 1 -1 -1 -1 1 1 -1 -1 1 -1 1 -1 1 1 1 -1 -1 -1 -1 1 1 1 1 -1 -1 -1 -1 1 -1 -1 1 1 1 1 1 -1 -1 1 -1 1 1 1 -1 1 1 -1 1 1 1 -1 -1 -1 1 1 1 -1 -1 1 -1 -1 1 
-1 -1 -1 -1 -1 1 1 -1 1 -1 1 1 -1 1 -1 1 -1 -1 -1 1 1 -1 -1 1 -1 1 1 1 1 1 -1 -1 1 1 -1 1 -1 -1 1 -1 -1 1 -1 1 1 -1 1 -1 1 -1 -1 -1 -1 1 1 -1 1 1 1 1 -1 1 -1 -1 -1 1 1 -1 1 1 1 -1 1 -1 1 -1 1 -1 -1 1 1 1 1 -1 1 1 1 1 1 1 1 1 -1 1 1 1 -1 1 -1 -1 1 1 1 1 -1 1 1 -1 1 1 -1 -1 1 1 1 1 1 1 -1 -1 -1 -1 -1 -1 1 -1 -1 -1 
-1 -1 -1 -1 -1 -1 1 -1 -1 -1 1 1 -1 1 -1 -1 1 -1 1 -1 -1 1 1 -1 1 -1 -1 -1 1 1 -1 1 -1 -1 -1 -1 1 -1 1 1 -1 -1 -1 1 -1 1 -1 1 1 -1 1 1 -1 -1 -1 -1 1 1 1 1 -1 -1 1 1 1 -1 -1 -1 -1 1 -1 -1 -1 -1 -1 -1 1 -1 -1 1 -1 -1 -1 -1 1 -1 1 -1 1 1 -1 1 -1 -1 1 1 1 -1 -1 1 -1 -1 -1 1 -1 -1 -1 -1 1 -1 -1 -1 1 1 1 1 1 1 1 1 1 1 1 -1 1 1 -1 -1 