16
96 55 65 22 18 5 42 62 32 10 50 71 68 55 36 54 
75 86 69 32 65 1 88 81 21 65 38 12 66 42 1 76 
18 78 1 57 37 94 59 41 75 50 54 24 71 3 51 83 
44 63 88 3 59 43 52 36 47 7 54 45 87 10 65 62 
86 50 51 97 73 78 2 90 74 33 18 72 31 53 19 61 
1 43 53 10 22 98 99 68 71 13 6 68 56 17 30 11 
87 83 85 14 13 22 65 11 17 1 88 69 57 37 61 58 
95 82 40 58 32 15 1 14 76 53 29 35 49 70 84 20 
55 66 46 48 80 59 91 26 75 55 34 17 62 35 26 42 
28 47 19 78 46 90 87 96 46 88 57 89 67 72 40 65 
3 72 2 84 58 98 62 20 17 96 8 51 43 39 86 83 
36 100 71 48 32 8 43 2 64 50 25 34 12 37 97 35 
54 68 19 87 62 80 23 14 6 70 71 80 91 32 34 73 
2 32 12 88 58 45 91 42 29 54 70 87 98 1 76 44 
84 53 58 89 75 25 10 2 83 10 38 12 96 93 63 85 
21 80 54 69 89 57 3 51 61 86 2 52 63 9 97 83 
1 -1 1 1 1 1 -1 -1 -1 -1 -1 -1 -1 1 -1 -1 
-1 -1 1 1 1 1 1 -1 -1 1 1 1 -1 1 -1 1 
1 1 -1 -1 -1 -1 -1 -1 1 -1 -1 -1 -1 1 1 -1 
1 1 -1 -1 1 -1 1 -1 1 -1 -1 1 1 1 1 -1 
1 1 -1 1 1 1 1 1 -1 1 -1 1 -1 -1 -1 1 
1 1 -1 -1 1 -1 1 -1 -1 1 1 1 1 1 1 1 
-1 1 -1 1 1 1 1 1 1 -1 1 1 -1 1 -1 1 
-1 -1 -1 -1 1 -1 1 1 -1 -1 1 -1 -1 -1 -1 -1 
-1 -1 1 1 -1 -1 1 -1 -1 -1 1 1 1 -1 -1 -1 
-1 1 -1 -1 1 1 -1 -1 -1 -1 -1 -1 -1 1 -1 -1 
-1 1 -1 -1 -1 1 1 1 1 -1 1 1 -1 1 1 -1 
-1 1 -1 1 1 1 1 -1 1 -1 1 1 -1 -1 1 1 
-1 -1 -1 1 -1 1 -1 -1 1 -1 -1 -1 -1 -1 -1 1 
1 1 1 1 -1 1 1 -1 -1 1 1 -1 -1 -1 -1 1 
-1 -1 1 1 -1 1 -1 -1 -1 -1 1 1 -1 -1 -1 -1 
-1 1 -1 -1 1 1 1 -1 -1 -1 -1 1 1 1 -1 -1 