64 -64 64 396 12536
41 59 17 28 86 7 37 35 33 22 46 6 33 86 44 30 97 97 95 98 28 25 22 68 65 89 36 94 20 67 24 2 18 100 71 42 41 77 100 3 88 46 12 40 97 16 69 49 99 36 40 98 63 56 7 19 31 10 67 6 79 91 88 77 
99 100 72 89 92 78 81 91 80 95 24 46 13 10 74 2 49 1 92 91 4 49 73 11 43 47 44 56 79 7 9 3 60 75 48 10 2 53 79 38 35 97 99 78 73 9 55 75 98 49 73 78 81 32 12 36 94 86 59 16 32 27 100 79 
48 10 95 34 24 5 64 57 98 4 34 31 26 71 29 77 55 63 82 24 76 50 67 26 59 72 51 94 81 84 68 70 93 9 100 70 10 26 66 12 100 52 1 31 95 89 15 20 61 35 54 3 6 2 27 35 71 30 73 93 22 24 83 53 
27 67 46 62 36 45 56 91 96 84 67 58 89 1 10 53 44 23 13 7 64 82 27 33 81 96 34 87 9 69 13 52 65 14 33 41 63 1 26 97 69 66 11 50 86 60 97 18 76 53 52 31 8 79 71 12 86 71 38 4 13 60 26 35 
29 49 85 46 19 7 5 22 40 42 5 68 2 71 95 66 77 38 70 31 41 28 36 98 9 29 36 4 12 31 1 43 29 16 90 24 78 33 99 47 35 33 74 40 91 71 29 94 78 66 14 10 41 60 98 82 32 43 68 69 81 49 46 27 
56 87 79 44 53 58 36 21 49 92 83 5 52 44 86 23 2 13 75 61 43 3 85 73 4 27 97 89 37 82 34 28 92 20 55 26 84 83 32 43 61 40 32 97 90 54 32 20 5 68 66 47 28 25 9 86 78 29 78 48 46 97 57 26 
20 20 55 42 16 83 25 12 75 97 33 86 69 88 89 60 71 49 83 49 83 24 72 43 72 91 78 32 85 4 95 39 73 21 65 38 45 33 59 22 53 85 70 74 95 8 62 24 32 12 7 62 73 98 65 77 40 49 67 35 62 38 16 28 
49 76 59 36 3 26 30 47 97 13 40 59 37 4 68 90 55 64 52 72 76 88 91 73 87 8 23 59 94 85 16 79 78 53 79 79 6 77 53 25 51 27 49 23 22 51 85 11 91 26 14 10 81 84 80 78 19 20 44 6 64 2 66 55 
35 10 30 98 90 18 42 41 72 25 30 11 11 41 56 18 81 11 8 44 21 53 49 45 11 67 97 82 30 64 46 24 80 89 50 26 9 86 59 24 43 90 29 52 16 84 80 82 90 72 69 36 20 81 98 68 32 62 87 56 59 77 75 49 
78 98 86 67 37 8 60 48 59 66 63 32 78 5 75 90 45 39 70 99 79 70 90 88 55 68 20 10 46 68 36 4 89 52 14 81 37 96 92 98 70 17 12 69 65 13 76 63 91 27 23 17 68 92 36 52 16 16 8 40 68 16 57 57 
22 40 64 51 76 23 4 8 83 20 59 16 79 35 97 32 99 79 97 63 50 13 95 69 83 89 36 53 95 40 22 88 18 98 71 23 98 85 64 84 58 93 85 13 46 18 41 25 78 22 81 90 79 59 3 50 10 39 20 15 53 11 56 76 
67 19 81 36 51 1 70 17 9 61 11 87 45 71 57 48 78 87 98 13 74 76 32 78 10 97 92 21 55 6 36 67 44 20 83 73 3 95 23 14 31 30 34 87 73 96 1 84 47 87 28 63 82 100 70 5 7 46 24 65 31 96 68 31 
15 40 81 70 64 16 58 78 17 41 48 5 33 82 72 92 7 44 68 18 4 62 81 69 85 20 32 18 86 20 2 13 66 41 64 4 61 96 86 79 26 67 100 35 6 45 100 92 74 31 13 20 80 55 11 90 30 43 38 81 81 1 72 46 
68 48 87 74 26 67 96 1 87 66 54 69 64 17 65 23 75 51 23 14 50 99 73 100 90 99 91 31 48 7 21 80 23 98 54 4 73 44 6 25 76 69 93 90 75 13 30 56 31 75 26 59 96 8 43 23 7 10 69 5 65 13 28 68 
1 19 65 1 93 13 11 64 48 43 4 59 27 52 92 94 26 74 53 54 45 16 17 61 39 7 37 63 43 61 79 8 65 73 83 99 19 90 20 7 92 76 11 22 58 86 72 12 35 100 70 56 18 10 98 94 85 32 37 75 88 32 35 97 
38 11 60 50 48 68 58 100 36 26 51 61 33 71 1 46 36 36 20 18 3 77 26 47 13 91 38 59 65 19 19 92 67 16 49 70 62 52 98 29 32 100 80 1 50 74 58 20 54 89 98 1 88 11 4 48 79 39 96 81 77 2 33 67 
94 20 22 67 79 48 70 44 93 1 64 46 21 25 89 36 91 57 92 100 64 3 44 88 57 39 80 80 51 44 84 9 73 25 32 29 90 35 44 8 96 4 32 64 17 36 95 30 71 92 76 78 31 22 21 9 32 30 10 5 65 80 64 23 
28 96 79 16 54 94 82 32 32 10 68 71 65 37 49 75 38 51 81 41 80 40 54 22 65 82 42 5 65 74 25 58 79 70 33 83 9 57 42 58 40 34 60 23 16 58 6 12 52 6 14 72 66 13 42 79 76 60 65 85 11 74 96 52 
6 50 72 20 71 19 3 55 53 42 28 15 59 54 20 86 96 69 74 12 22 70 23 2 19 75 32 72 32 20 15 78 29 46 59 45 80 12 58 28 64 18 46 31 8 59 78 83 14 92 20 76 73 74 26 53 12 6 90 63 12 27 77 68 
37 6 5 39 90 62 90 96 10 89 38 23 15 94 17 95 99 52 57 32 57 7 39 30 80 52 38 13 43 43 77 77 33 13 81 90 82 78 54 26 55 90 23 38 24 60 82 37 81 1 48 5 29 8 55 11 100 3 5 33 51 77 3 45 
95 46 14 5 21 36 53 88 21 46 87 39 87 69 64 4 36 53 44 74 62 39 77 32 100 23 86 16 76 51 98 19 84 34 99 41 2 6 91 35 58 95 89 95 38 30 69 98 89 1 97 82 78 6 65 51 18 57 85 39 14 11 44 9 
8 78 98 98 79 25 44 45 50 55 95 66 14 23 70 16 34 27 9 24 1 94 53 64 59 94 11 43 23 11 91 30 86 6 35 27 94 62 75 51 56 21 75 51 74 30 11 92 8 24 72 47 68 83 3 47 11 63 12 64 96 14 9 3 
20 37 4 39 29 21 20 84 31 98 76 79 13 84 8 54 53 10 81 32 92 61 13 16 67 4 21 86 18 47 25 96 92 32 6 7 88 48 3 46 70 36 17 98 86 14 4 55 38 85 23 87 17 31 70 9 87 56 36 1 33 63 3 1 
97 20 25 9 86 82 43 3 79 75 53 57 42 63 83 18 96 7 43 29 15 50 17 27 62 37 99 70 97 90 49 46 28 73 45 23 65 27 14 90 70 57 44 51 73 49 10 71 79 21 3 75 57 99 82 48 64 53 20 50 66 52 6 89 
14 98 66 47 27 39 100 93 80 41 85 47 70 27 97 69 62 66 21 62 14 28 50 44 35 45 86 74 84 97 31 100 63 42 23 39 60 60 100 38 30 70 51 58 62 81 94 52 47 96 41 50 27 97 43 66 21 42 8 49 94 92 49 43 
93 63 46 35 99 55 78 9 39 24 16 85 78 89 47 33 59 47 32 39 18 36 5 57 83 73 27 32 99 83 70 98 40 24 12 4 54 42 6 5 32 3 50 41 17 25 76 57 13 19 74 40 60 66 11 28 95 52 1 36 49 50 96 98 
63 70 51 20 32 54 80 58 44 53 30 48 81 11 70 74 64 78 57 5 66 40 68 91 41 39 84 91 36 63 19 88 12 34 86 41 10 73 71 72 92 84 75 51 90 81 4 96 89 88 53 87 33 37 98 16 45 51 56 91 81 90 93 40 
8 94 42 19 59 8 25 78 97 13 97 99 86 69 13 36 73 74 35 72 27 35 59 68 67 23 71 63 93 84 96 34 34 28 33 45 36 94 14 99 31 79 36 67 48 59 46 68 75 87 76 71 12 71 7 52 85 68 28 10 97 5 9 36 
11 97 73 10 68 91 2 16 96 58 57 62 86 67 52 98 80 64 3 37 53 63 88 69 45 84 30 50 30 52 8 100 65 73 83 15 60 66 93 51 100 32 66 76 26 94 13 32 47 7 92 11 46 11 84 53 13 43 89 89 25 9 87 1 
96 71 79 54 78 3 12 28 75 63 50 3 35 61 97 64 4 4 31 1 48 91 29 30 79 54 46 40 3 89 3 95 23 38 82 57 71 53 7 85 81 36 87 91 50 73 62 59 6 41 37 74 89 86 10 34 53 47 22 29 54 20 53 16 
93 84 62 34 20 32 52 37 75 5 57 94 81 86 47 39 89 42 21 16 60 64 71 18 24 61 97 72 85 65 46 79 36 24 99 49 47 95 70 98 32 83 82 100 37 42 48 49 38 88 53 82 87 41 1 14 75 59 32 86 14 53 83 86 
99 90 12 42 81 5 87 64 21 63 78 72 22 58 67 61 75 52 16 86 2 23 85 92 86 48 91 53 59 49 53 84 18 24 44 69 14 50 57 76 9 61 25 45 43 54 90 7 71 92 42 75 21 91 40 73 73 58 89 40 93 42 48 50 
80 1 53 47 85 12 54 99 22 28 82 83 16 1 3 96 78 60 12 5 45 63 17 40 15 70 68 74 39 44 95 1 68 34 61 33 49 100 44 91 45 46 92 44 5 32 79 23 53 14 2 90 74 86 73 58 90 44 98 36 35 28 54 98 
40 51 42 28 49 66 58 35 19 74 95 34 87 93 73 44 24 76 82 60 25 13 1 51 38 52 27 76 93 67 80 14 34 60 52 51 67 90 4 88 22 68 50 54 21 27 42 92 57 75 10 90 11 72 57 94 19 69 47 54 63 94 18 22 
79 43 13 13 37 57 5 21 54 28 49 56 23 5 62 40 19 90 88 19 65 45 62 11 9 84 49 62 9 62 9 73 75 88 51 62 70 60 2 65 94 92 92 39 84 11 4 40 95 27 63 21 98 31 47 37 99 44 54 74 36 62 98 84 
22 63 88 45 23 2 74 29 18 23 100 78 83 27 36 90 61 5 42 64 54 97 7 60 54 30 80 7 38 94 6 75 89 19 97 7 79 63 27 95 86 92 12 42 60 74 97 51 75 9 34 1 1 18 36 5 48 41 68 3 8 34 97 83 
87 59 38 40 95 58 26 46 54 2 31 21 62 78 58 76 94 51 17 94 99 60 56 22 82 32 88 89 35 90 64 83 63 5 76 8 64 82 19 3 67 29 52 32 86 35 16 38 38 42 81 43 25 47 30 47 4 79 53 29 8 80 1 86 
42 26 46 36 52 23 50 24 99 43 38 39 90 21 75 91 96 10 66 70 100 51 58 6 91 59 45 66 33 32 95 58 94 41 88 5 97 32 92 60 28 74 39 97 84 37 54 93 58 45 62 17 13 8 67 14 98 7 96 91 70 85 68 6 
90 20 50 31 41 58 33 93 89 73 93 4 32 33 27 76 42 70 10 98 33 80 91 10 100 57 30 76 30 87 52 27 76 39 38 71 29 43 2 5 83 79 50 94 34 36 55 71 35 38 38 13 8 7 43 65 91 1 30 77 54 9 46 36 
48 74 3 32 82 9 50 34 96 93 51 87 76 56 47 39 42 85 19 46 3 30 38 75 100 32 98 49 59 80 69 50 40 7 71 71 49 81 43 88 11 6 66 55 15 11 40 97 35 41 17 30 97 56 43 89 12 91 72 10 52 93 43 40 
64 10 79 47 86 95 99 16 95 74 68 27 61 43 57 34 51 73 25 76 60 61 8 3 76 12 72 31 37 56 98 3 1 69 55 92 66 77 75 4 92 76 45 5 16 60 63 29 66 92 78 52 26 92 85 33 80 81 77 25 14 74 67 74 
18 30 84 3 35 44 25 31 58 87 32 66 19 46 64 1 51 1 66 13 82 50 44 40 45 5 29 29 99 21 86 23 18 30 22 52 64 2 1 8 99 80 25 76 3 92 43 88 27 12 7 27 63 76 12 99 28 23 91 48 39 83 68 56 
28 84 39 18 64 21 95 93 61 54 34 56 42 90 66 37 98 49 89 98 83 87 94 3 24 37 15 32 72 83 51 53 41 86 38 46 7 35 20 7 49 5 78 8 83 19 32 33 11 24 31 63 91 11 59 82 10 89 8 28 26 100 94 71 
31 34 97 86 41 12 14 87 72 18 16 88 10 77 60 91 78 73 39 80 68 73 92 58 55 20 25 75 1 83 96 70 77 63 17 92 69 98 15 52 35 2 77 36 24 54 88 79 69 54 31 73 26 73 7 89 66 33 96 93 18 6 13 97 
58 55 83 16 4 95 77 4 92 30 75 89 15 52 11 24 49 24 83 66 85 90 92 1 96 32 42 96 60 72 25 72 8 32 63 56 49 99 7 40 60 40 63 84 44 44 85 3 59 97 40 66 80 66 92 77 29 85 58 28 81 59 32 57 
25 40 98 91 86 64 69 10 42 92 4 31 93 3 12 82 90 59 34 25 76 84 85 73 61 25 45 16 76 29 72 50 32 59 91 34 17 28 27 90 74 9 81 61 75 37 2 83 27 38 78 46 52 72 34 85 34 12 48 77 32 18 95 71 
49 23 17 84 7 50 36 37 42 54 44 64 49 83 11 9 25 25 16 25 49 51 34 78 66 96 98 51 49 56 78 79 81 8 98 46 45 83 19 85 12 51 92 74 43 33 23 72 65 59 78 56 66 28 59 80 57 71 71 39 67 8 65 68 
55 1 7 26 42 52 61 11 11 60 92 92 52 35 25 5 3 49 32 75 13 65 98 85 76 76 18 13 30 62 91 50 71 82 55 94 10 56 67 37 69 70 49 64 72 14 6 11 72 73 60 78 67 26 89 89 70 69 62 42 27 54 22 61 
80 11 82 91 21 27 18 89 97 73 15 33 92 25 88 88 79 21 31 70 64 70 88 62 45 81 21 90 97 26 56 47 86 93 56 63 94 23 30 17 71 78 49 75 66 62 19 54 85 25 72 100 42 94 69 3 95 89 47 17 40 97 57 12 
1 79 87 76 2 85 37 37 46 14 5 6 78 67 86 85 66 16 13 76 43 11 48 81 33 16 47 27 67 59 68 50 34 76 78 10 35 62 33 94 6 14 45 58 78 68 90 81 37 87 9 49 90 37 7 7 20 1 56 23 17 18 42 94 
100 65 22 25 83 44 83 25 97 5 69 8 83 86 83 76 3 45 96 4 36 99 25 59 36 25 11 48 8 79 93 56 24 46 8 9 37 40 67 6 49 88 76 65 56 48 14 12 58 10 70 34 49 73 65 66 14 100 45 63 82 53 85 1 
91 62 60 83 73 62 89 74 10 8 59 98 55 11 12 22 32 10 36 71 43 89 15 75 42 72 63 82 53 30 12 53 25 23 61 71 74 88 100 76 7 3 97 10 52 68 57 53 22 26 48 35 85 71 22 85 8 41 91 67 2 29 16 54 
83 6 70 31 98 87 58 69 88 19 19 5 80 22 54 34 22 38 86 16 98 47 100 57 86 12 65 14 87 86 43 100 93 18 80 88 100 60 20 25 94 74 43 39 67 37 54 9 4 76 98 16 5 78 31 16 74 5 12 96 27 98 69 70 
76 5 100 66 81 6 1 11 89 2 89 2 23 19 47 98 43 52 72 71 43 36 33 81 66 29 88 95 63 12 61 1 97 80 21 22 25 44 100 69 75 80 22 99 85 93 35 74 20 37 58 65 1 32 51 20 50 33 3 52 83 46 73 39 
62 61 43 67 40 61 14 79 53 12 23 85 9 13 45 58 74 44 32 2 32 47 21 60 87 66 58 36 20 71 65 83 70 38 73 57 12 43 9 3 42 77 15 68 36 40 92 37 26 31 74 68 78 74 48 11 28 52 74 72 58 95 39 95 
82 72 17 60 4 56 59 10 6 62 59 73 80 12 27 65 38 97 25 77 100 96 16 7 50 16 56 44 21 81 92 68 13 43 59 20 53 86 83 74 45 41 66 25 96 94 31 96 59 99 61 26 65 77 57 38 1 3 42 21 61 1 25 6 
70 34 70 34 37 60 59 34 7 82 50 6 47 8 76 17 1 59 17 2 87 23 43 61 95 85 71 100 31 88 60 68 97 52 77 13 5 88 25 50 25 65 25 13 7 6 84 93 31 3 29 50 32 37 17 31 86 32 41 52 38 88 10 64 
2 100 19 83 28 73 30 8 84 57 80 73 42 49 76 54 62 17 3 40 2 97 47 39 5 21 26 100 83 83 83 42 75 71 16 67 2 12 100 20 50 90 82 97 55 9 79 54 37 18 40 10 43 27 49 92 100 98 6 86 68 19 44 7 
90 47 40 13 22 87 32 81 58 9 7 39 88 30 14 5 93 57 11 61 5 11 95 62 32 80 14 11 80 49 48 7 60 74 55 43 67 56 40 64 72 68 31 40 16 93 59 25 60 3 7 33 52 71 51 11 27 67 22 62 9 95 96 61 
9 68 52 66 16 40 25 77 96 18 60 33 18 74 3 67 41 66 45 27 84 19 25 5 76 59 89 6 33 47 83 23 69 73 76 25 33 99 26 5 37 43 85 10 24 38 20 67 31 14 88 93 28 81 82 26 30 31 9 98 16 42 12 68 
40 87 47 36 95 22 30 34 42 59 58 3 33 7 14 2 68 61 96 18 79 89 58 66 52 9 92 97 52 65 65 54 50 35 19 86 27 46 75 88 84 40 68 43 39 28 6 6 39 93 49 55 61 19 65 96 59 90 65 72 81 79 44 7 
43 19 47 70 30 10 73 49 89 81 37 71 63 70 94 21 19 78 17 80 68 8 74 68 98 89 57 68 55 3 23 20 57 1 61 57 81 48 15 20 24 83 51 39 81 9 73 99 7 65 59 51 83 89 72 49 65 31 65 38 73 83 35 1 
22 60 79 85 96 91 58 13 59 61 42 79 55 16 85 2 75 96 22 81 83 58 72 94 5 94 41 20 26 82 52 40 79 4 21 35 25 46 62 79 30 64 88 98 24 63 48 94 63 98 56 38 28 55 90 56 44 31 94 95 43 23 26 51 
54 25 95 87 40 82 76 21 24 41 85 72 12 64 37 56 81 87 25 28 15 52 47 100 20 1 77 6 34 60 72 42 67 26 66 38 58 5 94 83 42 80 20 45 80 63 38 16 21 31 57 29 11 99 1 21 96 36 5 32 67 97 24 90 
1 1 -1 -1 -1 -1 1 1 1 -1 1 1 -1 1 -1 1 -1 1 1 -1 1 1 1 1 -1 1 1 -1 -1 1 1 1 1 1 1 -1 -1 -1 -1 1 -1 -1 -1 -1 -1 1 -1 -1 -1 1 1 -1 -1 -1 1 1 -1 -1 -1 -1 1 -1 1 1 
1 1 -1 -1 1 1 1 1 1 -1 1 1 1 -1 -1 1 1 -1 1 -1 1 1 -1 -1 -1 -1 -1 -1 -1 1 -1 1 -1 -1 1 -1 1 -1 1 -1 -1 -1 -1 1 1 -1 1 1 -1 1 1 -1 1 1 -1 -1 -1 1 -1 1 -1 1 1 -1 
-1 -1 1 -1 -1 1 1 -1 1 -1 -1 -1 -1 -1 -1 -1 -1 1 -1 1 1 -1 -1 1 -1 1 -1 1 1 -1 -1 -1 -1 -1 1 -1 1 -1 -1 1 1 -1 -1 1 -1 -1 -1 1 -1 1 -1 -1 -1 -1 -1 1 1 -1 -1 1 1 1 1 1 
-1 -1 -1 -1 1 -1 1 -1 -1 1 1 1 1 1 1 1 -1 -1 -1 1 1 1 1 -1 -1 1 -1 -1 -1 1 1 -1 1 -1 1 -1 1 1 -1 -1 -1 1 1 -1 1 1 -1 1 -1 -1 -1 -1 1 -1 -1 1 1 1 -1 1 -1 -1 -1 -1 
-1 1 -1 1 1 -1 1 1 -1 1 -1 -1 1 1 -1 -1 -1 1 1 -1 1 -1 -1 -1 -1 -1 -1 -1 1 1 1 -1 1 1 1 1 -1 -1 -1 -1 1 -1 1 1 1 -1 -1 1 1 1 1 1 1 -1 -1 -1 -1 1 1 1 1 1 -1 -1 
-1 1 1 -1 -1 1 -1 1 -1 1 1 -1 -1 1 1 -1 1 -1 -1 -1 -1 -1 1 1 1 1 1 -1 1 -1 1 1 1 1 1 1 -1 -1 1 1 1 1 -1 1 -1 -1 -1 -1 1 -1 -1 -1 1 1 1 1 -1 -1 -1 -1 -1 -1 -1 -1 
1 1 1 1 1 -1 -1 1 1 -1 1 1 -1 1 1 -1 -1 -1 -1 -1 1 -1 -1 -1 -1 1 -1 1 1 1 1 1 1 1 -1 1 -1 -1 1 -1 -1 -1 -1 -1 -1 -1 -1 -1 -1 1 -1 -1 -1 -1 1 -1 1 1 1 -1 1 1 1 -1 
1 1 -1 -1 1 1 1 1 1 1 1 -1 1 1 -1 -1 -1 -1 -1 -1 1 1 1 -1 1 -1 1 -1 1 1 -1 1 1 -1 -1 -1 1 1 -1 1 -1 -1 -1 1 1 1 1 -1 1 1 1 -1 -1 -1 1 -1 -1 1 1 -1 -1 1 -1 -1 
1 1 1 -1 -1 -1 1 1 1 -1 1 1 -1 1 1 1 -1 1 -1 1 -1 1 -1 1 -1 1 1 1 -1 1 1 -1 -1 1 -1 -1 1 1 1 -1 -1 1 -1 -1 1 1 1 -1 -1 1 1 -1 1 -1 1 1 -1 -1 -1 1 1 1 -1 -1 
-1 -1 -1 1 1 1 -1 1 -1 -1 1 -1 1 -1 -1 -1 1 1 -1 -1 1 -1 -1 -1 -1 -1 -1 -1 -1 -1 -1 -1 -1 -1 1 -1 -1 1 1 1 1 -1 1 -1 1 -1 1 1 1 1 -1 -1 1 1 1 -1 1 1 1 -1 1 -1 1 -1 
1 1 -1 1 -1 1 1 1 1 1 1 1 1 -1 -1 1 1 1 -1 1 -1 -1 -1 -1 1 1 1 1 1 -1 1 1 -1 1 -1 1 1 -1 -1 1 -1 1 1 1 -1 -1 -1 -1 -1 1 -1 1 1 -1 -1 1 1 -1 1 1 -1 -1 -1 -1 
1 1 -1 1 -1 -1 1 -1 1 -1 1 1 1 1 -1 1 1 -1 1 -1 -1 1 -1 1 -1 1 -1 1 1 -1 1 -1 1 1 -1 -1 1 1 -1 -1 1 1 1 -1 -1 1 -1 1 -1 -1 -1 1 1 1 1 -1 -1 1 -1 1 -1 1 1 -1 
-1 1 -1 1 1 -1 -1 1 -1 1 1 1 -1 1 -1 1 -1 1 1 1 -1 -1 -1 1 1 1 1 1 -1 -1 -1 1 1 1 -1 -1 -1 -1 1 1 -1 1 1 1 1 1 -1 -1 1 -1 1 1 -1 -1 -1 1 -1 1 1 1 1 1 -1 -1 
1 -1 -1 1 1 1 1 1 1 -1 -1 1 1 1 -1 -1 1 -1 -1 1 -1 -1 -1 1 -1 -1 -1 1 -1 1 1 -1 -1 -1 1 -1 -1 -1 1 -1 1 -1 -1 -1 1 -1 1 -1 1 -1 -1 -1 1 -1 1 -1 -1 1 -1 -1 1 -1 1 1 
-1 -1 -1 1 -1 1 1 -1 1 -1 -1 -1 -1 -1 -1 1 -1 1 -1 1 1 1 1 -1 1 -1 -1 -1 -1 1 1 1 -1 1 1 1 -1 -1 -1 1 1 -1 -1 1 -1 -1 -1 -1 1 1 -1 -1 1 1 -1 -1 1 1 -1 -1 -1 -1 1 -1 
1 1 -1 1 -1 -1 -1 -1 1 -1 1 1 1 -1 1 1 1 1 1 -1 -1 1 -1 1 1 1 -1 1 -1 -1 -1 1 -1 -1 -1 1 1 1 -1 1 1 1 1 1 -1 1 -1 -1 -1 1 1 -1 1 1 -1 1 1 -1 1 1 -1 -1 -1 1 
-1 1 -1 -1 -1 1 -1 -1 -1 1 1 1 -1 1 -1 1 -1 -1 1 -1 1 -1 -1 -1 -1 1 1 -1 1 1 -1 -1 -1 1 1 1 -1 -1 1 1 -1 1 1 1 -1 -1 1 1 -1 1 1 -1 1 -1 1 -1 -1 1 -1 1 1 -1 -1 1 
1 -1 1 -1 1 -1 -1 -1 1 1 1 -1 1 -1 1 1 -1 -1 1 1 1 1 -1 1 -1 1 1 1 1 1 1 1 -1 -1 1 -1 1 -1 1 1 -1 1 1 1 1 1 -1 1 1 1 1 1 1 -1 -1 1 -1 -1 1 -1 -1 -1 -1 -1 
1 1 -1 -1 1 -1 -1 -1 -1 -1 -1 1 1 -1 -1 1 1 1 1 1 -1 -1 -1 -1 1 -1 1 -1 1 -1 -1 1 1 -1 -1 -1 1 -1 -1 -1 -1 -1 -1 1 1 -1 1 -1 -1 -1 1 -1 -1 -1 -1 1 1 -1 1 1 1 -1 1 -1 
-1 -1 1 1 -1 -1 -1 -1 1 -1 1 -1 1 1 1 -1 -1 1 1 -1 -1 1 -1 1 1 -1 1 -1 1 -1 -1 1 1 1 -1 -1 1 -1 -1 -1 1 1 1 1 -1 1 -1 1 -1 1 1 1 1 1 -1 1 1 -1 -1 1 1 -1 -1 1 
1 1 1 1 1 -1 1 1 -1 1 -1 -1 -1 -1 1 -1 1 1 -1 -1 1 1 1 -1 1 -1 1 1 1 -1 -1 1 1 1 1 -1 -1 -1 -1 1 -1 1 -1 1 1 -1 1 -1 -1 -1 1 -1 1 -1 -1 1 1 -1 -1 -1 -1 -1 1 -1 
1 1 -1 1 -1 -1 -1 1 1 -1 -1 1 -1 -1 1 1 -1 1 -1 1 1 -1 -1 1 -1 1 -1 -1 -1 -1 1 -1 1 1 1 -1 1 1 1 -1 -1 -1 1 1 -1 -1 -1 1 -1 1 1 1 -1 1 -1 -1 1 1 1 -1 1 1 1 -1 
1 -1 -1 1 -1 1 -1 1 -1 -1 -1 -1 -1 -1 1 -1 -1 -1 -1 -1 1 -1 -1 1 1 -1 -1 -1 -1 -1 -1 -1 -1 1 -1 1 -1 -1 -1 1 1 1 -1 -1 1 -1 1 1 1 1 -1 -1 -1 1 -1 1 -1 -1 -1 1 -1 -1 -1 1 
1 -1 1 -1 -1 1 -1 -1 1 -1 -1 1 1 1 -1 1 -1 1 -1 1 -1 1 1 1 1 1 1 -1 1 1 1 -1 1 -1 1 1 -1 -1 1 -1 -1 1 1 1 -1 -1 1 1 -1 1 -1 1 1 1 1 -1 -1 -1 -1 -1 1 -1 -1 1 
-1 -1 -1 -1 -1 1 -1 1 -1 -1 1 -1 1 -1 1 1 -1 -1 1 1 1 -1 1 1 1 -1 1 -1 1 1 1 1 -1 1 -1 -1 1 -1 1 -1 1 1 1 1 -1 -1 -1 1 -1 1 -1 -1 1 1 -1 1 1 1 1 1 -1 -1 -1 1 
1 -1 1 1 -1 1 1 -1 1 -1 1 1 1 -1 -1 1 1 1 -1 -1 -1 1 -1 1 -1 1 1 -1 1 -1 1 1 1 -1 1 -1 -1 -1 -1 1 1 -1 1 1 -1 1 -1 1 1 1 -1 1 -1 1 -1 1 1 1 -1 -1 1 -1 -1 1 
1 -1 -1 -1 -1 1 -1 1 1 -1 1 -1 1 -1 -1 -1 1 1 1 1 1 -1 -1 1 1 1 1 -1 -1 1 1 1 -1 -1 1 1 -1 1 -1 1 1 1 -1 -1 1 1 1 1 -1 -1 -1 -1 -1 1 -1 1 1 1 -1 1 -1 -1 -1 1 
-1 -1 1 -1 -1 -1 1 -1 1 -1 1 1 1 1 -1 1 -1 1 -1 -1 1 -1 -1 -1 -1 -1 -1 -1 -1 -1 -1 -1 -1 1 1 -1 -1 -1 1 -1 1 -1 1 1 -1 -1 -1 -1 1 -1 1 1 -1 -1 -1 1 -1 -1 -1 1 -1 -1 -1 -1 
-1 -1 1 -1 1 1 1 1 -1 -1 1 1 -1 -1 -1 -1 1 1 1 1 1 -1 -1 1 1 1 -1 -1 -1 1 -1 1 -1 -1 -1 1 -1 -1 -1 -1 1 1 1 1 1 1 1 -1 1 -1 -1 1 1 -1 1 1 1 1 -1 1 -1 1 1 1 
1 1 -1 1 1 -1 1 1 1 -1 -1 -1 -1 1 1 -1 1 1 -1 -1 -1 -1 -1 1 1 -1 1 -1 1 -1 -1 1 1 -1 1 1 -1 1 -1 1 -1 -1 1 1 1 1 -1 1 -1 -1 1 1 1 -1 1 -1 -1 -1 1 -1 1 -1 -1 -1 
1 -1 -1 1 1 1 1 -1 1 -1 1 1 -1 1 1 -1 -1 1 -1 -1 -1 1 -1 1 1 1 1 -1 -1 -1 1 1 -1 1 1 1 -1 -1 -1 1 1 -1 1 1 1 1 -1 -1 -1 1 -1 1 1 -1 1 1 1 -1 1 -1 -1 -1 1 -1 
1 1 -1 -1 -1 1 1 1 -1 -1 1 -1 1 -1 1 1 -1 1 1 1 1 -1 -1 -1 1 1 1 -1 1 1 1 1 -1 -1 1 -1 1 1 1 1 -1 1 -1 -1 1 -1 1 1 1 -1 1 1 1 -1 1 -1 1 -1 -1 1 -1 -1 -1 -1 
1 -1 -1 1 1 1 1 1 -1 -1 -1 1 1 -1 -1 -1 -1 -1 1 1 1 1 -1 1 -1 1 -1 -1 -1 1 -1 -1 1 1 -1 1 1 1 1 1 -1 1 -1 1 -1 1 1 -1 -1 -1 1 1 1 -1 -1 -1 -1 -1 -1 1 -1 -1 -1 1 
1 -1 -1 -1 1 1 1 -1 1 -1 1 1 1 -1 1 -1 1 -1 -1 1 1 1 1 -1 1 -1 -1 1 -1 -1 1 -1 1 1 1 1 1 -1 1 1 1 1 1 1 1 1 -1 -1 1 -1 -1 -1 -1 -1 -1 -1 -1 1 1 -1 -1 1 -1 -1 
1 1 1 1 1 1 -1 -1 -1 1 -1 -1 -1 1 1 -1 1 1 -1 -1 1 1 -1 1 -1 1 1 1 -1 1 1 1 -1 1 1 1 1 -1 -1 1 1 1 -1 1 1 1 -1 -1 -1 1 1 1 -1 -1 1 1 1 1 1 1 -1 -1 -1 1 
-1 -1 -1 -1 1 1 1 -1 -1 -1 1 -1 -1 -1 1 1 1 -1 -1 -1 -1 -1 1 1 -1 -1 1 -1 1 1 1 -1 1 1 1 -1 1 -1 -1 1 -1 1 -1 -1 1 1 -1 -1 -1 -1 -1 -1 -1 -1 1 1 1 -1 -1 -1 1 1 -1 1 
-1 1 1 1 -1 -1 -1 1 1 -1 1 1 -1 -1 -1 1 -1 1 1 1 -1 1 -1 -1 1 -1 -1 -1 -1 -1 -1 1 1 1 1 1 1 1 -1 1 -1 -1 1 1 1 -1 -1 1 1 1 -1 1 1 -1 -1 -1 -1 1 1 -1 1 -1 -1 1 
-1 -1 -1 1 -1 -1 -1 1 1 1 -1 1 -1 -1 -1 1 -1 -1 -1 -1 -1 1 -1 -1 -1 -1 1 -1 -1 1 -1 1 1 -1 -1 -1 1 -1 -1 -1 -1 1 -1 -1 1 1 1 1 -1 1 -1 -1 -1 -1 -1 1 -1 1 -1 -1 -1 -1 1 1 
-1 1 -1 -1 -1 1 1 -1 1 1 -1 -1 1 1 -1 -1 1 1 -1 -1 -1 1 -1 1 1 -1 -1 1 -1 -1 -1 1 1 1 -1 -1 -1 -1 -1 -1 -1 1 1 -1 -1 1 1 1 1 1 1 1 1 -1 1 1 1 -1 1 -1 -1 1 -1 1 
1 -1 1 -1 -1 1 -1 1 -1 1 1 -1 1 -1 1 1 1 1 -1 -1 1 -1 1 -1 -1 1 1 -1 -1 1 1 1 1 1 1 1 1 -1 -1 -1 1 1 1 -1 -1 1 -1 -1 -1 -1 1 1 1 1 -1 1 1 -1 1 1 1 -1 -1 -1 
-1 -1 1 -1 1 1 -1 -1 -1 1 -1 1 -1 1 1 1 -1 -1 -1 1 -1 -1 1 -1 1 1 1 1 1 -1 1 -1 -1 1 1 -1 -1 -1 -1 1 1 1 1 -1 1 -1 -1 1 1 -1 -1 -1 1 1 1 -1 -1 -1 1 1 -1 1 1 1 
-1 -1 -1 1 -1 1 -1 -1 1 -1 1 1 1 -1 -1 1 1 1 -1 1 1 -1 1 1 1 -1 1 -1 1 -1 -1 1 1 1 1 1 -1 1 1 1 1 -1 -1 -1 -1 1 1 1 -1 1 1 1 1 -1 1 -1 1 -1 1 1 -1 1 1 -1 
-1 -1 -1 1 1 -1 -1 -1 -1 1 1 1 1 -1 -1 1 1 1 -1 1 -1 1 -1 1 1 1 -1 1 1 1 1 -1 -1 1 -1 -1 1 -1 1 1 1 -1 -1 1 -1 -1 -1 1 -1 -1 1 1 1 1 -1 1 -1 -1 1 1 -1 1 -1 -1 
-1 1 1 -1 1 1 -1 1 -1 -1 1 -1 1 -1 1 1 1 1 1 1 1 1 -1 1 1 1 -1 1 1 1 1 -1 1 1 1 -1 1 -1 -1 -1 -1 -1 1 1 -1 -1 -1 1 1 -1 -1 1 1 -1 -1 1 -1 1 -1 -1 -1 -1 -1 -1 
-1 1 -1 1 1 -1 -1 1 1 1 -1 -1 1 1 -1 -1 -1 1 1 -1 1 -1 1 -1 -1 -1 1 -1 1 1 1 1 -1 1 1 1 1 1 -1 -1 1 -1 -1 -1 1 1 1 1 -1 1 -1 1 1 1 -1 -1 -1 1 -1 1 1 -1 1 1 
1 -1 -1 1 -1 -1 -1 1 1 -1 -1 1 1 -1 -1 1 -1 1 -1 1 -1 -1 -1 -1 -1 1 1 -1 1 1 1 -1 1 1 1 1 -1 1 1 1 -1 1 -1 -1 1 1 1 1 -1 1 1 1 1 -1 -1 1 -1 1 -1 1 -1 1 1 1 
-1 1 -1 -1 -1 -1 -1 1 1 1 -1 -1 -1 1 -1 -1 1 -1 1 -1 1 -1 1 1 -1 -1 1 -1 1 -1 -1 1 1 -1 -1 -1 -1 1 1 -1 -1 1 -1 -1 1 1 1 -1 -1 -1 1 -1 1 1 -1 -1 -1 1 -1 1 1 -1 1 1 
-1 1 1 1 1 -1 -1 -1 -1 1 -1 1 -1 -1 -1 -1 1 1 -1 1 -1 1 1 1 1 1 1 -1 -1 1 -1 1 -1 -1 -1 -1 1 1 1 -1 1 1 1 1 1 1 -1 -1 1 -1 1 1 1 1 -1 -1 1 -1 -1 1 1 -1 1 -1 
-1 -1 -1 -1 1 1 -1 1 -1 1 -1 -1 1 1 1 -1 -1 1 -1 -1 -1 -1 1 -1 -1 1 -1 1 1 -1 -1 1 -1 1 -1 -1 1 -1 1 -1 1 -1 -1 1 -1 -1 -1 1 1 1 1 1 1 -1 -1 -1 -1 -1 1 1 1 -1 -1 1 
1 1 1 -1 1 -1 1 1 1 1 1 -1 -1 -1 1 1 1 1 -1 1 -1 1 1 1 1 1 -1 -1 -1 -1 1 -1 -1 -1 1 -1 1 1 1 -1 -1 1 -1 -1 1 1 -1 -1 1 1 1 1 1 1 -1 1 -1 1 1 -1 1 -1 1 1 
1 1 -1 -1 1 -1 -1 1 1 -1 -1 -1 1 -1 -1 1 1 1 1 1 1 1 -1 -1 -1 -1 -1 1 -1 1 -1 1 1 -1 1 -1 -1 -1 1 1 -1 1 1 -1 -1 1 1 1 1 1 1 -1 -1 -1 1 1 -1 -1 -1 -1 1 1 1 1 
-1 -1 -1 -1 1 -1 -1 -1 -1 -1 1 1 1 -1 -1 -1 -1 1 -1 1 -1 1 -1 1 -1 1 -1 1 1 1 1 1 1 -1 1 -1 1 -1 1 1 -1 1 1 1 1 1 -1 1 1 1 -1 1 1 1 1 1 1 -1 -1 1 1 1 1 1 
-1 1 -1 1 1 1 -1 -1 1 1 1 1 -1 1 1 1 1 1 -1 1 1 -1 -1 1 1 -1 -1 -1 1 1 1 1 1 -1 -1 -1 1 -1 1 1 1 1 1 1 1 1 1 1 1 1 -1 1 -1 1 -1 -1 -1 1 1 1 -1 1 1 1 
-1 1 -1 -1 -1 1 -1 -1 -1 1 -1 1 -1 -1 1 1 -1 -1 -1 1 -1 1 1 1 1 1 1 -1 -1 -1 -1 -1 -1 -1 -1 -1 -1 -1 -1 1 1 -1 1 -1 1 -1 1 1 -1 1 -1 1 1 1 -1 -1 -1 -1 -1 1 1 1 -1 -1 
1 -1 -1 -1 -1 1 1 1 1 1 -1 1 -1 1 -1 -1 1 -1 -1 -1 -1 -1 -1 1 -1 -1 -1 -1 1 1 1 1 -1 -1 1 1 -1 -1 1 -1 1 1 -1 -1 -1 -1 -1 -1 -1 -1 1 1 -1 -1 1 -1 -1 1 1 -1 1 1 -1 1 
1 -1 1 1 -1 1 -1 -1 1 -1 1 -1 1 -1 -1 1 -1 1 1 1 1 -1 1 -1 1 1 1 1 1 -1 1 -1 -1 -1 1 1 -1 1 1 1 -1 -1 1 1 -1 1 -1 -1 -1 1 1 1 -1 -1 -1 1 1 1 1 -1 -1 -1 1 -1 
-1 -1 1 1 -1 -1 1 -1 -1 1 1 -1 -1 -1 1 1 -1 -1 1 1 1 1 -1 -1 1 1 1 -1 1 -1 1 1 -1 -1 1 1 -1 -1 1 1 -1 1 -1 -1 -1 -1 -1 1 -1 -1 -1 1 -1 -1 -1 1 1 -1 -1 1 1 1 1 1 
-1 1 -1 1 1 -1 1 1 -1 1 -1 1 1 1 1 -1 1 -1 -1 -1 -1 1 -1 -1 1 1 1 -1 1 -1 -1 -1 -1 1 1 -1 1 1 -1 -1 -1 -1 -1 1 1 1 1 -1 -1 1 -1 -1 1 -1 1 1 -1 1 1 -1 1 1 1 1 
-1 -1 -1 -1 1 -1 1 1 -1 1 1 -1 1 -1 -1 1 -1 1 1 -1 -1 1 -1 -1 1 -1 -1 -1 -1 1 1 -1 -1 1 1 -1 1 -1 1 1 1 1 1 -1 -1 -1 -1 -1 1 1 -1 -1 1 -1 1 1 -1 1 -1 1 -1 -1 1 1 
-1 1 1 1 1 -1 -1 -1 1 -1 1 1 1 -1 -1 1 1 -1 1 1 -1 -1 1 -1 1 -1 1 1 1 -1 -1 1 1 -1 1 -1 -1 -1 -1 1 1 1 1 -1 1 1 1 1 1 -1 -1 1 1 1 -1 -1 1 -1 1 1 -1 -1 1 -1 
1 -1 1 -1 1 -1 1 -1 1 1 -1 -1 1 1 -1 -1 1 -1 1 1 -1 1 -1 1 -1 1 -1 -1 -1 1 -1 -1 -1 -1 -1 1 1 -1 -1 1 -1 -1 -1 -1 1 -1 1 1 1 1 1 1 -1 1 1 -1 1 1 -1 -1 -1 -1 1 -1 
-1 1 1 -1 1 -1 1 1 1 -1 -1 1 1 -1 -1 -1 -1 -1 -1 -1 -1 1 -1 -1 -1 -1 -1 -1 1 -1 -1 -1 -1 1 -1 1 -1 -1 1 -1 1 1 1 -1 -1 1 -1 -1 -1 -1 1 1 1 1 1 -1 1 1 -1 -1 -1 -1 -1 -1 
1 1 1 -1 -1 -1 1 -1 -1 1 -1 1 -1 1 1 -1 -1 -1 1 -1 1 1 -1 -1 -1 -1 -1 -1 1 -1 1 -1 -1 -1 -1 -1 -1 1 -1 -1 1 1 -1 -1 1 1 1 1 -1 1 1 1 1 -1 -1 1 1 1 1 1 1 -1 1 1 
1 -1 1 -1 -1 -1 -1 -1 -1 -1 -1 -1 -1 1 -1 1 1 -1 -1 1 -1 -1 1 1 1 1 1 -1 1 -1 -1 -1 1 -1 1 1 1 1 1 -1 1 -1 -1 -1 1 1 1 -1 1 1 1 1 1 -1 1 -1 1 1 1 -1 -1 -1 1 1 