32 -32 32 294 6152
74 34 8 48 50 11 80 10 43 68 89 88 59 41 40 47 79 82 15 82 67 93 93 32 94 73 31 10 99 6 6 17 
35 89 65 89 84 60 91 8 35 57 55 11 53 33 12 92 90 10 54 79 48 99 11 84 4 41 33 23 84 17 37 70 
46 11 26 77 92 8 16 36 29 71 19 96 46 4 6 15 83 82 58 44 53 57 19 58 18 16 68 15 26 75 83 69 
79 65 59 45 2 20 38 45 19 33 85 9 11 44 67 99 75 33 55 28 61 40 26 2 26 3 40 23 36 46 46 43 
61 94 48 46 53 54 64 16 50 79 85 78 83 93 35 43 52 47 3 39 43 62 75 56 67 74 75 42 18 73 39 45 
35 16 93 42 10 39 100 64 3 42 95 92 81 12 94 77 56 95 68 56 22 17 48 25 28 80 73 85 23 57 77 38 
6 69 9 72 76 19 80 54 81 75 83 69 92 3 98 46 94 39 83 96 94 54 39 11 69 85 54 93 31 61 61 10 
60 25 24 95 39 9 72 60 94 41 77 88 40 10 33 62 6 44 26 8 78 14 90 28 27 51 82 36 50 56 82 73 
27 25 36 51 31 26 53 3 8 15 20 38 46 99 78 20 72 82 2 71 26 8 53 63 86 96 72 57 55 15 30 64 
94 86 64 10 82 13 36 96 94 6 98 59 23 15 33 74 3 77 28 39 50 35 53 28 74 28 74 63 41 76 80 37 
88 46 26 68 96 100 34 64 18 64 67 87 69 71 66 14 44 98 38 40 90 96 89 73 87 22 72 8 29 31 1 43 
32 12 67 52 69 36 79 71 82 99 11 28 18 31 49 86 83 54 91 59 28 15 91 69 2 38 52 9 57 19 17 30 
49 66 82 31 90 47 65 33 98 1 76 81 97 95 70 40 33 98 81 23 43 91 18 75 73 82 69 24 36 64 92 83 
55 29 14 55 96 89 80 34 24 48 20 46 87 95 23 53 82 61 59 11 11 53 76 1 61 93 25 16 44 14 91 2 
53 82 78 69 76 20 75 18 32 29 27 8 92 9 16 14 76 94 2 87 26 54 63 45 59 73 75 90 38 61 31 25 
60 44 95 60 4 41 88 15 80 5 97 46 74 3 79 19 26 88 24 49 44 19 58 62 82 80 89 80 74 85 82 69 
41 54 85 34 80 21 56 10 14 5 7 68 76 26 100 68 16 76 78 70 2 55 1 4 68 69 75 36 73 19 46 34 
55 8 1 98 31 38 64 89 32 33 89 82 18 61 25 94 71 87 22 46 34 32 90 58 3 54 53 54 43 28 93 40 
94 58 81 69 58 26 20 22 91 24 70 3 9 41 56 73 96 45 3 16 73 53 33 92 56 94 52 45 62 98 42 32 
8 17 59 93 34 1 92 14 41 15 96 7 64 77 82 35 42 24 71 78 76 64 50 40 26 12 66 79 17 73 36 39 
85 44 10 5 70 18 54 87 99 49 33 96 64 37 89 13 87 85 35 37 87 86 83 11 24 73 96 69 51 97 93 26 
17 56 64 34 3 84 13 30 85 73 75 56 41 59 21 100 81 62 89 76 2 1 83 53 43 15 49 64 28 71 61 15 
65 46 15 79 72 39 38 23 89 52 22 97 43 98 2 1 66 17 91 16 55 78 26 95 76 92 1 77 88 29 73 31 
53 68 80 68 28 93 79 98 6 25 29 20 41 65 62 71 44 15 47 52 41 64 59 27 31 63 78 28 42 2 31 45 
86 34 4 29 19 43 47 13 24 99 2 12 28 38 14 41 48 45 91 33 62 56 3 11 65 66 66 40 81 1 85 64 
81 61 71 13 72 42 10 65 20 18 28 22 3 4 42 51 25 40 63 23 65 100 82 13 1 64 44 41 45 30 100 96 
76 75 31 45 49 75 30 60 73 6 32 23 38 89 92 13 53 87 94 62 8 90 84 71 50 46 7 93 99 44 95 26 
31 81 85 26 82 74 95 68 73 37 36 63 54 14 61 30 24 42 56 54 52 36 27 95 12 88 61 98 97 68 46 85 
25 38 30 17 17 19 85 64 70 87 37 97 7 81 45 51 31 93 26 35 10 65 98 49 19 62 30 33 22 47 77 17 
28 16 45 43 82 46 64 60 34 29 1 61 45 74 98 95 41 30 52 18 2 67 19 83 81 10 95 44 57 14 22 85 
27 5 10 71 94 95 38 62 22 26 97 30 36 29 92 7 98 8 45 52 45 44 52 40 15 53 7 38 92 2 36 27 
22 53 82 13 79 73 14 36 54 98 29 33 36 40 5 23 26 39 3 40 32 15 65 78 78 100 55 11 2 19 100 52 
-1 -1 1 -1 -1 -1 -1 1 -1 1 1 1 -1 -1 1 1 1 1 1 -1 -1 1 1 1 1 1 -1 -1 1 1 1 1 
-1 -1 1 1 1 1 1 1 1 1 1 1 1 -1 -1 -1 1 -1 -1 1 -1 -1 -1 -1 -1 -1 1 -1 1 -1 1 1 
1 1 -1 -1 1 -1 -1 1 1 -1 -1 -1 -1 -1 1 1 1 -1 1 1 1 -1 1 -1 1 -1 -1 1 -1 1 -1 1 
-1 1 -1 1 1 1 -1 1 1 -1 1 -1 -1 -1 -1 1 -1 -1 -1 -1 -1 -1 -1 1 -1 -1 -1 1 1 -1 1 1 
-1 1 1 1 1 -1 1 1 -1 -1 1 -1 1 -1 -1 -1 1 -1 -1 -1 1 1 1 -1 -1 1 -1 1 -1 1 -1 1 
-1 1 -1 1 -1 1 -1 -1 1 -1 1 1 -1 1 -1 1 1 1 1 -1 1 -1 -1 1 -1 1 1 -1 -1 -1 -1 -1 
-1 1 -1 -1 1 -1 -1 1 1 1 1 -1 1 -1 1 -1 1 -1 1 -1 -1 1 -1 -1 -1 1 1 1 1 -1 -1 1 
1 1 1 1 1 -1 1 1 1 -1 1 1 -1 1 1 -1 1 1 1 -1 1 1 1 1 1 -1 1 1 1 1 -1 -1 
-1 1 1 1 -1 1 1 1 -1 -1 1 -1 1 1 -1 1 -1 1 -1 1 -1 -1 1 -1 -1 1 1 -1 -1 1 -1 1 
1 1 -1 -1 -1 -1 1 -1 -1 -1 -1 -1 -1 1 -1 -1 1 -1 -1 1 1 -1 -1 -1 1 -1 1 -1 -1 1 1 -1 
1 1 -1 1 1 1 1 1 1 -1 -1 1 -1 -1 -1 1 -1 -1 1 -1 1 -1 1 -1 1 1 1 1 -1 -1 1 1 
1 1 -1 -1 -1 1 -1 1 -1 -1 1 -1 -1 -1 -1 -1 1 -1 -1 -1 1 -1 1 1 -1 1 -1 1 -1 -1 1 1 
-1 1 -1 -1 1 -1 1 -1 1 -1 -1 -1 -1 -1 -1 -1 -1 1 1 -1 1 -1 1 -1 -1 1 1 -1 -1 1 -1 -1 
-1 -1 -1 -1 -1 1 -1 1 1 1 -1 -1 -1 -1 -1 1 1 -1 -1 -1 1 -1 1 1 -1 1 -1 1 1 -1 1 -1 
1 -1 1 -1 -1 -1 1 1 -1 -1 -1 -1 -1 -1 -1 1 -1 -1 1 -1 -1 -1 -1 -1 1 -1 1 1 1 -1 1 -1 
1 -1 1 1 -1 1 -1 -1 1 -1 1 -1 -1 1 1 1 -1 -1 -1 1 1 1 1 -1 1 -1 1 -1 -1 1 -1 1 
1 1 1 -1 1 1 1 1 -1 1 -1 1 -1 1 -1 -1 1 1 1 1 1 1 1 1 1 1 -1 -1 1 1 -1 1 
1 -1 -1 -1 -1 1 -1 1 1 -1 -1 -1 1 -1 -1 -1 1 1 -1 1 1 -1 1 -1 -1 1 -1 -1 -1 1 -1 1 
1 -1 1 -1 -1 1 1 1 -1 -1 1 -1 1 -1 1 -1 1 -1 -1 -1 1 1 1 -1 1 -1 -1 -1 1 1 1 -1 
-1 1 1 -1 -1 -1 -1 -1 1 1 -1 -1 -1 -1 -1 1 1 1 -1 -1 -1 -1 1 -1 1 1 -1 -1 1 1 -1 1 
-1 -1 1 -1 1 1 -1 1 -1 1 1 1 1 1 -1 1 1 1 1 -1 -1 -1 -1 -1 -1 1 -1 -1 -1 1 1 -1 
1 -1 -1 -1 1 -1 1 1 -1 -1 -1 -1 -1 -1 -1 1 1 -1 1 -1 -1 -1 1 -1 1 -1 -1 -1 1 1 -1 -1 
1 -1 1 -1 1 -1 -1 1 1 -1 1 1 1 1 -1 1 1 1 1 1 -1 1 -1 1 -1 -1 -1 1 1 1 1 1 
1 -1 -1 1 -1 1 -1 1 -1 -1 -1 1 -1 1 -1 -1 1 -1 -1 -1 -1 -1 1 -1 -1 1 -1 1 -1 1 -1 -1 
1 -1 1 -1 -1 -1 -1 1 -1 1 1 -1 -1 -1 1 1 1 -1 1 1 -1 1 -1 -1 -1 -1 -1 1 -1 1 -1 -1 
1 -1 -1 -1 1 1 1 -1 1 -1 1 1 1 1 -1 -1 1 1 -1 1 1 -1 -1 1 -1 -1 1 1 1 1 1 1 
-1 1 -1 -1 -1 1 1 1 1 1 1 -1 1 -1 1 1 -1 -1 -1 -1 -1 -1 -1 -1 -1 1 -1 1 -1 1 -1 1 
-1 -1 1 1 1 -1 1 1 -1 -1 1 1 -1 1 1 -1 -1 -1 -1 -1 -1 -1 1 1 1 1 1 -1 1 1 -1 -1 
1 1 -1 1 -1 -1 1 1 -1 -1 -1 -1 -1 1 1 -1 1 -1 1 1 -1 1 1 -1 -1 1 -1 1 -1 -1 1 1 
1 -1 1 -1 1 -1 -1 1 1 1 -1 -1 1 -1 -1 1 1 1 1 1 1 1 1 1 1 1 1 1 -1 1 1 -1 
1 1 -1 1 -1 -1 -1 -1 -1 1 1 1 -1 1 1 -1 -1 -1 1 -1 1 -1 1 -1 -1 1 -1 -1 1 1 1 -1 
1 1 1 1 1 -1 1 -1 1 -1 1 1 -1 -1 -1 1 1 1 -1 1 -1 -1 1 -1 -1 1 1 -1 1 -1 -1 -1 