32
61 62 51 64 48 81 52 84 23 96 63 21 50 23 7 75 83 67 11 12 55 98 18 100 3 13 96 92 17 44 44 54 
15 27 54 9 82 17 74 72 39 68 64 33 22 50 95 13 83 42 70 57 20 77 80 90 90 43 2 80 31 37 41 3 
2 63 74 8 47 36 57 56 21 99 2 24 79 87 84 65 67 92 80 52 44 43 28 80 67 67 73 80 27 64 8 22 
46 77 90 54 17 40 6 68 34 59 76 75 24 56 63 44 34 96 86 47 40 20 64 21 71 15 13 36 53 50 25 39 
67 55 52 69 49 63 17 47 43 65 26 61 77 14 16 52 93 100 97 96 1 18 37 26 40 82 78 48 30 18 75 92 
38 35 86 10 36 61 20 99 16 7 76 2 65 67 67 77 95 81 55 98 81 86 77 9 76 4 18 29 65 8 39 46 
6 47 26 58 67 36 99 19 40 41 44 39 25 15 30 3 36 50 40 90 35 48 24 3 28 61 88 66 20 2 57 12 
10 29 11 66 18 41 43 59 52 75 27 47 13 65 85 25 49 27 35 4 18 64 6 68 3 8 65 59 16 81 71 49 
89 42 54 45 87 63 48 13 26 98 85 51 56 11 79 19 20 48 33 72 1 46 54 48 97 82 20 79 78 84 85 2 
8 100 93 71 40 32 31 19 42 8 22 16 76 57 97 3 32 85 95 59 92 99 38 96 19 37 40 54 48 11 28 76 
26 6 50 92 22 72 46 78 52 95 78 64 96 66 17 9 59 97 20 37 76 56 40 89 86 60 29 66 33 2 62 43 
91 86 36 48 7 18 43 89 58 35 90 82 72 66 29 68 82 17 19 55 73 2 8 60 35 70 68 78 7 71 44 43 
47 50 37 16 1 75 68 81 11 24 4 56 69 60 100 23 72 49 93 41 57 95 92 55 92 13 27 20 27 83 93 45 
93 44 41 45 65 17 74 42 7 82 66 80 23 38 96 61 8 2 97 99 43 90 69 4 35 24 82 92 30 85 54 76 
40 60 94 22 39 23 15 7 23 68 98 11 16 77 45 69 8 72 35 98 80 30 17 26 98 18 80 39 93 42 74 55 
37 18 99 27 80 68 52 99 22 3 28 100 57 68 21 33 49 32 84 30 21 74 36 67 95 43 92 75 89 43 82 91 
50 100 19 24 67 14 50 46 51 66 58 85 45 21 89 99 30 40 23 98 40 7 43 53 88 89 69 18 40 37 92 96 
100 55 31 76 53 26 20 19 72 22 91 95 96 3 95 11 92 1 52 24 89 58 23 36 20 8 39 9 25 5 49 17 
81 90 78 99 42 46 51 85 52 64 53 21 12 23 100 59 36 23 19 87 83 38 4 34 12 61 53 20 84 91 57 58 
58 2 30 74 26 52 62 97 57 41 7 29 24 16 76 56 78 58 27 16 40 76 31 91 46 91 14 68 72 73 100 79 
27 41 64 77 88 83 42 77 48 45 16 91 77 63 95 29 49 55 98 6 61 86 92 30 95 27 83 63 74 56 68 46 
64 80 69 19 13 58 22 89 73 12 55 82 12 79 99 62 82 31 40 49 8 16 46 100 78 77 22 35 78 89 29 42 
52 60 10 83 18 73 46 18 85 68 1 42 83 76 66 2 4 36 14 91 3 59 45 63 86 47 93 36 78 29 99 95 
62 86 1 22 79 24 89 48 83 43 38 21 43 53 26 18 76 82 87 42 45 24 28 14 6 55 76 64 10 87 55 26 
77 1 80 68 61 50 64 8 65 74 37 91 7 100 88 73 82 64 76 96 34 94 86 93 69 66 54 65 4 31 5 20 
78 98 68 12 30 68 79 74 8 41 62 52 81 24 9 62 99 85 53 22 86 98 22 82 50 44 73 54 79 23 63 28 
90 78 50 20 54 15 9 27 16 74 93 12 29 74 46 16 18 83 46 40 43 54 55 73 5 54 17 27 65 14 74 23 
6 56 62 94 42 55 46 73 2 16 13 1 76 76 26 97 61 4 30 91 27 72 66 58 17 61 48 87 66 51 52 87 
100 25 96 18 19 67 52 71 45 7 33 96 96 93 7 44 9 1 100 11 55 13 64 88 10 98 66 61 23 29 87 30 
2 20 40 43 35 13 50 35 32 42 97 24 80 51 84 35 61 9 12 95 43 7 20 62 42 24 11 26 1 24 98 80 
49 86 13 51 13 95 53 54 68 25 95 5 19 86 85 60 40 20 71 10 16 26 52 3 22 59 96 97 67 79 15 62 
22 53 13 83 99 57 57 9 76 70 17 74 69 39 46 81 92 54 70 92 34 25 78 7 30 72 59 3 69 46 76 98 
1 -1 1 -1 1 -1 1 -1 -1 -1 1 -1 1 1 1 1 1 -1 -1 -1 -1 1 -1 1 -1 -1 -1 -1 -1 -1 1 1 
-1 -1 1 -1 -1 1 1 1 -1 -1 -1 1 -1 -1 -1 1 1 1 -1 -1 1 -1 1 1 1 -1 -1 1 -1 1 -1 -1 
1 1 -1 1 1 1 -1 1 -1 -1 1 -1 -1 -1 1 -1 1 -1 -1 1 -1 1 -1 1 1 -1 -1 1 -1 -1 -1 -1 
-1 -1 1 -1 1 1 1 -1 1 -1 1 1 -1 -1 -1 1 1 -1 1 -1 1 -1 -1 1 1 -1 1 -1 -1 -1 1 1 
1 -1 1 1 -1 -1 1 1 1 -1 1 1 -1 -1 -1 -1 -1 1 1 1 -1 -1 -1 1 1 1 -1 1 -1 1 1 -1 
-1 1 1 1 -1 -1 1 1 -1 -1 -1 1 1 -1 1 -1 -1 1 1 1 -1 1 -1 1 -1 -1 1 -1 -1 -1 1 -1 
1 1 -1 1 1 1 1 -1 1 1 1 1 -1 1 -1 -1 1 1 -1 -1 -1 1 -1 -1 1 -1 1 1 -1 1 1 1 
-1 1 1 -1 1 1 -1 -1 -1 -1 -1 1 1 1 1 -1 -1 -1 -1 -1 1 1 1 -1 1 -1 -1 -1 1 1 -1 -1 
-1 -1 -1 1 1 -1 1 -1 1 1 1 1 1 1 -1 1 1 1 1 1 1 1 -1 1 1 -1 1 -1 1 -1 1 1 
-1 -1 -1 -1 -1 -1 1 -1 1 1 -1 -1 1 -1 1 1 -1 1 1 1 1 -1 -1 -1 -1 1 -1 -1 -1 1 -1 -1 
1 -1 1 1 1 -1 1 -1 1 -1 1 1 1 1 -1 -1 -1 1 -1 1 -1 1 -1 -1 1 1 1 1 1 -1 1 1 
-1 1 -1 1 1 1 1 1 1 -1 1 1 1 -1 1 1 -1 1 1 1 -1 -1 -1 1 -1 -1 -1 1 -1 -1 1 1 
1 -1 -1 -1 -1 1 -1 1 1 1 1 1 -1 -1 1 1 1 -1 -1 1 1 1 -1 1 -1 -1 1 1 -1 1 -1 -1 
1 -1 -1 -1 -1 -1 1 1 1 -1 1 -1 -1 1 1 -1 -1 -1 -1 1 -1 1 -1 1 1 -1 -1 -1 -1 -1 1 1 
1 -1 1 -1 -1 1 -1 1 -1 1 -1 1 1 1 -1 1 -1 1 -1 1 -1 1 1 -1 1 1 1 1 -1 -1 -1 1 
1 1 -1 1 -1 -1 -1 -1 1 1 -1 1 1 -1 1 1 1 -1 -1 -1 1 1 -1 -1 -1 -1 1 -1 -1 1 -1 -1 
1 1 1 1 -1 -1 1 -1 1 -1 -1 -1 1 -1 -1 1 -1 1 1 1 1 1 1 -1 1 1 1 1 1 1 1 -1 
-1 1 -1 -1 1 1 1 -1 1 1 1 1 -1 -1 1 -1 1 1 1 -1 1 -1 -1 -1 -1 -1 1 1 -1 -1 -1 1 
-1 -1 -1 1 1 1 -1 -1 1 1 -1 1 -1 -1 -1 -1 1 1 -1 -1 1 1 1 1 -1 1 1 1 1 -1 -1 -1 
-1 -1 1 -1 1 1 -1 -1 1 1 1 1 1 1 1 -1 1 -1 -1 1 1 -1 1 1 -1 1 -1 -1 -1 -1 1 1 
-1 1 -1 1 -1 -1 -1 1 1 1 -1 -1 1 -1 -1 1 1 1 1 1 -1 1 -1 1 1 1 -1 1 1 -1 1 1 
1 -1 1 -1 -1 1 1 1 1 -1 1 -1 1 1 1 1 1 -1 1 -1 1 -1 -1 -1 1 1 1 1 -1 -1 1 -1 
-1 1 -1 -1 -1 -1 -1 1 -1 -1 -1 -1 -1 -1 1 -1 1 -1 1 1 -1 -1 1 1 -1 -1 -1 -1 1 -1 -1 -1 
1 1 1 1 1 1 -1 -1 1 -1 -1 1 1 1 -1 -1 -1 -1 1 1 1 -1 1 1 -1 1 -1 1 -1 -1 1 -1 
-1 1 1 1 1 -1 1 1 1 -1 1 -1 -1 1 1 -1 1 -1 -1 -1 1 1 -1 -1 1 -1 -1 -1 -1 -1 -1 1 
-1 -1 -1 -1 1 -1 -1 -1 -1 1 1 -1 -1 -1 1 -1 1 -1 1 1 1 1 -1 1 -1 1 -1 -1 -1 -1 -1 1 
-1 -1 -1 1 -1 1 1 -1 1 -1 1 -1 1 -1 1 1 1 1 1 -1 -1 1 -1 -1 -1 -1 -1 1 -1 -1 1 1 
-1 1 1 -1 1 -1 1 -1 -1 -1 1 1 1 -1 1 -1 1 1 1 -1 1 1 -1 1 -1 -1 1 1 -1 -1 -1 1 
-1 -1 -1 -1 -1 -1 -1 1 1 -1 1 -1 -1 -1 -1 -1 1 -1 1 -1 1 -1 1 -1 -1 -1 -1 -1 -1 1 1 -1 
-1 1 -1 -1 1 -1 1 1 -1 1 -1 -1 1 -1 -1 1 1 -1 -1 -1 -1 -1 -1 -1 -1 -1 -1 -1 1 1 1 1 
1 -1 -1 1 1 1 1 -1 1 -1 1 1 -1 1 -1 -1 1 -1 -1 1 1 1 -1 1 -1 -1 1 -1 1 1 -1 -1 
1 -1 -1 1 -1 -1 1 -1 1 -1 1 1 -1 1 1 -1 -1 1 -1 1 1 -1 -1 -1 1 1 1 1 -1 1 -1 1 