16 -16 16 354 2892
74 45 51 73 5 38 26 77 38 30 31 13 89 23 18 92 
14 38 99 36 83 44 66 1 66 63 32 35 37 68 21 75 
16 97 82 65 28 95 26 66 84 31 72 52 20 92 69 6 
83 43 32 48 87 62 54 24 16 26 80 31 56 74 85 88 
26 38 36 7 85 63 25 48 84 14 23 75 61 19 34 55 
32 16 51 16 60 13 47 85 28 54 71 20 44 51 60 81 
80 34 87 73 66 9 47 46 47 91 66 1 58 21 13 6 
10 32 60 50 91 15 14 47 88 64 75 20 67 15 36 70 
34 49 74 58 30 80 63 75 53 83 59 75 65 53 83 66 
96 76 42 40 48 62 52 76 59 19 25 13 100 66 54 65 
42 78 67 3 55 62 99 88 75 6 31 51 23 6 92 42 
93 31 13 6 45 25 73 35 61 20 44 35 14 24 47 33 
54 36 96 69 95 43 4 13 38 63 30 16 79 22 28 29 
83 69 40 51 11 1 96 16 13 82 59 99 13 91 94 62 
74 5 68 93 64 10 81 38 88 76 68 15 60 65 58 1 
4 34 22 11 40 85 33 31 23 66 74 27 52 35 85 32 
-1 -1 1 -1 1 -1 -1 1 -1 -1 1 1 -1 1 1 1 
-1 1 1 -1 -1 -1 -1 -1 -1 -1 -1 -1 1 -1 1 -1 
1 1 -1 -1 1 1 -1 1 -1 1 -1 1 -1 1 1 -1 
-1 -1 -1 1 -1 1 1 -1 -1 1 1 1 -1 -1 1 1 
1 -1 1 -1 1 1 -1 -1 -1 1 -1 1 1 -1 1 -1 
-1 -1 1 1 1 -1 1 1 -1 1 -1 1 -1 1 -1 -1 
-1 -1 -1 1 -1 1 -1 1 -1 1 -1 1 1 -1 -1 -1 
1 -1 1 -1 -1 1 1 1 -1 1 -1 1 1 1 1 1 
-1 -1 -1 -1 -1 -1 -1 -1 -1 -1 1 1 1 1 -1 1 
-1 -1 1 1 1 1 1 1 -1 1 -1 1 1 -1 1 1 
1 -1 -1 1 -1 -1 -1 -1 1 -1 -1 -1 1 -1 1 1 
1 -1 1 1 1 1 1 1 1 1 -1 -1 1 -1 1 -1 
-1 1 -1 -1 1 -1 1 1 1 1 1 1 -1 1 -1 -1 
1 -1 1 -1 -1 1 -1 1 1 -1 -1 -1 1 1 -1 -1 
1 1 1 1 1 -1 -1 1 -1 1 1 1 -1 -1 -1 -1 
1 -1 -1 1 -1 -1 -1 1 1 1 1 -1 -1 -1 -1 1 