32 -32 32 344 6116
98 16 22 38 62 35 22 92 23 40 85 72 39 21 89 11 1 38 81 95 86 79 72 85 60 3 20 29 33 64 30 56 
58 89 30 34 50 60 46 82 92 63 52 58 28 47 74 70 35 48 16 15 100 93 76 74 70 15 17 58 89 51 67 5 
6 59 52 16 72 14 14 32 78 43 46 29 91 89 37 98 49 34 33 91 12 27 3 37 100 59 81 18 42 37 78 99 
81 41 90 80 97 7 10 15 17 70 57 85 90 33 20 44 98 85 84 99 91 11 53 54 93 58 84 68 20 74 19 83 
59 64 82 51 62 2 17 25 64 99 84 53 52 55 51 94 12 38 2 74 84 7 37 54 18 35 86 30 95 87 31 63 
31 32 15 93 99 62 68 9 37 92 87 21 89 100 87 87 67 100 21 80 45 73 41 26 89 38 3 89 48 1 15 2 
35 59 12 36 9 64 72 63 52 74 2 81 10 26 28 57 71 93 77 2 92 10 25 84 55 24 52 74 97 99 44 42 
32 27 11 54 24 54 23 35 61 72 41 54 73 84 49 61 97 36 48 93 38 86 26 56 29 31 37 15 25 91 37 85 
41 36 3 66 97 5 79 83 33 17 100 47 23 20 99 58 4 94 100 19 26 71 80 89 78 81 57 51 62 72 90 26 
43 68 42 96 24 75 47 11 8 11 4 25 44 53 92 49 25 5 76 73 21 75 86 32 79 36 92 78 13 71 55 100 
65 78 82 41 1 19 8 74 96 65 64 59 90 20 11 61 93 71 31 2 46 69 59 24 8 78 45 3 40 76 70 5 
86 88 72 71 88 61 81 92 27 96 68 24 18 13 71 1 40 22 72 15 60 12 52 58 99 19 59 44 87 70 56 66 
14 68 90 35 27 17 62 84 6 75 21 52 60 15 95 70 4 15 40 63 36 50 28 39 13 12 64 27 52 71 56 26 
4 58 41 24 54 15 49 12 46 42 91 85 82 52 61 33 35 81 14 16 12 24 23 76 46 17 21 33 87 14 52 15 
51 19 22 15 42 51 21 79 64 70 78 30 70 6 35 57 22 23 87 36 21 83 74 35 56 71 78 4 1 46 66 2 
7 43 86 77 23 6 64 89 47 80 25 54 63 88 15 42 38 51 97 70 95 88 79 45 56 9 35 62 81 69 61 25 
15 20 18 51 12 66 74 24 32 94 56 19 69 81 29 87 77 58 69 66 59 14 85 97 91 94 82 13 3 22 9 1 
16 90 68 63 86 3 74 89 6 23 24 94 63 41 34 92 8 36 10 53 64 89 87 14 9 92 39 9 63 17 12 42 
50 1 99 81 10 33 33 48 77 49 60 12 25 51 10 99 37 91 6 13 54 41 54 5 23 32 42 61 75 58 86 21 
91 8 85 31 30 99 97 36 36 59 97 28 31 72 48 60 73 5 38 37 95 28 55 37 20 58 86 26 26 34 86 94 
30 40 7 89 37 10 76 38 11 55 60 38 4 56 99 35 99 75 19 70 62 58 41 51 14 22 36 30 97 82 52 68 
32 78 73 72 94 40 69 32 65 96 36 24 12 2 20 84 18 14 1 85 63 38 56 44 46 45 82 86 49 44 64 5 
5 26 72 46 26 53 99 80 11 71 32 10 71 100 8 30 24 12 52 98 76 2 40 4 95 90 68 84 81 65 92 15 
7 81 98 7 32 60 60 84 45 30 88 28 45 99 27 64 31 52 41 59 70 43 94 10 61 86 25 21 58 12 36 2 
29 91 1 95 41 67 9 60 65 81 90 92 26 90 99 60 13 46 45 59 31 21 36 84 97 31 59 81 78 11 71 95 
22 94 84 1 53 24 21 18 74 14 37 69 44 79 97 83 72 30 59 2 99 36 30 69 14 94 67 23 75 97 39 51 
68 94 90 11 80 50 88 60 69 47 94 65 12 15 87 70 45 19 36 35 13 44 26 33 82 41 32 65 41 98 79 28 
26 49 70 88 43 78 58 47 75 18 8 50 78 52 65 30 60 36 49 38 91 56 64 38 100 70 46 53 97 34 68 72 
7 32 99 68 20 52 32 29 24 82 77 56 84 64 92 80 70 18 46 58 13 67 59 1 65 3 18 18 57 42 36 58 
65 13 67 44 74 74 69 92 82 18 96 5 68 4 72 13 39 13 9 99 35 59 20 24 44 20 82 77 49 81 12 43 
33 81 55 85 46 35 6 81 28 24 56 55 61 77 24 77 92 74 88 94 62 9 53 93 81 46 48 35 92 46 25 4 
47 20 100 43 3 35 20 13 91 79 22 7 37 3 53 17 61 40 30 1 42 42 70 89 64 28 85 98 98 53 11 45 
-1 1 -1 1 -1 1 1 1 1 1 1 1 -1 1 1 -1 1 1 -1 1 -1 1 -1 1 1 -1 1 1 1 -1 1 -1 
1 1 1 1 1 -1 1 1 1 -1 -1 1 -1 1 -1 1 -1 1 1 -1 -1 1 1 1 -1 -1 1 -1 1 -1 -1 -1 
-1 1 1 1 1 -1 1 1 1 1 1 1 -1 -1 -1 -1 1 1 -1 1 -1 1 -1 1 -1 1 -1 1 1 1 -1 -1 
1 1 1 -1 1 -1 1 -1 1 -1 -1 1 -1 -1 1 -1 1 1 -1 1 1 -1 -1 -1 1 -1 1 1 1 1 -1 -1 
-1 1 1 1 -1 -1 -1 -1 -1 -1 1 -1 1 1 1 -1 -1 1 -1 1 1 1 1 -1 1 -1 -1 1 -1 -1 1 1 
1 -1 -1 -1 -1 1 1 -1 1 1 -1 1 -1 1 1 1 -1 -1 -1 1 -1 1 -1 1 1 1 1 1 -1 -1 -1 -1 
1 1 1 1 -1 1 1 1 1 1 -1 -1 1 1 1 1 -1 -1 -1 1 1 -1 -1 -1 -1 -1 -1 -1 1 1 -1 1 
1 1 1 -1 -1 -1 1 -1 -1 -1 -1 1 1 -1 -1 1 1 1 -1 1 1 -1 -1 1 -1 1 1 1 -1 1 -1 1 
1 1 1 1 -1 1 1 -1 -1 -1 -1 1 1 -1 1 -1 -1 1 -1 -1 -1 1 1 1 -1 -1 -1 1 -1 -1 1 -1 
1 -1 1 -1 -1 1 1 -1 -1 1 -1 1 -1 -1 1 1 -1 1 -1 1 1 1 -1 -1 -1 -1 -1 1 -1 -1 1 1 
1 -1 1 -1 1 -1 -1 -1 -1 -1 -1 1 1 1 -1 1 1 1 1 1 -1 -1 1 1 1 1 -1 1 1 -1 -1 1 
1 1 1 1 -1 1 -1 1 1 1 1 -1 -1 1 -1 1 -1 1 1 1 1 -1 1 -1 1 1 -1 -1 1 -1 1 -1 
-1 -1 -1 -1 1 -1 1 1 1 -1 1 -1 -1 1 1 -1 1 -1 1 -1 1 1 -1 1 1 1 1 -1 -1 -1 1 -1 
1 1 -1 -1 1 1 1 -1 -1 -1 1 1 1 -1 1 1 -1 1 -1 -1 -1 1 -1 1 -1 -1 1 1 1 1 1 -1 
1 -1 -1 1 1 1 1 -1 1 1 -1 -1 1 1 1 -1 1 1 -1 -1 1 -1 1 -1 -1 -1 1 -1 1 -1 -1 -1 
-1 1 -1 -1 -1 1 1 1 -1 1 1 1 -1 1 -1 -1 1 1 1 -1 -1 -1 -1 1 -1 -1 1 -1 1 1 -1 -1 
1 -1 1 1 -1 -1 -1 1 -1 -1 1 -1 1 -1 1 1 -1 -1 1 1 -1 -1 1 1 -1 -1 1 1 -1 1 -1 1 
1 1 1 1 1 -1 -1 1 1 1 1 1 -1 1 1 1 -1 -1 1 -1 -1 -1 1 -1 -1 1 -1 -1 1 1 -1 1 
-1 1 -1 -1 -1 -1 -1 -1 -1 -1 1 1 1 -1 -1 1 1 1 1 1 -1 -1 1 1 1 -1 1 1 1 1 1 -1 
1 -1 1 1 1 1 1 1 -1 1 1 1 -1 -1 -1 -1 1 -1 1 1 -1 -1 -1 -1 -1 -1 1 -1 -1 -1 1 1 
-1 -1 -1 1 1 -1 1 1 -1 1 -1 1 1 -1 1 -1 -1 -1 -1 -1 -1 1 -1 -1 -1 1 -1 1 -1 -1 1 1 
1 1 1 -1 1 1 -1 -1 1 1 -1 -1 1 1 -1 -1 -1 -1 -1 -1 1 1 1 1 -1 -1 1 1 1 -1 1 1 
-1 1 -1 -1 1 -1 -1 -1 1 -1 1 1 -1 -1 1 -1 1 1 1 -1 -1 1 -1 -1 -1 -1 1 -1 1 -1 1 -1 
1 1 1 -1 -1 1 -1 1 1 -1 1 -1 1 1 -1 1 1 -1 1 -1 -1 1 -1 1 -1 -1 -1 -1 -1 -1 1 -1 
1 -1 -1 1 1 1 -1 -1 -1 -1 1 1 1 -1 -1 -1 -1 -1 1 -1 -1 -1 -1 -1 -1 -1 1 1 1 -1 -1 -1 
-1 -1 1 -1 -1 1 -1 1 -1 -1 1 1 1 -1 -1 -1 -1 1 -1 -1 1 -1 -1 -1 -1 1 1 1 1 1 -1 1 
1 1 -1 1 -1 1 -1 1 -1 -1 -1 -1 1 1 1 1 1 -1 1 1 -1 1 1 -1 1 1 1 1 -1 -1 -1 1 
1 -1 1 1 1 1 -1 1 1 1 1 -1 -1 1 -1 -1 1 -1 1 -1 1 1 -1 -1 1 1 1 1 -1 -1 1 1 
1 1 1 1 -1 -1 1 -1 -1 -1 1 1 -1 1 1 1 -1 1 1 -1 -1 1 1 -1 1 1 -1 -1 -1 1 1 1 
-1 -1 1 1 -1 -1 1 1 -1 -1 -1 -1 -1 1 -1 1 1 1 1 -1 -1 -1 -1 -1 -1 1 -1 -1 1 1 1 1 
1 -1 -1 -1 1 -1 -1 -1 1 1 -1 1 1 1 -1 -1 -1 -1 1 1 1 1 1 1 -1 -1 -1 1 1 1 -1 -1 
-1 -1 -1 -1 1 -1 1 1 -1 1 1 -1 -1 -1 -1 -1 1 1 -1 1 1 1 -1 -1 -1 1 1 1 1 1 -1 1 