64 -64 64 414 12530
37 27 84 80 11 2 65 12 49 96 31 29 22 96 83 90 38 98 99 31 16 94 26 9 1 88 2 40 67 59 84 20 98 20 15 71 64 18 41 28 28 22 58 7 85 47 40 97 6 8 52 29 5 1 13 34 91 36 75 8 19 21 31 11 
77 28 34 30 75 39 49 12 83 79 7 33 1 63 75 74 56 13 66 95 51 17 31 42 83 35 39 88 30 42 52 68 26 51 98 98 12 56 16 34 87 85 31 50 2 52 17 77 92 24 18 52 90 95 63 89 89 50 75 13 28 37 34 45 
87 57 32 62 2 60 75 72 62 27 48 50 52 94 88 18 100 87 2 17 38 60 13 22 82 71 31 4 25 63 97 56 83 41 74 18 79 79 56 66 28 59 24 56 74 42 47 14 94 90 72 43 9 4 4 66 36 50 99 99 88 3 44 46 
23 88 50 25 91 6 65 74 85 7 85 83 28 65 66 59 74 71 77 73 52 63 1 75 81 62 90 96 84 28 13 4 91 34 14 68 35 71 23 46 55 25 77 44 19 19 58 80 18 10 46 9 89 29 14 81 96 38 10 48 82 31 88 20 
78 65 33 78 16 92 26 21 96 57 51 26 33 26 93 20 11 29 86 65 39 58 18 52 29 48 90 59 35 48 50 60 75 99 73 90 78 2 8 48 38 10 39 59 96 36 16 75 68 92 57 50 93 39 75 27 93 48 74 66 2 38 96 35 
98 34 7 24 59 33 33 41 41 90 32 9 40 20 3 4 35 47 41 49 32 69 71 29 24 97 75 74 80 55 76 12 18 34 6 85 31 70 25 76 53 74 6 61 37 1 72 17 28 56 42 19 91 77 37 57 100 11 41 20 9 100 35 32 
8 49 47 76 24 74 13 39 15 62 8 87 63 88 81 43 60 50 72 15 29 43 6 76 28 17 55 42 23 2 38 40 15 84 25 12 46 99 42 62 37 40 38 34 53 67 10 40 28 38 94 35 93 82 30 3 65 54 55 20 36 3 81 30 
38 91 62 15 59 98 25 78 86 99 84 88 55 74 16 96 63 15 100 45 25 41 45 52 96 49 67 81 58 52 35 34 28 63 52 38 42 78 53 71 25 59 53 59 65 39 16 74 30 55 60 7 53 92 7 83 25 88 85 69 90 9 68 53 
34 43 34 4 11 65 70 16 93 22 63 65 67 13 20 1 9 58 34 20 19 93 76 62 58 32 97 81 99 54 68 86 19 58 78 44 15 76 58 90 20 100 25 15 39 5 72 23 96 54 56 57 55 27 2 74 79 23 5 53 97 8 40 23 
14 57 65 53 4 26 53 11 42 94 91 13 74 94 73 55 42 73 40 54 75 1 29 25 32 48 12 77 77 9 70 86 17 84 31 36 2 56 45 68 83 59 17 87 56 76 100 59 69 66 72 27 4 56 50 76 25 71 13 49 59 17 18 88 
33 2 15 95 15 65 7 19 8 10 22 39 96 86 78 44 66 51 17 69 75 73 43 26 74 21 40 2 8 85 29 19 66 70 22 89 44 98 13 93 91 11 94 100 72 24 12 32 30 98 66 89 85 47 97 49 75 66 35 26 27 74 93 70 
58 39 62 88 85 26 96 68 39 60 46 77 9 53 33 3 18 84 3 72 31 75 19 40 18 59 22 37 22 85 86 87 30 71 30 59 70 85 1 19 24 61 50 38 76 22 81 90 78 50 58 21 7 80 23 45 31 82 82 84 68 24 60 23 
77 78 64 30 66 30 73 2 63 22 60 61 57 48 8 23 3 32 94 93 60 22 90 83 31 43 68 8 92 3 27 23 32 6 43 54 59 12 7 12 2 68 17 84 58 41 88 37 86 48 62 30 93 57 26 78 31 58 38 74 41 39 19 38 
11 89 40 58 92 90 51 1 10 41 40 35 55 30 94 17 59 96 34 75 1 79 76 79 10 5 38 84 68 46 40 51 5 32 10 97 28 37 65 60 29 44 6 51 35 72 73 25 67 6 34 68 91 47 12 7 89 10 97 64 84 49 14 16 
37 71 34 83 51 7 10 53 35 36 86 23 97 78 5 67 46 10 28 82 90 21 33 18 48 36 10 6 20 48 99 31 59 15 49 15 66 21 11 48 49 68 11 85 27 22 96 38 87 36 34 14 62 97 73 67 33 57 53 31 26 95 85 65 
25 92 34 78 8 8 13 49 94 74 69 60 45 55 21 60 32 19 56 32 31 54 54 99 74 34 61 40 44 43 76 32 67 14 55 12 40 36 31 44 89 1 52 35 65 84 70 18 67 80 20 39 45 94 38 18 41 48 39 63 28 83 59 97 
88 45 13 74 36 84 49 42 83 42 62 57 24 58 81 74 66 20 23 98 34 76 94 92 36 35 68 5 81 90 81 95 1 5 75 44 41 91 76 68 92 78 97 64 19 99 97 46 56 75 78 59 71 2 12 65 85 4 63 31 3 49 17 68 
57 79 38 49 86 40 22 78 51 26 15 72 82 1 22 80 75 87 86 100 14 77 25 4 58 43 53 37 61 52 36 49 36 39 79 37 82 70 63 76 24 16 2 7 23 74 12 15 79 1 51 41 85 18 69 47 99 49 84 20 27 50 85 13 
17 61 36 81 10 18 47 98 59 2 64 13 55 56 1 17 98 64 75 20 44 78 85 53 61 25 28 54 44 44 53 36 63 35 29 61 62 39 42 19 19 33 42 57 27 78 61 57 41 96 63 2 89 70 4 34 76 37 49 100 71 71 51 28 
19 92 93 43 67 21 24 52 93 62 90 89 93 60 43 36 90 21 99 11 76 21 97 5 47 14 92 33 38 90 89 55 63 9 74 25 62 42 11 67 42 66 11 73 31 1 42 88 54 32 55 54 11 86 32 5 78 2 23 74 70 52 61 55 
36 57 67 8 80 87 27 77 12 21 75 90 35 86 81 4 19 38 33 9 73 16 79 49 71 74 95 1 92 37 95 58 68 63 99 68 88 84 92 39 58 23 17 26 81 13 80 65 24 24 52 94 28 3 79 2 26 67 69 60 5 12 95 58 
3 3 52 36 69 37 45 76 13 54 100 72 52 64 11 53 86 47 18 89 38 85 91 70 17 73 72 75 94 89 12 25 49 93 97 29 51 99 47 71 29 17 58 2 46 92 53 37 29 96 87 19 74 32 32 83 65 78 96 68 49 24 31 8 
69 71 96 26 4 83 73 18 35 9 66 34 43 97 22 50 70 7 24 32 66 3 70 76 37 56 64 46 42 37 82 63 33 90 73 40 87 87 10 84 43 53 12 21 86 8 63 77 61 4 2 12 32 59 57 87 51 96 69 36 78 30 74 7 
84 84 98 17 90 74 37 35 61 88 64 28 25 76 13 89 7 59 48 87 57 4 76 37 56 7 57 39 82 17 10 69 53 57 64 23 52 95 37 14 91 33 55 84 5 34 83 80 83 62 1 11 93 87 72 11 87 27 64 58 81 4 18 67 
55 98 37 84 17 2 26 86 13 67 57 73 78 15 92 57 63 19 37 85 77 76 65 27 38 3 21 54 71 65 46 28 80 12 88 80 68 52 1 80 93 46 24 29 9 98 59 77 80 54 65 24 84 79 73 85 86 34 72 6 33 2 60 30 
98 72 76 81 41 55 25 4 23 78 21 27 49 93 88 65 9 94 22 82 53 67 9 90 78 90 66 30 16 2 99 93 91 99 44 89 72 43 97 29 19 90 88 62 45 43 77 19 25 99 35 44 73 68 54 75 67 91 14 93 56 23 74 91 
86 93 44 6 12 66 22 25 7 60 57 26 16 25 61 73 55 19 69 7 21 40 55 61 80 22 18 18 53 31 94 100 25 88 11 55 15 93 3 7 38 81 83 97 41 66 37 20 24 59 29 2 38 61 79 39 69 24 98 75 75 98 78 39 
45 51 91 45 14 2 43 90 31 92 57 52 75 61 46 81 30 78 85 19 36 34 27 91 17 85 57 12 67 88 48 99 66 10 31 47 44 79 36 14 76 45 91 40 40 21 20 47 92 23 43 78 71 97 51 57 27 5 37 29 57 52 17 37 
26 90 47 19 8 24 7 25 94 41 10 68 36 51 56 29 17 28 80 56 55 79 7 79 20 35 23 4 8 99 94 69 91 84 85 69 20 49 20 69 50 22 6 92 12 15 81 20 49 33 73 90 29 42 68 30 54 64 74 58 88 50 14 100 
88 100 88 78 32 74 39 37 71 6 89 2 8 92 51 45 26 46 55 67 24 31 16 29 66 84 18 57 11 95 73 64 42 33 10 19 11 56 9 85 9 15 23 64 70 46 23 53 38 26 40 52 78 20 73 99 75 73 95 92 85 26 77 77 
19 61 9 77 49 51 19 40 3 63 29 92 28 92 55 24 29 19 6 71 97 85 19 41 33 94 75 27 33 38 10 94 97 15 30 21 32 46 74 92 38 50 55 80 87 31 1 21 50 10 19 99 23 28 72 53 10 91 53 100 20 75 3 98 
58 22 55 39 48 58 65 5 46 13 45 68 61 34 27 60 33 69 45 28 65 40 16 3 65 98 47 23 44 42 32 70 42 61 8 65 41 7 51 64 50 52 81 80 80 23 80 76 2 21 83 4 82 74 67 66 40 25 2 21 70 70 45 41 
46 19 94 21 41 81 48 12 63 3 92 2 69 2 48 31 20 86 92 100 26 8 60 25 43 22 60 96 48 21 64 28 89 44 2 54 40 19 49 57 79 98 18 100 61 39 55 45 49 44 99 26 18 40 11 29 91 46 48 96 74 13 45 2 
59 99 13 37 91 93 14 83 67 64 61 35 36 85 15 84 41 7 41 4 9 67 30 70 53 14 70 43 95 67 31 82 88 95 49 95 72 68 51 65 25 60 11 1 93 26 9 18 30 5 15 63 31 1 4 2 33 68 95 97 22 84 31 64 
86 57 52 3 60 66 50 17 66 55 46 51 24 28 90 4 88 11 69 13 86 91 80 26 58 43 4 23 57 99 71 48 8 70 20 11 85 69 82 82 93 57 84 47 59 69 45 48 30 17 72 57 46 60 22 99 9 33 18 53 28 79 40 43 
92 50 42 56 51 23 9 98 30 90 11 9 96 48 84 2 70 18 38 5 20 98 83 52 88 34 61 76 59 95 72 98 78 16 42 12 1 10 79 59 4 64 52 33 52 33 14 24 3 94 1 35 63 15 53 60 30 39 74 3 10 19 29 80 
70 60 24 82 41 75 45 63 73 81 67 16 96 75 59 82 43 47 100 2 28 26 77 54 15 80 40 69 24 92 54 25 40 96 80 46 51 29 25 33 74 68 79 66 60 26 44 5 56 46 98 84 42 78 61 5 92 17 86 63 43 95 4 100 
5 84 57 83 64 47 36 70 57 42 13 50 79 49 23 84 11 92 47 68 32 68 98 72 54 18 63 75 80 9 73 65 63 100 29 69 75 29 87 41 56 21 36 97 30 63 4 67 19 47 12 97 74 80 20 55 87 43 92 22 43 47 43 10 
3 1 96 48 46 60 100 70 11 63 93 15 82 59 11 71 99 46 17 15 93 4 33 91 63 2 9 83 97 54 96 93 14 27 77 97 88 67 13 83 61 38 58 53 30 32 8 47 76 85 8 8 1 87 15 9 13 32 18 37 44 6 56 74 
96 11 62 9 100 80 86 2 78 66 78 45 20 20 93 28 46 71 63 95 90 84 27 68 88 37 24 36 77 87 68 8 69 67 37 41 100 19 5 74 87 3 62 59 96 43 95 31 23 54 100 52 18 99 72 40 43 53 15 73 59 74 39 55 
90 89 52 30 86 48 93 5 54 62 71 78 33 60 15 10 60 50 74 68 1 11 7 69 68 80 83 22 98 74 75 44 61 36 65 24 38 10 28 69 60 59 3 83 56 25 43 88 91 82 83 74 52 48 10 40 73 13 92 99 36 86 100 32 
68 31 30 42 7 37 19 35 4 84 27 10 83 65 7 89 98 65 17 60 11 88 42 31 89 77 5 19 10 13 93 46 74 22 87 100 97 11 41 58 29 90 11 93 85 13 33 21 52 99 7 5 18 56 60 84 43 95 96 63 30 18 93 86 
85 3 79 66 14 92 56 80 85 31 43 59 98 63 93 30 60 91 16 36 65 73 78 79 46 31 27 99 52 51 37 37 75 56 86 94 46 44 41 37 50 88 11 72 77 97 66 49 22 83 14 75 26 73 11 88 13 2 72 21 57 70 24 57 
22 54 99 74 13 97 31 28 4 40 41 87 10 51 48 32 98 63 87 56 13 4 32 7 7 14 85 35 76 19 52 97 42 80 91 95 5 8 49 89 7 87 96 87 40 71 60 100 62 89 13 23 86 83 37 39 29 55 20 77 30 97 38 2 
69 43 27 74 7 88 71 98 36 11 85 70 52 15 25 29 73 65 17 11 70 31 17 37 60 38 5 39 73 86 68 47 31 49 93 88 83 92 100 46 56 31 98 89 86 1 20 72 19 46 81 44 54 11 93 97 46 55 39 57 93 56 27 35 
100 11 63 10 61 50 79 44 84 48 95 23 71 57 68 82 100 53 28 22 18 77 57 38 43 7 61 3 88 21 90 19 25 43 73 18 88 24 54 60 31 89 49 34 2 2 100 7 62 53 37 33 2 15 72 77 83 9 14 43 69 21 90 70 
21 32 99 89 23 82 59 32 88 34 67 55 93 56 33 73 15 33 14 97 92 72 84 63 95 20 96 20 15 13 60 51 51 19 96 62 52 65 86 10 78 13 96 2 53 56 43 89 2 8 21 63 7 10 5 96 84 66 39 46 38 69 45 36 
26 69 30 74 44 27 62 33 4 82 18 73 80 79 38 69 62 37 74 86 77 73 3 35 12 93 52 2 100 62 78 20 47 39 36 13 37 48 1 60 48 82 49 28 42 53 93 49 15 59 58 94 24 84 80 35 14 46 56 13 73 15 63 99 
66 14 80 16 35 39 15 48 26 64 93 78 14 86 84 29 43 29 15 71 97 11 99 20 34 76 6 49 10 18 6 91 76 94 33 82 3 90 97 65 59 74 93 29 66 84 59 33 1 8 15 16 89 36 3 36 81 81 52 96 79 6 57 21 
48 82 53 78 74 40 1 93 69 53 29 65 9 56 21 2 29 8 31 65 62 40 66 95 58 71 12 71 17 10 53 45 61 97 42 91 81 85 58 52 34 4 96 60 11 63 15 6 77 73 41 48 12 46 76 41 55 26 11 13 1 62 36 12 
63 44 41 46 81 75 68 13 80 36 30 43 2 86 57 87 93 97 21 83 95 22 52 96 37 31 21 7 26 7 10 56 45 98 95 46 2 91 53 66 51 96 75 87 36 20 75 70 55 25 62 20 44 22 17 14 53 60 56 29 56 76 15 85 
89 62 43 51 7 89 61 80 40 15 34 78 81 55 74 14 66 88 24 34 94 98 19 99 23 25 13 55 60 31 78 49 66 25 34 53 29 21 91 93 71 27 9 13 41 35 47 88 85 29 80 50 65 97 76 66 87 70 71 100 26 70 34 52 
21 21 52 53 9 92 33 87 60 58 67 58 100 77 53 35 3 86 9 33 26 87 65 58 18 38 33 79 72 31 69 24 52 85 81 34 72 66 58 80 26 66 80 96 91 9 96 70 22 31 50 26 71 3 32 55 70 28 2 30 26 5 2 5 
5 54 43 60 60 78 79 59 51 79 86 71 14 24 42 55 91 57 66 19 64 13 43 54 7 24 68 32 31 73 6 2 68 53 9 44 41 77 2 97 40 44 55 41 66 34 76 71 45 1 63 47 33 33 11 50 77 33 20 10 28 51 31 15 
46 70 80 91 44 16 76 83 33 23 41 73 96 92 88 78 34 65 48 69 62 28 93 49 14 5 89 76 90 23 35 11 29 2 73 26 61 85 84 13 40 91 64 71 63 25 60 13 62 42 59 83 83 95 17 24 23 54 34 94 49 66 55 76 
51 22 39 34 42 82 1 85 25 8 14 81 24 64 94 80 90 86 90 61 42 99 52 70 99 69 61 51 99 98 31 52 95 44 43 6 78 17 63 35 41 24 90 26 87 45 7 79 34 60 31 35 78 73 4 66 28 99 29 79 90 36 49 49 
42 39 87 83 26 39 22 56 69 39 78 84 75 46 91 47 62 81 21 86 26 25 40 5 86 84 27 53 89 76 89 41 63 59 17 60 95 74 16 94 52 41 19 80 83 56 46 43 22 37 99 65 41 31 86 64 18 50 91 39 25 2 6 25 
38 86 25 73 22 82 49 53 22 61 56 68 94 28 37 10 39 84 12 38 47 21 40 53 85 47 68 19 21 70 77 82 17 10 88 44 85 21 88 77 81 63 71 73 44 39 57 77 85 97 76 4 25 28 92 10 96 72 4 17 17 34 56 76 
29 33 47 44 35 58 36 80 64 71 95 87 17 75 97 69 59 96 44 63 59 44 77 86 73 95 100 25 81 52 49 38 73 79 68 44 75 8 86 79 55 60 7 61 3 33 55 31 85 72 51 2 70 32 77 32 12 13 27 34 59 37 49 93 
79 59 84 75 81 60 80 6 64 34 43 72 41 63 73 26 18 15 20 91 9 60 69 64 26 41 53 100 12 8 41 57 93 24 80 56 52 54 22 69 88 66 51 16 78 93 16 78 61 82 52 66 95 24 99 55 57 21 51 37 28 97 8 41 
89 50 80 56 90 24 36 100 34 77 61 30 20 85 70 86 36 84 25 77 12 99 47 88 61 25 14 83 90 7 61 74 92 45 86 60 22 72 51 36 98 47 53 47 96 96 24 85 7 63 45 56 94 5 80 9 90 4 62 75 89 43 58 24 
100 98 57 66 87 45 55 92 7 29 78 82 78 38 55 51 32 37 83 15 57 30 88 100 96 81 9 79 45 92 43 11 34 15 51 84 54 80 6 69 31 1 32 46 56 11 36 8 82 21 65 3 85 89 33 49 35 58 99 70 68 63 28 54 
98 3 94 94 65 71 14 54 85 29 54 50 5 31 2 39 91 31 100 60 47 72 50 37 1 36 92 4 38 44 5 92 24 27 99 56 41 30 98 48 27 95 5 7 75 30 19 90 67 14 5 21 55 21 66 12 42 75 64 71 63 26 64 20 
10 8 70 93 2 70 64 91 89 94 100 11 11 70 94 98 25 14 77 30 31 33 44 6 91 73 82 87 51 38 40 33 29 20 65 15 82 72 19 90 69 55 66 13 20 11 60 85 12 62 4 89 76 27 75 44 27 61 66 72 98 56 27 84 
-1 -1 -1 1 1 -1 1 -1 1 -1 -1 -1 1 -1 -1 1 1 -1 1 1 1 1 -1 1 -1 1 -1 1 -1 -1 -1 -1 -1 -1 1 1 -1 1 1 -1 1 -1 1 -1 -1 1 -1 -1 1 1 -1 1 1 1 -1 1 -1 1 1 1 1 -1 -1 1 
-1 1 -1 1 1 1 -1 -1 -1 -1 -1 -1 1 -1 -1 1 -1 -1 -1 -1 -1 1 1 -1 1 -1 -1 -1 -1 -1 -1 1 1 1 -1 1 1 -1 -1 -1 -1 -1 -1 1 1 -1 -1 1 1 1 -1 1 -1 1 -1 -1 1 1 -1 1 -1 1 -1 -1 
-1 -1 1 -1 1 1 1 -1 1 1 1 1 -1 1 -1 -1 1 -1 -1 -1 1 -1 1 1 -1 1 1 1 1 -1 1 1 1 1 -1 1 1 1 -1 -1 1 1 -1 1 -1 -1 1 1 -1 -1 -1 1 -1 -1 1 -1 1 1 -1 1 -1 -1 1 1 
1 1 -1 1 1 1 1 -1 1 -1 1 -1 1 1 1 -1 -1 -1 -1 1 -1 -1 -1 -1 1 1 1 -1 1 -1 1 -1 -1 -1 1 1 -1 1 1 1 -1 -1 -1 -1 1 -1 -1 -1 -1 -1 -1 -1 -1 -1 -1 -1 1 1 1 1 1 1 -1 -1 
1 1 1 1 1 -1 1 1 1 -1 -1 1 -1 1 -1 -1 -1 -1 1 -1 -1 -1 1 1 1 1 -1 1 -1 -1 -1 -1 1 1 1 -1 -1 -1 1 -1 1 1 1 1 1 1 1 -1 1 -1 1 -1 -1 1 -1 -1 1 1 1 -1 -1 -1 -1 1 
-1 1 1 1 -1 1 -1 1 1 -1 1 1 -1 -1 -1 -1 1 1 1 1 -1 1 1 -1 -1 -1 1 -1 1 -1 -1 1 -1 1 -1 1 1 -1 -1 -1 -1 -1 -1 -1 -1 1 1 -1 -1 -1 -1 -1 1 1 -1 1 -1 -1 1 1 1 1 1 -1 
1 -1 1 1 1 -1 -1 1 1 -1 1 -1 -1 1 -1 1 -1 1 1 1 1 -1 -1 -1 1 -1 1 -1 -1 -1 -1 -1 -1 1 -1 1 -1 -1 1 1 -1 1 1 1 -1 1 -1 1 1 1 1 1 1 1 -1 -1 -1 1 1 -1 1 -1 -1 -1 
-1 -1 -1 -1 1 1 1 -1 1 1 -1 1 -1 -1 -1 -1 1 -1 1 1 1 -1 1 -1 1 -1 1 -1 -1 1 -1 1 1 -1 1 1 -1 1 -1 1 1 -1 -1 1 -1 -1 1 -1 -1 -1 -1 1 -1 1 1 1 -1 1 -1 -1 1 1 1 -1 
1 -1 1 1 1 1 1 1 -1 -1 -1 -1 1 1 1 -1 -1 1 1 -1 -1 -1 1 -1 1 -1 -1 1 1 -1 -1 1 -1 1 1 1 1 -1 -1 -1 -1 -1 -1 -1 -1 -1 -1 1 1 1 1 -1 -1 1 1 1 -1 -1 -1 1 -1 1 1 -1 
-1 -1 1 -1 -1 -1 -1 1 -1 -1 1 1 -1 -1 1 1 1 1 -1 -1 1 1 1 -1 1 1 -1 -1 -1 1 1 1 1 1 1 1 1 -1 1 -1 -1 -1 -1 -1 1 -1 1 -1 1 -1 -1 -1 -1 -1 -1 -1 1 -1 -1 -1 -1 1 1 1 
-1 -1 1 1 -1 1 1 -1 -1 1 1 1 1 1 1 1 1 -1 -1 1 1 1 1 1 1 1 -1 -1 1 1 -1 -1 1 -1 -1 -1 1 -1 1 -1 -1 1 1 -1 -1 -1 -1 -1 1 1 1 -1 1 -1 -1 1 -1 -1 -1 -1 1 1 -1 -1 
-1 -1 1 -1 1 1 -1 1 -1 1 1 -1 -1 -1 1 1 -1 1 -1 -1 1 -1 1 1 1 -1 1 1 1 1 -1 -1 -1 1 -1 -1 1 1 -1 1 -1 -1 -1 -1 1 -1 -1 1 1 1 1 -1 -1 1 1 1 -1 1 1 1 1 -1 1 -1 
1 1 -1 1 -1 -1 -1 -1 1 -1 1 -1 1 1 -1 1 1 1 -1 1 1 -1 -1 -1 1 1 1 -1 -1 -1 -1 -1 -1 1 1 1 -1 1 -1 1 -1 -1 1 1 -1 1 -1 1 1 -1 1 -1 1 -1 1 1 -1 1 -1 -1 -1 1 1 1 
-1 -1 1 1 1 -1 1 -1 1 -1 1 -1 1 1 1 1 -1 1 -1 1 1 1 -1 1 1 1 -1 1 -1 -1 1 1 1 1 -1 -1 1 1 -1 1 -1 -1 -1 -1 1 -1 1 1 -1 1 -1 -1 1 -1 -1 1 1 -1 -1 1 1 -1 -1 1 
-1 -1 -1 1 -1 -1 -1 -1 1 1 1 1 -1 1 1 1 1 1 -1 -1 1 1 1 1 -1 1 -1 -1 1 1 -1 -1 1 -1 1 1 -1 1 -1 -1 -1 -1 -1 1 1 1 1 1 1 1 1 -1 1 1 -1 -1 -1 -1 1 -1 -1 1 1 -1 
1 1 -1 -1 -1 -1 1 -1 -1 1 1 1 1 1 1 -1 -1 1 -1 -1 -1 1 -1 1 1 1 -1 1 -1 1 1 1 1 1 -1 -1 -1 -1 -1 1 1 -1 1 -1 1 -1 -1 1 -1 -1 -1 1 -1 1 1 -1 -1 1 1 1 -1 -1 1 -1 
1 -1 1 -1 -1 1 -1 1 -1 1 1 -1 1 -1 1 -1 -1 1 -1 1 -1 1 -1 1 1 -1 1 -1 -1 1 -1 1 1 -1 1 1 1 -1 -1 1 -1 1 -1 1 1 1 1 1 -1 1 1 1 1 -1 -1 1 1 -1 -1 -1 -1 -1 1 -1 
-1 -1 -1 -1 -1 1 1 -1 1 1 -1 1 1 1 1 1 1 1 1 1 -1 -1 -1 1 -1 -1 1 1 -1 -1 -1 1 -1 -1 -1 -1 1 1 -1 -1 -1 1 1 1 1 1 1 -1 -1 1 1 -1 1 -1 1 -1 -1 1 1 1 -1 -1 -1 -1 
1 -1 -1 -1 1 1 1 1 1 -1 -1 -1 -1 -1 -1 -1 -1 1 1 1 1 1 -1 -1 -1 -1 -1 1 1 1 -1 -1 1 -1 1 1 -1 -1 1 -1 1 -1 -1 -1 -1 1 -1 -1 1 1 1 -1 1 -1 1 1 1 -1 1 1 1 1 1 -1 
1 -1 -1 1 -1 1 1 1 -1 -1 1 -1 1 1 -1 -1 1 1 1 -1 -1 -1 1 1 1 -1 -1 1 -1 -1 1 -1 1 -1 -1 1 -1 1 1 -1 -1 1 1 -1 1 -1 -1 -1 1 -1 1 -1 -1 -1 -1 -1 -1 1 -1 1 1 1 1 1 
1 -1 1 -1 -1 -1 1 1 -1 1 1 1 1 1 1 -1 -1 -1 1 -1 1 -1 1 1 -1 1 -1 -1 1 1 1 1 -1 1 1 1 -1 -1 1 -1 -1 -1 1 1 -1 1 -1 1 -1 -1 -1 1 -1 1 1 1 -1 -1 1 1 -1 1 1 1 
1 1 -1 -1 -1 1 -1 -1 -1 1 1 -1 -1 1 1 1 1 -1 1 -1 -1 -1 1 1 1 -1 1 1 1 1 -1 1 -1 1 1 1 -1 -1 1 -1 1 -1 -1 1 -1 -1 -1 -1 -1 1 -1 -1 1 1 -1 -1 -1 1 -1 1 1 1 -1 1 
-1 1 1 -1 1 1 -1 1 1 1 1 1 -1 -1 1 -1 -1 -1 -1 1 1 1 1 -1 -1 1 1 -1 -1 1 1 -1 1 1 -1 1 1 -1 1 -1 -1 -1 1 -1 -1 1 1 1 -1 1 1 -1 1 -1 1 -1 -1 1 -1 -1 1 1 -1 -1 
1 -1 1 -1 1 -1 -1 -1 -1 -1 1 1 -1 1 1 1 1 1 -1 1 1 1 -1 -1 1 -1 1 1 -1 -1 -1 -1 -1 -1 1 -1 -1 1 -1 1 -1 -1 1 1 -1 -1 1 -1 1 1 1 -1 1 -1 -1 -1 1 1 -1 -1 -1 -1 1 -1 
-1 1 -1 1 1 -1 1 1 1 1 1 1 1 1 -1 1 1 -1 -1 1 -1 1 -1 1 1 -1 1 -1 1 -1 -1 -1 1 1 1 1 1 -1 -1 1 1 1 -1 -1 -1 -1 -1 -1 1 -1 -1 -1 -1 -1 -1 -1 1 -1 -1 1 -1 -1 -1 -1 
1 -1 1 1 1 -1 -1 -1 -1 1 1 -1 1 1 1 1 -1 -1 -1 -1 1 -1 1 -1 -1 -1 -1 1 1 -1 1 -1 1 1 1 1 1 -1 -1 -1 1 1 -1 -1 -1 -1 -1 1 -1 -1 -1 -1 -1 1 -1 -1 1 -1 1 1 -1 1 1 -1 
-1 -1 1 1 -1 1 1 1 -1 -1 -1 1 1 -1 -1 -1 1 1 -1 -1 -1 1 1 1 1 -1 1 -1 -1 -1 1 -1 -1 1 1 -1 1 -1 -1 -1 -1 -1 -1 -1 -1 -1 -1 -1 1 -1 -1 1 -1 -1 -1 -1 1 -1 1 -1 1 1 -1 1 
1 -1 1 -1 1 -1 -1 -1 1 -1 -1 1 -1 1 -1 1 -1 1 1 1 -1 1 -1 1 -1 1 -1 1 -1 1 1 1 1 -1 -1 1 -1 1 1 -1 1 -1 -1 1 1 1 1 -1 -1 -1 1 -1 -1 1 -1 1 1 -1 1 -1 -1 -1 1 -1 
-1 -1 1 1 -1 1 -1 -1 1 -1 1 1 -1 -1 1 -1 -1 -1 1 -1 1 1 -1 -1 1 1 -1 -1 -1 -1 -1 -1 1 1 -1 -1 1 -1 1 1 1 -1 -1 1 1 -1 1 -1 -1 -1 1 -1 1 1 -1 1 1 -1 -1 -1 -1 1 1 -1 
-1 -1 -1 -1 -1 -1 -1 1 -1 1 1 1 -1 -1 1 1 1 -1 1 -1 1 1 1 -1 -1 -1 -1 1 -1 -1 -1 -1 1 -1 -1 -1 1 1 -1 -1 1 1 1 1 1 1 -1 -1 1 -1 -1 -1 1 1 1 1 1 1 -1 -1 1 1 1 -1 
-1 -1 1 1 -1 -1 -1 -1 -1 1 -1 -1 -1 1 -1 1 -1 -1 -1 1 1 -1 1 -1 -1 1 1 1 -1 -1 1 1 -1 1 -1 1 1 -1 -1 -1 -1 1 1 1 1 1 -1 -1 1 -1 -1 1 -1 -1 1 -1 -1 1 1 1 1 -1 1 1 
-1 1 1 -1 -1 1 -1 1 1 1 -1 -1 -1 1 -1 1 1 1 -1 -1 1 1 -1 -1 -1 -1 -1 1 -1 -1 1 -1 1 -1 -1 1 -1 1 -1 1 1 -1 -1 -1 -1 1 1 -1 1 1 -1 -1 -1 -1 1 1 -1 1 -1 -1 1 -1 1 -1 
-1 1 1 -1 1 -1 -1 1 -1 1 1 -1 -1 1 1 1 1 -1 1 1 -1 -1 1 -1 1 1 -1 1 1 1 -1 1 -1 1 -1 -1 -1 -1 -1 -1 1 1 1 -1 -1 -1 -1 -1 -1 1 -1 -1 -1 1 -1 1 -1 1 -1 1 1 -1 1 -1 
-1 1 1 -1 1 1 1 -1 1 1 -1 1 1 1 -1 1 -1 -1 -1 -1 1 1 1 -1 1 1 1 -1 1 -1 1 -1 1 1 1 -1 1 -1 -1 -1 -1 -1 1 -1 1 -1 -1 -1 -1 1 -1 1 -1 1 -1 -1 -1 1 -1 -1 1 -1 1 1 
1 -1 -1 1 1 -1 -1 1 1 1 -1 -1 1 -1 1 -1 1 -1 1 -1 1 1 -1 1 1 1 1 -1 -1 -1 -1 -1 -1 1 -1 1 -1 1 -1 -1 1 -1 1 -1 -1 1 1 1 -1 1 1 1 -1 1 1 -1 -1 1 -1 -1 1 1 1 1 
1 1 1 1 -1 1 1 1 1 1 -1 -1 1 -1 1 -1 1 -1 1 1 1 1 1 -1 1 1 -1 1 -1 -1 1 1 -1 -1 1 -1 -1 -1 1 1 -1 1 -1 1 1 -1 -1 1 1 -1 -1 -1 -1 1 1 -1 1 1 1 -1 1 1 -1 1 
-1 1 1 -1 -1 1 -1 -1 1 1 1 1 -1 1 -1 -1 1 1 -1 -1 -1 -1 1 -1 1 1 1 -1 1 1 1 -1 -1 1 -1 -1 -1 -1 -1 1 -1 -1 -1 1 -1 1 -1 -1 -1 -1 1 1 1 -1 1 -1 1 1 -1 1 1 1 -1 -1 
1 -1 1 1 -1 -1 -1 1 -1 -1 -1 1 1 1 1 -1 -1 1 -1 1 -1 -1 -1 1 -1 -1 -1 1 -1 1 -1 1 -1 -1 1 -1 -1 -1 -1 1 1 1 1 -1 1 -1 -1 -1 1 -1 -1 -1 -1 1 1 -1 -1 -1 1 1 1 1 1 1 
1 -1 -1 1 1 -1 1 -1 -1 1 1 -1 -1 -1 -1 -1 -1 -1 1 1 1 1 1 -1 -1 -1 -1 1 1 -1 -1 -1 -1 -1 -1 1 -1 -1 1 1 -1 -1 1 1 1 1 -1 1 -1 1 1 1 1 -1 1 1 1 -1 1 1 1 -1 -1 1 
-1 -1 -1 1 -1 -1 1 1 -1 -1 -1 1 1 1 -1 1 1 -1 -1 -1 -1 -1 -1 1 1 -1 -1 -1 1 -1 -1 1 -1 -1 -1 1 1 1 1 1 1 -1 -1 1 -1 1 -1 -1 1 1 1 -1 -1 -1 -1 -1 -1 -1 -1 1 1 1 1 -1 
1 -1 1 -1 1 -1 -1 1 -1 -1 -1 -1 -1 -1 -1 1 -1 -1 1 -1 -1 1 -1 -1 1 1 -1 1 1 1 -1 1 1 -1 1 -1 -1 1 -1 1 1 1 1 -1 -1 1 -1 1 -1 1 1 -1 -1 1 -1 1 1 -1 1 -1 1 1 1 1 
-1 -1 1 -1 1 -1 1 -1 -1 -1 1 -1 -1 -1 -1 -1 1 1 -1 1 -1 -1 -1 -1 1 1 -1 -1 -1 1 1 -1 1 -1 -1 1 -1 1 -1 -1 1 1 1 -1 -1 -1 -1 1 1 -1 1 -1 -1 -1 -1 -1 -1 1 1 1 1 -1 1 1 
1 -1 -1 -1 1 -1 1 -1 -1 -1 1 -1 1 -1 -1 1 -1 1 -1 1 1 -1 1 1 -1 -1 -1 -1 -1 1 1 -1 1 1 1 -1 -1 1 1 -1 1 1 -1 1 -1 -1 -1 -1 1 1 -1 -1 1 1 1 1 1 -1 -1 -1 -1 -1 -1 1 
-1 1 1 -1 1 -1 1 1 -1 -1 -1 -1 1 -1 1 -1 1 1 -1 -1 1 1 -1 1 -1 -1 -1 1 1 1 1 -1 -1 -1 -1 1 1 -1 1 1 -1 -1 1 1 1 1 -1 1 -1 -1 1 1 1 1 1 -1 1 -1 -1 1 -1 1 1 -1 
-1 1 -1 1 1 -1 -1 -1 -1 1 -1 1 -1 1 1 1 1 1 -1 1 -1 -1 -1 -1 -1 -1 -1 1 1 1 1 -1 -1 1 -1 1 -1 1 1 -1 -1 -1 -1 1 -1 1 -1 1 -1 1 1 -1 -1 -1 1 1 1 1 -1 -1 1 1 1 1 
1 -1 -1 -1 1 1 1 -1 -1 -1 -1 -1 1 -1 1 -1 1 1 1 -1 1 -1 1 -1 -1 -1 -1 1 -1 1 1 1 -1 -1 1 -1 1 -1 1 1 1 -1 -1 1 1 1 1 -1 -1 -1 -1 1 -1 1 1 -1 1 -1 -1 1 1 1 -1 1 
-1 -1 1 -1 1 1 -1 1 -1 1 -1 -1 -1 1 1 -1 1 1 -1 -1 -1 -1 1 1 -1 -1 -1 1 1 -1 -1 1 -1 -1 1 -1 -1 -1 -1 -1 -1 -1 -1 -1 -1 1 -1 -1 1 -1 1 1 1 1 -1 -1 1 -1 -1 1 -1 1 1 1 
-1 1 1 -1 -1 -1 1 -1 1 -1 -1 1 1 1 1 1 1 -1 -1 -1 1 -1 1 -1 -1 1 -1 -1 -1 -1 -1 -1 -1 -1 1 1 -1 -1 1 -1 1 1 -1 1 1 -1 -1 1 1 -1 -1 -1 -1 1 -1 -1 -1 1 1 -1 1 1 1 -1 
1 1 -1 -1 1 -1 1 -1 1 1 1 1 1 -1 1 -1 -1 -1 1 1 -1 -1 -1 1 1 -1 1 -1 -1 1 1 1 -1 -1 -1 1 -1 1 -1 1 -1 1 1 -1 -1 -1 1 1 -1 -1 -1 -1 -1 1 1 -1 1 -1 1 1 -1 -1 -1 1 
1 1 -1 -1 -1 -1 1 -1 1 -1 1 1 -1 1 1 -1 1 1 1 -1 -1 1 1 1 -1 -1 -1 -1 -1 -1 -1 1 1 1 1 -1 -1 -1 1 1 1 -1 1 -1 1 -1 -1 -1 -1 -1 -1 1 1 -1 1 1 1 1 -1 -1 1 -1 1 -1 
-1 -1 -1 -1 1 -1 1 -1 1 -1 1 1 1 -1 1 -1 1 1 1 1 -1 -1 1 1 -1 -1 -1 1 1 -1 -1 -1 -1 -1 1 -1 1 -1 1 1 1 1 -1 1 1 -1 1 -1 -1 -1 1 -1 1 1 1 1 -1 -1 1 -1 1 -1 -1 -1 
1 1 1 -1 -1 -1 1 1 -1 -1 -1 -1 -1 -1 -1 1 1 -1 -1 -1 1 -1 -1 -1 -1 -1 1 -1 -1 -1 1 -1 -1 1 1 -1 1 -1 1 -1 -1 -1 -1 1 -1 1 1 -1 -1 1 -1 -1 -1 1 -1 -1 1 1 1 -1 1 -1 1 -1 
1 -1 -1 -1 -1 1 1 -1 -1 -1 1 -1 1 1 1 -1 1 1 1 -1 -1 1 1 1 -1 -1 -1 -1 1 1 -1 -1 -1 -1 -1 -1 1 -1 1 -1 -1 -1 1 1 -1 -1 1 -1 -1 1 1 -1 -1 -1 -1 1 1 -1 -1 1 1 -1 -1 1 
1 1 -1 -1 1 1 1 1 1 -1 -1 1 -1 -1 1 1 -1 -1 -1 -1 1 1 -1 -1 -1 1 -1 1 1 1 -1 -1 1 1 1 1 -1 1 -1 -1 1 -1 1 1 -1 1 1 1 1 -1 1 1 -1 -1 -1 -1 -1 1 1 1 -1 1 -1 1 
-1 -1 1 -1 -1 -1 -1 1 1 -1 -1 1 1 -1 -1 1 -1 1 1 -1 1 -1 1 -1 -1 -1 -1 -1 -1 1 1 1 -1 -1 1 1 1 1 1 -1 -1 -1 1 1 1 1 -1 -1 1 1 1 -1 -1 -1 -1 1 1 -1 -1 1 1 -1 -1 -1 
1 -1 -1 -1 -1 1 -1 1 1 -1 1 1 1 1 -1 -1 1 -1 1 -1 1 -1 -1 -1 -1 -1 -1 1 1 1 -1 1 1 -1 -1 -1 -1 -1 1 -1 1 -1 1 -1 1 -1 -1 -1 -1 1 1 -1 1 -1 1 1 -1 1 1 1 -1 -1 -1 -1 
-1 1 1 1 1 -1 -1 -1 -1 1 -1 -1 -1 1 -1 -1 1 -1 1 -1 -1 -1 -1 1 1 1 1 1 1 1 -1 -1 -1 -1 -1 1 1 -1 1 -1 1 -1 1 1 1 1 1 -1 1 1 -1 1 1 -1 1 -1 -1 -1 -1 -1 -1 1 1 1 
1 1 1 1 1 -1 1 1 -1 -1 -1 1 1 -1 -1 1 -1 1 -1 1 -1 1 1 1 -1 -1 -1 -1 -1 1 1 1 1 1 1 1 1 -1 -1 -1 -1 1 -1 -1 1 -1 -1 1 -1 1 -1 1 -1 1 -1 1 -1 -1 1 1 -1 -1 -1 1 
1 -1 -1 1 1 1 1 -1 -1 -1 -1 1 -1 -1 1 1 -1 1 1 -1 1 -1 -1 -1 -1 1 1 1 -1 -1 1 -1 -1 -1 -1 1 -1 1 1 -1 1 1 -1 -1 -1 -1 -1 1 1 -1 1 1 -1 1 -1 1 -1 1 -1 1 -1 1 1 -1 
1 1 1 1 -1 1 -1 -1 1 -1 -1 1 -1 1 -1 1 -1 1 1 1 1 1 -1 -1 1 1 -1 -1 -1 -1 1 -1 1 -1 -1 -1 1 1 1 1 -1 1 -1 1 -1 1 1 -1 1 -1 -1 -1 1 1 1 1 -1 1 1 1 1 1 1 1 
1 -1 -1 1 -1 1 1 1 -1 -1 1 1 -1 1 -1 -1 -1 -1 1 1 -1 1 1 -1 -1 -1 1 -1 -1 1 1 1 1 1 1 1 1 1 1 1 1 1 -1 -1 1 1 -1 1 -1 1 1 1 1 -1 1 -1 -1 -1 -1 1 -1 1 -1 1 
-1 1 -1 1 -1 1 -1 1 1 1 1 -1 1 -1 1 -1 -1 -1 1 1 1 1 1 -1 -1 1 1 -1 1 1 -1 -1 -1 -1 1 1 1 1 -1 1 1 -1 -1 1 1 1 1 1 -1 -1 -1 -1 -1 1 -1 -1 1 -1 1 1 1 1 -1 1 
-1 -1 1 -1 -1 1 -1 1 1 1 -1 1 1 -1 1 1 1 -1 1 1 1 -1 -1 1 -1 1 -1 1 1 1 1 1 1 1 1 -1 -1 1 -1 1 1 1 -1 1 1 -1 1 1 -1 1 -1 1 -1 -1 -1 -1 1 -1 1 1 -1 -1 1 1 
1 -1 1 -1 1 -1 -1 -1 -1 1 -1 -1 1 1 -1 -1 -1 -1 -1 1 1 1 -1 -1 -1 -1 1 -1 -1 -1 1 -1 -1 1 1 1 -1 1 1 -1 1 1 1 -1 1 1 1 -1 1 -1 -1 -1 1 1 -1 -1 1 1 -1 1 1 1 1 -1 