128
5 100 91 51 59 30 97 42 27 48 31 72 98 46 77 87 17 52 59 49 70 4 26 21 55 1 22 39 17 28 18 24 43 55 88 39 91 47 16 83 58 92 11 38 4 73 36 83 26 62 34 51 47 48 38 40 95 38 87 56 68 67 8 100 96 89 10 4 93 67 87 3 26 43 14 79 85 67 95 43 3 47 34 100 41 33 42 60 85 42 10 22 25 20 14 20 59 73 71 83 51 47 68 33 65 24 28 10 66 98 32 29 63 79 67 48 63 22 69 75 66 88 57 85 65 63 86 67 
77 68 38 42 26 53 93 90 60 21 67 67 88 70 37 39 7 95 35 91 51 65 39 55 72 13 96 75 30 49 68 32 7 87 99 26 89 15 80 74 17 12 63 70 1 97 66 87 5 66 13 33 14 18 36 87 62 23 77 22 2 2 34 44 53 2 52 12 65 54 17 52 19 30 48 33 67 74 24 13 51 1 8 61 41 46 21 45 4 53 53 82 26 4 100 42 61 85 53 99 86 50 68 54 36 96 62 68 19 75 96 8 63 15 39 86 56 38 67 41 76 57 8 75 95 78 63 51 
38 85 62 16 82 93 75 74 55 98 56 16 43 97 79 1 26 74 34 98 99 99 27 9 76 30 10 41 73 86 7 69 47 81 57 54 78 48 39 65 60 45 82 89 12 60 59 67 94 63 25 47 89 90 62 49 36 61 62 21 92 1 50 40 2 96 86 69 88 8 75 42 72 92 24 10 93 46 99 12 64 33 3 24 80 57 3 41 20 75 81 84 41 96 94 3 26 93 77 32 47 92 89 36 20 74 27 67 43 53 74 48 7 64 40 14 7 53 98 5 50 88 9 87 82 95 50 100 
46 72 57 61 71 66 61 54 4 35 26 25 88 33 20 17 43 43 39 23 54 22 58 6 37 41 9 74 69 6 81 57 43 28 18 95 51 5 11 14 23 8 39 72 17 5 94 47 81 19 47 22 28 72 78 9 58 36 59 76 94 99 27 8 47 80 47 18 67 13 63 46 4 94 75 5 19 32 65 17 6 87 80 2 11 97 35 84 66 92 79 32 63 68 47 51 56 65 60 3 30 41 43 24 74 55 62 81 85 36 95 83 51 89 76 10 85 70 94 94 31 63 83 5 28 52 90 20 
16 47 62 26 100 90 74 12 81 18 31 64 99 96 43 32 41 30 13 91 25 59 20 4 13 36 44 85 21 35 13 28 3 40 58 57 68 23 96 90 78 9 79 61 35 86 87 76 43 12 35 80 69 28 22 87 99 36 51 34 95 73 86 18 79 75 53 26 52 93 74 37 43 38 83 15 47 2 41 91 7 50 49 15 31 64 74 41 93 95 42 43 98 99 42 43 43 98 97 64 41 42 5 64 50 60 23 65 81 71 79 93 99 54 61 100 67 70 24 97 65 51 98 41 64 82 17 29 
71 39 61 97 24 32 96 30 83 62 40 60 78 67 51 54 75 68 22 80 58 77 16 16 48 15 21 5 27 39 31 2 38 6 62 90 83 50 91 42 71 9 87 76 65 45 87 59 26 53 73 22 90 66 40 74 34 76 62 84 25 52 96 51 7 93 32 63 98 78 47 6 48 1 29 17 75 1 78 22 55 41 79 37 53 18 66 95 78 62 10 20 1 44 39 45 95 61 60 39 85 9 20 61 98 41 44 69 91 26 29 53 98 89 44 78 13 61 1 53 59 83 37 87 93 83 29 48 
11 35 85 19 34 62 24 10 18 30 43 35 36 99 67 72 91 89 90 77 34 79 98 71 61 37 71 8 32 63 83 26 5 10 6 85 98 26 36 97 28 2 73 44 28 78 23 15 30 46 27 12 15 63 6 36 33 13 38 49 87 80 82 56 4 78 22 68 96 40 55 60 96 7 61 5 2 70 72 94 59 57 52 13 18 85 49 76 69 72 96 35 60 9 28 100 69 57 91 46 66 83 36 99 95 95 45 53 17 38 92 21 3 18 87 89 42 47 96 10 28 51 37 61 85 34 12 19 
54 25 12 25 24 61 93 99 95 39 36 63 75 82 25 16 46 20 74 20 72 24 50 44 96 93 97 3 29 27 96 98 97 37 58 92 52 10 35 20 29 64 60 35 89 64 1 30 24 48 85 20 13 24 9 11 49 97 54 68 9 13 8 54 1 82 10 22 23 24 99 44 52 56 43 75 1 5 45 75 39 29 65 77 17 27 76 40 90 52 91 15 98 17 77 22 73 57 88 35 88 60 9 26 29 6 33 18 17 49 94 41 9 87 66 85 97 80 43 59 46 5 20 49 61 67 95 95 
55 3 90 62 23 30 47 71 56 22 75 17 93 100 18 16 58 65 62 17 4 73 43 12 40 11 93 47 79 2 97 53 81 88 3 47 29 49 81 24 63 79 67 99 70 45 5 58 43 62 86 70 64 91 95 40 95 83 47 100 79 91 39 9 57 19 73 78 78 100 30 44 2 38 91 26 5 74 76 73 11 49 17 4 97 66 69 38 3 18 1 35 74 71 61 84 83 100 13 13 85 73 30 18 92 94 17 6 64 14 88 94 55 80 54 18 26 87 24 34 53 83 31 71 61 81 1 72 
75 69 48 30 28 9 48 43 25 64 80 85 80 74 89 33 27 96 90 28 94 77 77 3 98 7 38 14 87 78 50 53 7 23 66 43 2 94 19 31 36 65 54 41 51 38 36 23 41 45 87 14 57 7 89 44 91 79 19 83 64 35 47 29 1 72 80 97 80 37 66 89 87 81 66 91 96 41 16 51 87 59 71 45 77 5 73 64 47 61 15 67 78 70 27 53 63 25 76 38 46 52 39 72 86 32 76 32 6 34 82 15 61 41 45 40 74 5 89 80 86 37 16 52 98 78 11 92 
38 68 33 63 65 3 51 65 7 55 27 26 2 4 75 19 29 30 88 50 95 28 98 32 60 1 56 54 68 74 50 39 76 80 6 76 60 60 28 55 92 26 16 60 27 19 73 80 29 33 98 21 5 9 36 55 71 52 18 80 52 15 71 82 86 49 49 83 21 40 82 29 53 42 97 18 69 59 22 20 45 91 28 56 38 99 16 3 6 37 25 51 14 1 73 64 48 87 36 92 41 39 16 88 6 85 27 9 48 8 2 19 85 69 54 53 18 92 86 67 87 91 97 26 14 13 14 48 
87 82 62 88 26 8 4 8 34 94 83 83 69 16 29 37 49 32 76 93 66 56 73 86 49 82 20 57 34 86 66 72 83 25 31 7 46 25 97 50 46 64 5 22 47 30 8 9 84 60 18 40 4 30 58 86 87 49 55 63 29 12 81 84 94 20 23 26 95 19 47 36 78 32 61 95 17 23 70 79 53 10 83 21 22 12 38 2 66 3 70 84 7 59 16 99 47 33 60 35 40 26 14 3 2 49 77 38 17 77 6 72 73 87 26 87 15 62 31 71 66 94 34 9 28 70 96 40 
57 7 68 42 72 76 73 11 33 47 60 13 51 18 100 23 46 80 81 66 48 28 32 10 80 17 11 13 75 64 44 83 6 35 14 71 86 33 12 36 11 42 25 19 85 91 71 80 38 1 86 51 80 15 98 56 80 15 17 70 77 73 87 41 65 75 98 51 11 47 60 3 34 74 61 64 35 71 28 7 16 76 74 88 47 90 33 5 26 54 75 70 84 75 99 41 84 64 6 87 97 7 21 13 1 34 55 64 61 69 64 13 71 93 79 64 6 68 14 96 29 62 15 10 86 78 77 48 
30 99 59 72 15 66 61 10 21 48 47 51 13 33 44 43 19 71 6 90 73 76 1 1 63 57 70 90 98 8 21 78 74 73 69 73 80 7 55 92 81 74 47 78 55 34 63 30 19 38 11 35 13 74 15 21 81 39 74 97 88 48 15 24 2 53 32 53 95 45 72 87 18 99 50 6 22 17 19 1 68 26 66 31 56 75 62 67 100 45 31 11 37 35 79 80 68 84 46 71 8 93 14 36 44 70 3 10 56 49 82 42 59 41 58 14 50 28 56 16 75 9 90 74 21 38 70 32 
10 95 20 76 29 42 64 11 94 26 4 13 15 78 51 92 82 4 81 78 8 64 56 93 68 23 34 96 12 29 24 79 95 53 20 5 13 62 17 80 93 32 94 90 56 90 87 14 83 41 44 90 45 19 63 38 30 12 18 70 51 100 12 88 94 8 35 25 71 78 33 18 20 33 46 80 23 10 36 80 10 30 89 38 8 85 37 17 91 72 15 57 92 74 38 57 47 88 91 2 68 82 85 60 40 85 37 9 83 40 68 45 13 25 9 15 64 27 99 41 55 10 45 14 29 81 46 61 
87 66 40 2 84 65 91 43 100 31 65 46 52 18 43 38 83 61 69 46 46 18 66 19 98 11 88 27 31 99 38 40 5 88 5 35 74 1 95 66 87 52 63 63 87 59 88 90 30 39 34 93 65 80 68 59 83 49 96 46 85 81 48 31 64 40 66 40 54 57 49 12 9 84 3 48 43 61 9 8 78 31 35 63 50 29 7 87 59 66 25 78 21 33 27 43 68 44 67 75 72 9 82 24 68 71 67 39 95 16 37 16 67 74 84 88 1 57 69 50 3 89 57 38 16 1 25 46 
70 48 36 83 36 49 77 71 38 100 56 65 21 79 86 81 83 2 62 75 2 95 38 18 22 83 3 66 33 95 11 90 52 70 86 50 68 94 24 35 83 86 54 85 48 51 16 11 36 80 81 65 36 25 83 80 9 4 78 48 92 46 27 72 76 36 73 8 37 80 90 93 8 61 90 11 40 94 9 27 41 4 13 23 81 77 8 37 48 85 81 12 1 5 80 45 100 95 29 30 84 43 44 1 72 20 67 98 88 21 95 45 96 93 35 74 17 63 85 38 70 92 37 21 39 35 62 43 
62 49 17 29 58 4 5 83 21 33 18 44 21 16 67 16 67 55 89 17 76 6 53 15 54 43 48 65 51 60 54 12 93 79 45 89 41 54 78 4 100 55 22 69 49 12 71 41 97 41 35 3 15 98 17 42 7 86 94 31 19 36 77 100 57 89 82 71 65 76 86 49 1 57 47 60 37 78 65 7 47 86 20 100 49 35 7 3 95 90 21 6 66 34 72 26 47 26 65 54 76 43 43 95 58 26 84 25 42 6 34 86 48 2 37 6 51 57 6 60 80 2 23 8 34 28 37 96 
21 2 63 41 7 85 65 46 78 58 88 4 13 17 12 71 75 65 59 34 93 21 79 10 88 4 11 29 17 56 75 97 31 91 41 12 43 54 5 93 85 74 26 37 59 85 49 54 48 85 87 25 28 43 94 70 92 18 44 76 10 2 84 35 47 28 62 40 61 98 92 31 29 78 16 25 99 15 47 96 26 46 73 82 79 75 17 90 99 30 67 29 24 58 63 58 77 57 93 65 43 47 72 61 51 82 9 57 44 58 35 96 7 63 29 4 21 78 77 97 71 3 97 92 98 6 98 58 
11 64 16 38 54 21 47 82 10 47 86 25 13 21 50 16 91 28 46 37 59 48 2 21 59 59 65 47 53 3 11 4 99 76 86 80 17 85 21 3 21 73 21 13 40 10 78 53 58 85 2 40 59 93 46 45 81 61 58 58 77 69 99 61 14 37 23 99 65 27 17 48 83 23 94 53 84 29 59 88 40 83 30 83 1 98 93 37 68 28 90 30 91 17 12 87 100 62 55 4 32 72 96 75 28 73 46 9 87 34 96 43 6 100 32 66 4 53 80 81 40 36 89 76 80 3 92 100 
77 88 45 3 67 54 47 74 78 46 13 77 35 65 40 36 98 78 24 4 63 49 12 90 66 72 75 49 39 2 54 59 89 30 1 64 13 24 45 5 20 72 87 53 47 65 98 69 69 90 81 45 57 24 8 88 83 51 14 66 66 13 85 44 67 81 39 46 73 6 100 6 72 46 8 58 58 57 61 46 68 54 69 80 99 64 68 68 49 23 50 78 2 31 39 51 35 58 32 64 87 70 55 96 70 39 38 25 77 88 39 55 13 90 73 56 33 60 90 9 60 75 4 52 13 26 1 88 
71 22 73 49 40 32 26 72 63 18 76 36 54 80 75 10 17 46 96 62 39 6 10 28 76 32 2 57 99 68 25 94 50 98 13 41 48 11 7 69 7 77 62 64 72 75 27 61 46 10 26 72 15 62 82 69 13 30 92 50 90 20 81 41 58 78 39 37 55 70 17 38 100 26 50 9 96 43 34 33 41 87 37 10 90 41 27 52 73 9 36 73 8 51 65 62 62 16 19 92 85 97 98 41 92 100 41 38 25 12 18 55 20 8 81 70 9 34 91 5 53 45 21 2 40 5 52 78 
91 64 10 72 40 72 7 23 29 39 19 15 78 67 53 11 92 9 66 91 1 7 63 39 57 81 100 20 30 37 23 51 41 14 10 14 3 77 37 24 15 42 24 5 5 21 31 67 96 62 97 42 76 86 71 67 25 4 11 43 81 50 95 18 38 71 95 94 94 40 47 37 73 93 43 35 70 67 39 8 96 60 68 93 94 30 93 75 58 24 40 6 42 9 72 71 34 15 7 95 98 49 40 52 2 97 28 45 99 19 83 12 73 63 85 71 95 43 18 44 29 49 5 83 22 73 100 79 
56 18 15 53 1 94 79 46 36 39 95 28 98 47 6 85 54 72 71 16 47 88 10 41 44 77 50 3 79 26 10 80 24 84 92 17 47 58 29 42 93 86 40 85 6 30 98 10 48 7 58 77 62 8 22 7 69 72 68 26 83 66 50 99 1 48 61 48 38 46 26 78 38 40 98 24 70 96 16 44 50 71 49 7 58 40 51 83 32 17 41 7 98 56 82 46 27 98 36 21 100 9 21 66 81 96 94 21 44 60 53 31 36 40 52 4 45 29 58 99 38 18 44 61 81 33 13 35 
12 95 69 94 45 56 77 1 17 9 38 68 3 79 62 35 15 87 91 39 16 35 14 32 2 10 44 89 27 41 60 49 42 30 4 30 20 69 52 43 78 29 74 95 50 94 60 61 63 87 75 66 92 55 70 43 17 62 42 57 53 72 56 85 88 55 5 86 99 34 59 65 91 27 59 8 74 80 73 59 5 18 98 35 25 29 94 65 34 38 28 49 95 67 75 82 55 88 92 78 5 10 57 63 8 29 33 8 100 53 29 41 14 5 21 20 91 25 28 87 39 55 60 47 52 51 53 18 
19 78 41 48 41 35 20 30 85 5 80 85 12 13 98 8 4 95 71 55 15 21 11 85 62 35 45 59 21 28 35 51 38 92 13 30 83 18 91 38 16 20 25 3 92 45 99 45 18 44 22 79 98 86 66 60 64 20 20 57 100 98 84 44 24 19 39 38 100 83 97 55 40 13 72 84 23 76 57 90 59 85 89 13 28 13 21 85 88 26 29 24 11 91 18 23 38 22 64 37 25 3 92 50 63 8 61 40 76 39 88 66 27 94 61 67 41 28 62 20 26 60 41 5 85 20 8 90 
63 95 93 69 41 8 53 83 6 66 25 20 30 10 78 77 94 8 99 3 65 20 89 5 47 40 38 34 26 20 67 28 25 62 50 85 57 77 39 16 97 96 59 31 33 16 68 6 88 82 1 59 23 75 39 17 9 84 54 53 30 44 23 87 11 79 37 79 41 78 100 65 15 56 87 27 81 93 57 46 53 66 51 87 79 79 79 80 12 100 17 97 48 70 64 40 47 61 42 74 46 99 47 29 87 89 54 79 21 77 59 74 36 26 53 70 75 10 47 60 91 88 64 99 24 86 100 71 
4 71 90 60 82 56 30 75 51 49 96 82 16 34 82 99 3 38 5 47 41 52 78 41 23 81 12 46 61 17 4 39 31 34 78 31 81 60 53 40 95 98 93 37 23 30 8 37 29 97 9 89 41 27 27 75 66 13 19 72 92 21 50 10 64 82 8 75 92 82 22 99 99 82 91 21 56 27 65 71 20 88 43 56 33 12 33 20 51 51 32 46 52 25 16 82 21 68 85 13 81 75 25 79 47 80 72 15 86 97 46 66 67 2 64 89 78 30 86 27 59 44 90 89 66 26 22 51 
73 98 97 74 2 90 95 23 39 30 37 13 47 85 51 17 34 4 40 38 85 27 3 98 63 1 65 6 18 90 69 99 34 17 66 68 7 82 81 70 85 37 75 35 98 55 16 51 19 85 5 79 37 55 58 95 22 19 89 27 22 20 8 89 57 100 31 89 4 78 100 99 35 23 69 98 38 25 84 59 32 98 53 50 62 57 20 60 85 77 87 52 84 61 68 25 36 30 96 44 37 83 58 12 83 91 84 31 6 91 26 100 19 3 7 51 67 60 48 97 4 54 64 18 82 26 15 10 
51 6 96 57 88 26 79 24 96 32 10 18 9 30 69 67 1 56 79 35 47 33 14 68 87 64 19 1 82 67 53 73 9 56 72 49 58 16 56 75 42 98 50 27 63 60 14 16 74 58 65 31 54 68 57 22 99 14 78 79 44 22 45 63 57 20 57 41 14 27 84 23 77 42 60 65 5 42 19 79 5 49 95 48 58 6 67 11 42 41 59 88 21 16 65 24 52 52 100 60 31 23 24 30 51 56 14 57 19 71 40 89 13 51 40 59 89 99 60 36 67 88 62 64 15 42 34 74 
82 56 46 61 78 78 55 41 95 26 81 92 89 63 12 87 11 27 44 61 24 84 81 81 30 79 11 90 4 53 83 18 14 50 8 18 79 1 64 89 95 76 38 10 3 63 72 38 85 82 20 49 45 78 83 14 75 7 6 58 8 66 32 17 78 62 32 43 92 35 83 50 23 76 78 31 43 83 98 7 59 64 88 64 16 40 24 91 72 9 83 68 41 53 83 80 8 98 3 74 97 9 42 72 42 78 79 58 8 1 41 35 53 70 83 88 87 63 82 87 60 98 78 88 59 41 15 20 
54 25 41 51 31 93 26 54 34 29 36 32 5 76 36 59 42 37 40 92 25 77 8 21 61 62 56 82 84 71 85 73 99 39 25 38 64 12 79 22 59 30 14 85 74 63 87 49 90 26 79 11 64 46 31 7 68 61 70 69 92 62 44 58 17 23 62 12 99 91 73 49 45 26 54 93 63 11 65 90 48 71 67 70 39 47 97 54 12 45 96 71 84 24 3 38 65 56 77 26 76 20 41 68 39 86 96 79 1 54 36 34 50 90 69 56 48 3 6 73 71 77 12 47 50 65 47 23 
47 21 44 12 14 98 92 41 35 7 31 4 13 74 32 94 61 7 17 8 52 2 54 76 26 93 39 77 31 51 46 6 49 14 97 41 41 5 48 49 3 11 51 26 42 17 60 20 80 8 88 77 23 76 24 30 61 52 22 81 82 32 48 39 71 45 76 45 47 14 53 91 41 74 5 46 91 81 10 100 64 60 29 51 24 36 56 58 42 4 35 48 29 5 16 64 13 38 15 19 37 72 32 12 95 77 77 87 100 3 36 6 25 97 42 99 38 24 14 88 53 29 5 11 80 1 6 71 
21 38 77 48 11 60 47 27 71 62 68 33 98 27 9 83 80 55 63 97 65 29 39 13 45 70 14 14 98 44 92 86 26 1 1 20 35 45 23 30 89 78 60 41 15 36 34 86 43 10 62 9 13 55 42 3 57 24 44 20 69 15 42 82 33 86 14 75 34 25 72 57 30 47 22 58 60 39 58 95 33 15 33 18 54 80 12 77 56 73 98 88 94 17 14 28 80 7 9 32 80 68 100 67 77 72 46 72 54 17 74 74 65 13 97 59 6 25 34 35 79 77 69 22 92 41 43 2 
83 72 16 86 81 54 37 53 30 14 8 89 35 83 28 52 83 97 17 44 19 82 21 36 78 10 86 93 23 57 29 24 85 59 63 61 21 57 67 5 9 21 62 83 1 59 43 59 82 57 17 68 79 24 84 34 24 30 62 22 33 38 9 67 20 70 100 22 74 37 26 93 56 29 17 15 57 89 18 24 52 64 6 30 6 88 32 9 61 19 88 75 14 2 12 62 44 36 66 43 81 49 35 51 95 17 58 58 29 88 18 23 44 19 81 67 49 67 39 54 68 9 66 59 25 83 100 100 
52 83 65 41 77 16 5 36 82 26 17 6 66 19 22 98 95 23 31 17 59 62 23 80 39 54 19 22 4 37 16 83 29 73 33 79 84 72 97 25 31 90 52 14 19 28 53 67 50 14 8 34 2 74 52 48 5 83 15 33 7 48 96 65 8 54 67 51 30 30 53 73 14 65 43 25 15 71 16 8 86 92 74 92 44 78 69 41 35 72 22 2 36 85 72 29 99 15 71 28 38 88 70 68 67 20 72 57 68 49 8 44 45 24 3 30 28 60 33 36 24 38 61 67 91 60 9 95 
77 90 56 99 7 35 98 99 82 58 94 80 28 20 80 4 45 46 48 16 91 82 38 2 3 74 98 46 97 61 8 31 38 55 55 37 45 48 83 72 23 11 5 88 97 47 87 60 15 55 62 33 40 76 36 81 16 56 14 55 66 98 25 39 95 69 41 84 70 7 15 79 82 5 50 89 6 96 100 37 1 13 70 64 73 73 28 20 94 14 46 54 10 5 38 61 80 69 51 90 29 53 87 40 97 60 44 67 88 89 16 57 85 61 13 67 59 80 5 69 25 72 63 50 78 13 66 73 
85 45 59 50 61 9 41 18 14 18 43 30 14 63 57 71 93 18 62 72 69 76 96 5 22 78 71 20 71 99 21 10 42 55 58 76 10 100 49 1 15 55 39 20 45 52 99 21 57 29 22 87 22 16 35 10 32 14 63 17 75 70 39 55 43 20 49 53 91 92 57 20 74 65 83 31 61 4 66 88 97 30 87 17 23 84 38 6 49 17 92 92 74 11 52 78 41 4 38 99 7 30 44 21 7 41 8 42 15 36 47 91 57 52 49 29 1 88 24 77 69 58 32 34 52 61 19 75 
53 53 72 40 32 68 22 35 97 87 95 16 10 79 52 30 44 36 59 53 80 78 9 37 95 94 5 29 83 43 24 51 97 88 83 68 71 35 12 82 71 43 12 44 2 58 40 75 10 3 92 32 63 6 39 51 72 8 78 45 81 36 37 4 98 75 70 73 4 52 20 15 72 13 21 33 96 35 23 92 54 54 67 79 58 86 17 5 15 13 87 88 6 42 47 75 1 3 75 33 40 70 84 3 36 95 32 78 99 16 14 13 62 49 26 69 41 43 62 98 33 41 16 73 97 98 52 94 
27 71 95 74 51 11 66 31 21 65 68 12 43 70 52 79 3 17 12 30 19 24 39 13 32 59 73 42 29 91 63 44 19 19 66 6 35 34 90 23 78 63 12 32 48 20 26 6 44 84 35 8 32 83 65 7 100 88 35 76 19 36 25 71 68 92 13 69 51 64 36 79 34 4 5 33 3 29 11 72 53 46 41 51 27 95 16 36 98 35 65 1 100 58 94 40 59 69 94 47 92 27 9 95 56 25 34 28 75 13 89 43 47 11 5 98 76 89 59 100 78 91 92 98 8 44 40 54 
1 15 62 63 34 24 37 37 84 2 76 42 28 18 82 98 67 15 20 23 84 34 93 54 71 42 69 74 92 55 91 2 33 44 38 72 27 72 16 5 10 35 87 39 20 50 76 28 55 81 75 30 1 66 6 69 15 17 30 18 69 33 12 92 30 75 33 8 80 73 80 84 97 91 14 88 64 92 17 18 2 20 25 20 94 62 2 87 71 97 46 11 72 77 22 69 77 99 49 71 36 67 97 97 64 25 83 2 82 3 100 100 80 82 20 100 98 31 56 28 24 59 48 50 83 45 71 65 
94 3 80 93 44 66 68 62 93 18 6 4 98 45 37 15 18 50 66 90 93 5 21 60 84 51 55 76 66 64 45 56 65 57 11 61 80 58 83 72 58 42 77 44 6 23 11 20 36 78 35 41 74 3 41 31 31 73 59 80 97 9 29 55 93 88 92 22 62 56 56 29 30 77 30 89 80 71 33 76 48 94 49 10 56 60 96 9 58 90 94 51 87 5 51 83 44 98 10 16 69 67 16 27 12 35 74 71 65 57 33 63 70 29 46 69 17 94 51 57 20 15 52 26 78 4 80 78 
44 25 13 53 87 58 45 20 24 93 80 48 39 56 86 50 75 64 70 31 44 70 83 55 64 65 70 41 60 46 31 25 54 37 90 60 58 78 13 98 13 32 37 37 43 100 61 86 30 62 89 39 35 13 81 38 99 78 4 94 64 28 68 52 15 47 81 55 86 59 67 79 100 35 49 63 56 55 79 50 53 22 45 34 75 13 66 14 76 70 70 74 66 51 51 78 63 64 51 52 42 89 8 92 89 9 75 22 10 90 71 2 16 99 46 66 62 93 42 61 68 28 50 94 2 98 80 14 
42 90 64 85 67 62 90 68 69 74 57 85 99 2 82 99 63 98 47 40 45 3 97 69 5 80 77 22 33 33 29 52 9 42 25 70 35 33 11 37 45 99 87 64 69 18 67 29 16 35 75 20 23 54 23 21 44 1 92 95 95 26 75 93 42 83 3 72 70 70 86 67 3 81 7 64 53 12 91 14 22 19 12 1 38 67 60 99 36 38 66 44 58 80 26 90 17 7 23 24 9 43 12 18 49 73 89 47 100 74 59 28 55 93 87 17 17 43 70 59 92 11 75 25 8 61 24 96 
42 38 50 47 84 95 23 59 93 96 22 51 86 19 99 70 30 41 5 66 94 45 77 55 50 98 17 18 3 66 9 53 96 71 89 44 12 35 54 17 32 41 4 26 58 66 2 62 15 13 84 50 76 18 77 52 97 19 20 59 25 25 74 55 4 19 19 82 6 53 97 59 10 93 75 63 3 38 34 42 26 74 97 18 51 48 44 18 45 41 59 94 18 6 73 67 30 85 22 92 81 20 28 84 99 96 37 86 98 43 76 89 70 89 45 33 52 84 75 31 11 60 63 61 12 1 59 54 
50 73 88 34 97 70 79 88 94 31 11 48 36 74 26 5 28 42 73 49 91 1 5 38 22 20 29 71 7 83 55 15 19 89 83 84 77 21 24 78 4 83 53 87 60 81 96 61 52 54 65 32 28 26 91 62 82 48 35 98 26 33 96 12 38 78 7 13 74 71 25 71 88 88 54 33 38 94 99 23 83 85 52 1 21 3 76 86 94 54 28 89 14 32 55 28 3 45 5 29 66 8 74 86 93 47 94 29 27 18 74 55 36 54 66 98 31 73 92 46 100 17 1 89 90 75 45 58 
20 30 43 47 21 44 35 43 63 76 61 70 100 16 93 57 41 53 8 24 69 4 41 82 95 98 29 34 89 24 72 15 21 84 53 3 32 26 57 24 78 81 63 1 83 62 44 32 49 92 47 96 86 50 96 66 92 41 29 11 47 56 76 79 73 48 35 12 78 2 22 72 98 31 69 18 72 20 17 27 28 10 99 90 80 1 5 4 39 54 75 32 67 7 9 19 97 11 37 80 24 29 87 51 62 48 63 81 73 35 39 25 11 99 47 57 36 87 74 10 60 47 29 56 60 26 10 33 
39 28 52 25 97 98 71 39 74 62 37 100 78 24 23 88 82 81 43 53 61 3 27 18 46 7 45 8 60 23 27 37 46 23 75 77 49 99 62 51 59 67 67 16 77 53 18 94 26 75 85 53 71 5 13 92 47 18 94 20 16 34 100 50 14 40 88 39 54 55 80 21 82 75 17 86 70 24 4 33 1 25 46 68 18 57 13 41 76 17 28 90 32 73 61 77 86 9 11 57 79 53 70 83 2 85 44 39 17 5 58 90 3 88 83 55 47 69 60 94 24 53 58 96 47 70 52 39 
60 21 17 11 74 2 98 3 91 38 10 68 50 72 28 40 97 96 62 97 6 89 60 70 41 84 80 42 90 10 84 43 14 34 86 7 89 24 58 3 25 89 11 68 66 61 4 23 2 13 70 86 21 65 40 71 59 61 23 54 71 50 39 99 33 57 74 96 56 4 17 3 17 32 90 56 78 38 79 52 65 12 35 100 3 1 12 24 40 96 82 19 15 39 98 89 86 41 78 31 22 69 29 75 69 59 28 91 34 25 3 37 31 5 99 90 57 95 74 54 35 57 32 7 9 64 52 90 
79 88 40 5 74 99 23 42 38 29 86 82 68 7 23 1 67 66 61 32 28 92 66 90 63 72 62 19 21 9 45 68 69 78 87 2 51 55 50 14 73 80 36 94 82 60 94 35 8 42 74 45 67 85 89 54 26 99 59 82 7 10 58 15 18 64 62 87 16 16 12 54 65 55 97 53 3 6 60 88 89 93 99 50 46 97 84 85 77 46 76 41 78 6 60 89 88 95 73 66 41 18 31 66 65 97 32 89 71 1 71 84 9 73 22 10 88 85 78 71 45 88 26 83 64 6 78 62 
89 9 99 63 39 76 32 38 42 70 24 84 64 82 21 72 14 91 53 50 62 84 33 29 16 7 78 99 81 26 84 99 30 22 6 70 55 30 81 15 48 67 95 49 80 53 11 95 64 44 92 33 99 80 81 81 51 26 63 51 39 72 57 75 62 70 87 17 18 45 63 88 93 98 85 33 74 14 52 52 50 33 81 76 10 79 10 73 90 15 33 20 16 62 46 93 56 29 2 50 44 7 3 13 99 42 82 42 67 92 17 93 16 96 33 10 36 52 18 32 98 59 53 1 5 34 58 41 
39 30 68 34 24 45 13 10 85 79 95 12 43 65 54 22 60 3 19 74 19 3 20 75 79 56 53 56 98 87 10 64 52 3 33 60 23 58 83 75 90 72 96 2 31 83 77 40 99 53 68 97 11 7 55 57 7 82 59 52 74 1 91 71 85 4 44 92 76 90 73 86 24 58 15 89 48 61 57 64 52 84 42 90 4 54 85 57 33 61 60 81 31 77 11 96 2 6 89 71 17 54 21 7 6 88 61 16 15 22 2 45 37 44 26 41 54 31 61 37 91 28 31 68 91 77 30 99 
38 14 88 54 25 68 29 93 28 64 9 81 56 66 11 68 26 70 56 29 23 29 46 47 100 42 71 41 16 88 37 26 18 28 80 88 41 64 93 1 98 19 32 7 97 77 18 33 31 52 48 23 90 76 57 48 100 89 81 23 29 29 53 19 79 34 88 88 30 80 83 31 54 89 65 90 29 83 17 5 13 79 84 86 76 30 40 99 58 98 44 35 16 20 63 27 47 90 14 55 58 79 16 68 62 84 38 39 75 95 6 68 77 54 31 29 75 72 65 23 26 36 46 64 20 44 95 41 
96 84 78 28 36 86 32 22 18 58 74 53 44 51 55 66 51 85 19 55 20 17 76 48 98 96 8 43 65 1 89 31 14 69 52 70 53 12 57 13 64 87 25 23 52 94 19 50 50 90 62 32 52 63 11 4 57 99 93 54 100 58 68 56 96 100 45 95 87 60 70 55 69 71 98 28 51 100 21 88 60 73 38 24 5 47 66 40 59 30 93 98 3 100 89 7 97 10 15 44 75 35 82 38 33 61 59 100 89 59 81 71 46 26 33 23 39 7 30 22 3 27 18 47 23 70 30 17 
35 64 51 57 61 14 66 83 4 99 89 70 94 58 24 35 14 90 23 89 33 69 84 60 70 26 27 18 48 76 5 53 47 55 70 67 35 31 12 67 13 10 19 49 65 70 27 65 77 28 35 26 9 39 7 24 76 44 14 69 45 34 12 23 60 48 10 66 74 90 73 14 30 4 79 9 81 45 52 95 57 35 48 48 71 37 90 88 77 67 63 13 44 50 41 31 70 44 15 23 53 54 61 95 33 76 70 25 15 83 81 70 83 15 75 99 10 48 59 92 29 63 78 88 23 66 81 15 
41 20 79 80 27 10 25 91 33 24 71 71 9 88 7 56 12 62 57 48 24 78 61 55 82 87 52 22 78 72 27 42 31 17 37 13 40 51 78 75 31 88 72 85 47 75 97 72 99 13 47 98 86 47 31 32 43 99 72 53 38 47 23 77 57 69 79 39 80 52 56 89 10 5 27 93 68 41 69 33 97 80 94 75 98 35 60 40 45 44 49 26 4 78 14 9 100 17 93 96 2 93 53 22 14 19 31 53 57 10 14 2 87 85 26 47 32 33 25 88 29 44 40 2 46 21 40 66 
81 63 58 61 12 6 99 58 81 31 49 75 80 40 47 30 63 14 89 72 65 41 85 17 27 29 12 4 19 43 78 14 18 7 78 53 71 32 16 97 30 96 8 96 31 56 75 70 30 74 85 11 7 73 26 88 48 95 100 8 20 2 100 57 55 6 80 49 19 95 14 81 68 81 39 64 24 9 15 39 33 55 73 28 37 10 69 75 81 95 16 25 100 35 37 83 68 10 9 40 7 20 60 15 6 54 90 23 22 54 76 51 2 52 71 32 98 84 78 92 85 64 38 51 66 78 71 85 
13 16 33 85 81 56 23 14 75 93 24 78 73 59 35 87 56 48 87 7 38 5 13 24 1 91 36 55 88 21 80 33 78 68 74 79 39 95 76 39 1 24 33 30 41 88 40 51 14 83 6 36 1 26 61 25 27 100 48 4 50 46 49 33 37 10 91 19 5 28 48 9 59 12 38 13 20 10 13 30 22 79 14 3 3 56 35 38 53 75 44 32 79 70 30 94 56 56 46 61 54 90 91 99 3 57 98 11 22 89 54 37 54 14 34 26 61 92 37 36 18 3 96 72 37 44 62 33 
89 23 97 9 29 72 6 62 55 56 58 64 71 83 11 60 54 80 64 44 61 61 73 92 91 36 81 28 20 26 93 47 38 90 5 12 10 2 81 62 86 40 72 3 83 6 87 62 10 75 100 12 30 40 63 9 69 63 8 100 70 64 10 3 18 47 49 19 6 82 73 90 10 91 65 2 26 81 55 92 21 16 28 14 90 65 5 49 87 60 79 28 80 16 83 91 30 26 61 13 16 25 42 43 68 57 44 11 5 73 76 72 18 20 53 8 20 65 90 80 83 54 91 69 57 45 46 10 
93 59 65 93 33 28 52 19 77 61 5 30 60 50 13 86 100 11 10 4 91 4 19 4 76 39 45 72 65 3 5 34 26 62 53 7 17 77 49 11 35 18 37 2 79 39 22 70 9 49 7 86 21 60 38 4 72 41 87 45 67 49 80 94 21 78 11 81 87 13 77 99 64 68 46 17 50 81 44 89 74 6 21 20 47 61 40 63 62 20 53 2 9 50 13 82 14 63 35 86 87 16 53 94 89 18 78 54 11 4 7 23 84 95 41 55 77 34 18 77 97 63 83 68 73 49 65 32 
29 67 8 93 88 47 83 55 30 70 33 27 64 69 1 25 99 69 80 96 37 66 42 24 83 29 9 47 37 85 83 22 74 3 20 79 100 42 74 59 93 93 87 25 89 37 43 60 89 65 4 47 90 64 70 84 99 10 98 88 64 32 4 97 40 98 85 37 50 87 96 68 85 43 88 45 78 89 26 49 8 7 69 73 20 9 95 69 39 62 49 87 57 66 93 58 70 67 33 46 15 88 12 89 25 100 34 94 54 38 13 41 78 72 54 41 33 34 9 98 83 17 50 35 7 60 95 93 
92 79 30 83 47 32 54 95 91 24 39 21 94 75 45 39 72 71 65 60 54 3 73 82 10 9 99 57 79 63 1 68 75 14 17 57 88 46 100 22 80 75 64 89 16 70 91 23 29 6 64 68 34 3 31 72 87 61 34 5 32 89 72 74 57 73 76 10 35 50 46 42 89 43 10 24 55 43 91 72 87 10 75 20 98 78 37 42 82 92 12 82 96 71 81 5 90 51 34 17 86 21 33 3 78 93 29 49 55 80 94 96 28 38 48 32 43 55 78 6 8 67 89 1 59 6 87 77 
71 51 82 99 74 38 70 51 88 74 15 50 16 88 63 12 73 50 60 24 6 34 31 44 75 74 58 67 15 3 33 48 1 94 45 71 67 80 86 42 33 1 43 75 56 33 21 7 38 62 35 70 30 21 49 81 62 74 15 34 78 28 64 68 32 28 90 100 32 90 75 73 53 21 90 31 8 15 18 68 58 62 95 76 12 37 17 32 46 49 29 12 17 87 99 68 25 11 82 46 93 52 46 69 79 99 22 16 80 22 38 100 13 34 30 9 19 93 53 91 53 66 30 69 16 12 16 47 
23 53 2 81 29 97 15 85 38 31 58 24 99 94 65 35 20 28 8 12 27 55 89 7 24 29 39 31 5 59 64 25 49 22 51 77 81 32 94 86 39 37 50 8 77 3 27 62 11 27 50 28 69 2 80 1 92 43 28 9 98 48 93 54 9 91 51 48 88 81 98 87 44 3 54 14 63 47 29 71 94 86 1 84 45 81 66 26 17 6 82 95 51 70 76 68 39 80 66 32 16 7 94 92 74 29 17 65 80 75 32 100 96 49 38 71 85 72 85 76 23 15 61 75 15 32 57 8 
90 100 74 65 11 71 94 44 14 57 5 13 23 63 34 1 78 37 87 9 17 70 80 19 41 80 21 63 2 94 53 18 66 90 24 81 65 34 21 28 95 59 96 31 68 95 78 32 3 95 55 66 59 63 56 48 97 66 48 24 36 9 75 99 62 38 75 42 19 90 79 82 15 62 56 59 94 9 42 92 51 57 73 62 5 87 61 23 32 71 19 16 100 42 27 2 93 76 81 4 88 78 3 82 37 87 8 100 12 17 89 17 52 99 77 35 63 23 30 91 82 40 96 51 59 76 84 23 
97 22 3 68 25 44 90 77 45 95 43 60 17 85 58 70 84 66 95 71 44 28 92 61 24 28 16 9 52 70 31 45 21 80 83 86 92 47 89 70 39 75 18 64 66 44 57 34 61 4 26 38 49 15 54 89 17 91 81 49 54 46 20 100 36 30 74 4 78 62 19 48 39 41 64 31 37 51 1 47 68 41 49 84 52 43 4 13 59 37 99 87 86 80 78 60 2 68 62 35 6 32 20 68 70 74 51 3 80 59 8 52 29 39 19 55 67 16 31 10 38 25 27 95 55 52 16 94 
85 52 14 74 15 12 5 93 16 72 63 25 100 18 47 42 23 27 48 36 95 32 33 54 74 5 98 64 14 96 1 8 33 65 23 85 11 25 69 28 80 25 54 87 25 7 87 21 16 54 42 73 80 92 57 14 46 42 61 2 53 16 30 85 19 2 25 90 45 9 22 58 37 40 58 4 87 76 90 86 81 67 17 81 81 2 52 20 8 77 44 88 98 93 55 72 78 66 59 99 95 94 62 57 74 74 38 91 20 98 44 49 12 31 29 98 9 86 27 90 38 19 96 39 100 59 15 45 
53 4 24 27 86 14 11 77 4 78 71 73 31 61 10 71 79 1 47 4 72 23 73 63 60 79 78 58 19 74 42 42 54 51 66 12 6 51 52 77 78 38 34 91 57 89 61 93 4 39 78 27 17 20 22 23 35 33 27 44 96 40 21 99 78 80 50 18 61 32 19 61 2 35 94 72 64 58 88 76 70 18 27 59 31 56 15 65 2 83 53 81 34 58 49 37 88 61 73 15 32 42 4 23 94 12 43 21 88 87 64 89 50 76 26 49 79 89 71 50 82 39 84 55 82 45 46 2 
31 23 84 41 65 52 13 30 33 94 24 22 83 68 62 33 25 46 49 4 38 8 47 82 50 33 90 88 1 15 10 88 40 8 81 98 91 100 19 72 22 22 71 70 36 2 20 90 48 79 13 50 17 10 25 87 44 40 2 15 4 38 95 2 57 17 60 15 16 12 17 81 24 81 29 20 80 25 29 12 89 54 71 48 60 83 77 95 63 61 55 34 67 63 100 65 100 46 68 88 60 2 96 92 52 92 10 74 1 20 13 79 31 56 6 46 54 80 18 72 90 15 4 8 77 61 68 72 
75 15 66 54 85 16 45 64 91 99 7 15 93 88 96 27 4 72 74 77 67 58 100 64 3 21 62 7 13 7 8 85 79 87 55 38 31 97 85 23 16 73 2 30 16 1 12 66 64 82 37 40 87 63 17 13 37 60 10 2 84 99 92 87 91 17 30 65 68 98 23 55 87 78 38 21 1 88 38 24 62 92 42 5 51 73 15 3 91 1 29 59 46 45 70 5 91 39 35 40 65 67 42 58 24 35 48 26 25 73 66 93 36 33 39 19 68 84 45 26 47 3 88 6 100 4 21 94 
32 85 100 83 41 68 88 64 17 18 46 91 98 67 25 47 39 84 73 1 100 38 11 76 60 88 48 11 20 36 46 98 89 84 57 13 91 47 13 63 65 2 58 64 52 97 9 8 77 44 49 57 89 4 66 44 71 32 13 71 9 23 20 61 66 79 92 71 95 37 39 10 92 83 79 74 17 2 53 74 87 40 22 32 77 12 42 71 72 49 21 39 6 11 7 25 90 48 12 66 36 18 83 12 21 3 3 20 8 23 54 19 42 5 38 80 1 78 18 26 66 87 34 72 91 66 95 43 
70 24 13 9 50 28 47 98 72 95 18 47 47 74 85 92 27 52 13 68 92 2 94 96 40 10 12 6 65 36 16 27 99 21 26 96 94 23 22 14 59 64 15 21 48 95 41 83 12 5 7 61 39 77 64 44 22 94 83 52 98 92 90 15 8 30 60 61 90 8 37 70 72 39 23 5 90 30 47 77 3 88 81 30 61 62 38 94 4 18 55 59 19 100 6 21 5 10 46 50 8 69 90 70 27 19 83 51 80 70 91 98 64 2 54 3 71 94 49 99 63 30 85 65 82 40 100 9 
16 24 16 47 23 95 37 14 98 94 8 12 55 47 85 99 96 92 75 35 30 98 29 63 66 92 32 94 94 25 46 100 86 2 71 82 81 48 33 85 15 88 84 22 45 91 30 64 34 16 73 27 98 12 81 37 64 6 68 88 25 98 68 19 41 76 68 72 61 70 56 24 58 91 85 93 87 4 65 74 3 66 58 63 56 45 24 68 27 29 90 24 73 78 78 14 11 3 25 30 37 59 28 99 94 81 13 88 5 79 9 50 75 83 11 26 36 33 90 48 41 81 81 69 71 65 95 29 
78 58 100 81 52 85 1 79 44 32 45 73 1 26 76 14 100 3 53 44 36 36 37 96 56 12 6 90 8 88 99 100 20 48 96 100 66 23 94 75 73 42 52 30 66 64 74 24 84 30 100 47 14 17 56 88 19 28 72 10 69 31 80 67 92 64 60 7 72 68 83 15 60 59 4 39 29 45 83 43 50 75 49 52 1 97 92 39 88 69 84 51 14 30 34 27 3 96 62 65 39 37 73 43 82 95 54 46 93 75 95 40 91 16 70 21 81 5 72 64 41 82 58 60 53 6 48 17 
19 21 22 72 53 5 65 60 79 14 3 65 95 69 40 78 66 69 17 64 47 79 19 46 51 37 42 66 3 19 75 3 48 23 95 5 58 19 51 52 100 60 92 70 74 2 74 5 54 28 66 2 49 9 38 89 39 27 8 85 43 1 2 86 42 82 76 69 90 3 77 78 81 72 100 83 42 66 7 69 17 78 91 89 2 80 34 83 33 65 36 85 20 11 59 26 45 21 56 4 83 86 84 78 90 45 55 92 23 91 4 82 76 59 28 66 65 89 22 64 9 96 83 45 67 41 9 64 
32 19 11 57 25 58 14 47 76 23 61 9 11 76 63 90 67 60 60 50 90 47 59 50 25 80 15 4 37 6 11 51 76 31 59 60 46 34 31 82 81 12 6 94 52 48 66 83 100 90 33 65 21 33 90 48 67 19 83 55 78 43 54 85 15 53 17 30 95 21 46 84 97 26 64 15 42 29 20 55 88 70 29 99 98 25 45 70 48 89 51 7 33 95 43 54 67 3 12 15 95 20 53 47 82 3 79 95 37 59 52 14 33 17 15 70 52 86 93 63 34 78 50 10 100 52 80 74 
59 90 34 45 91 59 35 60 60 85 29 12 9 43 9 15 59 62 24 16 27 84 85 23 76 58 58 61 92 85 63 100 81 53 56 74 90 41 42 29 16 89 46 4 79 59 5 19 89 67 30 31 91 51 77 47 19 34 47 40 55 11 57 79 7 22 58 86 13 49 4 55 49 72 51 38 80 24 66 36 79 66 12 12 49 53 55 22 6 28 16 50 89 67 6 98 8 61 22 68 89 23 13 22 46 82 80 33 49 50 58 18 95 84 75 39 42 82 18 64 15 22 41 17 6 24 91 27 
45 38 95 62 88 28 91 16 30 62 17 18 31 60 17 60 74 93 81 63 71 2 22 48 56 37 75 81 75 24 98 18 23 83 1 81 60 82 38 61 90 51 36 36 67 41 9 36 60 68 28 65 54 93 86 33 69 1 88 26 41 2 32 52 37 40 39 29 40 58 40 34 44 74 87 44 14 58 86 92 34 20 37 44 86 96 26 22 81 77 23 55 42 77 76 31 43 97 95 56 97 74 55 8 21 69 69 22 81 41 65 48 62 37 38 40 49 37 45 31 8 70 25 72 75 72 41 46 
99 36 14 48 84 46 66 36 61 83 91 67 49 36 39 67 76 36 3 82 95 6 62 28 93 11 63 87 97 40 71 27 86 49 9 74 16 49 56 47 44 4 54 65 77 14 15 34 9 30 78 24 62 92 1 67 91 23 53 37 4 48 95 52 25 68 77 69 46 69 7 63 56 42 1 74 16 90 100 56 55 93 81 73 63 1 33 100 28 89 7 75 62 24 43 19 31 5 53 84 84 69 62 90 24 56 29 57 54 61 89 25 33 26 3 22 50 38 13 19 4 17 22 71 27 40 98 30 
59 14 85 45 90 39 86 51 44 52 90 82 1 16 34 39 18 5 96 7 47 6 37 27 25 30 77 15 44 31 95 14 11 21 65 34 65 79 60 38 96 56 47 39 75 24 52 58 66 35 87 14 7 29 46 55 65 2 81 38 40 25 49 31 67 46 73 21 21 58 57 63 28 28 57 82 57 59 27 77 74 30 79 45 14 35 28 9 58 14 73 99 32 3 10 30 10 35 46 10 3 25 58 1 91 23 20 76 62 87 4 93 59 10 38 12 95 62 11 62 78 75 41 46 83 89 10 29 
31 71 9 29 34 8 57 8 87 39 8 9 50 97 84 55 44 93 86 83 35 67 62 17 66 94 95 27 32 96 94 96 11 96 84 14 61 59 31 45 10 21 57 51 89 12 84 95 44 19 61 2 54 98 94 90 58 56 97 88 98 22 93 54 58 18 30 18 29 71 90 83 43 39 28 3 12 68 12 1 46 3 22 58 91 49 3 85 78 20 78 76 95 22 96 61 32 92 68 86 17 35 2 10 31 9 31 72 17 21 16 70 12 28 72 3 77 35 25 59 7 13 10 24 37 14 41 20 
4 65 61 27 1 8 90 18 16 39 56 81 80 4 60 69 30 4 31 32 33 83 65 42 71 37 67 69 38 53 31 44 79 46 25 98 59 49 58 24 100 95 2 38 96 18 77 70 30 96 18 81 89 15 15 1 25 57 97 79 47 93 57 68 28 4 72 5 1 12 73 66 57 90 83 99 36 73 64 10 50 57 26 26 42 78 51 48 3 19 49 51 18 55 20 74 22 60 63 90 38 46 70 5 92 84 97 84 73 71 6 56 72 21 1 7 8 42 94 95 9 95 6 26 82 71 77 46 
50 69 86 82 35 11 51 45 19 1 37 92 93 8 57 4 15 9 39 17 56 94 70 32 34 96 40 32 33 49 21 45 3 95 88 86 54 91 23 90 26 5 81 9 82 17 7 8 20 92 20 24 2 32 72 84 88 2 66 42 74 42 72 22 70 5 76 58 93 90 94 75 22 24 97 69 28 32 86 75 91 21 21 42 5 89 52 82 25 30 52 45 55 26 40 39 39 37 38 33 65 21 35 47 3 37 58 76 63 97 28 16 22 47 99 93 66 91 11 57 40 3 71 90 22 97 15 30 
82 19 1 7 2 76 73 80 65 91 37 73 33 79 30 87 94 57 78 37 60 47 4 54 67 54 81 5 97 34 26 39 34 22 85 35 84 72 65 18 89 49 89 44 9 15 16 43 40 56 35 60 52 97 30 7 16 75 92 40 24 46 72 66 97 14 71 3 23 59 18 62 89 66 34 57 58 7 86 99 92 93 69 14 25 25 1 38 29 37 84 50 9 11 11 5 54 15 88 71 74 88 93 61 1 13 62 79 19 70 82 47 39 24 60 91 84 72 59 71 29 19 26 49 17 5 94 31 
60 65 25 75 15 14 9 93 91 62 73 93 90 67 99 6 72 7 34 18 2 12 34 59 91 9 90 16 37 36 2 64 59 14 4 34 37 53 80 86 68 53 74 39 7 66 17 6 34 1 38 1 11 59 52 37 71 31 8 2 9 85 38 11 53 51 54 80 36 16 72 91 37 79 49 93 65 46 58 100 15 28 5 80 94 50 48 92 24 33 42 76 23 94 28 42 97 18 25 94 73 59 29 20 91 9 83 83 23 57 87 63 7 26 2 64 81 42 44 22 100 26 33 58 20 81 53 87 
53 64 89 45 69 61 83 20 98 43 35 74 20 70 51 43 75 84 56 39 5 11 60 95 85 59 38 41 78 90 42 95 86 85 76 18 16 94 87 1 14 66 17 4 24 8 96 58 61 69 76 63 64 71 79 26 25 44 6 95 88 69 39 19 95 12 56 78 43 14 87 62 70 73 24 99 23 94 34 91 51 27 5 46 91 46 95 2 95 77 99 57 7 88 80 64 51 98 22 74 69 21 62 4 92 21 29 55 80 52 86 88 96 61 28 57 34 2 52 90 11 32 65 64 63 76 85 62 
90 88 75 20 58 98 69 66 42 75 23 60 36 20 31 39 49 5 44 37 23 9 28 62 84 21 68 96 29 44 98 62 88 63 14 6 15 98 8 87 31 2 25 29 89 86 100 88 76 77 21 36 18 68 29 51 12 2 63 69 3 83 48 87 98 52 44 52 94 11 96 91 46 40 34 74 35 92 85 24 41 66 96 28 83 96 5 18 85 67 61 51 42 4 98 27 47 49 97 16 79 13 80 13 67 39 55 63 7 40 47 85 58 95 62 65 60 7 58 49 63 16 46 78 66 15 31 8 
48 90 85 23 91 34 10 54 85 27 32 1 12 8 27 57 99 81 12 19 21 25 8 55 9 1 98 43 96 52 26 20 89 51 52 26 63 13 12 63 52 56 16 6 88 92 48 35 50 21 69 74 27 80 6 21 10 84 89 74 10 87 49 47 88 52 24 47 19 53 85 89 97 13 82 19 22 50 12 23 90 34 70 34 56 78 55 64 4 10 22 99 23 81 17 92 97 62 83 94 43 12 16 60 12 90 6 7 63 10 59 88 66 57 55 10 85 38 65 32 10 3 98 85 8 24 49 99 
15 18 87 68 1 99 18 26 24 97 40 36 47 64 29 33 62 82 53 81 27 67 1 13 73 90 87 38 3 93 54 57 45 81 14 5 31 85 14 98 37 43 61 52 82 55 92 14 5 1 14 75 3 3 9 80 28 49 7 60 35 17 42 25 16 66 81 98 26 9 50 62 64 34 32 88 77 67 50 100 26 27 99 39 2 55 39 8 1 67 59 95 10 25 79 12 12 47 17 1 66 76 74 43 86 14 14 98 15 59 98 3 80 10 53 6 82 13 45 42 69 41 68 54 51 95 2 65 
19 89 25 75 92 81 18 45 20 3 8 17 26 90 63 62 98 15 67 16 44 15 84 45 85 74 19 77 63 19 54 66 69 69 50 57 43 84 48 62 79 67 42 26 38 40 3 20 74 36 100 84 35 42 50 56 14 43 74 83 69 85 51 91 18 33 88 47 35 12 28 34 14 16 84 36 86 24 14 75 49 39 18 64 38 54 74 43 79 53 14 45 57 88 37 21 57 15 12 46 45 87 89 4 84 48 96 74 91 13 70 55 46 2 74 8 49 99 19 25 77 55 55 14 45 100 24 82 
65 91 61 57 95 24 64 39 65 23 46 5 64 84 59 18 76 80 16 8 15 11 33 57 11 95 64 5 78 39 47 61 88 43 78 17 35 36 70 15 76 31 16 75 37 59 33 63 47 95 8 30 21 82 28 59 14 27 96 59 88 18 59 9 43 37 86 76 5 84 55 91 22 29 57 65 41 9 21 20 60 69 30 78 38 42 22 8 100 69 98 37 69 97 76 76 54 48 76 3 63 3 96 71 3 52 40 66 77 7 12 66 100 23 97 19 70 80 10 30 43 84 10 7 62 97 80 36 
3 1 56 43 89 66 59 58 5 70 83 45 83 2 44 6 11 6 60 98 19 82 69 50 84 46 78 87 29 26 77 32 72 100 69 26 61 66 66 64 7 75 92 10 83 28 31 46 40 60 27 75 39 53 5 34 29 7 53 31 79 72 64 80 94 37 23 23 84 18 56 40 11 100 28 36 39 43 60 30 54 28 50 50 83 4 2 92 2 15 59 68 20 81 16 57 61 96 79 2 23 64 62 58 59 15 22 46 54 83 48 55 12 90 57 69 1 27 14 3 95 7 60 22 57 54 56 100 
75 58 53 41 48 29 65 73 15 53 63 62 30 23 100 34 93 11 90 71 93 78 75 79 40 66 2 12 92 50 10 11 69 95 1 99 18 21 44 82 17 57 43 60 12 38 92 32 1 58 63 70 94 75 61 18 60 62 6 30 30 15 95 84 3 36 90 17 81 99 55 2 9 6 56 26 44 89 57 36 36 37 12 69 16 4 94 78 2 81 38 82 92 59 41 50 72 51 83 44 96 39 5 53 62 1 61 22 70 53 53 74 44 57 32 77 80 10 68 57 30 59 55 78 15 30 50 100 
58 22 33 17 3 40 14 96 31 39 87 65 72 42 75 50 56 94 59 95 16 22 100 38 46 27 17 33 18 9 45 70 43 28 40 52 27 86 30 52 79 91 11 14 28 43 23 83 15 23 76 10 2 61 98 8 33 18 54 36 4 71 91 13 55 41 98 10 65 57 24 82 72 21 92 63 65 8 53 63 47 99 56 35 55 68 45 58 67 29 16 45 79 82 42 54 5 19 62 4 6 60 46 20 95 22 74 52 84 75 50 4 16 88 52 17 61 82 99 18 44 21 91 20 64 67 47 48 
63 42 96 2 73 92 40 84 18 38 74 53 95 21 62 88 41 78 77 4 45 34 4 78 53 47 62 34 16 36 89 46 92 38 85 76 96 90 52 36 7 40 17 38 77 20 10 92 55 61 84 24 89 75 75 44 88 83 20 77 58 27 87 49 78 97 34 95 88 48 77 40 3 57 84 48 75 97 67 100 98 70 89 59 11 96 80 6 2 84 60 49 34 79 26 100 64 34 3 48 27 12 93 59 95 24 91 12 40 41 84 47 6 19 42 73 49 20 38 60 65 26 5 9 85 72 23 85 
42 60 71 47 8 42 61 100 1 78 50 40 25 6 96 39 3 48 43 8 25 6 11 24 38 36 24 38 34 11 27 96 63 86 19 96 60 8 100 95 40 73 1 72 24 75 19 93 95 92 5 94 47 9 49 67 42 73 11 30 6 61 44 97 42 42 5 7 93 92 12 57 1 97 100 39 83 19 62 85 99 17 29 34 45 68 35 2 16 53 50 50 16 15 37 7 73 48 28 18 43 88 56 94 82 23 27 30 48 75 62 48 44 54 22 67 28 30 43 15 90 69 35 25 88 98 90 47 
53 28 79 75 20 99 51 30 2 81 17 83 26 98 3 29 65 65 89 83 23 36 87 30 64 52 83 97 97 81 56 34 41 91 68 22 35 32 72 3 2 90 3 49 18 98 67 29 16 91 87 64 60 83 44 79 96 30 7 100 86 97 42 100 100 69 55 16 10 77 87 68 53 80 52 3 68 54 13 80 37 44 10 51 50 77 98 16 53 66 44 26 78 50 66 71 13 40 78 44 89 75 34 64 87 22 3 34 15 32 82 84 78 36 27 94 71 80 67 63 33 35 4 53 94 99 41 11 
25 87 16 15 18 95 86 60 66 36 28 17 14 83 98 19 81 99 62 78 75 57 70 34 23 95 80 26 72 66 67 71 52 29 84 87 95 89 12 16 89 81 51 100 6 73 92 26 93 44 52 52 70 50 13 74 88 53 8 31 27 36 6 88 13 41 45 84 34 99 25 72 52 95 65 66 19 92 33 20 73 72 61 81 10 27 94 54 86 15 41 57 54 22 29 66 6 72 74 28 2 88 46 96 83 64 36 2 83 3 8 3 99 36 72 5 83 40 24 54 21 89 82 63 11 40 68 27 
7 21 54 82 45 59 41 96 22 69 89 13 12 1 95 39 83 41 85 8 23 89 59 71 22 75 17 81 3 7 28 74 16 35 35 35 1 67 80 19 62 79 73 50 98 29 38 52 28 57 95 56 7 24 32 53 31 35 16 8 74 97 5 13 84 98 8 74 68 12 55 98 19 20 72 22 34 92 41 88 85 77 40 18 71 82 14 99 56 56 11 9 52 73 14 24 73 34 74 78 38 15 14 38 64 33 80 84 64 5 1 17 1 89 85 25 12 98 45 19 90 50 83 88 9 6 6 62 
32 13 5 38 33 24 8 37 42 81 74 42 91 14 29 29 74 2 13 73 18 90 65 64 42 81 94 9 68 41 27 89 41 68 59 65 87 54 92 4 70 44 83 73 81 57 36 89 36 84 57 94 78 63 99 7 54 35 56 75 69 27 2 99 27 75 19 86 17 43 69 79 33 80 47 28 35 44 31 22 65 84 28 63 11 28 66 63 73 20 82 65 53 93 27 56 38 55 36 93 87 11 72 94 81 45 99 37 66 72 76 17 14 95 10 35 88 24 95 29 25 6 86 35 86 66 5 17 
42 78 29 49 51 47 57 54 78 8 40 97 48 14 52 95 84 34 88 15 2 63 66 97 4 28 91 7 47 80 15 29 76 39 24 65 82 100 95 49 96 93 56 38 95 63 30 94 97 78 20 51 14 49 14 42 57 99 32 81 57 39 22 89 29 12 35 32 71 85 61 6 58 28 32 67 35 99 64 25 92 10 1 63 93 18 27 23 36 95 29 77 70 53 90 1 80 17 49 2 52 21 77 48 21 8 20 6 84 35 84 68 62 28 23 24 5 51 33 55 49 88 19 75 42 32 27 67 
85 62 47 11 95 88 48 27 22 27 89 25 50 93 14 76 23 20 96 4 52 97 17 70 39 18 30 71 88 61 49 53 46 34 20 4 39 52 88 97 72 91 82 79 71 96 38 98 13 7 29 56 77 8 82 97 85 48 17 59 96 98 42 25 59 99 71 67 55 45 62 53 10 30 17 86 57 32 92 54 87 53 79 41 97 52 32 72 52 86 37 1 15 26 11 27 34 87 51 8 72 9 54 67 46 12 36 41 36 94 30 29 74 44 11 44 50 61 84 62 10 8 27 28 80 30 94 73 
85 16 38 53 57 32 22 92 33 77 52 91 62 35 2 56 8 8 43 11 62 17 50 16 28 92 93 100 81 97 60 89 56 40 68 99 79 42 13 82 31 57 20 69 83 1 31 37 20 77 77 93 47 87 37 16 60 26 74 97 52 100 46 29 14 82 73 87 23 11 28 6 88 90 69 56 6 94 27 66 84 7 26 9 8 36 10 71 58 46 93 45 67 81 84 10 32 90 73 56 59 58 45 95 31 24 41 76 88 40 99 38 69 74 3 36 67 42 52 18 26 12 100 21 37 100 69 83 
69 13 54 4 41 44 25 24 73 66 76 80 45 15 51 56 40 72 83 15 28 4 93 11 85 90 91 20 67 58 62 35 60 31 24 14 94 35 8 82 37 39 43 29 48 14 63 1 72 62 68 20 16 40 84 42 11 93 93 50 95 4 81 83 3 67 9 86 18 76 61 19 51 31 79 58 83 74 26 47 95 48 35 52 89 73 40 41 33 35 89 74 99 83 37 74 74 90 15 24 94 81 9 96 41 20 91 74 17 65 85 11 49 6 75 17 36 78 69 65 34 14 76 8 24 66 87 72 
91 65 50 4 39 67 37 37 5 65 84 51 77 71 74 38 65 26 27 28 10 68 76 84 13 5 90 2 73 7 2 66 12 87 5 12 47 16 49 94 10 72 57 72 95 37 8 69 76 18 2 53 29 38 55 19 40 16 38 60 52 62 7 16 95 26 17 20 55 27 87 98 23 95 87 98 91 3 6 42 83 96 57 22 74 47 89 33 65 13 86 94 68 64 5 5 10 5 14 72 70 81 25 86 65 24 25 53 36 7 54 11 50 48 52 46 85 65 64 56 60 30 86 14 83 96 22 46 
33 2 65 30 54 37 68 69 99 48 36 75 39 47 90 88 44 43 45 17 53 69 83 12 92 13 66 71 98 20 9 8 2 55 70 23 45 27 39 26 12 19 15 47 76 44 61 57 26 47 38 99 59 98 32 40 72 92 57 95 74 17 2 2 53 52 87 45 93 62 64 56 18 81 37 28 100 93 68 76 8 65 13 57 36 70 47 63 71 96 87 55 16 68 61 57 59 72 21 14 46 48 12 78 20 88 44 84 42 10 61 4 5 12 5 53 30 25 75 49 99 69 43 42 92 14 21 44 
86 79 62 47 46 31 6 80 2 87 68 80 43 50 4 38 55 1 36 29 84 23 66 29 9 34 82 27 88 34 19 10 21 65 38 62 19 28 95 4 65 48 42 27 19 84 21 18 29 87 69 76 43 19 72 26 92 73 25 87 18 79 85 11 30 49 66 4 62 5 6 44 87 74 37 91 42 18 72 62 2 93 19 81 47 87 1 92 83 29 43 76 63 40 92 15 34 6 81 67 74 21 60 95 76 66 81 73 23 42 95 68 46 27 59 43 52 40 83 85 5 76 41 15 76 64 48 63 
74 75 64 10 72 83 84 56 14 14 62 95 86 88 78 18 69 89 22 92 62 84 76 8 84 84 47 94 88 78 10 10 37 15 77 74 51 8 95 1 93 54 32 19 93 43 74 78 32 2 53 66 100 97 81 77 84 8 72 11 66 5 20 34 74 67 27 99 43 33 18 34 22 94 53 64 22 4 76 61 85 16 74 68 28 93 66 4 24 73 12 83 35 28 80 65 5 58 40 91 23 98 84 87 92 90 37 37 99 73 95 3 28 68 36 97 13 55 33 99 50 3 45 59 67 68 11 71 
59 16 45 72 43 76 56 15 31 83 50 38 62 96 33 79 78 12 92 97 37 31 25 35 22 55 72 26 37 12 15 21 39 36 87 34 94 92 3 100 88 78 55 26 20 85 4 16 64 6 17 13 85 6 18 73 9 23 12 45 3 84 52 56 37 37 95 84 94 75 94 64 69 24 92 49 52 65 85 33 60 43 28 47 53 45 16 22 69 84 29 13 50 33 69 53 35 53 46 21 66 89 38 37 16 25 64 93 92 99 82 5 7 42 71 100 1 17 86 51 10 79 22 59 68 12 40 59 
53 23 32 85 67 59 51 60 79 58 20 33 40 51 53 62 98 93 96 65 70 70 40 82 95 42 12 85 23 52 24 2 47 40 4 66 77 53 31 43 98 72 65 42 48 55 93 49 76 49 5 61 40 59 62 52 32 26 42 62 15 69 2 82 61 100 96 77 48 35 15 32 75 4 13 80 32 10 68 97 46 91 52 19 14 16 2 38 65 27 68 37 29 36 77 92 72 58 71 37 73 77 39 35 40 6 77 90 71 89 30 97 5 72 47 85 34 27 47 13 13 41 20 37 16 23 56 44 
17 71 22 95 52 10 37 55 49 4 34 99 31 53 6 77 88 28 69 51 61 55 89 60 20 5 90 9 98 79 42 16 99 28 28 16 16 82 83 67 71 76 99 62 52 9 14 83 13 88 36 65 82 37 28 40 68 93 65 99 24 69 32 49 96 4 55 38 26 8 100 99 49 26 73 17 34 30 52 8 38 53 71 90 83 28 42 51 76 79 48 47 65 47 27 96 41 42 56 50 20 96 91 82 41 12 22 77 96 82 74 89 58 16 6 75 40 78 86 53 60 94 46 31 72 99 33 39 
93 31 66 62 34 81 77 62 80 53 67 87 90 59 92 81 74 74 64 18 24 6 34 78 88 7 80 21 62 78 70 7 94 15 92 34 91 7 17 14 96 86 49 48 83 6 38 91 85 72 6 26 68 11 16 16 30 37 9 71 65 83 47 90 69 82 38 20 48 43 29 58 44 67 31 34 59 85 75 96 43 82 98 59 81 19 15 96 9 54 29 54 86 86 50 100 24 36 99 90 58 74 62 33 2 99 46 71 89 77 38 97 81 76 60 50 100 52 25 26 69 92 57 47 28 3 44 66 
84 44 59 67 58 57 24 98 71 43 26 62 84 74 33 34 64 3 37 8 21 87 89 13 69 63 51 66 17 55 97 26 15 60 41 64 29 82 2 9 77 72 33 45 51 4 52 12 15 70 77 87 73 97 83 5 60 50 67 49 39 54 76 16 52 72 16 60 79 20 19 8 62 9 14 1 34 66 20 4 75 60 45 41 98 50 6 75 82 41 49 21 93 88 34 77 74 44 84 54 81 36 78 20 14 29 52 55 53 44 29 96 93 91 17 64 28 19 65 73 79 61 88 34 5 69 35 9 
48 63 2 8 50 74 1 54 40 89 51 30 81 80 19 8 74 22 70 71 87 83 10 2 71 61 11 88 100 83 82 93 81 68 77 37 75 35 86 94 20 63 59 57 80 92 17 25 94 10 57 50 56 66 72 37 45 45 24 84 62 66 22 58 86 31 14 91 35 63 86 58 66 93 16 98 80 17 67 88 20 51 92 97 36 53 90 61 20 43 41 11 70 28 60 77 71 20 30 67 33 29 66 87 20 9 47 8 34 75 68 17 33 33 29 99 14 56 98 27 54 37 1 75 66 44 12 69 
40 30 64 22 74 100 79 31 26 65 23 24 77 49 31 37 55 34 23 38 81 56 39 45 43 96 14 57 91 56 91 43 71 60 94 23 24 17 57 84 89 72 2 13 7 42 85 63 89 78 34 55 13 55 73 25 82 5 7 25 32 60 32 78 52 36 41 16 23 13 16 68 89 95 77 6 25 58 74 53 51 14 79 38 53 9 61 42 62 39 30 14 82 95 41 59 3 26 74 78 15 31 51 49 9 69 80 19 12 44 58 40 18 69 85 58 6 69 26 56 28 51 64 21 23 92 17 97 
76 51 22 80 53 76 68 83 61 20 42 23 32 36 89 47 32 31 6 76 75 51 54 52 69 69 67 78 41 29 51 10 7 71 50 44 98 18 35 75 85 99 13 77 23 23 51 31 38 88 25 61 9 100 47 16 86 89 45 8 51 83 81 92 79 61 36 34 64 27 34 97 34 30 74 18 37 32 58 79 9 21 44 44 87 63 5 98 9 25 15 84 99 54 9 43 15 89 52 85 27 36 15 10 59 15 49 13 48 96 66 28 10 63 66 30 84 4 3 54 38 82 47 89 1 99 59 49 
33 52 70 97 42 62 59 90 88 99 56 90 76 56 17 62 97 46 73 86 61 11 67 21 67 88 66 87 39 75 87 10 94 99 87 85 100 91 5 57 47 47 20 68 59 49 93 40 65 75 50 41 37 74 32 98 48 31 97 8 29 83 40 13 49 10 39 75 54 5 93 2 95 82 68 77 34 14 51 21 32 9 76 85 45 32 66 13 24 77 47 60 86 59 84 27 79 76 5 82 4 36 86 45 54 69 44 33 97 94 9 34 37 2 75 31 81 57 45 87 23 52 84 100 68 38 38 32 
33 29 1 39 76 88 32 40 34 52 14 42 44 74 93 37 24 3 37 30 38 40 65 31 30 4 29 90 86 74 80 80 89 53 1 97 69 46 24 83 11 72 44 26 47 52 55 61 48 28 48 89 17 84 26 13 49 47 52 20 7 13 34 14 44 18 46 36 94 68 27 8 33 91 29 78 4 88 2 52 2 87 7 90 15 79 77 32 28 62 32 30 5 18 40 22 86 98 62 13 71 45 21 55 27 52 66 61 94 15 100 41 35 9 19 4 77 2 21 97 28 45 35 55 59 63 33 8 
74 67 94 58 90 61 24 95 21 86 36 35 59 37 88 32 68 90 86 33 28 34 18 93 47 22 26 88 22 82 62 46 77 55 63 72 96 35 50 54 46 12 92 22 16 97 92 41 9 70 53 81 24 83 32 88 98 78 52 95 23 22 89 71 23 29 85 48 74 67 88 6 68 60 94 95 84 66 57 88 49 89 16 57 60 41 11 17 24 17 27 81 61 11 44 53 69 78 62 14 5 63 88 67 38 47 72 2 44 7 14 60 89 27 90 92 82 84 24 63 29 32 8 93 69 64 56 95 
83 64 50 100 85 92 24 50 68 14 50 7 31 92 16 95 93 65 37 6 39 92 85 23 22 35 31 18 77 10 66 50 19 17 2 12 28 62 22 16 79 48 83 55 14 11 29 51 9 89 74 58 32 17 100 44 56 53 40 3 91 98 42 93 61 61 38 58 72 60 8 61 82 40 14 99 69 96 9 93 9 15 60 4 70 43 91 46 64 2 65 19 74 9 19 95 6 5 48 73 85 90 42 38 27 46 1 43 50 62 45 68 1 97 7 47 45 80 73 51 93 88 9 83 65 31 9 8 
33 93 25 32 47 80 3 4 68 30 74 76 1 94 80 78 35 84 90 68 45 37 32 96 94 73 7 26 80 18 75 65 80 83 65 35 43 35 47 87 10 55 5 20 83 38 17 47 50 18 64 84 55 9 27 62 47 57 58 28 54 82 4 85 30 95 73 41 84 34 33 51 19 70 15 2 97 53 12 84 67 62 89 96 27 17 39 80 70 22 80 74 47 4 5 17 55 79 61 41 36 99 65 14 91 16 91 97 97 70 46 67 54 61 51 11 66 86 2 71 7 86 15 94 28 60 85 90 
96 1 73 35 21 86 80 84 24 90 21 48 11 3 38 5 4 42 30 96 15 78 4 11 43 90 4 84 79 89 43 9 28 55 65 52 6 33 83 44 7 98 96 44 36 54 16 8 88 47 43 62 45 20 37 39 44 90 97 91 62 98 59 52 100 92 93 55 4 54 6 100 35 91 39 40 19 71 79 78 70 95 4 66 9 77 3 82 83 33 16 76 57 41 6 73 25 45 46 91 53 14 52 25 71 54 86 9 77 61 26 14 32 9 81 97 54 38 48 54 76 56 41 100 87 46 37 8 
73 33 57 81 84 64 30 9 45 53 77 58 25 58 96 56 94 19 53 79 46 30 98 62 35 13 27 91 33 7 19 72 73 11 10 22 97 41 81 45 76 57 5 23 86 65 73 84 98 56 69 83 97 76 86 90 6 60 83 63 41 68 100 71 35 50 10 46 99 41 92 41 93 75 51 30 49 98 63 49 44 100 45 67 87 95 53 69 41 90 84 68 43 69 76 17 60 72 66 57 85 1 98 51 40 48 25 47 61 5 97 47 3 25 23 21 18 5 44 15 55 53 71 16 38 62 93 95 
60 44 35 99 4 29 65 23 77 56 96 5 46 4 96 21 1 26 19 76 51 100 18 95 23 10 34 30 41 47 24 25 67 53 45 82 51 66 61 77 28 18 19 59 44 93 4 35 77 10 42 90 48 53 1 90 96 10 100 90 88 83 63 60 77 1 76 20 94 53 30 96 16 59 92 55 55 19 80 44 24 42 38 34 60 48 37 44 68 45 4 69 21 35 26 10 41 61 33 85 35 77 40 94 73 94 79 92 71 73 77 49 76 2 5 71 14 70 85 67 87 99 86 100 7 15 94 74 
80 59 46 54 57 46 14 94 54 34 37 62 15 65 67 2 67 69 46 49 63 67 89 51 53 89 60 90 67 93 44 57 71 15 84 6 94 41 8 67 95 40 88 83 33 22 19 38 40 14 29 69 77 36 28 27 25 100 5 19 86 88 100 41 99 11 48 60 11 5 25 94 26 86 28 36 18 15 32 17 82 24 26 82 2 92 39 71 15 25 47 66 99 6 54 6 55 17 17 88 83 16 19 10 66 92 66 97 41 70 94 98 28 14 54 27 28 50 64 53 61 16 97 94 100 20 90 29 
36 37 29 69 79 67 46 18 57 60 53 8 43 74 25 12 98 24 75 53 96 31 80 58 43 97 54 46 77 69 71 83 87 51 31 11 54 33 40 33 50 22 44 23 89 89 36 18 53 76 13 73 98 41 99 17 70 87 32 54 42 50 80 47 83 11 51 83 52 36 45 46 3 26 37 43 11 100 5 77 22 36 6 83 16 53 19 91 1 62 22 94 88 78 50 84 21 1 97 32 1 87 2 68 100 6 66 11 10 77 84 23 31 66 42 38 1 5 82 80 18 57 18 96 3 83 44 37 
45 79 13 47 79 27 8 81 94 47 50 86 61 17 33 65 73 51 64 42 69 82 93 81 20 89 34 70 8 23 63 90 83 58 85 28 51 86 30 47 30 16 18 61 41 16 56 45 27 50 71 99 93 62 96 76 61 42 36 16 24 20 88 91 86 40 84 99 4 32 64 70 66 94 79 74 48 13 45 44 29 13 42 13 88 75 9 64 61 71 5 63 15 91 92 25 36 42 27 27 56 77 78 82 12 44 47 77 20 36 40 24 76 56 4 89 72 66 79 71 77 84 51 29 3 20 35 11 
24 95 100 65 92 59 80 61 1 26 9 36 18 82 88 54 8 11 17 89 50 33 87 98 80 97 64 81 10 92 94 98 66 37 15 19 36 6 78 28 3 34 16 59 13 35 95 64 79 51 27 94 89 67 90 56 40 28 86 81 89 13 12 20 87 30 59 36 51 66 26 44 91 43 93 19 15 85 51 17 44 50 65 75 10 81 39 77 85 57 66 11 81 75 63 9 52 100 64 77 100 81 82 15 59 79 12 85 53 24 53 39 9 12 68 38 64 47 94 58 45 73 4 75 42 1 7 48 
1 -1 1 1 1 1 -1 -1 1 -1 1 1 1 -1 -1 1 -1 1 1 -1 1 1 1 -1 1 -1 1 1 1 1 -1 1 -1 -1 -1 1 1 1 -1 -1 1 1 -1 -1 1 -1 -1 -1 1 -1 -1 1 -1 -1 1 -1 1 1 1 -1 1 1 1 1 -1 -1 1 -1 -1 -1 1 1 1 1 -1 -1 1 -1 -1 -1 -1 1 1 -1 1 1 1 1 -1 1 1 -1 1 1 -1 1 1 1 -1 1 1 -1 1 1 -1 -1 1 -1 1 -1 -1 1 1 1 1 -1 1 -1 -1 1 1 1 1 -1 -1 -1 1 1 
-1 1 -1 1 -1 1 1 1 1 1 1 -1 -1 -1 -1 1 -1 -1 -1 -1 -1 1 1 1 1 1 1 -1 -1 1 1 -1 -1 1 -1 1 -1 -1 1 -1 -1 -1 1 1 -1 -1 -1 -1 -1 1 1 1 1 1 -1 -1 1 1 -1 -1 1 -1 1 1 1 -1 -1 1 -1 1 -1 -1 1 -1 1 -1 -1 -1 1 -1 1 -1 -1 -1 1 1 1 -1 -1 1 1 -1 1 1 -1 1 -1 -1 1 -1 -1 -1 1 -1 1 1 1 -1 1 -1 1 -1 -1 1 -1 -1 -1 1 1 1 1 1 -1 -1 -1 -1 -1 1 
1 -1 1 1 1 -1 1 1 1 1 -1 1 -1 1 -1 -1 1 1 1 1 1 1 1 -1 -1 1 1 -1 -1 -1 -1 1 -1 1 -1 1 1 1 1 -1 -1 -1 -1 1 1 1 -1 -1 1 1 1 1 -1 1 1 1 -1 -1 1 -1 1 -1 1 -1 1 -1 1 1 -1 1 -1 1 -1 -1 -1 -1 -1 -1 1 1 -1 1 -1 -1 -1 -1 -1 1 1 1 -1 -1 1 1 1 1 -1 -1 1 1 1 -1 1 -1 1 -1 -1 1 1 1 -1 1 1 1 -1 1 1 -1 -1 -1 1 1 -1 1 1 -1 -1 1 
1 1 1 1 1 1 1 -1 -1 1 1 1 1 -1 -1 1 1 1 -1 1 1 -1 1 1 -1 -1 -1 -1 -1 -1 1 -1 -1 -1 1 -1 1 1 -1 -1 1 -1 1 1 -1 1 1 1 1 -1 1 1 1 1 1 -1 1 -1 1 1 -1 -1 -1 1 1 -1 -1 1 -1 -1 -1 -1 -1 1 -1 -1 -1 -1 1 1 -1 -1 1 -1 1 1 -1 1 1 -1 -1 1 -1 1 1 1 -1 1 1 -1 -1 1 -1 -1 1 1 -1 1 -1 1 -1 -1 1 -1 -1 1 -1 1 1 1 -1 1 -1 -1 -1 1 -1 -1 
1 -1 1 1 1 1 -1 -1 -1 -1 -1 -1 -1 1 -1 1 1 1 1 1 1 1 -1 -1 -1 -1 1 -1 1 1 -1 -1 -1 -1 1 -1 1 1 1 1 1 -1 -1 -1 1 1 1 1 -1 -1 -1 1 -1 -1 1 1 1 -1 -1 -1 -1 -1 -1 -1 1 1 1 1 -1 1 1 1 1 -1 -1 1 -1 -1 1 1 1 1 1 1 1 -1 -1 1 -1 1 1 1 -1 -1 1 1 -1 1 1 1 -1 1 -1 1 1 1 1 -1 -1 1 -1 1 -1 -1 1 1 -1 -1 -1 -1 -1 1 -1 1 1 -1 1 1 
1 1 -1 1 1 -1 -1 -1 -1 -1 1 1 -1 -1 -1 1 1 -1 -1 1 -1 -1 -1 -1 1 -1 -1 -1 1 1 1 -1 -1 1 -1 1 -1 -1 1 -1 1 1 1 1 1 1 1 1 -1 1 1 1 -1 -1 1 -1 1 1 1 1 1 -1 -1 -1 -1 1 1 1 -1 -1 -1 -1 1 -1 1 1 1 -1 1 1 -1 -1 -1 -1 -1 -1 1 1 -1 -1 1 1 -1 -1 -1 -1 1 1 1 -1 1 1 1 -1 1 -1 -1 1 1 -1 -1 -1 -1 1 1 1 -1 1 1 -1 1 -1 -1 1 1 -1 -1 1 
-1 1 1 1 -1 -1 -1 -1 -1 -1 1 -1 1 -1 1 -1 -1 1 -1 1 1 1 1 1 1 1 1 1 -1 -1 1 -1 1 1 1 -1 -1 -1 -1 1 1 1 1 -1 1 -1 1 1 1 1 1 1 -1 1 1 1 -1 -1 -1 -1 1 -1 -1 1 1 -1 -1 -1 1 -1 1 -1 1 -1 -1 1 -1 -1 1 -1 -1 1 1 1 1 -1 1 1 -1 -1 1 -1 -1 -1 1 1 1 1 1 -1 -1 -1 1 -1 1 1 -1 -1 -1 -1 -1 -1 1 1 1 -1 -1 1 1 -1 -1 -1 -1 -1 1 1 -1 1 
-1 1 1 -1 -1 -1 -1 1 -1 1 1 -1 1 1 1 1 1 1 1 -1 -1 1 -1 -1 -1 -1 -1 1 1 1 1 -1 -1 1 -1 1 -1 -1 -1 -1 -1 1 1 -1 -1 1 -1 -1 -1 1 -1 1 -1 1 1 1 -1 -1 1 -1 1 -1 -1 1 -1 1 1 -1 1 1 1 -1 1 1 -1 1 1 1 -1 1 -1 1 1 1 1 -1 1 -1 1 -1 1 -1 1 1 -1 -1 -1 1 -1 -1 1 -1 -1 -1 -1 -1 -1 -1 1 1 1 1 1 1 -1 1 1 1 1 1 -1 -1 -1 -1 -1 1 1 1 
1 1 1 -1 -1 -1 -1 -1 -1 1 -1 -1 -1 1 -1 -1 -1 -1 -1 1 1 -1 1 1 -1 -1 1 -1 -1 1 -1 -1 -1 -1 -1 -1 -1 -1 1 -1 -1 1 -1 -1 1 1 -1 1 1 -1 1 -1 -1 -1 1 -1 1 1 1 -1 1 1 -1 -1 1 1 -1 -1 -1 -1 1 1 -1 -1 -1 1 1 -1 -1 -1 1 1 1 -1 -1 -1 1 -1 -1 -1 1 1 -1 1 1 -1 1 1 -1 1 -1 -1 -1 -1 -1 1 1 -1 -1 -1 -1 1 1 -1 1 1 -1 1 -1 -1 1 -1 -1 -1 -1 -1 -1 -1 
-1 1 1 1 -1 -1 -1 1 1 -1 1 1 1 -1 1 -1 1 -1 -1 -1 1 1 -1 1 1 1 1 -1 1 1 1 1 1 -1 -1 -1 1 -1 -1 1 -1 -1 -1 -1 1 1 -1 -1 -1 1 1 -1 -1 -1 -1 1 1 1 -1 1 -1 1 1 -1 1 -1 1 1 -1 1 1 -1 -1 -1 -1 1 -1 -1 -1 -1 1 1 -1 1 -1 1 -1 -1 -1 -1 1 -1 1 -1 -1 1 -1 -1 1 -1 1 -1 1 1 1 1 -1 1 1 1 1 -1 1 1 -1 1 -1 -1 -1 -1 1 -1 -1 1 1 -1 1 1 
1 1 -1 1 -1 1 1 1 -1 1 1 -1 1 1 -1 1 -1 1 1 -1 -1 1 1 -1 -1 1 -1 -1 -1 -1 1 -1 1 1 1 -1 1 -1 1 -1 1 -1 -1 -1 -1 -1 -1 -1 1 -1 1 1 -1 1 1 1 1 -1 1 -1 1 1 -1 -1 1 1 -1 1 1 -1 1 -1 -1 -1 -1 -1 1 -1 -1 1 -1 1 1 -1 1 1 -1 1 -1 -1 -1 1 -1 1 -1 1 1 1 1 -1 -1 -1 -1 1 1 -1 1 1 1 1 -1 -1 1 -1 -1 -1 -1 -1 1 -1 1 1 -1 -1 -1 -1 -1 1 
1 -1 1 1 -1 1 -1 -1 -1 1 -1 -1 1 -1 -1 -1 -1 1 1 -1 1 -1 -1 1 -1 -1 -1 1 -1 -1 1 1 1 1 -1 1 1 1 1 -1 1 -1 1 -1 1 1 -1 1 1 1 -1 1 -1 -1 1 1 -1 1 -1 1 -1 -1 1 1 1 -1 1 1 1 -1 1 1 -1 1 1 -1 1 1 1 1 -1 -1 -1 -1 1 -1 1 1 1 1 -1 1 -1 -1 -1 1 -1 -1 1 1 -1 1 -1 1 1 1 -1 -1 -1 -1 1 -1 1 1 1 1 1 1 -1 1 1 -1 1 1 -1 1 1 1 
1 -1 -1 1 -1 -1 1 1 -1 1 1 1 1 1 -1 1 -1 -1 1 1 -1 1 -1 -1 -1 1 1 1 1 1 -1 1 1 1 1 1 1 -1 1 -1 -1 -1 1 -1 1 1 -1 -1 1 -1 1 -1 -1 1 1 -1 1 -1 1 1 -1 1 -1 -1 1 -1 -1 1 -1 -1 1 -1 -1 1 -1 -1 -1 -1 1 -1 1 -1 -1 -1 1 -1 -1 -1 1 -1 -1 -1 1 1 1 1 -1 -1 1 -1 -1 -1 -1 1 -1 1 -1 -1 -1 1 -1 -1 1 1 -1 -1 1 -1 -1 1 1 -1 -1 -1 -1 1 1 1 
-1 -1 1 -1 1 -1 -1 1 1 -1 1 -1 1 1 1 1 -1 -1 -1 -1 -1 1 1 1 -1 1 -1 -1 -1 -1 -1 1 1 -1 1 1 -1 -1 -1 1 1 -1 -1 -1 1 -1 -1 1 -1 -1 1 1 1 -1 -1 -1 -1 -1 1 1 -1 1 1 -1 -1 -1 -1 1 -1 1 1 1 -1 -1 1 -1 1 -1 -1 -1 -1 1 1 -1 -1 -1 -1 -1 -1 -1 1 1 1 1 1 1 1 -1 1 1 -1 1 -1 -1 -1 1 1 -1 -1 1 -1 -1 -1 1 1 -1 -1 1 -1 1 1 -1 -1 1 -1 1 -1 -1 
-1 -1 -1 -1 -1 -1 1 1 -1 1 -1 -1 -1 1 1 1 -1 -1 1 1 -1 1 -1 1 1 1 1 1 1 1 1 1 1 -1 -1 -1 -1 1 1 1 -1 -1 -1 1 1 1 1 -1 -1 1 1 -1 1 1 1 1 -1 1 1 1 1 1 1 -1 1 1 1 1 -1 -1 -1 1 1 -1 1 1 1 -1 1 -1 -1 -1 1 1 -1 -1 -1 1 1 -1 -1 -1 1 -1 -1 1 1 1 1 1 1 1 1 -1 -1 -1 -1 -1 -1 -1 -1 1 -1 1 1 -1 1 1 -1 1 1 1 1 1 -1 -1 -1 1 
1 1 -1 1 1 1 -1 1 -1 -1 1 -1 1 1 1 1 1 -1 -1 1 -1 1 1 -1 -1 -1 -1 -1 -1 1 -1 1 1 1 -1 1 1 1 -1 1 1 1 1 -1 1 -1 1 -1 -1 -1 -1 -1 -1 -1 -1 1 -1 -1 1 1 -1 1 -1 -1 -1 -1 1 -1 -1 -1 -1 -1 -1 -1 -1 -1 -1 -1 1 1 -1 -1 1 -1 1 1 -1 -1 -1 -1 -1 1 1 -1 1 -1 -1 -1 -1 1 -1 -1 -1 -1 1 1 -1 1 1 1 -1 1 1 1 -1 -1 -1 1 -1 1 -1 1 -1 1 1 1 -1 -1 
-1 -1 1 1 1 1 -1 1 -1 1 -1 -1 -1 -1 -1 1 1 -1 1 1 1 1 -1 1 1 1 -1 -1 -1 1 1 -1 -1 1 -1 -1 1 1 -1 1 -1 1 -1 1 1 1 1 1 1 -1 -1 1 -1 -1 1 -1 1 -1 1 1 1 -1 -1 1 -1 -1 1 -1 -1 1 -1 -1 1 1 -1 -1 1 1 -1 -1 -1 -1 -1 1 -1 -1 1 1 -1 -1 1 -1 -1 -1 1 1 -1 1 -1 -1 1 1 1 -1 1 -1 1 -1 1 -1 -1 1 -1 -1 1 1 -1 1 -1 1 -1 1 1 -1 1 -1 -1 -1 
1 -1 1 1 1 -1 1 1 -1 -1 1 1 -1 -1 -1 -1 -1 1 -1 1 -1 -1 -1 1 1 -1 -1 -1 -1 1 -1 1 -1 1 -1 1 -1 1 -1 1 -1 -1 1 -1 -1 1 -1 1 -1 -1 1 1 -1 -1 -1 -1 -1 -1 -1 1 -1 1 1 1 -1 1 -1 -1 -1 1 -1 -1 -1 -1 -1 -1 1 -1 -1 1 -1 1 1 1 1 -1 1 1 -1 1 1 1 -1 -1 -1 -1 -1 1 -1 1 1 1 -1 -1 -1 1 -1 1 -1 -1 1 -1 1 -1 -1 1 1 1 -1 1 -1 -1 1 -1 1 -1 -1 -1 
1 -1 1 -1 1 -1 -1 1 -1 -1 1 1 1 -1 1 -1 1 -1 -1 -1 1 1 -1 -1 1 1 1 1 1 -1 -1 -1 1 1 -1 1 1 -1 1 1 -1 -1 1 -1 1 1 1 -1 1 -1 -1 -1 1 1 1 -1 1 1 -1 1 -1 1 1 -1 1 1 1 1 1 1 1 1 -1 1 1 1 -1 -1 -1 1 1 -1 1 -1 -1 1 -1 1 1 1 1 1 1 1 1 -1 1 1 1 -1 -1 1 -1 1 -1 1 1 1 -1 1 -1 1 -1 1 -1 -1 -1 1 -1 -1 -1 1 -1 -1 -1 1 1 -1 
-1 -1 1 1 1 1 1 -1 1 -1 -1 -1 1 -1 1 1 1 1 -1 -1 1 -1 1 1 -1 1 -1 1 -1 1 -1 1 -1 -1 1 -1 1 -1 -1 -1 -1 -1 1 1 -1 -1 1 1 -1 1 -1 1 1 1 -1 -1 -1 -1 -1 -1 1 1 -1 1 1 -1 -1 -1 1 -1 -1 -1 1 1 1 -1 1 -1 -1 1 -1 -1 -1 1 -1 -1 -1 1 -1 -1 1 1 -1 -1 1 -1 1 -1 1 1 -1 1 1 -1 -1 -1 1 1 1 1 1 -1 1 -1 -1 1 1 1 -1 -1 -1 1 1 1 1 -1 1 -1 
1 -1 1 1 1 -1 1 -1 1 1 -1 1 -1 -1 -1 -1 1 -1 1 1 1 -1 -1 1 1 1 -1 -1 1 1 1 -1 -1 1 -1 1 1 -1 1 1 -1 -1 -1 -1 1 1 1 1 1 -1 -1 -1 1 1 1 1 1 -1 -1 1 -1 1 -1 1 -1 -1 -1 1 -1 1 -1 -1 1 -1 -1 1 -1 1 -1 -1 1 -1 -1 1 1 1 1 1 1 1 -1 -1 -1 -1 1 1 1 -1 -1 -1 -1 -1 1 -1 1 1 -1 -1 -1 1 1 1 -1 1 1 1 -1 1 -1 -1 1 1 1 -1 1 1 -1 -1 
1 1 1 -1 1 -1 1 1 -1 1 1 -1 1 1 1 1 1 -1 1 -1 -1 1 -1 1 1 1 1 1 1 -1 -1 1 1 1 1 -1 1 -1 -1 1 1 1 1 1 -1 -1 1 1 1 -1 1 -1 -1 -1 1 1 1 -1 1 -1 1 1 1 1 -1 1 -1 -1 -1 1 -1 1 1 -1 -1 -1 -1 1 1 -1 1 1 -1 1 1 1 -1 1 -1 1 -1 -1 -1 1 1 1 1 -1 -1 -1 1 1 -1 1 -1 -1 -1 -1 1 -1 -1 1 1 -1 -1 1 -1 1 1 1 -1 -1 -1 -1 -1 -1 -1 -1 
1 1 1 1 -1 -1 1 -1 1 -1 1 -1 -1 1 -1 1 -1 -1 -1 1 -1 -1 1 -1 -1 -1 1 -1 -1 -1 -1 1 -1 -1 1 -1 1 -1 1 -1 1 -1 -1 -1 1 1 1 -1 -1 -1 1 -1 1 1 -1 -1 -1 -1 -1 -1 1 1 -1 -1 1 -1 -1 -1 -1 1 1 1 -1 -1 -1 -1 1 -1 -1 1 -1 -1 -1 1 1 1 1 -1 -1 1 1 1 -1 1 1 1 -1 -1 1 1 -1 -1 1 1 1 -1 -1 1 -1 -1 1 -1 -1 -1 -1 -1 -1 1 1 -1 1 1 -1 1 1 1 -1 1 
-1 1 -1 1 -1 -1 1 -1 1 1 -1 1 -1 1 1 -1 1 1 -1 1 1 1 -1 1 -1 -1 -1 -1 -1 1 1 -1 -1 1 -1 1 1 1 -1 1 -1 -1 -1 1 -1 -1 -1 1 -1 1 1 -1 -1 1 -1 -1 -1 1 -1 1 1 1 1 1 -1 1 -1 -1 -1 1 1 1 -1 1 -1 -1 -1 -1 1 1 1 -1 1 -1 -1 1 -1 1 1 -1 1 1 1 -1 -1 1 -1 1 -1 -1 -1 -1 1 1 -1 -1 1 1 -1 -1 1 -1 -1 1 1 1 1 1 1 1 1 -1 -1 -1 1 -1 -1 1 
1 1 -1 -1 -1 1 1 -1 -1 1 -1 -1 -1 -1 1 -1 1 1 1 -1 1 1 -1 -1 1 1 1 -1 -1 -1 -1 1 1 1 1 1 1 -1 -1 1 -1 1 -1 1 -1 1 -1 1 -1 -1 -1 -1 -1 1 1 -1 1 -1 1 -1 1 -1 -1 1 1 -1 -1 -1 1 -1 1 -1 -1 1 -1 1 -1 1 -1 1 -1 -1 1 -1 -1 1 1 -1 1 -1 -1 1 1 -1 1 -1 -1 1 1 1 -1 -1 1 -1 -1 -1 -1 1 -1 1 -1 1 1 -1 -1 -1 -1 1 1 1 1 -1 1 -1 -1 -1 -1 -1 
-1 1 1 -1 -1 -1 1 -1 -1 1 1 -1 1 1 1 -1 1 -1 1 1 1 1 -1 -1 1 1 1 1 1 1 1 -1 -1 1 -1 -1 -1 -1 -1 -1 1 -1 1 1 -1 -1 1 -1 -1 1 1 1 1 1 -1 -1 -1 -1 -1 1 1 -1 1 -1 1 -1 1 -1 -1 1 -1 -1 -1 1 -1 -1 1 1 1 1 1 1 -1 1 -1 -1 -1 -1 -1 -1 1 1 1 -1 1 1 1 -1 -1 -1 -1 1 -1 -1 -1 -1 1 1 -1 1 1 1 1 1 -1 -1 -1 1 -1 1 -1 1 -1 -1 1 -1 -1 -1 
1 1 1 -1 1 -1 1 -1 1 1 -1 -1 1 -1 1 -1 -1 -1 1 -1 -1 1 1 -1 1 1 -1 -1 1 -1 -1 1 -1 -1 1 1 1 1 1 -1 -1 -1 1 -1 1 1 1 -1 -1 -1 1 -1 1 1 1 1 -1 -1 -1 -1 1 -1 -1 1 1 1 -1 -1 1 1 -1 1 1 1 -1 -1 1 -1 1 -1 1 -1 -1 1 1 -1 -1 1 -1 -1 -1 -1 1 -1 1 -1 1 -1 1 1 1 1 1 -1 1 1 -1 -1 -1 -1 -1 1 -1 1 -1 1 1 1 -1 1 -1 -1 -1 1 -1 1 -1 1 
1 -1 -1 -1 -1 -1 1 1 -1 -1 -1 1 1 -1 1 -1 -1 -1 1 1 -1 1 -1 -1 -1 1 -1 -1 1 -1 -1 -1 1 -1 -1 -1 -1 1 1 -1 1 -1 -1 1 1 1 -1 -1 -1 1 -1 -1 -1 -1 -1 1 1 1 -1 -1 -1 1 -1 -1 -1 -1 1 -1 -1 -1 -1 -1 1 -1 1 -1 1 -1 -1 -1 -1 -1 -1 -1 1 1 -1 -1 1 1 1 1 -1 -1 -1 1 -1 1 1 1 -1 -1 -1 1 -1 -1 -1 -1 -1 1 -1 1 1 -1 1 1 1 1 1 1 -1 1 1 1 1 -1 -1 -1 
1 -1 -1 -1 1 1 -1 1 -1 1 -1 -1 1 -1 1 -1 -1 -1 1 -1 1 1 -1 -1 -1 1 1 1 -1 1 -1 -1 1 1 1 1 -1 1 1 -1 1 -1 -1 1 1 1 -1 -1 1 -1 1 -1 1 -1 1 -1 -1 -1 1 -1 1 1 1 1 1 1 -1 1 1 -1 1 1 1 1 -1 -1 -1 -1 -1 1 -1 -1 -1 -1 1 1 -1 -1 1 1 -1 1 -1 -1 -1 1 -1 1 -1 -1 1 1 -1 1 1 -1 1 1 -1 -1 -1 -1 -1 -1 1 -1 -1 -1 1 -1 -1 -1 1 -1 -1 1 1 -1 
1 1 -1 -1 1 1 -1 1 1 1 -1 -1 1 -1 1 1 1 1 -1 1 1 -1 -1 1 -1 1 -1 -1 1 -1 -1 -1 1 1 1 1 -1 -1 1 1 -1 -1 1 -1 -1 -1 -1 1 -1 -1 1 -1 -1 -1 -1 1 1 -1 -1 -1 1 -1 -1 -1 -1 -1 -1 -1 1 1 -1 1 -1 1 1 1 1 1 1 -1 -1 -1 1 1 1 -1 1 1 -1 -1 -1 -1 1 1 -1 1 -1 -1 -1 -1 1 1 1 1 1 1 -1 1 -1 -1 -1 1 1 -1 -1 -1 1 1 -1 1 1 -1 -1 -1 -1 -1 1 1 
-1 1 -1 1 -1 1 1 1 -1 1 1 1 -1 -1 1 -1 1 -1 -1 -1 1 -1 -1 1 -1 1 -1 -1 -1 -1 1 1 1 1 -1 -1 1 -1 -1 -1 -1 1 1 -1 -1 -1 1 -1 -1 -1 1 -1 -1 1 -1 1 1 -1 1 -1 -1 1 -1 -1 -1 -1 -1 1 -1 1 1 1 -1 -1 1 1 1 -1 1 -1 1 1 -1 -1 -1 1 -1 -1 1 -1 -1 -1 -1 1 -1 1 -1 -1 1 1 -1 1 1 -1 -1 -1 1 -1 -1 -1 1 -1 -1 -1 1 -1 1 -1 1 -1 1 1 1 -1 -1 1 -1 -1 
1 -1 1 -1 -1 -1 -1 -1 -1 1 -1 1 1 1 1 1 -1 1 -1 1 -1 1 1 -1 1 -1 1 -1 -1 -1 1 1 -1 1 -1 -1 1 1 -1 -1 1 1 -1 -1 1 1 -1 1 -1 1 -1 -1 1 -1 1 -1 1 1 -1 -1 1 -1 1 -1 1 1 1 -1 -1 -1 -1 1 1 1 1 -1 -1 1 1 -1 1 -1 1 1 -1 1 1 1 -1 -1 1 1 1 1 1 1 -1 -1 1 -1 -1 1 1 1 -1 1 1 1 1 1 1 1 -1 -1 1 1 1 -1 -1 -1 -1 1 1 -1 -1 1 -1 1 
-1 -1 -1 -1 -1 -1 1 -1 -1 1 1 1 1 1 1 1 -1 -1 1 -1 -1 1 -1 -1 1 -1 -1 1 1 1 1 -1 1 1 -1 1 -1 -1 -1 -1 -1 1 -1 1 1 1 -1 1 1 -1 -1 -1 -1 -1 1 -1 1 1 -1 -1 -1 -1 1 -1 -1 1 -1 1 -1 -1 1 1 1 1 1 1 1 1 -1 1 1 1 1 1 1 1 -1 1 -1 -1 -1 -1 1 -1 1 -1 -1 1 1 1 1 -1 -1 1 1 -1 1 1 1 1 -1 -1 1 -1 1 -1 -1 1 -1 -1 1 1 -1 1 -1 1 -1 -1 
-1 1 1 -1 -1 1 1 1 -1 -1 1 1 1 -1 -1 1 1 1 1 -1 1 1 -1 1 1 1 -1 -1 1 1 1 1 1 1 -1 1 -1 1 -1 1 -1 1 -1 1 1 -1 1 -1 1 -1 -1 1 1 1 1 -1 1 1 -1 1 -1 -1 -1 1 1 -1 1 -1 1 1 1 1 -1 -1 -1 -1 -1 -1 -1 -1 -1 1 1 -1 -1 1 1 1 1 1 1 -1 -1 1 -1 -1 1 1 1 -1 1 -1 1 1 -1 1 1 1 1 1 1 -1 1 1 -1 -1 1 1 1 1 1 1 1 -1 1 1 1 1 
-1 -1 -1 1 1 -1 1 -1 -1 -1 1 -1 1 1 -1 -1 -1 -1 -1 1 -1 1 1 -1 1 -1 1 -1 1 1 -1 -1 -1 -1 1 1 -1 -1 1 -1 -1 -1 -1 1 -1 -1 1 -1 1 -1 1 -1 -1 1 1 -1 1 -1 -1 1 -1 -1 1 1 1 1 1 -1 -1 1 -1 1 1 -1 -1 -1 1 -1 -1 1 1 -1 -1 1 -1 1 1 1 1 1 -1 1 1 1 1 1 1 1 1 1 -1 -1 1 1 1 -1 1 1 -1 -1 -1 -1 1 -1 1 -1 -1 1 -1 -1 1 -1 1 -1 1 -1 1 1 
1 1 1 -1 -1 1 -1 1 -1 -1 -1 1 1 1 -1 1 -1 1 1 -1 1 -1 -1 1 1 -1 1 -1 1 1 -1 -1 1 1 1 1 -1 -1 1 -1 -1 -1 1 -1 -1 -1 1 -1 1 -1 -1 1 -1 1 -1 -1 1 -1 1 1 -1 1 1 -1 -1 1 1 -1 1 -1 -1 1 -1 1 -1 -1 1 1 1 -1 1 1 1 -1 -1 -1 -1 1 -1 1 1 1 -1 1 1 1 -1 1 -1 -1 -1 1 -1 1 -1 -1 1 1 1 -1 -1 1 1 -1 1 -1 1 -1 1 -1 -1 1 1 1 1 -1 -1 1 
1 -1 1 1 1 -1 -1 -1 -1 1 1 1 1 -1 -1 1 1 -1 1 1 1 1 1 1 1 -1 1 -1 -1 -1 1 1 -1 -1 -1 -1 1 -1 1 -1 1 1 1 -1 1 1 -1 1 1 -1 -1 1 1 -1 -1 1 -1 -1 1 1 1 1 -1 1 -1 1 -1 1 -1 1 1 -1 1 1 -1 -1 -1 1 1 -1 1 -1 -1 -1 -1 1 -1 1 -1 -1 1 1 -1 -1 1 -1 1 1 -1 -1 -1 1 1 1 -1 -1 1 1 -1 -1 1 1 -1 1 1 1 -1 1 1 -1 1 1 -1 -1 1 -1 1 1 
1 -1 1 1 1 -1 -1 -1 -1 -1 -1 1 -1 -1 1 1 1 1 -1 -1 -1 -1 -1 1 -1 -1 1 1 1 -1 -1 1 -1 1 -1 -1 -1 1 -1 1 -1 -1 -1 1 1 -1 1 -1 -1 1 1 -1 1 1 -1 1 1 1 -1 1 -1 1 -1 -1 -1 -1 1 -1 1 1 1 -1 -1 1 -1 -1 -1 1 -1 -1 1 1 -1 -1 1 -1 -1 1 -1 -1 1 1 1 1 -1 1 -1 1 1 -1 1 1 -1 -1 -1 -1 -1 1 1 1 1 1 -1 -1 -1 -1 -1 -1 -1 -1 1 -1 1 -1 1 1 1 1 
-1 1 1 -1 1 1 -1 -1 1 -1 1 1 1 -1 1 -1 -1 -1 1 -1 1 -1 1 -1 -1 -1 1 1 1 1 -1 -1 -1 -1 1 1 1 -1 1 -1 -1 -1 -1 -1 -1 1 -1 1 -1 1 -1 1 -1 -1 -1 -1 -1 -1 1 -1 -1 1 -1 -1 1 -1 -1 -1 1 -1 -1 -1 1 1 1 1 1 -1 1 -1 1 -1 1 1 -1 1 -1 1 -1 -1 -1 -1 1 -1 1 -1 1 1 -1 1 -1 1 -1 1 -1 -1 -1 -1 1 -1 -1 1 -1 1 -1 1 1 1 1 1 -1 -1 -1 1 -1 1 -1 1 
-1 -1 -1 -1 1 -1 1 -1 -1 1 -1 -1 -1 1 1 1 1 1 1 -1 1 1 -1 1 1 -1 -1 -1 -1 1 -1 -1 -1 1 -1 -1 -1 1 -1 1 1 -1 -1 -1 1 1 -1 1 1 1 -1 -1 -1 -1 1 -1 -1 -1 -1 -1 -1 -1 -1 -1 1 -1 1 -1 1 1 -1 -1 -1 -1 1 1 -1 -1 -1 -1 -1 1 -1 -1 1 1 -1 -1 1 1 1 1 1 1 -1 -1 1 1 -1 -1 1 1 -1 1 1 1 1 -1 1 -1 -1 1 1 -1 1 -1 -1 1 1 -1 1 1 -1 -1 1 1 -1 -1 
1 -1 -1 1 1 1 1 -1 -1 -1 1 1 -1 1 -1 1 -1 -1 -1 -1 -1 1 1 -1 -1 1 -1 1 1 -1 -1 1 -1 -1 -1 -1 1 -1 -1 1 -1 -1 1 1 1 -1 1 -1 1 -1 1 -1 1 1 -1 1 1 -1 1 1 -1 1 1 1 1 1 -1 -1 1 -1 1 -1 -1 1 1 -1 1 -1 1 -1 -1 -1 -1 1 -1 1 1 -1 -1 -1 -1 -1 1 -1 -1 1 -1 -1 -1 1 -1 -1 -1 1 1 1 1 1 -1 -1 1 -1 -1 -1 1 -1 -1 1 -1 -1 -1 -1 1 1 1 1 -1 1 
1 -1 -1 -1 -1 1 1 1 1 -1 -1 -1 -1 -1 -1 1 1 -1 -1 -1 -1 1 -1 -1 1 -1 -1 -1 -1 -1 1 1 1 1 -1 -1 1 -1 -1 -1 -1 -1 1 1 1 1 -1 -1 1 -1 -1 1 1 -1 1 1 -1 1 1 -1 1 -1 -1 -1 -1 -1 1 -1 -1 -1 -1 -1 1 -1 1 1 -1 1 -1 -1 -1 1 1 -1 1 -1 -1 1 1 1 1 1 -1 1 -1 1 1 -1 -1 1 -1 1 -1 1 1 -1 -1 -1 1 -1 1 -1 -1 1 -1 1 1 -1 1 1 1 -1 1 -1 -1 1 -1 1 
-1 1 -1 1 -1 1 1 1 -1 -1 -1 1 1 -1 -1 1 -1 1 1 1 -1 1 -1 -1 -1 1 1 -1 -1 1 1 -1 -1 -1 -1 1 1 -1 -1 -1 1 1 1 1 1 1 -1 -1 1 -1 -1 1 1 -1 1 1 -1 1 1 -1 -1 -1 -1 -1 -1 1 1 -1 1 -1 -1 -1 -1 -1 -1 1 -1 -1 -1 -1 -1 -1 -1 1 -1 -1 1 -1 -1 -1 1 1 -1 -1 1 1 -1 1 -1 1 -1 1 -1 -1 1 1 1 -1 -1 -1 1 -1 -1 1 1 -1 1 -1 -1 1 1 -1 -1 -1 -1 -1 -1 1 
-1 1 1 1 -1 1 -1 -1 -1 -1 -1 -1 -1 -1 1 -1 1 -1 -1 1 -1 1 -1 1 1 1 -1 1 1 -1 -1 -1 1 1 1 -1 -1 1 -1 -1 1 1 1 1 -1 1 1 -1 1 1 -1 -1 1 1 -1 1 1 1 -1 -1 1 -1 1 -1 -1 1 -1 1 1 -1 1 -1 1 1 1 1 -1 1 1 1 1 -1 1 -1 1 1 -1 1 1 -1 1 -1 -1 1 -1 -1 -1 -1 -1 1 1 -1 -1 -1 1 -1 -1 1 1 -1 1 -1 -1 1 -1 1 -1 -1 -1 -1 -1 -1 -1 -1 1 1 1 -1 
1 -1 1 -1 1 1 1 -1 1 1 -1 1 1 1 1 1 1 -1 1 -1 1 -1 1 -1 -1 -1 1 1 1 -1 -1 1 1 1 -1 -1 1 1 -1 1 1 1 1 -1 1 -1 -1 -1 -1 -1 -1 1 -1 -1 -1 -1 -1 1 -1 -1 -1 1 -1 1 -1 1 -1 1 -1 -1 1 -1 1 -1 1 -1 -1 -1 1 1 1 1 -1 1 1 -1 1 1 -1 -1 1 -1 -1 1 -1 -1 -1 -1 1 1 -1 -1 1 1 1 1 -1 1 1 -1 -1 -1 1 -1 -1 1 1 -1 1 1 1 1 -1 -1 -1 -1 -1 -1 
-1 -1 1 1 1 1 -1 1 1 1 -1 1 1 -1 1 -1 1 1 1 -1 1 -1 1 -1 1 -1 1 1 1 -1 -1 1 1 -1 -1 -1 1 -1 1 1 -1 1 1 1 -1 1 1 1 1 -1 1 -1 1 -1 -1 1 -1 -1 -1 1 1 1 -1 -1 1 -1 1 1 -1 1 1 -1 1 1 1 -1 -1 -1 -1 1 1 -1 1 1 -1 1 1 -1 -1 1 -1 1 1 -1 -1 1 1 -1 1 1 1 1 1 -1 -1 1 -1 -1 -1 -1 -1 -1 1 -1 1 -1 -1 1 1 1 1 1 1 1 -1 -1 -1 1 
-1 -1 -1 1 1 1 1 -1 -1 -1 -1 -1 -1 -1 1 1 1 -1 1 1 1 1 1 -1 -1 1 1 -1 -1 -1 1 -1 -1 1 1 1 -1 1 -1 -1 1 -1 -1 1 -1 1 1 1 1 1 -1 -1 -1 1 -1 -1 1 -1 1 1 -1 1 -1 -1 -1 1 1 1 1 -1 -1 1 1 1 1 -1 -1 1 -1 -1 1 1 -1 1 -1 1 1 -1 1 1 1 1 -1 -1 -1 -1 -1 -1 1 1 -1 -1 1 -1 1 -1 -1 1 1 -1 1 1 1 -1 -1 1 -1 -1 -1 -1 -1 1 -1 -1 1 -1 -1 -1 
-1 -1 -1 1 1 1 1 -1 1 -1 -1 1 -1 1 -1 -1 1 1 -1 1 1 1 -1 1 1 -1 -1 -1 -1 1 -1 1 1 -1 -1 -1 1 -1 1 1 -1 -1 -1 -1 -1 1 1 -1 -1 1 1 -1 1 1 -1 1 1 -1 1 -1 -1 1 -1 -1 -1 1 -1 1 1 1 1 1 1 -1 -1 -1 1 -1 -1 1 -1 1 1 1 1 -1 1 1 -1 -1 1 -1 1 1 1 1 -1 1 -1 1 -1 -1 1 -1 -1 1 -1 1 1 1 -1 1 1 1 1 -1 1 1 1 1 1 -1 -1 1 1 -1 -1 -1 
1 -1 1 1 -1 -1 1 -1 1 -1 1 1 1 -1 -1 -1 1 -1 1 -1 1 1 -1 -1 -1 -1 -1 -1 1 -1 -1 -1 1 1 1 1 1 -1 -1 1 1 1 1 1 -1 1 1 -1 1 1 1 1 -1 -1 1 1 -1 -1 1 1 -1 1 1 -1 -1 -1 -1 -1 1 -1 -1 -1 1 -1 1 -1 -1 1 -1 -1 1 -1 -1 1 -1 -1 1 -1 -1 1 1 -1 1 1 -1 -1 -1 -1 -1 -1 1 -1 -1 -1 -1 -1 1 -1 1 -1 1 1 1 -1 -1 -1 1 1 -1 -1 1 1 1 -1 1 1 1 1 
-1 1 1 -1 -1 1 1 1 -1 1 -1 1 -1 -1 1 -1 -1 -1 -1 1 -1 -1 -1 1 -1 1 -1 1 -1 -1 -1 1 -1 -1 -1 -1 -1 1 1 1 -1 -1 -1 1 -1 -1 1 1 1 -1 1 -1 1 1 -1 -1 1 1 1 1 -1 -1 1 1 -1 1 1 1 1 -1 -1 1 -1 1 1 -1 -1 1 -1 1 -1 -1 1 -1 -1 1 -1 -1 -1 -1 -1 1 -1 1 1 1 1 -1 1 -1 -1 -1 -1 1 1 -1 1 -1 1 -1 -1 -1 1 -1 -1 1 1 1 1 1 1 -1 1 -1 -1 1 1 -1 
-1 1 1 1 -1 1 1 -1 1 1 1 -1 1 1 1 -1 -1 1 -1 -1 -1 1 1 1 -1 1 1 -1 1 1 1 -1 -1 -1 1 -1 -1 1 -1 -1 1 -1 -1 -1 -1 1 -1 1 1 1 1 -1 -1 -1 1 -1 -1 1 1 -1 -1 -1 1 -1 1 -1 1 -1 1 1 -1 -1 -1 1 1 1 1 -1 -1 1 1 1 -1 -1 1 -1 1 -1 1 1 -1 -1 -1 -1 -1 -1 -1 -1 -1 -1 -1 -1 1 1 1 -1 1 1 1 1 -1 -1 1 -1 -1 1 -1 -1 1 1 1 1 1 -1 1 -1 1 1 
1 1 1 1 1 1 1 1 -1 -1 1 1 -1 1 -1 -1 1 1 -1 1 -1 -1 -1 -1 -1 1 -1 -1 -1 -1 -1 -1 -1 1 -1 1 1 -1 1 -1 -1 1 1 -1 1 -1 -1 -1 1 -1 -1 -1 -1 1 -1 -1 -1 1 1 -1 -1 1 1 1 1 1 1 1 1 -1 1 1 1 -1 -1 1 1 1 1 -1 -1 1 1 -1 -1 1 1 1 -1 1 1 -1 -1 -1 -1 1 1 -1 1 1 -1 -1 1 1 -1 1 1 1 1 1 1 -1 1 -1 1 1 1 1 -1 -1 -1 1 1 1 -1 -1 1 -1 
-1 1 -1 1 -1 -1 -1 -1 -1 -1 -1 -1 -1 1 1 -1 -1 -1 1 1 1 -1 1 -1 -1 1 1 -1 1 -1 -1 1 -1 1 -1 -1 1 1 -1 -1 1 1 1 1 -1 1 -1 1 -1 1 -1 -1 1 -1 -1 -1 -1 1 1 1 -1 -1 -1 1 1 -1 1 -1 1 1 -1 -1 1 -1 1 -1 -1 -1 -1 -1 1 1 -1 -1 -1 -1 -1 -1 1 -1 -1 -1 -1 -1 -1 -1 -1 -1 -1 1 1 -1 1 1 1 1 1 1 -1 -1 1 1 -1 -1 1 -1 1 -1 1 1 1 1 -1 -1 1 -1 -1 -1 
-1 1 1 1 -1 -1 1 1 -1 -1 1 -1 1 -1 1 -1 -1 -1 1 1 1 -1 1 1 1 1 1 -1 -1 -1 1 -1 -1 1 1 1 -1 1 -1 -1 1 -1 -1 1 -1 -1 1 1 -1 1 -1 1 -1 1 -1 1 1 1 1 1 1 -1 -1 1 -1 1 -1 -1 1 1 1 -1 -1 -1 1 1 1 -1 -1 1 1 -1 -1 1 -1 1 -1 1 -1 1 1 -1 -1 -1 1 -1 1 1 -1 -1 1 -1 1 1 1 -1 -1 1 -1 -1 1 -1 -1 -1 -1 1 1 -1 -1 -1 -1 -1 1 -1 1 -1 1 -1 
1 -1 1 1 1 1 1 1 1 -1 1 1 1 -1 1 -1 1 -1 1 -1 1 1 -1 -1 1 -1 1 -1 1 -1 -1 1 1 1 1 -1 -1 -1 -1 1 -1 1 1 -1 -1 -1 -1 -1 1 -1 1 -1 -1 -1 1 -1 -1 -1 -1 -1 -1 1 1 1 -1 1 1 1 -1 1 -1 1 1 -1 1 -1 1 1 1 -1 -1 -1 1 -1 1 1 -1 -1 1 1 1 1 -1 -1 -1 -1 1 -1 -1 -1 1 1 1 1 -1 1 1 1 -1 -1 -1 -1 1 1 -1 -1 -1 -1 -1 1 1 1 1 1 -1 1 1 -1 
-1 -1 1 -1 1 -1 1 1 -1 1 1 1 -1 -1 1 1 -1 -1 -1 -1 1 1 -1 -1 -1 -1 1 1 -1 1 1 -1 -1 -1 -1 -1 1 1 -1 -1 1 1 1 1 -1 1 -1 1 1 -1 -1 -1 -1 1 -1 1 1 -1 1 -1 -1 -1 1 1 -1 1 1 1 1 -1 -1 -1 -1 1 1 -1 1 1 -1 1 1 -1 1 -1 1 -1 -1 -1 1 1 1 1 -1 -1 -1 1 1 1 -1 1 -1 -1 -1 -1 -1 1 1 1 1 -1 -1 -1 -1 1 1 1 -1 1 -1 1 -1 1 -1 -1 -1 -1 -1 -1 
1 1 -1 1 1 1 -1 -1 1 1 1 -1 1 -1 -1 -1 1 -1 1 -1 1 1 -1 -1 1 -1 -1 1 -1 1 1 1 1 1 1 1 -1 1 -1 -1 1 -1 -1 1 -1 -1 1 1 -1 1 -1 -1 -1 1 -1 1 -1 1 1 1 -1 -1 1 -1 1 1 1 -1 1 1 -1 1 -1 -1 -1 -1 -1 -1 1 -1 1 1 1 1 -1 1 -1 -1 1 -1 -1 1 1 -1 -1 1 1 -1 1 1 1 -1 1 -1 -1 -1 1 1 -1 -1 1 1 1 1 -1 1 1 -1 1 1 1 -1 1 -1 1 -1 1 -1 
1 1 -1 -1 -1 1 -1 -1 1 1 -1 1 -1 -1 1 -1 -1 -1 1 -1 -1 -1 -1 1 -1 -1 -1 1 -1 -1 -1 1 1 1 -1 -1 -1 1 -1 -1 -1 1 1 1 1 -1 -1 -1 -1 1 1 1 1 1 -1 -1 1 -1 -1 -1 -1 -1 -1 -1 1 -1 1 -1 1 -1 1 -1 1 1 1 1 1 1 -1 -1 1 -1 -1 1 -1 1 1 1 -1 1 1 1 -1 1 -1 1 1 1 -1 -1 -1 1 -1 -1 -1 -1 -1 -1 -1 1 -1 -1 1 1 -1 -1 1 -1 1 1 1 1 -1 1 -1 -1 1 1 
1 -1 1 1 -1 1 -1 1 1 -1 1 -1 1 1 1 1 1 -1 -1 -1 -1 1 -1 -1 1 -1 -1 -1 1 -1 1 -1 -1 -1 -1 1 1 -1 1 -1 1 1 1 -1 -1 -1 1 1 1 1 1 1 1 1 -1 1 1 -1 -1 -1 -1 1 1 -1 1 1 -1 -1 -1 -1 1 -1 -1 -1 -1 1 1 -1 -1 -1 -1 -1 1 1 -1 1 -1 1 -1 -1 1 1 1 -1 1 1 1 -1 1 -1 -1 -1 -1 -1 1 -1 -1 -1 1 -1 -1 -1 -1 -1 -1 -1 1 -1 -1 1 1 1 -1 -1 -1 1 1 1 
-1 -1 -1 1 -1 1 -1 -1 -1 1 -1 1 1 1 1 1 1 1 1 -1 1 -1 -1 1 -1 1 -1 -1 -1 -1 -1 -1 -1 1 1 1 1 1 -1 -1 1 -1 -1 -1 -1 1 1 -1 1 1 -1 -1 1 1 -1 -1 1 -1 -1 -1 1 -1 -1 1 -1 -1 -1 1 -1 1 -1 1 -1 -1 1 -1 -1 -1 -1 -1 -1 -1 -1 -1 -1 1 1 -1 1 1 -1 1 1 1 1 -1 -1 -1 1 -1 1 1 -1 -1 1 -1 -1 1 1 -1 -1 -1 1 -1 1 1 -1 -1 1 1 1 1 1 1 -1 -1 -1 1 
1 1 1 -1 -1 1 1 1 1 -1 1 -1 -1 -1 1 -1 1 -1 -1 1 -1 1 1 1 1 1 1 -1 1 1 -1 1 -1 -1 -1 -1 1 -1 -1 -1 -1 1 -1 1 -1 1 -1 -1 -1 -1 -1 -1 -1 1 -1 -1 -1 -1 -1 1 -1 -1 1 -1 -1 1 1 -1 1 1 -1 -1 1 1 -1 -1 -1 -1 -1 1 -1 1 1 -1 -1 -1 -1 1 1 1 1 1 -1 1 -1 -1 1 -1 1 1 -1 1 -1 1 -1 1 -1 1 -1 -1 -1 -1 -1 1 1 1 1 1 -1 -1 -1 -1 -1 -1 1 -1 1 -1 
1 -1 -1 -1 -1 -1 -1 -1 1 1 1 -1 1 1 1 1 -1 1 1 1 1 1 1 1 -1 -1 -1 1 1 -1 1 -1 -1 -1 -1 1 1 1 1 -1 1 -1 -1 -1 1 1 1 1 1 -1 -1 1 -1 -1 1 -1 -1 -1 1 -1 -1 -1 1 1 1 -1 1 1 -1 1 -1 -1 1 -1 1 -1 1 -1 1 -1 1 -1 -1 1 -1 1 -1 1 -1 1 1 -1 -1 1 1 -1 -1 -1 -1 -1 -1 -1 -1 1 -1 -1 -1 -1 1 1 -1 1 1 -1 1 1 -1 1 -1 -1 -1 -1 -1 -1 1 1 -1 -1 
1 1 1 -1 -1 -1 -1 -1 -1 1 -1 1 -1 1 1 -1 -1 1 1 -1 -1 1 -1 1 -1 1 -1 -1 1 -1 -1 1 1 -1 1 1 -1 -1 -1 -1 1 -1 -1 1 -1 -1 -1 -1 1 1 1 1 -1 -1 1 1 1 -1 1 -1 1 1 -1 1 -1 -1 -1 1 -1 -1 1 -1 1 1 1 1 -1 -1 -1 1 1 -1 -1 -1 1 1 -1 -1 1 -1 1 -1 1 -1 -1 -1 -1 1 -1 -1 1 -1 -1 -1 -1 1 1 1 -1 -1 1 -1 -1 1 -1 1 1 1 -1 -1 1 -1 -1 1 1 1 1 1 
1 1 -1 1 -1 -1 1 1 -1 -1 -1 1 -1 -1 -1 -1 1 1 -1 1 1 1 -1 1 1 -1 1 -1 1 -1 -1 -1 -1 1 1 -1 1 -1 -1 -1 1 -1 -1 -1 1 -1 -1 -1 -1 1 -1 1 1 1 1 1 -1 -1 -1 1 -1 1 1 1 1 -1 -1 -1 1 1 1 -1 1 -1 -1 -1 1 1 -1 1 1 1 -1 1 -1 1 1 1 -1 -1 1 1 -1 -1 -1 1 -1 1 -1 1 1 -1 1 -1 -1 -1 1 -1 -1 -1 1 1 1 1 -1 1 1 1 -1 -1 1 -1 -1 -1 -1 -1 1 1 
-1 1 1 1 1 -1 1 -1 1 1 1 1 1 -1 1 -1 -1 -1 1 1 -1 -1 1 -1 1 1 1 -1 1 -1 -1 1 -1 1 1 -1 -1 -1 1 1 1 -1 -1 -1 -1 1 -1 -1 -1 -1 1 1 1 -1 -1 -1 1 1 1 -1 -1 1 -1 1 1 -1 1 -1 -1 -1 -1 1 -1 -1 1 1 -1 -1 1 1 -1 1 1 -1 -1 -1 1 1 1 1 -1 1 1 -1 -1 1 -1 1 1 -1 -1 -1 1 1 1 -1 -1 1 1 1 -1 1 1 -1 1 -1 -1 1 1 -1 1 1 -1 1 1 1 1 -1 
-1 -1 -1 -1 1 1 -1 1 1 -1 1 -1 -1 -1 1 -1 -1 1 1 -1 -1 1 -1 1 -1 -1 1 -1 1 -1 -1 1 1 -1 1 1 1 -1 -1 -1 1 -1 1 1 1 -1 1 1 -1 1 -1 1 -1 1 1 1 1 -1 1 -1 1 -1 -1 -1 -1 -1 -1 -1 1 -1 1 -1 -1 -1 -1 -1 1 -1 1 1 1 -1 -1 -1 -1 -1 -1 -1 1 -1 1 1 -1 1 1 1 1 1 -1 1 1 -1 -1 1 1 -1 -1 1 1 -1 -1 1 1 -1 -1 1 -1 1 1 1 -1 -1 1 1 1 1 -1 1 
1 -1 1 -1 1 1 -1 1 -1 1 -1 1 -1 -1 1 1 1 -1 1 -1 -1 -1 -1 -1 -1 1 -1 1 -1 -1 -1 1 -1 1 1 1 -1 1 -1 1 -1 1 1 -1 -1 1 1 -1 -1 1 1 1 1 -1 1 1 1 1 -1 -1 1 1 -1 -1 1 -1 1 -1 1 -1 1 -1 1 1 1 1 1 -1 1 1 1 -1 1 -1 1 -1 1 1 1 1 -1 -1 1 1 -1 1 1 -1 1 -1 1 -1 -1 -1 -1 -1 1 -1 -1 1 -1 1 1 1 -1 1 -1 1 -1 1 -1 1 1 1 -1 1 -1 -1 
-1 1 1 1 1 1 -1 -1 -1 1 1 1 1 1 1 -1 -1 -1 1 -1 1 -1 -1 -1 -1 -1 -1 -1 1 -1 1 -1 1 -1 -1 -1 1 -1 -1 -1 -1 -1 -1 1 1 1 1 1 -1 1 -1 1 -1 -1 1 1 -1 -1 -1 1 -1 1 1 -1 -1 -1 -1 -1 -1 1 -1 -1 1 1 1 1 1 1 1 1 1 1 1 1 1 1 1 -1 -1 1 1 1 -1 -1 1 -1 1 1 1 -1 1 1 1 1 1 1 1 1 -1 1 1 1 1 -1 1 -1 1 1 1 -1 1 -1 1 1 -1 1 1 1 
-1 -1 -1 -1 -1 -1 1 1 -1 -1 1 1 -1 -1 -1 -1 -1 -1 1 1 -1 -1 -1 -1 1 -1 1 -1 1 1 -1 -1 -1 1 -1 1 -1 1 1 1 1 -1 1 1 -1 -1 1 1 1 1 1 1 1 1 -1 1 1 1 -1 -1 1 -1 -1 1 -1 1 1 -1 1 -1 1 -1 1 1 1 -1 1 1 1 -1 1 -1 -1 1 -1 1 -1 -1 1 -1 -1 -1 -1 -1 1 1 1 -1 -1 1 1 -1 1 1 1 1 1 -1 -1 -1 1 1 1 1 1 1 -1 1 -1 -1 1 -1 -1 1 -1 -1 1 1 
-1 1 1 -1 1 -1 -1 1 -1 1 -1 -1 -1 1 -1 -1 1 1 1 -1 1 1 1 1 -1 1 1 -1 -1 1 1 -1 -1 1 1 -1 1 1 -1 1 -1 -1 -1 -1 -1 1 -1 1 -1 -1 1 -1 1 1 1 -1 1 -1 -1 1 1 1 -1 1 -1 -1 -1 1 -1 -1 -1 1 -1 -1 -1 -1 1 -1 -1 -1 -1 -1 1 -1 -1 -1 1 -1 1 1 -1 -1 -1 -1 -1 1 -1 -1 1 1 1 1 -1 -1 -1 -1 -1 1 1 1 -1 1 1 -1 1 1 1 -1 1 -1 -1 1 1 -1 1 -1 1 -1 
1 -1 -1 -1 1 -1 1 1 1 1 1 1 1 1 -1 -1 -1 -1 1 -1 -1 -1 1 1 1 -1 -1 -1 1 -1 1 -1 1 1 -1 -1 1 1 -1 -1 1 -1 -1 1 1 1 -1 1 -1 -1 -1 1 -1 1 -1 -1 -1 1 1 -1 -1 -1 1 1 -1 1 1 -1 1 -1 1 1 1 -1 1 -1 -1 1 -1 -1 -1 1 -1 1 -1 1 1 -1 1 1 1 1 1 1 1 -1 1 1 1 -1 -1 -1 -1 -1 -1 -1 -1 -1 1 1 1 1 -1 1 1 -1 1 1 1 -1 1 1 -1 1 1 -1 -1 1 
1 -1 1 -1 1 -1 -1 -1 1 -1 -1 1 -1 1 1 -1 -1 -1 1 -1 -1 1 1 1 -1 -1 1 -1 1 1 1 1 1 1 1 1 -1 -1 -1 -1 -1 -1 -1 -1 -1 -1 1 1 -1 1 -1 1 -1 -1 1 -1 1 -1 -1 1 -1 -1 -1 -1 1 -1 -1 -1 -1 1 1 -1 -1 1 -1 1 -1 1 -1 -1 1 -1 -1 -1 -1 1 1 1 1 1 1 -1 -1 1 -1 1 -1 1 1 -1 -1 1 1 1 1 1 1 -1 1 -1 -1 -1 -1 1 -1 -1 1 1 -1 1 1 -1 -1 1 1 -1 1 1 
1 1 -1 -1 1 1 1 1 -1 -1 -1 -1 -1 -1 1 -1 1 -1 -1 1 1 1 -1 -1 -1 -1 1 1 1 -1 -1 1 1 -1 1 -1 1 -1 1 -1 -1 1 -1 1 1 1 1 1 1 -1 -1 1 1 -1 1 -1 -1 1 -1 -1 1 1 1 1 -1 -1 1 1 1 -1 1 -1 1 1 1 -1 -1 -1 -1 -1 -1 -1 1 -1 -1 1 -1 1 -1 -1 1 1 1 1 1 -1 1 -1 1 -1 -1 -1 -1 1 1 1 -1 1 1 -1 -1 1 1 1 -1 1 -1 -1 1 -1 1 1 1 -1 1 1 -1 1 
1 -1 -1 1 -1 -1 -1 1 -1 -1 -1 1 1 -1 -1 -1 1 -1 1 1 -1 -1 -1 1 1 1 1 -1 1 1 -1 1 1 -1 -1 1 1 1 1 -1 1 -1 -1 1 -1 1 1 -1 -1 1 1 -1 -1 -1 -1 1 -1 1 -1 -1 1 -1 1 -1 -1 -1 1 1 1 -1 -1 1 1 1 -1 -1 -1 1 -1 -1 -1 -1 1 -1 1 1 -1 1 -1 1 -1 -1 1 -1 -1 -1 1 -1 1 -1 -1 -1 1 1 1 1 -1 1 -1 -1 1 1 -1 -1 -1 -1 1 1 -1 1 -1 -1 1 1 -1 -1 1 1 
-1 1 -1 -1 -1 1 -1 -1 -1 -1 -1 1 -1 1 1 -1 -1 -1 1 1 -1 -1 -1 -1 -1 -1 -1 1 -1 1 1 1 1 -1 -1 -1 -1 -1 1 1 1 1 -1 1 1 1 1 -1 1 1 1 -1 1 1 1 1 -1 1 -1 1 -1 1 1 -1 1 -1 1 1 1 -1 1 -1 1 -1 1 -1 1 1 -1 -1 -1 -1 -1 1 -1 -1 1 1 -1 -1 -1 -1 1 -1 -1 1 -1 1 1 -1 1 -1 -1 1 -1 -1 1 1 -1 1 1 1 -1 -1 1 1 -1 1 1 1 1 1 1 -1 -1 -1 -1 -1 
-1 -1 -1 -1 1 1 1 1 1 1 -1 -1 -1 -1 1 -1 -1 -1 1 -1 1 -1 -1 -1 1 -1 -1 -1 -1 1 1 -1 1 -1 -1 -1 -1 -1 1 1 -1 1 1 1 -1 -1 -1 -1 -1 -1 1 1 -1 1 -1 -1 -1 1 1 -1 -1 -1 1 -1 1 -1 1 1 -1 -1 -1 1 -1 -1 -1 1 -1 1 1 -1 -1 1 -1 1 -1 1 -1 1 -1 1 1 -1 1 -1 1 -1 1 -1 1 1 -1 -1 1 1 -1 1 1 -1 1 1 1 -1 -1 -1 1 -1 -1 1 1 1 -1 -1 1 1 -1 1 1 -1 
1 -1 -1 -1 -1 1 -1 1 1 -1 1 1 -1 1 1 -1 1 1 -1 1 -1 -1 1 -1 -1 1 1 1 -1 1 1 -1 1 -1 1 1 -1 -1 1 -1 1 -1 -1 -1 -1 -1 -1 1 -1 -1 1 1 -1 1 1 1 -1 1 1 -1 -1 1 -1 1 -1 1 1 1 1 1 -1 -1 -1 -1 1 -1 1 -1 -1 1 -1 -1 1 1 1 -1 -1 -1 -1 -1 -1 -1 -1 1 1 -1 -1 1 1 1 1 1 1 -1 1 1 -1 1 -1 1 -1 -1 -1 1 -1 -1 1 -1 1 1 -1 -1 -1 1 -1 -1 1 -1 
-1 -1 -1 -1 -1 -1 -1 1 -1 -1 -1 1 -1 -1 -1 -1 1 -1 -1 -1 1 1 -1 -1 1 1 -1 -1 -1 1 -1 1 1 -1 -1 1 1 1 -1 -1 -1 1 -1 1 -1 -1 1 -1 1 1 -1 1 -1 -1 1 1 -1 1 -1 -1 -1 -1 -1 1 -1 -1 -1 1 1 -1 1 1 -1 1 1 1 -1 -1 -1 -1 1 1 -1 -1 1 -1 1 1 1 -1 -1 1 -1 -1 1 -1 1 -1 1 -1 -1 1 1 -1 -1 -1 -1 -1 -1 -1 1 -1 1 -1 -1 -1 -1 -1 1 -1 1 1 1 -1 -1 1 -1 1 
-1 1 1 1 1 1 1 -1 -1 -1 -1 1 1 -1 1 1 -1 -1 -1 -1 -1 1 -1 1 -1 1 1 -1 -1 1 1 1 -1 -1 -1 1 1 -1 1 -1 1 -1 -1 1 1 -1 -1 -1 -1 -1 -1 1 -1 -1 1 -1 1 -1 -1 -1 -1 1 -1 -1 1 1 1 1 1 -1 -1 -1 -1 -1 -1 1 -1 -1 -1 -1 1 -1 -1 1 -1 -1 -1 -1 -1 1 1 -1 1 1 -1 -1 1 1 1 1 1 -1 1 1 1 1 1 1 -1 -1 -1 1 -1 1 -1 -1 -1 -1 1 -1 1 1 1 1 -1 1 -1 1 
-1 -1 1 1 1 1 -1 1 -1 -1 1 1 -1 -1 -1 1 -1 1 1 1 -1 -1 1 1 1 1 -1 -1 1 -1 -1 -1 1 -1 1 -1 -1 -1 -1 -1 -1 -1 -1 1 1 1 -1 1 -1 1 1 -1 -1 1 -1 1 -1 -1 -1 -1 1 -1 1 1 1 1 1 1 -1 -1 -1 -1 -1 -1 -1 -1 1 -1 -1 1 -1 -1 1 -1 1 -1 -1 -1 1 -1 -1 -1 -1 1 -1 -1 1 1 -1 -1 1 1 1 -1 -1 -1 1 1 -1 -1 -1 -1 -1 -1 -1 1 -1 -1 -1 -1 1 1 -1 1 -1 1 -1 1 
-1 1 -1 -1 1 -1 -1 -1 1 1 -1 -1 1 -1 -1 -1 -1 -1 1 -1 1 1 -1 1 -1 1 1 -1 -1 -1 1 1 1 -1 1 1 1 1 1 -1 -1 -1 -1 1 1 1 1 -1 1 -1 1 -1 1 1 -1 1 1 1 -1 -1 -1 1 1 1 -1 1 1 1 1 -1 -1 1 -1 -1 -1 -1 -1 1 1 -1 -1 -1 1 1 -1 -1 -1 1 1 1 -1 -1 1 1 1 -1 1 -1 1 -1 1 -1 -1 1 -1 -1 1 1 -1 1 1 -1 1 1 -1 -1 1 -1 -1 1 -1 1 1 -1 -1 -1 1 -1 
1 -1 1 -1 1 -1 1 1 1 1 1 -1 -1 1 -1 -1 -1 1 -1 -1 -1 1 -1 -1 -1 1 -1 -1 -1 -1 1 -1 1 1 -1 1 -1 1 -1 1 -1 1 -1 -1 1 -1 1 1 -1 -1 1 1 1 -1 -1 -1 1 -1 -1 -1 1 -1 -1 1 1 -1 -1 1 -1 -1 1 -1 -1 -1 -1 1 -1 1 -1 -1 -1 -1 1 1 1 -1 1 -1 1 -1 -1 -1 1 1 1 -1 -1 1 -1 1 -1 1 -1 -1 1 -1 1 1 1 1 -1 -1 1 -1 1 1 -1 1 -1 1 1 -1 -1 -1 -1 1 -1 -1 
1 -1 -1 1 1 -1 1 1 1 -1 1 -1 -1 1 1 1 -1 1 1 -1 -1 -1 -1 1 1 -1 -1 -1 -1 1 -1 1 1 1 -1 1 -1 -1 1 -1 -1 1 -1 1 -1 1 -1 1 -1 1 -1 1 -1 -1 1 1 1 -1 1 -1 1 -1 -1 -1 1 -1 1 1 -1 1 -1 -1 1 1 -1 -1 1 -1 -1 1 1 1 1 1 -1 1 1 1 -1 1 -1 -1 -1 -1 -1 1 1 -1 1 1 1 -1 -1 -1 1 1 1 1 -1 1 -1 -1 -1 1 -1 1 1 1 1 1 -1 1 -1 -1 -1 1 -1 -1 
-1 -1 -1 -1 1 -1 1 1 -1 1 -1 -1 -1 -1 1 -1 1 1 -1 1 1 1 1 -1 -1 1 1 -1 -1 1 -1 1 1 -1 1 -1 -1 -1 1 -1 1 -1 1 -1 1 1 1 1 1 -1 -1 -1 -1 1 -1 -1 1 1 1 -1 -1 1 -1 1 -1 -1 -1 1 1 -1 1 -1 -1 -1 1 1 1 -1 1 -1 1 1 1 -1 1 1 -1 1 1 1 1 -1 1 1 1 1 1 -1 -1 -1 1 1 1 -1 -1 1 1 -1 1 1 1 1 -1 1 -1 1 1 1 1 -1 -1 1 -1 1 -1 -1 1 1 
1 1 -1 1 1 -1 1 1 -1 -1 1 1 1 -1 -1 1 -1 1 -1 -1 1 1 1 -1 -1 -1 1 1 1 1 -1 -1 1 -1 -1 -1 -1 1 -1 1 -1 1 -1 1 1 -1 -1 1 -1 -1 1 -1 -1 -1 1 1 -1 -1 -1 -1 -1 -1 1 -1 -1 -1 1 1 -1 -1 -1 -1 -1 1 -1 -1 1 1 -1 1 -1 1 -1 1 1 -1 1 -1 1 -1 -1 -1 1 1 1 -1 1 -1 -1 1 1 -1 -1 -1 1 1 1 1 1 -1 1 1 -1 -1 -1 -1 -1 1 -1 -1 1 1 -1 1 1 1 1 1 
1 1 -1 1 -1 -1 -1 -1 -1 1 1 -1 -1 -1 -1 1 -1 -1 1 -1 1 1 1 1 1 -1 -1 1 1 -1 1 1 1 1 1 -1 1 -1 1 1 1 -1 -1 1 -1 1 1 -1 -1 1 -1 1 -1 1 1 -1 1 1 1 1 -1 1 1 1 -1 -1 -1 1 1 -1 1 1 1 1 -1 1 -1 -1 -1 -1 -1 -1 1 1 -1 1 -1 1 1 -1 1 -1 1 -1 -1 1 -1 1 1 -1 -1 -1 1 1 1 -1 1 -1 1 -1 -1 1 -1 -1 -1 -1 -1 -1 -1 -1 1 -1 -1 1 1 -1 1 1 
1 1 -1 -1 -1 1 1 1 1 -1 -1 1 -1 -1 -1 -1 1 1 -1 -1 1 -1 1 -1 1 -1 -1 -1 -1 1 -1 1 -1 1 1 -1 -1 -1 -1 -1 1 -1 1 -1 1 1 1 1 1 -1 1 1 -1 -1 -1 -1 -1 1 -1 1 -1 -1 -1 1 1 -1 1 1 -1 1 1 1 -1 -1 1 -1 -1 1 -1 -1 -1 1 1 -1 1 -1 1 -1 -1 -1 -1 -1 1 1 1 -1 1 1 1 -1 -1 1 1 -1 -1 1 -1 1 1 -1 -1 -1 1 -1 -1 1 1 -1 1 1 1 -1 1 -1 -1 -1 1 -1 
1 -1 1 1 1 1 1 -1 -1 -1 1 1 -1 -1 1 -1 1 1 1 1 1 1 -1 1 -1 -1 1 -1 -1 1 -1 1 1 1 1 1 1 1 1 -1 -1 1 -1 1 1 -1 -1 1 -1 -1 -1 1 -1 1 -1 -1 -1 1 1 -1 1 1 -1 1 1 -1 1 -1 -1 -1 -1 1 1 1 1 1 -1 1 -1 -1 1 -1 1 1 -1 1 -1 -1 1 -1 1 1 -1 -1 -1 1 1 1 -1 -1 -1 1 1 1 -1 -1 -1 1 1 -1 -1 -1 -1 1 1 -1 1 -1 1 1 1 -1 -1 1 1 1 1 -1 
-1 -1 1 1 -1 -1 -1 1 -1 -1 -1 1 1 -1 1 -1 -1 -1 1 -1 1 -1 -1 1 1 -1 -1 1 1 -1 1 -1 -1 1 1 -1 -1 -1 -1 1 -1 1 -1 1 -1 -1 1 -1 -1 -1 1 -1 1 -1 1 1 1 -1 -1 1 1 -1 1 -1 1 1 1 -1 1 1 1 1 -1 -1 -1 -1 -1 1 -1 1 1 1 -1 1 1 1 -1 1 1 -1 1 -1 1 -1 1 -1 -1 -1 -1 1 -1 -1 -1 -1 1 1 1 1 -1 1 -1 1 1 -1 1 -1 -1 1 1 1 -1 1 -1 -1 1 1 -1 -1 
1 1 1 -1 1 -1 -1 -1 -1 -1 -1 1 -1 -1 -1 -1 -1 1 1 -1 1 1 1 -1 -1 -1 -1 1 1 -1 -1 -1 -1 1 1 1 -1 -1 -1 1 -1 1 -1 -1 -1 1 1 -1 1 -1 1 1 -1 1 1 1 -1 1 -1 1 1 1 -1 -1 1 -1 1 1 -1 1 1 1 -1 1 -1 1 -1 -1 1 -1 1 -1 1 1 -1 -1 -1 -1 -1 -1 1 1 1 -1 1 1 1 1 -1 -1 -1 -1 1 1 1 1 1 -1 -1 -1 1 1 1 1 -1 1 1 1 1 -1 1 1 -1 1 -1 -1 -1 -1 
1 1 -1 -1 1 1 1 1 1 1 -1 -1 -1 1 -1 -1 1 1 1 1 -1 -1 1 1 -1 1 -1 1 -1 -1 -1 1 -1 1 -1 1 1 1 -1 1 -1 1 1 1 1 -1 1 1 1 -1 -1 1 -1 1 1 1 -1 1 1 -1 1 1 1 1 -1 1 -1 1 -1 -1 1 1 1 -1 -1 1 -1 -1 1 -1 -1 -1 -1 1 -1 1 -1 1 1 1 -1 1 1 1 1 1 1 -1 -1 -1 1 1 1 -1 1 1 -1 -1 -1 1 1 -1 -1 1 1 1 1 -1 1 -1 -1 -1 -1 1 1 1 -1 1 
-1 -1 -1 1 1 1 -1 -1 1 -1 1 1 -1 1 -1 1 -1 1 1 1 -1 -1 1 1 1 1 -1 1 1 -1 -1 1 -1 -1 1 1 1 1 -1 1 -1 1 1 -1 -1 1 1 -1 -1 1 -1 -1 -1 -1 1 1 1 1 1 1 1 -1 -1 1 1 1 -1 1 -1 -1 1 -1 1 -1 -1 -1 -1 1 -1 -1 -1 -1 -1 -1 -1 -1 -1 1 -1 1 1 -1 1 -1 1 -1 -1 1 -1 1 -1 -1 1 -1 -1 1 -1 1 1 -1 1 1 -1 -1 1 1 -1 1 1 -1 1 -1 -1 1 -1 -1 -1 -1 
1 1 1 -1 -1 -1 -1 1 -1 1 -1 -1 1 1 1 1 -1 -1 1 -1 -1 -1 -1 1 1 1 1 -1 -1 1 -1 1 1 -1 1 -1 -1 1 1 1 1 -1 -1 -1 -1 1 -1 1 1 -1 -1 -1 -1 -1 -1 -1 1 -1 1 1 -1 -1 1 -1 1 -1 1 -1 -1 -1 1 -1 1 1 1 1 -1 -1 1 -1 1 1 -1 1 1 1 1 -1 1 1 1 1 -1 -1 -1 -1 -1 -1 -1 1 1 1 -1 1 -1 -1 -1 -1 1 -1 -1 1 -1 1 1 1 1 -1 -1 -1 1 -1 -1 1 1 1 -1 -1 
1 1 1 1 -1 -1 -1 1 1 -1 1 -1 1 1 -1 -1 -1 -1 1 -1 -1 1 1 -1 -1 -1 -1 -1 -1 1 1 1 -1 1 1 1 -1 1 -1 1 -1 1 -1 1 1 -1 -1 1 1 1 -1 -1 -1 -1 -1 -1 -1 1 -1 1 1 1 -1 -1 -1 1 1 -1 -1 -1 1 1 1 -1 -1 -1 1 -1 1 1 1 1 -1 1 1 -1 1 -1 -1 -1 1 -1 -1 1 1 1 1 -1 1 1 1 -1 -1 -1 -1 -1 1 -1 1 1 -1 1 -1 -1 1 -1 -1 1 1 -1 -1 -1 1 1 -1 -1 1 1 
-1 -1 1 1 1 -1 1 -1 1 -1 -1 -1 1 1 -1 1 1 -1 1 1 1 1 1 -1 1 1 1 -1 -1 -1 -1 1 1 -1 1 1 1 -1 1 -1 -1 -1 1 -1 -1 -1 -1 1 -1 1 -1 -1 -1 1 -1 -1 -1 -1 1 1 -1 1 -1 -1 -1 1 -1 1 1 -1 1 -1 1 -1 -1 1 1 1 -1 -1 1 1 -1 1 1 -1 1 -1 1 1 1 1 -1 1 1 1 -1 -1 1 1 1 1 -1 1 -1 1 -1 -1 -1 1 1 -1 -1 1 1 1 1 -1 1 -1 -1 -1 1 -1 -1 1 1 1 
1 1 1 1 1 -1 1 -1 -1 1 1 1 1 1 1 -1 1 -1 -1 -1 1 1 1 1 -1 1 -1 1 1 1 1 1 -1 -1 1 1 -1 1 -1 -1 1 1 1 -1 -1 1 -1 1 -1 1 -1 1 -1 -1 -1 1 1 1 1 -1 -1 -1 -1 1 1 1 1 -1 1 1 -1 1 -1 -1 1 -1 -1 -1 -1 -1 -1 -1 1 1 -1 1 -1 1 -1 1 1 -1 -1 1 1 1 -1 1 1 1 1 -1 1 -1 1 1 1 1 1 -1 -1 -1 1 1 -1 1 -1 1 -1 -1 -1 1 -1 1 -1 1 -1 1 
1 -1 -1 -1 -1 1 1 -1 1 -1 1 -1 -1 1 1 -1 -1 -1 1 1 1 1 -1 -1 -1 1 1 -1 -1 -1 -1 -1 -1 1 1 -1 1 -1 1 1 -1 1 -1 -1 -1 1 -1 -1 -1 1 -1 1 -1 1 1 1 1 1 1 -1 1 -1 -1 -1 -1 1 1 1 1 -1 1 -1 1 1 -1 1 -1 1 1 1 1 -1 1 1 1 -1 1 1 -1 1 1 -1 -1 1 -1 -1 -1 -1 1 -1 1 1 -1 1 1 1 -1 1 1 -1 1 1 1 -1 -1 -1 -1 1 -1 -1 1 1 -1 1 1 1 -1 1 
1 -1 -1 1 1 1 1 1 1 -1 1 -1 -1 -1 1 -1 1 1 1 -1 -1 -1 -1 1 1 -1 -1 1 1 -1 -1 -1 1 1 1 1 1 1 1 1 -1 -1 1 -1 -1 -1 -1 1 -1 -1 -1 -1 -1 1 -1 1 -1 1 -1 -1 -1 -1 1 1 1 1 -1 1 -1 -1 1 1 -1 -1 1 -1 1 -1 1 1 -1 1 -1 -1 -1 1 1 1 -1 1 -1 1 -1 -1 -1 1 -1 1 -1 -1 -1 1 -1 -1 -1 -1 1 -1 -1 -1 1 1 1 -1 -1 -1 1 1 -1 1 1 1 1 -1 -1 1 1 -1 
-1 1 1 1 1 1 1 -1 -1 1 1 1 1 1 1 -1 -1 -1 1 1 -1 -1 1 -1 1 -1 1 1 -1 -1 1 1 1 1 1 -1 -1 1 -1 -1 -1 -1 -1 -1 1 1 1 -1 -1 1 -1 1 -1 -1 -1 -1 1 -1 1 1 1 -1 -1 -1 1 -1 1 1 -1 1 1 1 1 1 1 1 1 1 1 -1 1 -1 1 -1 -1 1 1 -1 -1 -1 -1 -1 -1 1 1 1 1 -1 -1 -1 1 -1 -1 1 -1 1 -1 1 -1 1 1 1 1 -1 1 1 -1 -1 -1 -1 1 1 1 -1 1 1 1 -1 
1 -1 1 -1 1 -1 -1 -1 1 -1 -1 1 -1 1 1 1 -1 1 -1 1 -1 -1 1 -1 1 -1 1 1 -1 -1 1 -1 1 -1 1 -1 -1 -1 1 -1 1 1 1 1 1 1 1 1 -1 -1 -1 1 1 -1 -1 1 1 -1 -1 -1 1 -1 -1 1 -1 1 -1 -1 1 1 -1 -1 -1 -1 -1 1 1 -1 1 -1 -1 1 1 -1 1 -1 -1 -1 1 -1 -1 1 1 1 1 1 -1 -1 -1 1 -1 -1 1 1 -1 -1 1 -1 1 1 1 1 1 -1 1 -1 1 -1 1 1 -1 1 -1 -1 1 -1 -1 -1 
1 -1 1 -1 -1 1 -1 1 -1 1 -1 -1 -1 -1 1 -1 1 1 -1 -1 -1 1 -1 -1 -1 -1 1 -1 1 1 -1 -1 1 1 -1 -1 -1 1 -1 1 -1 -1 -1 1 -1 1 -1 -1 1 -1 -1 -1 1 1 1 -1 1 -1 -1 1 -1 -1 1 1 -1 1 1 1 1 1 -1 -1 -1 -1 1 -1 1 -1 1 1 1 -1 1 1 1 -1 -1 -1 -1 -1 1 -1 1 1 1 1 1 -1 1 -1 1 1 1 1 -1 1 -1 -1 -1 1 -1 -1 -1 1 1 1 1 -1 -1 -1 1 1 1 -1 -1 -1 1 1 
-1 -1 -1 1 1 1 -1 -1 -1 -1 -1 1 -1 1 1 -1 1 1 1 1 -1 1 -1 -1 -1 1 1 -1 1 1 1 1 -1 -1 -1 1 1 1 1 1 -1 1 1 -1 -1 1 -1 -1 -1 -1 -1 -1 -1 -1 1 -1 -1 1 -1 1 1 -1 -1 -1 -1 -1 -1 1 -1 1 -1 1 -1 -1 -1 -1 1 1 -1 1 -1 1 -1 1 -1 -1 1 1 -1 -1 1 -1 1 -1 1 -1 1 1 -1 -1 1 -1 1 1 -1 1 1 -1 1 -1 -1 -1 -1 1 -1 -1 1 1 -1 1 1 -1 -1 -1 -1 -1 1 1 
1 1 1 -1 -1 1 1 -1 -1 1 -1 -1 -1 -1 1 -1 1 -1 -1 1 1 -1 1 1 1 -1 1 -1 -1 1 1 1 -1 1 1 -1 1 -1 -1 -1 -1 -1 -1 -1 1 1 1 1 -1 -1 1 1 1 1 1 -1 1 -1 -1 -1 -1 -1 -1 1 1 -1 -1 1 1 -1 -1 1 -1 1 -1 1 1 1 1 1 -1 -1 -1 1 -1 1 1 1 -1 1 1 1 -1 -1 -1 1 -1 -1 -1 1 1 1 -1 -1 -1 1 -1 -1 1 1 1 -1 1 1 1 1 1 1 1 -1 1 1 1 -1 1 1 1 -1 
1 -1 -1 -1 1 -1 -1 -1 -1 1 1 1 1 -1 -1 -1 -1 -1 1 -1 -1 1 1 1 -1 -1 -1 1 1 1 -1 1 1 1 1 1 1 -1 1 1 1 1 -1 -1 1 -1 -1 -1 -1 1 1 1 1 1 1 -1 -1 -1 -1 -1 1 1 -1 -1 1 1 -1 1 1 -1 -1 1 1 1 1 1 -1 -1 1 -1 1 -1 -1 -1 -1 1 -1 1 -1 1 -1 -1 1 -1 1 -1 1 -1 1 1 1 1 -1 1 -1 1 1 1 1 1 -1 -1 -1 -1 1 1 1 -1 -1 1 -1 -1 -1 -1 -1 -1 -1 1 
-1 1 1 1 1 1 1 -1 -1 1 1 1 -1 -1 -1 1 1 -1 -1 -1 1 -1 1 -1 -1 -1 1 -1 1 1 -1 -1 1 -1 1 -1 -1 -1 -1 1 1 1 1 1 1 -1 1 -1 -1 1 1 -1 1 1 -1 -1 -1 -1 1 1 -1 -1 -1 -1 1 1 -1 1 1 -1 -1 1 1 1 -1 -1 1 -1 1 -1 -1 1 1 -1 1 1 -1 -1 1 1 1 -1 -1 -1 -1 1 1 -1 -1 -1 -1 -1 -1 -1 -1 1 1 1 1 -1 1 -1 -1 -1 1 1 -1 -1 1 -1 -1 1 1 -1 -1 -1 1 -1 
-1 1 -1 1 1 -1 1 -1 1 1 -1 1 1 1 -1 1 -1 1 1 -1 1 -1 -1 -1 -1 -1 1 -1 -1 1 -1 1 -1 1 -1 -1 -1 -1 -1 1 1 -1 1 -1 1 1 -1 1 -1 -1 -1 1 1 -1 1 1 -1 -1 -1 -1 1 -1 1 -1 -1 -1 -1 1 1 -1 -1 1 1 1 -1 1 1 -1 1 -1 -1 -1 1 1 1 -1 1 -1 1 1 1 1 -1 -1 1 1 1 -1 1 -1 1 1 1 1 1 1 1 1 1 1 1 -1 -1 1 1 1 1 1 -1 -1 1 1 -1 -1 -1 -1 -1 1 
1 1 -1 -1 1 -1 -1 -1 1 -1 1 -1 -1 1 -1 -1 1 -1 1 1 -1 -1 -1 1 -1 1 -1 -1 1 -1 1 1 1 1 1 1 1 -1 -1 1 1 -1 1 -1 -1 -1 -1 -1 1 1 1 1 1 -1 1 1 1 -1 -1 -1 -1 -1 1 1 -1 -1 1 1 1 -1 -1 1 -1 -1 1 1 -1 -1 1 1 1 1 1 1 1 1 -1 -1 1 1 -1 -1 -1 1 -1 1 -1 1 -1 1 -1 1 -1 1 1 1 -1 1 -1 -1 1 -1 1 -1 -1 1 -1 1 -1 1 -1 -1 1 -1 1 1 -1 -1 
-1 -1 1 1 -1 1 -1 -1 -1 1 1 -1 -1 -1 -1 1 -1 1 1 1 -1 -1 1 1 1 1 -1 -1 1 1 -1 1 1 1 1 1 1 1 -1 -1 1 -1 -1 1 1 -1 1 1 -1 -1 1 1 1 1 1 1 1 -1 -1 1 1 -1 1 -1 1 1 -1 1 -1 1 -1 -1 1 1 1 -1 1 -1 1 1 1 1 1 -1 1 -1 1 1 1 -1 -1 1 -1 -1 -1 1 1 -1 1 -1 -1 -1 -1 1 1 1 1 1 -1 1 1 1 -1 -1 1 -1 1 1 1 -1 1 -1 -1 -1 -1 -1 1 -1 
1 1 1 -1 -1 1 -1 1 -1 1 1 -1 -1 -1 -1 1 1 -1 -1 1 -1 1 -1 -1 -1 -1 -1 -1 -1 -1 -1 1 1 1 -1 1 -1 1 1 1 -1 1 -1 1 1 -1 1 1 1 1 1 1 -1 -1 -1 1 -1 -1 1 1 -1 1 -1 -1 1 1 -1 -1 -1 1 1 1 1 -1 -1 1 -1 -1 -1 -1 -1 1 -1 1 1 1 1 1 -1 -1 -1 1 1 1 -1 1 1 -1 -1 1 -1 1 1 1 1 1 -1 -1 -1 -1 -1 -1 1 -1 1 -1 -1 -1 -1 -1 -1 -1 -1 1 1 -1 -1 1 
-1 -1 1 1 1 -1 -1 1 -1 1 1 -1 1 1 -1 1 -1 -1 1 1 1 -1 -1 -1 1 1 -1 1 -1 -1 -1 1 1 1 -1 -1 -1 1 -1 -1 -1 -1 -1 -1 -1 -1 -1 1 -1 -1 1 1 -1 -1 -1 -1 -1 1 -1 -1 -1 1 -1 -1 1 -1 1 1 -1 1 1 -1 -1 -1 1 1 1 -1 -1 -1 1 1 1 1 -1 -1 -1 -1 1 -1 1 -1 -1 1 1 -1 -1 -1 1 1 1 -1 1 1 -1 1 -1 1 -1 1 1 1 -1 1 1 1 -1 -1 1 -1 -1 -1 -1 -1 1 -1 1 -1 
-1 1 -1 -1 -1 -1 -1 1 -1 1 -1 1 -1 -1 -1 -1 -1 1 -1 1 1 -1 1 1 -1 1 -1 -1 -1 -1 1 1 -1 1 -1 -1 1 1 -1 -1 1 1 1 1 -1 -1 1 -1 1 -1 -1 1 1 1 -1 -1 1 -1 -1 -1 -1 -1 1 1 -1 -1 -1 1 1 -1 1 -1 -1 1 1 1 -1 1 -1 -1 1 -1 -1 1 1 -1 -1 -1 -1 1 1 1 -1 -1 1 -1 1 1 1 1 -1 -1 1 -1 1 1 1 1 -1 1 1 -1 -1 1 1 1 -1 1 1 1 -1 1 1 -1 1 -1 1 1 
1 -1 1 -1 1 -1 -1 1 1 -1 -1 -1 -1 -1 1 1 1 -1 1 -1 1 1 -1 -1 1 1 1 1 -1 1 -1 1 -1 -1 -1 1 1 1 1 1 -1 -1 -1 -1 -1 -1 1 1 1 -1 -1 -1 1 -1 -1 -1 1 -1 -1 -1 -1 1 -1 1 1 1 1 1 1 1 1 -1 1 1 1 -1 -1 -1 1 -1 -1 -1 -1 1 1 1 -1 -1 1 1 -1 1 1 1 -1 -1 1 1 1 1 -1 -1 -1 -1 -1 -1 -1 1 -1 1 -1 1 1 -1 1 1 -1 1 1 1 1 -1 1 1 -1 1 -1 1 
1 -1 1 1 -1 -1 1 1 1 1 1 1 1 -1 -1 1 -1 1 -1 1 -1 1 -1 -1 1 1 -1 1 -1 1 -1 -1 1 1 1 1 -1 -1 -1 1 -1 -1 -1 -1 1 1 1 1 1 1 1 1 -1 -1 1 -1 1 1 -1 1 -1 1 -1 1 1 1 1 1 1 1 -1 -1 1 -1 -1 -1 -1 1 -1 -1 1 1 -1 -1 -1 -1 1 -1 1 1 -1 -1 -1 -1 -1 1 1 1 1 1 -1 -1 1 -1 -1 -1 1 -1 1 -1 -1 1 1 1 -1 1 -1 1 1 -1 -1 1 -1 1 1 -1 1 1 
1 1 1 -1 -1 1 1 1 -1 1 -1 1 1 1 1 1 -1 -1 1 -1 1 -1 -1 1 -1 1 1 -1 -1 -1 -1 -1 -1 1 -1 -1 1 -1 1 -1 -1 1 1 1 -1 -1 -1 1 -1 -1 -1 -1 -1 -1 1 1 1 1 -1 -1 1 -1 1 1 -1 -1 1 -1 1 -1 1 1 1 -1 -1 -1 1 -1 1 -1 1 -1 1 1 -1 -1 -1 1 -1 1 1 -1 1 -1 1 1 -1 -1 -1 -1 1 1 1 -1 -1 1 -1 -1 -1 1 1 -1 1 -1 1 -1 -1 -1 -1 -1 -1 1 1 -1 1 -1 1 1 
1 -1 -1 -1 1 1 1 -1 1 -1 -1 1 -1 1 1 -1 1 -1 -1 -1 1 -1 -1 1 -1 -1 -1 1 1 -1 1 1 1 -1 1 1 1 -1 -1 1 1 -1 1 -1 -1 1 -1 1 -1 -1 -1 1 1 -1 -1 1 -1 -1 -1 1 1 1 -1 -1 1 -1 -1 1 1 1 1 -1 -1 -1 1 1 -1 -1 -1 -1 -1 1 -1 -1 -1 -1 -1 1 1 -1 1 1 1 1 1 -1 -1 -1 1 1 1 -1 1 1 1 1 -1 1 1 1 1 1 -1 1 1 1 -1 -1 1 -1 1 1 -1 -1 1 -1 1 -1 
-1 -1 1 1 1 1 -1 1 1 1 -1 1 -1 -1 -1 -1 1 1 -1 1 1 1 -1 1 -1 -1 1 1 -1 -1 -1 1 -1 -1 -1 -1 1 -1 1 -1 -1 1 -1 1 1 -1 1 -1 -1 1 1 1 -1 1 -1 1 1 -1 -1 1 1 1 1 1 -1 1 1 -1 1 1 -1 -1 1 -1 1 -1 -1 -1 -1 1 -1 1 1 1 -1 -1 1 -1 -1 1 1 1 1 -1 1 1 -1 -1 1 -1 1 -1 1 1 1 1 1 -1 -1 1 1 1 1 -1 1 1 -1 1 1 1 1 -1 -1 -1 -1 1 -1 -1 
1 -1 1 -1 -1 -1 -1 1 -1 -1 -1 1 1 -1 1 -1 -1 1 -1 1 -1 -1 -1 1 -1 -1 1 1 -1 1 1 1 -1 1 -1 1 -1 -1 1 -1 -1 1 1 -1 1 -1 -1 1 1 1 -1 1 1 1 -1 -1 1 1 1 -1 1 -1 1 1 -1 -1 -1 1 -1 1 1 1 -1 1 -1 -1 1 -1 -1 -1 1 -1 1 1 -1 -1 1 1 -1 1 1 -1 1 -1 1 -1 -1 1 -1 1 1 1 1 1 -1 1 -1 1 -1 -1 -1 -1 -1 -1 -1 -1 -1 -1 1 1 -1 1 -1 1 1 1 -1 1 
-1 1 -1 1 -1 1 1 1 1 -1 -1 1 -1 1 1 1 1 1 1 1 1 1 1 1 1 1 1 1 -1 1 -1 -1 1 1 1 -1 1 -1 1 1 1 -1 -1 -1 -1 1 -1 1 1 1 -1 1 -1 -1 -1 1 -1 -1 -1 -1 1 1 1 1 1 1 1 1 1 -1 1 1 -1 1 1 1 -1 -1 -1 -1 -1 1 1 1 1 -1 -1 -1 1 1 -1 1 -1 1 -1 1 1 1 -1 -1 -1 1 1 -1 -1 1 1 1 -1 -1 1 1 1 -1 -1 1 -1 -1 -1 -1 -1 -1 1 -1 1 -1 1 -1 
-1 1 -1 1 -1 1 1 1 -1 -1 1 -1 -1 -1 -1 -1 -1 -1 -1 -1 -1 1 1 1 1 -1 -1 1 1 -1 1 -1 -1 1 -1 1 1 -1 1 1 -1 1 -1 -1 1 1 -1 1 -1 1 1 -1 1 -1 -1 -1 1 1 -1 1 -1 -1 -1 -1 1 1 -1 1 -1 1 1 -1 1 -1 1 1 1 1 1 -1 -1 -1 1 1 -1 -1 1 1 1 1 1 1 -1 1 1 -1 -1 -1 -1 1 -1 -1 1 -1 1 -1 -1 1 -1 1 1 1 1 -1 1 1 1 -1 1 1 1 -1 -1 1 1 -1 1 1 
1 1 -1 1 -1 -1 -1 1 -1 -1 -1 1 1 1 1 1 1 1 -1 -1 -1 1 -1 1 1 1 1 1 -1 1 -1 -1 -1 1 -1 -1 -1 -1 1 -1 -1 1 1 -1 1 1 -1 1 -1 1 1 -1 1 -1 1 1 1 1 1 1 -1 -1 -1 -1 -1 1 1 -1 -1 -1 -1 1 -1 1 1 1 1 -1 -1 -1 1 1 1 -1 -1 -1 1 1 1 -1 -1 -1 -1 -1 -1 -1 -1 1 -1 1 -1 1 -1 1 -1 -1 1 -1 -1 -1 1 1 -1 -1 -1 1 1 -1 1 -1 1 1 1 1 1 1 1 -1 
1 1 1 -1 -1 1 -1 -1 1 1 1 1 1 1 1 -1 -1 -1 -1 -1 1 -1 1 1 1 -1 -1 -1 -1 1 1 -1 1 1 1 -1 1 1 -1 1 -1 1 1 -1 1 1 -1 1 1 1 1 -1 1 -1 1 -1 1 1 1 1 -1 -1 1 1 1 -1 -1 1 1 -1 1 1 1 -1 1 -1 -1 1 1 1 -1 1 -1 -1 1 1 1 1 -1 1 -1 1 1 -1 -1 -1 1 1 1 -1 1 1 1 -1 -1 1 -1 1 -1 -1 -1 1 -1 -1 1 1 -1 -1 1 1 1 -1 -1 -1 1 -1 1 -1 
1 1 1 1 1 -1 -1 -1 -1 -1 1 -1 -1 -1 1 1 1 -1 1 1 1 -1 1 -1 -1 1 -1 1 -1 -1 1 1 1 1 -1 1 1 -1 -1 1 -1 -1 -1 -1 1 1 1 -1 1 -1 1 1 1 -1 1 1 -1 1 1 1 -1 -1 -1 -1 1 -1 1 -1 -1 1 1 -1 1 -1 1 -1 -1 1 1 1 1 -1 1 1 1 -1 -1 -1 1 1 -1 -1 -1 -1 -1 1 1 1 1 1 1 -1 1 -1 1 1 -1 -1 -1 -1 1 -1 1 1 1 -1 1 -1 -1 1 -1 -1 -1 -1 -1 -1 1 1 
1 -1 -1 -1 -1 -1 -1 -1 -1 -1 -1 1 -1 -1 1 -1 1 1 -1 1 1 -1 -1 -1 1 -1 -1 1 1 -1 1 1 -1 1 1 1 -1 1 -1 -1 1 1 -1 -1 -1 1 -1 -1 1 1 1 1 -1 1 1 -1 1 -1 -1 1 -1 -1 -1 -1 -1 1 1 1 -1 1 -1 -1 1 1 1 1 -1 1 1 -1 1 -1 -1 -1 -1 -1 1 -1 -1 -1 -1 -1 -1 1 1 -1 -1 1 1 -1 1 -1 1 -1 1 -1 1 -1 -1 -1 1 1 -1 1 -1 -1 -1 1 -1 1 -1 -1 -1 -1 -1 -1 1 1 
-1 -1 1 -1 1 1 -1 -1 -1 1 -1 1 -1 1 1 1 -1 -1 -1 1 -1 -1 1 -1 -1 -1 1 1 -1 -1 -1 -1 1 -1 -1 1 -1 -1 1 -1 1 -1 -1 -1 -1 1 -1 1 -1 -1 -1 1 -1 -1 1 -1 -1 1 -1 1 -1 -1 1 -1 1 1 1 1 1 -1 1 1 -1 1 -1 1 1 -1 1 1 -1 -1 -1 1 1 1 -1 1 -1 1 1 1 1 1 -1 1 1 -1 -1 -1 -1 -1 -1 -1 -1 -1 -1 -1 1 -1 -1 1 1 -1 -1 -1 1 -1 1 1 -1 -1 -1 -1 1 1 -1 1 
-1 -1 1 -1 1 1 1 -1 -1 1 -1 -1 -1 -1 -1 1 1 1 -1 1 1 -1 1 1 -1 1 -1 1 -1 -1 -1 -1 -1 1 1 1 1 1 -1 1 1 -1 -1 1 -1 -1 1 1 1 -1 1 -1 1 1 -1 -1 1 -1 -1 -1 1 1 1 -1 1 1 -1 -1 -1 1 1 1 1 -1 -1 -1 -1 -1 -1 -1 -1 -1 -1 -1 1 1 -1 1 1 -1 1 -1 1 -1 -1 -1 1 -1 1 1 -1 -1 1 -1 -1 -1 1 -1 1 1 1 -1 1 1 1 -1 1 1 1 1 1 -1 -1 1 -1 -1 -1 1 
-1 -1 -1 1 -1 -1 1 1 -1 -1 -1 1 1 1 -1 1 -1 -1 1 -1 1 -1 1 -1 -1 -1 1 -1 1 -1 1 1 1 1 -1 -1 -1 1 1 1 1 1 -1 1 -1 -1 -1 -1 1 1 -1 -1 -1 -1 1 -1 -1 -1 1 -1 -1 1 1 -1 1 1 1 1 -1 -1 -1 -1 1 -1 -1 1 -1 1 1 1 -1 1 1 -1 1 -1 -1 1 1 -1 1 -1 1 -1 1 1 1 1 1 -1 -1 -1 1 -1 -1 -1 1 -1 -1 -1 -1 1 -1 -1 -1 1 1 -1 -1 1 -1 -1 -1 1 -1 -1 1 1 
1 -1 -1 -1 1 -1 -1 1 -1 1 -1 1 1 -1 -1 -1 -1 -1 1 1 -1 -1 -1 -1 -1 -1 -1 -1 1 1 -1 -1 -1 1 1 -1 1 1 -1 -1 -1 -1 -1 1 -1 -1 -1 -1 1 1 1 1 -1 1 1 -1 1 1 1 -1 1 -1 1 1 1 -1 -1 1 1 1 -1 1 -1 1 -1 1 1 -1 -1 -1 1 -1 -1 1 1 1 1 1 -1 -1 -1 -1 -1 1 1 -1 -1 1 1 -1 1 1 1 -1 1 -1 -1 1 -1 1 1 -1 1 1 1 -1 -1 1 1 1 1 1 1 -1 -1 1 1 -1 
1 1 1 -1 1 1 1 1 -1 1 1 1 1 -1 1 -1 -1 -1 -1 -1 -1 -1 1 1 -1 -1 1 -1 -1 1 -1 1 -1 1 1 1 1 1 1 -1 1 1 1 -1 -1 1 -1 -1 1 -1 1 -1 -1 -1 -1 -1 -1 1 1 1 -1 -1 1 1 -1 1 -1 1 1 -1 1 1 1 1 -1 -1 -1 1 1 1 -1 -1 -1 1 1 1 -1 -1 -1 -1 1 -1 -1 1 1 1 1 -1 -1 -1 1 1 -1 1 -1 1 -1 -1 1 -1 1 1 1 1 -1 -1 1 -1 1 -1 -1 1 1 1 1 1 -1 1 