128 -128 128 448 25382
36 49 20 63 31 21 3 15 97 97 94 86 89 23 36 30 47 23 32 86 70 29 60 10 76 2 38 28 85 54 64 50 56 27 58 94 37 21 9 74 54 96 43 89 49 15 43 28 4 85 90 72 23 75 67 91 16 21 95 89 86 94 26 13 100 30 34 25 63 100 22 68 81 79 42 28 21 99 79 7 45 44 16 79 64 95 3 7 28 5 83 8 52 15 67 69 44 95 6 46 7 34 67 12 62 54 4 10 33 22 81 13 22 95 15 20 91 64 100 18 6 67 81 52 5 91 92 56 
59 28 3 63 18 53 98 23 9 44 26 90 69 58 44 67 24 80 20 55 30 8 21 20 84 10 63 75 37 12 82 65 83 44 45 46 56 93 60 72 54 59 69 2 65 13 65 100 28 14 47 45 52 43 84 47 84 17 75 42 93 22 47 35 80 91 91 90 48 50 49 71 34 100 88 40 85 55 96 24 68 69 67 79 54 8 48 73 31 13 83 70 11 86 36 24 10 4 11 98 23 97 74 69 54 99 4 47 63 85 85 28 8 7 28 29 43 75 51 88 53 59 6 1 25 47 26 21 
10 36 82 32 13 99 14 16 21 12 1 7 46 45 34 72 3 3 58 12 72 19 34 91 93 98 1 100 15 40 10 67 91 5 52 96 93 91 55 3 11 55 66 46 15 57 6 48 91 76 37 5 61 71 74 92 68 18 44 82 62 37 39 57 28 85 68 72 12 8 52 59 36 30 66 91 12 52 33 59 2 89 72 27 3 44 36 74 14 91 11 99 31 76 12 10 62 82 32 86 21 95 71 72 67 77 78 34 85 82 65 44 36 68 73 45 92 58 19 56 49 12 95 80 62 63 55 78 
99 29 67 3 43 20 96 23 55 45 13 55 51 8 51 39 54 44 94 58 62 63 84 4 30 35 3 75 38 66 37 26 34 93 15 11 87 43 4 82 17 72 17 91 25 65 63 11 73 30 16 43 100 11 36 73 3 13 33 46 62 61 49 47 77 46 85 71 51 45 14 8 49 3 98 79 43 21 15 2 36 81 4 24 76 83 98 83 67 42 39 72 81 73 100 100 20 10 89 65 6 49 53 10 74 11 84 94 42 70 58 4 23 79 54 50 59 46 75 59 25 44 79 92 54 83 24 53 
91 5 45 15 67 68 76 25 33 50 14 44 1 99 97 84 78 27 60 12 19 69 24 9 45 22 66 86 40 68 69 9 68 74 26 50 1 78 93 35 5 88 43 5 11 66 55 53 65 78 84 8 41 58 37 79 96 41 82 9 17 87 82 23 8 67 26 78 35 80 3 37 30 82 100 27 18 82 19 64 38 84 13 46 24 89 30 60 73 87 1 58 59 11 97 91 73 43 2 19 78 15 48 93 4 76 66 19 61 71 33 76 89 5 53 32 82 21 37 93 41 97 41 71 14 64 88 87 
53 53 33 51 77 59 56 56 39 26 46 44 74 68 1 47 92 46 42 19 21 43 4 25 95 86 13 72 14 22 83 39 73 85 91 26 13 27 33 21 43 83 56 31 56 84 96 81 44 68 36 96 7 16 65 79 20 52 24 28 33 56 86 63 62 73 88 11 57 25 42 59 53 83 4 85 41 30 35 55 86 93 93 77 54 78 36 74 80 2 82 59 58 13 7 76 51 49 86 11 64 10 84 87 28 52 4 4 59 29 36 53 73 80 50 36 20 16 50 41 96 58 84 78 63 98 73 67 
29 2 89 21 4 100 87 20 68 50 12 80 49 26 98 17 93 13 73 58 80 21 93 32 61 46 76 58 9 55 29 91 45 97 28 100 63 23 65 3 77 62 42 39 73 54 26 65 44 73 17 23 95 56 31 23 88 33 99 86 86 15 12 64 19 64 68 54 48 61 20 51 83 48 50 14 40 6 86 47 87 38 100 46 30 24 40 84 76 63 59 39 49 35 55 51 84 21 86 68 87 32 33 77 10 22 66 34 66 92 7 51 68 8 53 52 32 40 67 11 43 13 58 7 75 66 88 30 
83 51 28 75 42 47 46 88 19 32 30 14 32 50 43 12 98 8 14 20 31 44 76 89 63 75 99 22 45 12 90 10 34 55 22 90 51 7 100 60 3 46 67 3 61 45 52 57 46 37 72 76 78 27 73 38 9 7 73 90 93 45 38 52 92 88 51 28 90 5 30 46 19 35 5 40 69 71 57 8 61 14 41 76 100 67 58 39 7 75 91 93 31 38 51 39 6 38 60 25 22 47 14 59 49 7 12 43 9 13 77 92 18 99 63 46 94 36 8 19 27 25 38 21 5 1 30 75 
77 14 41 82 38 4 82 66 66 70 81 5 3 99 11 51 3 73 27 45 13 34 29 51 8 36 38 84 90 16 81 25 59 14 86 74 14 7 30 51 19 18 23 53 3 39 56 74 96 62 53 8 99 49 48 8 32 41 63 85 56 63 87 8 8 41 90 45 79 80 24 45 76 39 20 52 55 57 11 5 81 40 72 51 57 1 94 20 66 17 22 63 23 63 33 85 6 29 21 28 100 98 76 92 46 60 8 62 53 86 43 43 4 5 54 55 93 92 61 15 84 95 19 5 20 77 71 42 
42 87 32 10 17 68 50 87 89 49 64 82 31 4 88 6 55 50 87 82 93 48 30 79 91 85 68 92 84 18 64 50 13 21 67 57 11 3 91 98 51 45 77 26 93 36 35 73 56 97 20 66 70 5 100 65 1 71 96 43 6 58 44 47 89 57 55 63 72 50 88 15 24 69 73 92 83 88 69 45 99 15 49 58 82 57 17 59 84 72 27 86 48 50 98 100 84 72 6 77 27 66 10 55 41 88 92 36 53 17 8 29 32 70 48 19 11 52 51 95 32 3 1 85 2 84 87 95 
6 48 15 30 42 65 42 16 57 96 39 40 79 69 46 100 96 30 12 18 99 4 39 80 43 31 83 10 63 61 14 60 30 7 55 17 77 51 41 3 59 5 92 95 87 55 29 43 56 65 14 37 47 2 64 15 20 40 51 28 47 92 74 42 56 15 10 72 42 3 84 81 1 59 44 94 31 33 80 30 36 45 14 8 13 7 37 39 80 93 99 70 38 43 7 30 22 19 38 48 16 89 74 30 98 100 13 75 65 42 3 11 29 85 35 18 81 11 52 65 81 86 51 21 97 52 80 33 
37 96 88 52 35 49 74 78 58 85 5 53 93 96 6 82 80 99 24 2 9 29 92 40 87 18 64 18 4 11 64 96 14 3 3 61 8 62 13 21 4 92 31 37 69 34 14 63 80 12 45 5 56 23 43 63 81 31 88 81 18 93 94 66 43 71 84 3 12 26 62 77 21 86 74 97 46 25 93 10 85 97 25 78 32 62 97 91 69 91 72 2 12 34 93 21 68 14 43 35 56 41 68 38 69 59 16 42 7 37 10 80 95 63 100 73 27 6 11 60 6 60 84 72 27 37 19 40 
29 21 24 77 97 90 76 100 23 30 99 66 81 9 6 90 55 89 6 16 28 9 25 20 34 82 79 66 92 80 86 24 6 52 6 69 15 79 14 35 34 58 61 42 42 74 63 50 21 38 5 76 77 25 58 89 27 81 14 74 37 54 88 6 9 84 85 24 93 2 12 14 31 7 36 4 26 55 54 11 37 98 43 82 42 79 78 1 42 90 98 97 18 42 66 38 71 38 69 63 16 14 37 88 4 89 53 47 83 69 28 42 60 68 61 94 16 45 98 59 63 48 25 87 40 22 7 94 
31 100 39 19 17 58 55 36 18 22 76 81 39 9 3 19 30 19 8 36 33 94 77 28 41 40 6 68 51 24 24 70 59 25 60 65 19 91 66 69 12 33 41 65 49 63 84 61 48 39 16 75 23 10 48 99 99 20 6 25 9 45 4 20 51 10 87 73 44 69 33 39 31 80 50 30 9 40 58 67 71 11 17 72 56 3 68 31 99 75 92 97 87 70 14 13 85 41 18 18 26 49 54 10 44 51 71 78 68 66 11 36 64 30 1 60 83 33 37 25 98 27 6 31 11 4 33 22 
69 7 79 92 9 47 95 19 41 80 74 51 30 69 25 79 44 87 93 99 16 70 47 40 98 79 63 51 14 28 59 46 34 92 16 60 63 93 89 51 74 83 77 62 84 29 11 100 56 46 72 3 75 44 56 44 51 98 99 93 59 77 94 86 1 32 53 53 57 72 72 84 17 55 27 70 14 72 67 82 65 51 77 18 17 25 42 78 1 49 64 50 36 47 94 77 24 74 19 8 82 58 59 5 56 72 58 52 5 55 25 93 72 51 86 40 23 22 43 76 34 10 49 55 92 24 63 31 
77 36 42 44 19 58 36 16 44 10 78 36 33 33 15 55 9 25 50 63 43 16 51 41 43 72 3 12 70 6 84 25 10 3 29 77 93 17 87 22 83 33 62 30 85 31 59 16 86 88 33 35 95 7 84 17 18 13 46 82 43 48 65 47 23 65 67 90 35 89 12 88 3 53 87 18 47 41 53 76 82 94 15 91 97 25 91 70 94 89 43 31 19 45 80 41 88 48 52 13 90 32 44 67 63 95 81 86 88 8 9 53 62 68 43 83 71 65 5 71 77 35 36 72 6 28 50 89 
21 26 31 84 45 62 15 24 65 69 95 49 17 38 9 85 34 95 60 41 63 21 72 41 29 12 69 64 20 72 49 51 58 50 40 7 33 90 51 23 14 53 12 39 45 93 66 65 58 39 64 79 44 86 17 46 61 63 50 13 41 95 40 47 96 45 10 59 41 2 89 77 32 89 53 51 69 46 25 54 17 56 40 62 77 63 87 12 53 52 34 61 58 100 37 23 45 96 79 1 98 70 6 39 18 50 38 18 68 48 76 17 43 55 86 37 70 43 11 43 26 33 2 31 95 40 73 8 
55 81 5 24 55 96 41 16 67 8 19 99 89 27 70 91 75 5 8 50 62 100 73 75 88 39 17 97 12 75 58 93 42 60 100 64 66 10 30 10 60 36 37 11 93 69 30 12 64 94 13 51 18 59 88 83 3 49 94 21 76 22 89 40 2 28 36 13 100 1 97 46 67 50 56 78 30 15 85 2 54 48 100 35 73 81 31 95 24 16 16 76 67 50 79 29 26 77 88 82 37 43 35 32 85 36 8 12 42 10 89 7 95 98 97 77 22 31 97 25 73 10 10 94 23 79 10 11 
93 83 9 70 67 69 25 75 35 88 5 11 44 57 45 6 38 52 44 3 99 4 36 79 84 74 24 95 36 64 58 44 61 5 79 57 74 82 48 45 35 39 16 58 84 84 35 52 91 88 5 33 76 34 68 63 42 6 41 44 40 68 45 76 56 52 84 90 6 83 80 5 91 57 29 36 56 29 87 86 99 47 11 10 70 85 81 53 25 47 93 29 85 73 30 16 45 3 60 46 76 54 53 51 11 27 10 3 17 31 51 95 77 14 76 64 28 48 32 11 82 29 11 96 65 1 90 97 
32 73 95 29 92 73 99 3 23 93 24 89 69 66 98 15 80 48 42 99 26 45 94 86 54 86 95 25 14 92 9 90 51 63 53 71 7 2 15 41 41 98 51 8 35 21 93 54 13 42 33 13 90 18 76 68 6 99 17 77 26 73 98 8 67 55 24 6 93 56 92 33 31 13 29 70 65 100 8 26 24 32 80 9 75 86 15 84 49 74 95 27 43 32 64 36 1 82 54 23 19 8 80 72 91 23 89 28 90 97 34 23 60 37 74 58 65 41 62 54 86 32 4 33 27 27 61 76 
37 42 45 44 64 33 11 42 74 94 30 58 63 100 92 30 65 78 90 65 91 37 72 76 37 6 46 91 22 38 18 50 35 50 43 27 97 73 30 27 40 23 11 84 100 27 13 77 8 89 24 65 47 35 78 61 28 23 32 24 91 20 23 56 2 62 12 84 4 45 10 15 37 76 97 81 2 27 4 64 47 6 32 74 77 7 82 29 46 86 90 66 81 78 33 17 90 88 65 80 93 11 16 77 52 71 92 4 12 94 61 65 45 98 53 54 31 4 44 48 34 44 52 14 87 10 31 100 
6 83 16 52 67 59 58 96 17 16 54 91 4 9 34 64 38 87 67 48 29 87 81 40 70 23 15 99 71 21 80 85 9 56 89 87 94 12 81 86 67 61 82 25 35 11 28 59 24 88 46 19 46 48 12 97 63 5 3 3 64 44 19 3 6 1 63 19 24 44 1 97 68 45 43 97 66 21 86 7 73 85 8 97 84 26 46 13 99 84 94 8 14 89 42 67 22 83 41 80 52 26 79 65 6 89 8 93 69 94 29 41 63 7 36 33 36 36 56 67 88 30 86 21 50 88 89 79 
28 73 43 21 28 24 91 37 15 40 26 2 92 71 92 90 39 72 100 69 11 68 97 65 93 33 3 27 9 6 95 77 54 12 90 67 30 84 21 84 49 63 33 57 16 37 81 18 88 73 95 50 68 49 65 30 42 72 30 64 44 29 18 74 59 18 52 42 67 76 100 64 36 59 60 35 42 74 11 81 74 10 82 57 29 8 87 60 34 29 42 35 83 82 98 92 75 19 97 87 30 15 88 75 47 78 35 86 83 10 58 55 86 27 67 94 51 18 4 59 63 94 84 52 42 75 95 64 
69 29 2 39 83 46 86 15 81 89 73 95 37 63 63 68 61 46 6 100 43 84 40 40 60 5 40 47 93 36 33 22 34 26 52 34 54 86 19 12 96 25 73 55 24 40 4 72 76 83 22 70 62 42 54 60 11 88 3 20 5 78 16 29 42 53 85 59 96 68 96 90 7 38 33 69 15 31 30 48 45 7 30 20 62 51 48 10 89 74 2 44 79 15 83 67 66 69 36 2 9 56 59 61 39 62 73 31 21 54 50 33 80 69 100 92 39 73 89 7 71 10 16 37 67 65 76 31 
66 65 53 45 44 93 6 53 74 52 15 41 35 30 49 5 2 3 48 9 89 24 64 89 91 39 35 16 55 62 57 68 34 78 34 89 45 81 54 48 11 100 58 58 48 95 55 97 1 67 54 95 48 97 58 60 64 79 15 84 63 55 30 71 75 91 17 95 43 47 93 43 67 99 50 43 100 80 19 36 65 36 69 34 76 44 43 85 54 100 48 89 9 65 7 95 100 56 98 57 77 88 28 59 7 73 100 5 43 53 12 89 43 4 23 22 91 2 11 40 66 61 53 1 94 34 40 69 
53 36 100 28 26 33 80 37 100 69 100 33 27 100 4 76 82 80 6 22 63 33 20 2 55 27 48 27 18 80 2 23 56 17 53 8 64 72 58 5 86 46 47 60 43 92 40 40 98 22 16 8 30 34 86 72 15 72 28 29 99 12 85 39 45 17 7 33 12 47 74 83 1 58 77 89 5 22 99 48 93 21 29 3 90 8 2 43 86 24 82 66 28 35 18 48 99 53 38 26 17 42 98 42 69 72 14 79 88 100 26 69 98 69 11 51 44 36 9 63 89 92 28 94 65 28 30 75 
85 58 38 54 72 66 17 67 13 94 66 65 74 81 59 29 29 90 55 96 96 82 49 8 35 37 69 45 7 73 78 52 73 40 84 45 18 13 41 20 69 97 32 17 49 37 18 8 68 79 58 72 35 7 67 77 88 47 63 70 68 77 53 78 32 21 72 24 48 23 82 51 98 97 64 85 74 29 27 47 41 83 46 39 82 1 96 94 39 6 99 94 82 27 95 100 56 95 21 7 50 30 2 46 68 49 97 90 41 90 8 91 16 99 18 67 44 16 17 37 58 5 91 57 22 35 47 68 
54 49 99 100 13 47 83 43 30 22 23 24 62 43 21 92 81 83 41 1 89 41 30 72 99 23 86 98 27 12 5 22 2 11 7 55 42 43 52 60 83 22 52 72 57 77 75 95 89 32 15 77 6 26 50 36 7 1 24 31 39 15 18 30 62 62 63 26 89 38 39 77 14 57 82 9 39 40 21 76 50 76 57 45 28 31 14 51 39 83 29 31 58 80 58 64 10 2 35 26 20 21 73 97 80 36 99 27 35 99 94 61 100 81 14 70 38 51 49 69 71 91 33 23 41 73 57 33 
24 58 33 60 48 86 11 5 8 41 92 27 98 36 8 26 40 55 92 62 74 7 40 11 63 80 73 48 98 48 17 4 6 1 96 91 77 66 54 4 43 44 77 2 5 58 47 40 8 49 1 16 46 9 27 79 37 29 98 72 32 45 98 44 80 78 13 41 22 80 39 75 39 66 51 57 24 79 52 5 17 59 1 82 28 75 65 41 84 71 91 8 68 33 38 74 44 37 75 89 87 7 15 38 18 84 43 54 6 14 9 93 9 72 63 59 84 56 38 98 12 48 48 60 32 36 1 59 
57 63 28 92 16 9 91 67 16 100 9 73 41 80 42 33 20 50 29 78 30 85 54 1 16 31 81 96 77 4 67 50 99 33 98 50 53 57 68 44 54 1 30 17 58 68 37 9 97 70 33 63 11 44 68 81 69 87 94 32 98 37 27 22 43 6 26 70 13 34 59 29 91 31 61 27 65 92 29 86 34 78 23 43 95 70 25 21 73 19 47 19 28 71 91 41 64 77 97 83 35 64 49 62 48 73 54 13 2 91 19 37 21 77 1 76 27 47 98 83 38 47 46 25 22 64 36 69 
61 12 74 20 1 97 55 25 33 28 29 78 81 16 30 59 70 28 38 79 56 71 68 17 80 49 83 57 71 11 49 92 91 65 39 43 28 73 95 16 84 88 10 94 40 95 44 52 96 33 83 13 97 54 81 59 98 77 82 70 25 59 89 63 21 26 7 72 17 72 10 79 10 74 41 28 92 76 24 52 83 14 12 9 43 4 17 82 36 93 78 3 52 80 47 80 91 90 32 12 9 42 96 68 33 63 37 46 86 30 11 34 90 69 74 4 62 27 46 98 100 77 33 18 28 56 64 51 
53 56 33 27 11 45 93 54 56 69 79 7 32 100 20 10 63 41 58 90 72 73 19 73 89 45 51 57 1 93 80 65 45 53 38 39 80 8 42 48 3 34 32 77 41 82 13 6 95 7 28 97 16 46 79 51 64 87 78 58 37 55 3 94 99 36 69 47 47 24 10 91 28 14 73 93 37 43 72 60 77 76 92 48 86 18 27 16 97 59 62 92 11 92 35 73 35 70 17 77 83 43 24 78 40 100 38 88 31 45 58 3 75 60 39 38 40 88 99 50 15 78 53 15 15 11 7 75 
76 80 87 13 10 50 100 24 51 15 22 9 53 43 50 69 1 43 89 72 94 85 100 40 48 26 62 3 46 35 55 25 18 50 71 83 70 12 58 53 80 9 72 33 19 98 68 83 35 79 10 2 63 71 99 44 18 4 28 69 82 82 88 20 62 69 35 15 29 33 49 91 18 41 75 96 50 77 50 15 1 7 60 94 37 56 77 84 19 40 41 86 62 99 2 9 34 44 91 13 10 88 37 47 33 55 59 19 25 93 72 70 98 75 80 97 63 15 36 29 46 42 85 47 89 91 74 78 
59 4 38 97 90 14 26 56 75 7 19 67 32 23 47 32 99 19 81 30 12 92 19 77 3 44 36 3 20 96 35 82 32 20 67 49 47 18 39 3 92 23 66 92 76 39 27 89 32 66 44 81 79 27 19 5 27 74 47 77 96 46 90 51 6 90 37 24 36 93 79 34 10 89 60 54 79 28 80 86 3 14 42 18 75 32 87 25 14 36 10 20 37 92 59 54 4 16 50 83 32 72 44 12 36 33 53 22 73 77 94 44 100 46 61 9 3 27 10 58 90 54 84 36 43 93 2 35 
53 91 5 88 85 3 96 12 38 91 33 61 69 61 75 1 10 70 65 75 77 35 78 10 70 24 58 5 17 34 86 4 60 74 72 80 98 34 97 27 66 63 3 20 68 17 12 41 81 95 12 3 70 100 76 78 88 68 94 3 99 38 68 18 99 21 23 36 20 71 81 60 78 28 15 17 32 29 88 9 98 16 65 85 49 80 28 55 21 62 69 82 30 15 53 81 20 19 73 75 39 37 58 76 99 30 71 100 47 79 70 54 56 2 59 82 55 34 80 34 67 79 2 36 41 16 70 23 
42 72 69 67 97 84 44 1 25 83 25 90 64 18 29 18 38 71 39 74 62 6 69 85 35 24 59 73 92 35 45 62 38 88 29 94 87 27 70 42 50 35 75 9 9 36 17 32 20 85 21 35 53 83 71 75 59 62 58 53 67 26 10 95 81 89 23 14 43 73 92 12 4 46 40 51 71 95 17 24 12 51 33 64 11 92 46 65 60 38 59 95 43 54 70 62 18 72 30 10 95 40 71 23 74 39 37 13 91 80 56 69 8 23 19 30 14 7 48 60 37 11 53 7 25 29 61 25 
12 42 7 92 4 14 74 21 30 92 73 95 10 54 22 15 32 43 23 41 26 9 45 11 77 26 47 77 40 33 32 33 58 21 33 59 63 27 13 100 70 27 11 33 64 98 81 75 77 83 45 50 94 2 62 28 40 25 27 32 85 45 58 32 52 100 70 75 47 18 16 59 25 33 21 96 67 7 98 23 32 64 64 3 43 4 38 64 26 100 28 69 20 82 3 79 46 69 37 60 23 66 41 8 85 65 37 47 72 61 44 73 70 94 91 1 26 4 46 62 99 24 71 5 19 14 13 33 
83 42 50 76 33 96 14 42 58 44 60 50 66 95 58 21 40 11 51 16 34 30 42 50 56 85 58 92 31 53 46 2 27 15 25 24 77 85 89 40 43 58 1 21 81 37 98 1 41 64 14 63 80 63 67 13 37 70 56 62 16 93 60 55 20 24 72 1 25 100 66 9 44 64 15 4 36 26 89 65 73 83 69 75 70 13 39 67 23 53 97 30 45 14 86 72 5 68 30 88 48 4 9 3 33 54 24 23 56 23 26 56 32 5 60 47 19 24 30 32 27 27 38 83 28 66 73 88 
61 19 87 7 46 72 75 48 46 4 91 35 2 43 46 77 85 63 39 12 78 28 79 93 54 100 25 50 76 53 90 7 36 43 72 31 32 3 24 100 98 98 84 83 84 11 51 82 67 17 37 53 90 13 4 59 70 97 62 27 97 83 72 83 31 1 79 82 90 38 78 55 51 7 20 60 83 7 92 41 42 29 44 80 17 83 99 81 92 41 40 45 34 63 91 51 52 71 72 70 99 79 49 41 6 20 84 77 54 46 94 83 17 69 76 38 92 89 99 51 69 70 13 63 83 30 70 17 
13 78 94 59 75 53 26 18 6 11 26 27 96 27 24 32 33 77 57 85 85 44 51 71 30 27 70 71 62 96 47 38 80 6 44 65 15 68 38 44 69 82 64 86 9 48 33 76 63 22 17 19 65 24 75 1 46 25 23 1 3 93 23 52 17 26 3 96 37 78 20 99 37 46 10 27 88 35 50 23 45 8 87 6 39 80 37 94 90 31 73 65 28 4 23 61 74 66 97 3 28 96 21 43 5 14 96 44 53 56 57 96 46 29 58 47 56 20 69 30 4 35 70 37 64 2 71 72 
6 7 34 3 35 48 81 17 94 1 50 10 65 77 94 76 57 77 42 93 75 38 80 41 31 63 7 95 80 78 5 7 31 81 69 17 41 14 97 39 96 81 42 69 74 10 60 40 22 50 49 98 56 49 45 91 20 45 83 8 38 30 31 55 87 16 33 86 74 33 86 68 23 70 44 52 75 9 92 66 71 93 83 57 16 75 25 16 13 3 70 24 12 90 48 1 56 36 75 27 11 1 50 75 22 57 17 14 100 74 53 9 53 40 1 87 90 7 41 86 15 64 42 98 28 100 10 21 
7 22 26 30 24 27 84 45 40 51 78 63 86 96 45 29 1 17 41 98 47 30 70 45 69 57 54 75 67 72 65 71 63 60 39 18 82 19 11 31 26 21 21 74 85 95 24 90 27 80 7 3 14 77 69 47 97 55 18 34 79 56 30 10 64 18 36 99 94 94 34 62 1 26 94 21 10 100 40 99 82 72 59 78 96 10 85 62 86 11 57 20 68 3 6 68 2 74 100 86 13 70 22 51 83 77 19 89 26 88 21 60 53 95 43 90 35 20 77 49 86 46 45 16 78 59 87 92 
78 77 55 52 8 96 57 19 51 33 89 36 87 11 93 76 85 56 46 89 90 97 43 77 63 84 35 34 8 3 30 29 6 35 69 58 10 18 19 76 24 57 21 87 21 53 88 15 76 48 56 48 68 48 24 81 27 16 62 94 51 79 46 82 12 92 84 52 77 57 18 15 80 73 31 23 32 50 29 63 100 61 96 81 3 54 87 51 9 5 58 10 27 13 68 56 21 13 19 39 96 21 48 15 64 59 75 59 10 40 17 76 98 2 41 23 20 76 63 5 72 88 48 85 49 24 86 1 
70 38 4 61 14 95 18 45 20 76 3 75 65 18 66 96 74 64 10 16 14 14 2 28 5 24 15 87 23 56 21 75 30 62 48 9 28 91 87 8 78 64 33 60 17 79 67 100 11 36 79 5 51 26 58 14 28 89 83 30 88 87 6 32 74 95 14 73 27 45 42 76 7 88 88 56 92 26 37 85 36 58 86 85 44 46 37 35 93 6 62 8 27 100 94 57 23 48 15 18 79 8 47 36 44 35 12 21 97 69 66 67 11 7 87 53 29 96 24 32 21 71 19 86 43 46 51 43 
59 3 2 33 45 8 39 60 58 4 78 95 5 62 99 37 43 75 37 57 85 27 51 26 7 6 23 52 83 51 18 27 3 75 42 9 18 48 76 21 96 82 43 37 25 5 73 23 26 51 46 77 93 25 53 76 70 96 85 45 8 84 96 100 62 96 40 28 20 89 49 32 82 75 83 85 50 82 23 61 53 82 82 100 61 24 56 29 48 74 98 85 66 11 30 47 56 96 93 17 13 70 19 89 83 12 32 40 79 40 12 34 69 38 8 87 43 67 74 89 27 71 46 39 65 14 18 24 
86 9 50 59 73 2 54 37 44 20 39 74 73 85 13 76 33 2 57 12 42 94 99 3 31 48 53 39 53 69 94 81 34 41 8 80 33 85 42 26 79 38 12 87 15 12 72 6 99 4 1 43 86 54 70 26 72 60 70 77 11 8 24 37 48 26 60 72 72 72 36 16 61 25 79 90 17 73 85 55 56 59 4 27 80 21 52 52 8 56 57 12 13 44 71 62 73 15 94 47 34 15 80 40 47 7 39 89 57 81 39 51 5 80 14 43 15 6 5 64 46 35 50 80 82 61 8 73 
24 91 43 12 48 44 13 32 36 64 57 54 85 91 74 54 89 48 43 8 2 62 95 38 66 84 63 23 99 27 79 87 43 15 4 73 75 77 94 58 75 46 71 67 32 91 11 52 90 62 2 55 54 37 36 57 51 44 84 38 32 23 27 33 88 84 53 47 43 54 10 85 17 98 86 44 42 6 69 77 40 93 55 97 94 31 82 30 69 36 78 31 32 85 76 20 1 9 26 83 83 59 60 20 19 56 15 66 53 84 68 22 98 36 44 38 74 30 27 47 42 7 87 2 96 64 100 77 
9 8 41 13 78 70 62 18 74 9 53 90 43 52 53 40 1 30 75 21 26 30 12 45 21 58 22 42 2 48 47 86 95 88 71 67 86 16 83 49 22 89 25 100 99 16 8 70 53 45 82 37 48 6 93 91 96 54 63 96 42 63 82 66 72 45 95 44 92 86 31 44 17 48 9 63 60 86 21 91 76 84 82 84 96 52 43 4 27 74 56 84 12 64 45 89 29 62 68 46 82 33 4 71 27 57 42 92 38 55 50 62 26 24 46 20 42 28 78 65 9 48 91 64 59 48 41 92 
11 77 96 42 70 69 75 14 77 97 70 91 77 74 41 17 37 98 13 70 97 19 31 53 74 49 73 11 68 27 31 36 94 77 87 53 65 62 98 46 92 74 8 31 32 20 79 2 6 14 6 30 44 2 4 60 30 78 19 63 35 24 36 60 78 89 4 5 50 13 8 71 93 65 67 82 80 25 17 74 86 34 95 30 79 18 80 77 9 93 2 95 35 94 98 83 83 51 67 40 92 56 72 13 1 27 48 85 65 37 58 89 84 25 4 74 72 29 81 7 29 82 10 82 23 13 19 93 
74 13 33 21 60 86 2 15 90 93 75 10 1 7 52 74 13 15 7 72 55 14 18 1 94 44 95 66 5 71 3 76 61 68 25 79 11 74 27 73 11 72 78 68 69 62 91 77 94 9 33 31 4 61 87 40 52 83 40 36 60 94 97 95 48 74 83 58 86 10 72 91 43 24 90 49 8 76 3 45 100 6 11 96 63 21 21 7 54 66 23 6 23 51 67 98 45 39 52 53 23 63 44 96 54 78 6 21 95 73 6 98 72 22 73 35 77 75 2 99 13 17 12 75 2 72 45 47 
36 3 44 20 85 61 14 93 28 76 94 69 14 45 25 67 91 20 49 6 100 95 52 2 100 76 26 91 57 81 52 14 96 89 64 80 100 73 44 75 90 56 16 37 62 35 8 72 82 98 81 61 46 49 26 42 23 8 5 7 48 91 64 19 54 96 89 98 53 56 4 87 63 35 22 30 45 58 32 39 58 15 6 58 13 63 80 18 78 33 24 54 53 29 89 9 59 88 2 50 6 75 68 79 69 88 83 13 55 35 64 43 22 93 16 51 22 69 43 18 7 69 20 94 3 57 38 22 
94 16 51 52 67 77 23 39 8 9 74 24 62 76 12 28 97 85 65 88 99 48 74 80 91 43 22 61 90 65 61 63 75 59 8 22 52 29 62 21 1 9 85 20 43 31 27 95 32 61 82 58 78 57 17 98 8 29 22 85 87 42 95 87 37 70 17 79 77 38 34 89 99 16 65 1 75 5 14 66 62 74 81 58 56 65 59 45 44 19 19 83 37 84 84 54 38 80 25 42 2 36 38 13 54 55 56 13 77 67 31 2 99 67 77 3 12 61 93 86 70 88 85 90 46 17 88 43 
56 69 81 34 23 82 59 21 51 72 53 95 56 59 35 83 25 15 96 6 42 34 18 94 1 76 74 51 3 87 80 26 63 1 52 54 6 69 87 8 94 44 4 36 59 55 97 60 7 5 72 70 100 96 42 51 73 23 14 30 10 14 99 24 62 30 87 12 44 31 38 53 81 86 62 7 75 69 93 70 18 39 14 53 43 83 35 51 76 28 6 64 97 19 40 23 32 49 54 26 6 69 82 51 42 15 35 69 43 76 91 4 35 92 60 93 95 33 69 61 84 1 86 27 63 95 41 48 
31 42 23 49 48 83 6 93 36 3 99 85 53 62 74 77 39 18 81 33 74 4 55 48 54 51 65 51 51 98 98 10 44 30 25 26 49 92 33 74 90 62 77 67 99 17 11 26 24 97 28 66 67 71 31 79 33 30 27 24 86 5 80 34 50 3 87 68 66 77 17 82 35 56 34 63 76 26 59 89 50 9 41 97 68 6 27 66 86 73 20 23 10 63 13 20 96 15 34 45 27 97 27 95 4 76 87 62 53 50 50 88 16 90 54 50 3 33 43 99 97 16 57 42 53 98 8 19 
68 48 92 94 65 17 77 44 39 45 68 28 86 70 33 84 76 11 70 42 29 18 27 54 20 46 68 86 92 36 44 60 34 50 26 94 21 40 35 39 88 35 66 51 24 85 10 58 65 96 82 95 2 26 12 32 8 62 57 21 88 92 96 39 70 6 85 51 100 92 85 65 9 48 15 72 65 74 44 82 89 68 7 3 41 20 13 27 7 2 2 20 35 66 45 56 53 95 82 35 24 70 27 18 62 9 39 66 69 6 10 54 91 97 87 74 6 43 95 24 89 85 14 30 70 65 17 20 
30 11 58 1 45 58 95 2 41 31 47 32 71 56 49 56 33 12 62 47 49 2 31 5 54 84 50 85 9 83 88 23 71 18 79 43 5 73 26 17 75 74 63 79 33 4 8 78 55 88 85 67 38 49 63 42 10 90 57 87 1 43 100 29 24 94 89 55 65 91 1 30 46 86 11 8 14 46 95 36 18 57 72 26 23 60 81 28 35 50 44 5 94 64 26 46 65 55 69 19 52 13 33 38 3 21 62 91 8 49 17 63 86 17 11 56 86 95 72 51 71 100 64 90 20 6 51 51 
36 77 54 67 47 8 50 74 49 65 10 90 59 90 84 68 65 98 3 37 27 89 84 64 27 43 19 58 22 87 83 25 97 40 89 44 23 91 23 50 40 76 38 83 36 24 97 75 5 7 85 75 66 59 39 27 97 100 61 87 71 79 62 1 1 36 52 92 62 32 30 17 55 65 29 28 81 59 1 36 57 22 5 64 82 100 80 11 74 61 72 46 98 77 97 97 15 62 61 26 71 47 67 19 4 45 5 2 96 75 64 29 41 8 95 17 28 82 63 81 75 83 63 18 59 22 11 75 
77 23 29 21 58 83 1 36 18 43 27 24 43 89 86 62 61 71 74 90 2 61 43 87 55 38 81 90 2 72 100 44 18 76 12 95 73 57 66 88 93 13 82 84 49 61 81 53 84 88 72 79 77 92 42 89 7 30 99 35 43 70 55 81 8 94 26 9 87 14 59 86 22 16 15 44 27 24 15 4 95 34 40 5 33 51 12 33 6 74 75 65 65 47 85 37 89 15 53 20 69 71 93 91 29 61 61 97 62 35 37 20 55 50 57 64 53 67 41 100 83 37 90 87 18 88 15 88 
63 87 35 54 63 27 85 80 49 20 51 100 99 58 57 78 71 51 36 65 74 36 12 61 48 87 67 54 60 7 91 28 93 94 8 6 80 42 78 48 37 44 16 73 87 99 66 6 89 12 18 37 61 84 55 3 96 76 25 29 78 47 9 14 49 33 5 1 93 30 60 62 23 77 100 64 23 7 48 3 23 17 79 88 15 85 87 20 34 41 47 77 20 47 32 82 84 56 66 99 38 14 9 67 52 49 98 56 8 61 65 31 47 92 62 10 74 5 14 29 18 69 60 32 45 34 21 39 
22 20 25 25 44 18 29 32 66 51 78 3 98 90 2 40 93 95 75 85 16 47 46 73 88 31 59 4 20 35 25 15 21 94 30 26 41 90 30 30 52 63 70 60 93 86 70 93 5 40 69 18 28 58 82 100 25 36 52 89 45 33 48 69 28 39 6 64 24 94 4 99 28 23 82 71 77 99 48 73 36 87 80 51 72 14 23 34 48 97 100 61 84 87 3 91 92 38 2 96 97 32 95 2 82 19 45 37 42 13 83 84 66 89 77 85 90 62 31 37 26 2 80 77 13 43 90 10 
46 85 44 21 5 61 96 11 22 10 69 63 35 82 21 63 49 59 86 57 34 37 100 70 83 34 2 6 84 8 44 92 86 53 97 80 49 16 71 78 51 92 40 84 6 39 15 1 89 38 23 88 1 35 31 2 49 56 47 40 61 28 38 7 85 40 66 37 27 2 56 22 72 31 13 98 64 27 95 47 34 60 15 36 80 95 85 46 11 52 29 2 95 67 42 50 1 49 75 2 12 23 40 18 67 89 71 66 96 54 74 1 29 92 4 64 66 89 27 37 82 2 31 60 78 91 64 13 
72 38 81 96 26 23 21 19 39 72 93 100 9 48 19 24 43 58 95 93 75 78 29 97 72 50 52 73 14 6 100 7 29 25 7 60 84 58 21 88 3 68 65 59 73 7 72 55 46 6 17 12 99 98 56 90 63 48 97 41 46 62 14 38 30 25 42 37 7 1 71 80 37 67 64 87 18 13 61 68 20 37 2 4 62 50 79 26 14 64 78 67 61 83 53 9 93 13 52 65 13 9 84 76 3 18 38 90 85 75 90 49 91 86 92 51 8 64 77 68 74 10 27 5 95 12 46 86 
68 54 42 53 77 28 22 61 30 24 57 33 87 40 33 94 4 79 90 2 69 80 64 46 94 38 92 78 81 31 95 24 93 14 91 82 99 68 10 18 87 47 64 86 11 44 34 83 34 23 17 1 93 52 13 42 83 3 89 83 25 29 20 43 48 76 82 17 67 60 36 13 18 87 47 26 95 21 69 99 50 19 83 68 98 100 15 92 6 68 26 61 69 99 46 86 6 57 35 56 4 15 30 38 53 6 48 35 24 62 33 26 5 50 35 81 81 91 19 58 42 15 90 82 67 57 20 97 
66 78 26 64 78 56 4 54 33 88 32 67 46 37 26 73 8 90 66 79 7 60 66 86 89 59 39 71 23 60 13 68 93 44 45 63 63 47 35 27 55 64 44 69 60 10 26 80 40 79 24 10 3 89 97 94 73 86 61 75 63 53 59 22 15 57 97 30 83 14 14 7 93 56 48 99 46 69 19 95 44 46 84 14 82 23 98 25 94 33 45 33 88 67 10 79 13 82 64 78 24 13 92 15 27 82 52 6 70 100 67 10 21 6 9 39 71 61 35 71 69 100 88 31 96 26 76 46 
51 31 67 56 35 69 28 48 75 96 100 2 54 81 62 73 10 73 92 74 85 41 44 51 67 46 54 23 62 20 94 80 98 94 64 70 37 7 59 4 51 18 11 83 89 5 41 89 52 58 59 27 39 72 38 56 46 89 49 47 79 59 9 56 100 17 53 8 54 94 100 35 88 59 99 97 92 42 92 87 86 82 22 30 75 17 62 72 89 69 72 92 33 52 40 50 45 28 98 12 42 22 11 19 77 100 78 45 16 12 34 99 49 30 80 3 85 99 60 62 40 17 4 3 19 18 5 39 
59 59 9 88 19 30 45 77 75 5 87 99 76 9 59 60 36 42 42 99 39 20 8 41 23 67 14 69 55 17 81 49 78 18 42 86 88 23 58 23 43 19 28 79 66 72 26 87 34 18 48 24 75 10 62 64 70 45 71 39 60 21 15 23 11 94 63 92 70 23 50 81 55 50 53 44 22 4 20 85 32 97 79 24 90 13 84 92 89 21 67 67 45 97 95 54 38 74 38 79 73 55 12 43 71 52 86 70 46 71 25 40 13 52 91 17 39 54 48 51 83 54 77 54 58 56 76 31 
48 64 52 93 80 44 91 2 8 96 44 72 21 100 30 76 68 62 35 34 70 39 22 94 54 46 5 1 85 75 13 81 98 14 29 69 78 17 96 6 94 75 57 4 9 87 14 9 85 54 17 17 53 97 40 41 97 10 20 71 32 8 10 4 81 5 32 70 30 12 80 21 30 48 95 48 64 39 95 76 16 88 82 60 54 15 9 10 4 74 33 71 74 68 69 58 10 72 25 75 61 9 56 7 41 2 25 29 60 19 81 17 7 77 99 82 99 6 94 96 85 52 75 19 68 56 64 84 
4 89 88 39 11 36 83 68 9 65 93 47 74 78 65 22 93 39 24 36 71 54 40 78 82 58 60 10 51 96 88 61 65 31 31 92 50 14 64 11 9 92 25 100 10 18 80 25 86 44 2 63 94 44 83 87 17 24 20 59 80 37 73 14 26 5 91 86 37 76 62 37 79 89 80 17 62 61 95 64 56 68 100 52 52 6 96 75 39 81 96 11 15 44 30 34 76 50 76 73 27 1 1 42 45 93 21 17 45 17 95 96 31 13 76 51 87 45 74 98 85 91 36 75 23 85 78 20 
24 99 97 90 77 74 42 14 51 52 93 11 14 14 54 53 56 20 69 4 24 3 50 1 55 16 22 44 55 35 4 12 33 24 80 53 45 15 52 26 11 67 35 96 97 95 82 32 55 60 92 1 6 72 39 59 15 58 55 16 27 68 8 37 77 27 77 49 40 24 19 13 4 24 34 52 13 67 48 30 85 42 88 52 34 45 19 4 56 56 23 56 57 40 64 34 55 34 23 26 55 55 69 6 52 60 73 16 51 3 58 96 21 91 21 31 88 54 89 66 72 31 48 75 38 96 17 27 
42 45 82 6 15 9 45 17 7 4 49 100 17 74 76 64 15 84 57 13 43 43 19 81 72 9 29 6 78 49 49 48 51 48 20 91 60 33 92 68 51 28 80 6 36 64 39 62 73 82 93 39 4 66 72 1 55 42 88 55 40 37 91 11 26 74 80 47 65 23 99 51 89 100 26 57 77 67 13 14 35 91 57 7 87 39 25 41 75 43 43 45 64 43 49 2 65 51 41 15 65 83 16 4 75 17 45 45 1 58 6 76 23 93 53 94 62 98 60 69 85 24 31 5 88 5 17 18 
76 82 41 50 91 85 26 45 42 62 35 38 74 95 91 100 79 23 32 48 97 89 27 28 40 40 56 1 65 22 47 29 69 8 7 65 26 16 64 6 31 72 57 9 91 76 84 61 52 46 2 59 13 63 39 91 14 87 77 9 96 59 84 78 81 41 87 44 28 18 84 62 44 15 69 17 11 15 49 9 27 7 88 78 16 41 55 82 97 64 71 11 47 25 43 14 35 13 73 26 20 35 71 36 61 86 96 58 40 93 99 43 95 81 38 62 97 31 55 82 66 74 60 38 12 90 77 54 
86 1 5 56 39 58 40 33 6 22 3 82 38 11 89 86 20 28 68 72 2 83 19 83 53 55 10 78 52 18 75 67 31 90 25 14 78 5 69 9 41 79 14 11 61 32 79 37 15 18 32 10 32 72 87 44 82 37 32 46 86 91 76 95 32 41 88 91 29 37 71 67 69 88 22 34 53 40 26 99 43 20 73 43 81 1 98 61 86 99 50 82 94 66 97 59 54 55 45 6 33 67 25 42 28 4 32 19 89 36 78 82 34 77 28 6 20 86 55 48 54 100 10 63 78 50 39 49 
34 5 65 68 7 25 68 29 52 49 100 40 26 2 94 15 100 76 96 41 33 44 32 38 97 58 47 49 61 47 95 10 13 74 74 90 44 14 52 62 15 37 18 44 93 45 71 85 73 98 54 37 80 29 32 39 13 58 43 9 91 83 73 11 96 48 55 40 63 83 45 90 9 50 2 54 75 72 98 79 88 43 27 34 100 88 49 20 66 55 36 82 13 67 41 79 11 33 62 8 92 1 86 24 100 82 84 14 75 1 34 5 82 93 41 80 21 45 65 45 88 40 16 51 84 15 74 7 
51 10 83 19 40 33 6 88 51 75 99 6 16 6 56 87 80 83 47 46 54 20 1 43 89 51 78 29 25 93 99 35 56 5 10 96 67 77 81 80 30 3 83 4 48 58 87 54 52 57 63 43 93 58 76 86 73 74 1 81 55 24 42 15 100 23 25 90 64 39 28 83 57 41 3 54 40 20 68 63 95 64 70 7 99 65 62 52 45 3 41 98 40 94 12 59 83 92 79 35 36 51 20 83 87 7 53 59 32 51 77 69 51 22 29 79 11 77 94 96 80 60 9 35 95 97 60 50 
7 61 11 89 25 74 17 12 55 1 90 40 14 82 31 58 75 82 18 63 42 44 20 30 48 63 24 2 24 51 98 69 77 84 9 75 82 21 85 13 31 29 22 39 31 41 22 37 26 90 53 54 90 15 3 50 26 19 10 75 1 6 29 74 96 85 88 40 60 68 36 21 76 11 94 16 91 53 20 25 76 18 18 25 85 12 98 62 13 19 12 36 63 18 9 48 74 99 92 42 59 50 42 32 41 27 61 12 60 77 76 75 66 13 78 47 48 63 85 68 68 87 57 37 78 8 34 34 
90 26 90 37 21 4 14 76 57 73 82 58 28 38 3 65 49 14 45 68 94 62 47 6 56 83 43 6 48 71 89 85 100 73 1 14 77 70 87 44 63 57 81 69 35 57 25 2 62 51 52 96 93 84 97 60 26 98 71 50 98 78 84 31 21 57 11 18 100 4 43 64 64 65 98 16 33 80 67 96 84 63 30 3 66 46 84 88 55 40 60 5 94 48 10 36 68 10 30 84 66 47 50 3 9 84 21 1 43 43 26 2 56 44 52 48 93 3 78 83 45 3 65 55 11 92 71 53 
77 90 18 81 3 22 77 4 54 83 56 47 40 81 1 27 77 36 63 2 77 93 48 65 51 23 9 49 31 66 24 66 14 90 47 45 71 31 41 37 92 96 40 59 34 70 65 62 25 77 75 9 73 66 8 46 89 22 42 87 92 73 33 24 1 61 68 31 99 22 17 49 99 64 7 46 13 63 65 55 64 17 37 15 65 49 79 94 70 41 46 11 38 4 11 33 12 74 88 99 54 33 20 2 13 22 29 70 53 82 70 69 31 27 84 48 44 22 81 53 92 16 54 51 50 17 84 62 
29 79 46 27 32 68 4 12 34 19 51 30 95 41 59 80 41 39 33 12 96 27 47 40 25 37 41 67 5 90 96 50 50 66 80 20 2 21 4 76 30 25 39 31 61 82 77 70 73 47 34 57 70 81 96 10 86 80 88 58 12 57 42 35 54 2 29 5 76 18 1 98 95 37 64 64 26 68 26 48 25 61 62 80 69 31 38 5 99 73 18 16 32 66 58 75 51 73 72 34 34 83 68 18 21 17 14 94 33 62 78 81 60 10 27 94 19 51 51 16 21 1 39 13 47 18 81 34 
19 51 95 75 50 1 92 63 36 31 53 86 16 57 66 48 71 36 14 2 27 86 45 60 85 18 13 55 81 5 23 28 98 22 61 35 29 37 70 69 43 45 32 91 14 65 79 2 28 62 54 94 8 18 22 22 53 89 40 64 61 80 15 42 60 7 70 33 41 11 61 60 62 18 63 28 58 53 3 89 28 28 53 93 78 47 4 20 84 61 57 33 55 99 34 55 46 43 38 66 81 19 64 95 8 44 43 51 9 55 75 25 95 21 74 6 40 14 81 12 19 64 27 68 45 59 9 48 
13 27 70 81 53 32 59 51 86 32 39 9 19 2 7 40 63 75 24 51 23 50 100 28 56 22 75 76 78 57 22 10 39 3 3 88 36 75 28 61 65 85 72 21 39 32 57 1 51 46 33 33 65 81 43 49 77 16 15 29 75 56 50 50 50 46 99 80 40 85 13 10 91 24 78 29 9 71 9 46 49 57 25 68 21 1 92 33 83 22 64 60 5 4 89 43 24 43 21 25 15 95 47 13 94 80 5 74 91 49 23 12 46 8 87 32 7 79 77 21 3 57 39 64 68 41 97 50 
16 26 31 45 38 68 1 52 62 57 40 12 47 11 45 8 18 42 51 60 89 86 75 52 87 64 46 85 11 18 72 72 89 1 43 45 58 87 16 5 60 96 45 38 16 80 80 54 40 42 13 54 9 89 69 99 26 86 50 77 78 43 63 64 39 56 32 5 62 88 79 92 63 34 52 82 71 74 19 50 44 84 96 37 9 99 80 32 88 64 47 76 60 19 89 40 41 66 80 13 96 29 89 11 28 36 45 73 37 77 11 85 9 37 59 74 7 87 46 84 67 87 17 5 42 11 100 92 
59 51 88 42 88 91 36 18 63 73 23 2 63 48 42 60 50 43 73 45 26 6 7 75 17 48 84 86 76 63 49 34 27 100 97 10 53 99 87 93 46 48 51 73 54 52 61 43 71 20 92 91 64 17 63 10 65 97 85 80 37 16 63 96 35 5 39 13 34 93 88 31 68 92 42 69 16 48 55 54 62 95 33 52 67 12 94 28 78 9 91 62 14 43 30 98 62 74 94 66 2 26 25 45 69 41 80 18 66 51 45 87 42 59 74 94 79 65 54 94 34 73 88 68 29 33 30 8 
27 25 98 35 82 66 40 18 97 78 1 9 97 75 100 33 4 15 17 98 27 5 64 16 59 55 72 33 44 15 79 38 57 86 90 46 84 54 55 97 73 23 30 15 58 23 84 82 41 44 72 39 36 5 48 65 19 80 87 54 15 64 96 96 56 54 53 89 50 15 94 43 3 50 93 38 35 8 53 41 93 25 3 15 87 32 81 100 52 91 23 12 71 95 76 29 61 45 79 24 58 36 11 77 79 94 58 13 53 74 38 42 70 9 17 7 57 76 85 50 17 94 80 5 51 91 90 8 
34 9 6 25 82 75 10 28 5 79 23 22 4 82 66 61 40 80 97 11 18 35 1 51 79 66 99 4 65 46 54 37 12 76 80 62 17 14 4 65 75 41 58 25 16 98 25 57 21 81 37 30 90 3 24 80 53 29 83 35 71 31 79 82 30 67 54 56 5 82 66 13 49 59 69 54 50 26 7 92 55 82 58 77 42 3 23 20 25 20 72 84 12 92 21 62 39 58 78 83 54 57 60 15 19 14 10 18 54 20 28 19 49 58 71 33 94 15 20 54 51 25 82 75 40 60 5 10 
29 3 8 10 65 69 53 39 8 39 79 14 72 52 33 78 4 95 58 74 35 10 38 31 82 87 99 32 9 97 60 18 53 2 58 18 50 29 62 40 55 75 41 23 80 44 69 16 35 39 92 87 82 95 8 87 9 34 97 81 35 14 16 97 3 38 60 46 62 2 53 8 89 69 19 40 69 33 73 92 55 54 42 84 57 85 92 88 66 22 65 42 45 72 65 80 13 83 8 35 29 69 79 7 89 56 97 50 39 52 51 8 98 2 40 75 59 65 19 88 68 64 68 91 17 9 32 50 
81 45 31 92 51 11 52 84 37 86 15 73 55 16 53 22 71 17 75 27 45 16 43 61 58 47 19 54 34 1 69 71 92 81 5 95 4 91 75 54 20 85 81 24 7 6 83 14 61 71 73 45 95 63 15 74 57 20 77 90 79 41 44 86 19 5 39 76 38 86 100 87 62 22 67 15 50 8 5 2 85 94 41 50 10 86 5 55 84 53 30 8 15 55 32 89 100 75 2 43 37 24 8 95 16 10 13 34 22 17 45 7 93 36 55 89 65 85 38 68 71 53 99 98 72 30 11 66 
77 5 29 23 7 73 5 48 85 47 84 18 36 25 43 61 45 13 25 56 41 7 20 61 23 93 25 6 5 62 100 8 20 43 33 42 56 28 91 59 38 96 17 63 3 2 25 21 48 99 97 67 33 9 57 5 19 37 50 67 12 20 20 99 85 15 4 36 68 16 70 37 97 6 91 60 26 99 60 38 72 42 84 52 83 67 77 68 57 73 21 60 47 16 34 56 26 11 87 81 55 72 58 100 46 50 15 82 20 25 43 59 35 57 97 36 3 38 72 1 46 80 13 72 35 62 80 84 
34 88 64 61 47 27 89 15 97 89 90 70 68 61 100 14 94 42 26 25 18 61 43 96 80 39 51 3 14 28 15 7 10 15 81 75 31 79 21 81 76 44 36 55 10 96 28 47 62 45 67 80 47 41 45 94 25 2 49 76 49 59 56 100 96 25 34 63 29 63 13 85 55 95 92 17 4 84 46 60 85 46 66 30 20 37 20 83 21 63 72 36 92 1 27 5 93 29 21 69 21 63 71 93 19 63 57 8 46 33 69 31 70 18 60 13 66 83 91 3 68 77 75 26 36 71 90 42 
93 29 78 2 10 86 37 26 47 48 61 9 87 32 12 86 13 50 17 70 19 49 93 32 63 82 33 99 40 61 54 72 78 5 21 61 88 42 99 69 95 55 63 91 77 15 16 5 74 17 74 27 33 6 49 9 52 61 37 95 41 23 40 19 76 35 35 31 39 77 47 7 78 74 95 95 71 17 27 63 23 16 72 97 7 93 30 95 24 32 89 48 34 30 44 14 99 72 72 13 83 69 54 12 75 44 81 29 50 48 29 17 84 86 65 76 96 68 53 87 48 92 41 98 83 24 9 91 
49 27 95 21 14 64 83 64 53 63 81 90 52 45 44 98 93 77 11 92 19 30 64 80 20 34 86 77 21 59 31 89 9 91 62 79 59 40 9 66 36 11 16 1 59 36 32 62 40 83 80 48 23 55 74 10 2 43 35 50 29 57 52 90 9 16 33 43 94 90 9 4 73 37 90 59 73 32 78 67 91 75 42 56 86 98 46 45 38 43 1 87 93 8 84 55 81 60 75 57 57 77 24 83 72 15 77 20 12 78 17 61 16 72 68 86 23 81 45 45 67 25 30 78 55 26 51 7 
98 11 73 49 12 16 59 69 7 97 29 58 98 65 1 18 41 14 16 7 38 25 11 74 63 30 92 63 5 15 41 90 40 33 85 17 50 92 69 66 72 50 67 40 25 99 62 94 58 70 50 63 21 34 16 16 83 72 85 27 18 56 3 5 80 35 15 70 30 16 19 39 75 57 5 13 44 50 42 68 57 87 78 84 32 9 38 58 89 81 87 70 1 98 21 57 83 73 63 77 99 73 72 25 33 90 98 81 37 13 47 7 8 14 32 86 67 41 76 69 62 75 20 50 14 49 91 3 
55 47 57 81 77 23 91 65 10 21 33 44 75 30 75 65 47 35 7 14 46 84 42 58 64 94 66 14 37 72 26 51 65 73 31 43 94 74 79 96 84 83 37 75 44 28 76 17 52 24 85 51 56 91 52 1 53 32 24 26 52 35 2 26 88 4 12 1 97 43 9 43 2 15 87 54 41 30 44 45 57 97 15 17 43 47 11 4 49 73 82 80 44 33 64 53 32 3 4 36 27 43 32 17 100 80 13 86 8 100 1 20 24 57 10 95 97 38 14 71 85 75 38 22 43 37 42 21 
2 17 20 51 27 45 25 22 84 78 24 31 9 21 58 41 22 83 64 74 73 17 97 86 57 27 13 55 56 31 52 97 10 75 16 12 20 91 83 84 73 10 58 92 100 19 47 47 65 49 14 80 13 61 17 51 37 61 97 45 21 80 38 83 31 1 9 49 39 87 32 52 88 48 28 90 56 16 4 98 9 42 4 73 52 20 16 75 87 29 68 20 11 50 76 89 26 7 100 68 3 71 34 16 50 70 41 82 76 8 87 24 88 74 66 17 51 90 92 41 54 91 95 94 10 27 32 63 
74 2 70 67 97 32 10 70 35 28 71 13 46 71 92 83 22 20 50 22 36 34 56 76 69 91 83 49 78 67 42 33 84 80 48 37 14 23 26 85 26 53 54 31 22 6 26 67 52 28 29 83 74 39 1 30 61 38 62 17 9 34 94 70 12 54 98 25 54 40 97 80 14 5 40 80 27 29 89 23 90 27 24 60 22 87 10 36 17 72 87 42 19 46 84 86 14 3 27 5 25 49 83 66 49 1 99 29 69 93 85 92 3 53 34 83 99 33 35 22 30 30 41 46 64 73 80 4 
13 89 59 73 90 24 99 53 73 40 11 90 58 35 66 83 2 73 87 8 62 78 7 76 30 2 61 34 21 43 79 3 9 72 99 31 59 43 24 36 58 88 8 44 57 47 43 35 44 89 95 38 40 78 13 57 16 47 35 91 95 11 17 7 30 57 83 53 4 4 27 41 63 88 61 96 55 58 96 42 61 67 44 27 33 100 36 91 37 85 59 72 37 33 74 10 100 30 48 69 60 48 51 73 23 85 84 54 17 1 51 70 97 84 78 82 93 14 61 6 74 34 1 36 6 96 70 87 
50 37 87 55 61 39 21 64 97 35 90 46 91 80 26 28 38 11 9 78 52 72 58 63 2 92 23 67 34 19 34 63 98 67 73 98 28 96 40 86 48 53 33 78 34 4 46 70 30 82 72 38 92 58 55 6 6 22 71 90 28 46 1 48 98 15 37 33 39 31 85 49 89 65 93 11 56 83 89 25 36 70 30 90 16 23 32 90 81 38 66 70 99 81 74 27 61 10 6 98 77 100 86 25 19 88 86 57 31 64 96 71 52 47 95 17 19 91 99 45 23 80 73 53 95 11 45 99 
55 86 46 74 44 45 72 96 67 96 25 6 78 14 49 35 98 64 30 88 70 31 58 96 15 17 85 97 7 51 25 69 74 43 29 80 93 97 77 89 74 73 21 99 30 23 69 25 9 17 17 55 39 61 98 57 31 51 10 24 77 88 54 62 39 5 53 44 16 43 33 68 98 42 35 78 28 79 13 41 77 11 47 30 17 34 26 30 43 44 88 55 62 28 17 67 84 96 55 5 16 62 50 10 50 12 54 10 75 37 97 58 97 72 13 39 56 73 38 81 83 38 65 87 45 2 68 61 
77 16 27 53 62 42 83 24 11 65 97 15 58 92 41 22 20 25 67 77 88 64 95 76 100 34 13 84 32 76 50 35 92 53 1 14 55 20 20 100 17 26 9 31 18 55 56 71 60 36 68 39 57 46 63 5 15 7 14 71 11 30 58 92 55 40 74 25 69 33 68 8 38 18 12 72 90 12 82 97 7 48 54 62 19 16 34 15 58 24 29 22 85 22 86 81 38 66 23 8 18 67 64 4 7 31 68 28 83 45 9 77 26 55 56 95 60 48 50 21 45 94 32 10 48 79 46 34 
10 37 30 78 79 27 27 57 61 48 25 54 95 28 87 27 54 8 9 95 32 6 100 76 87 85 54 65 19 6 23 77 76 81 77 85 48 81 78 21 98 37 6 87 97 15 67 15 59 32 84 60 16 28 65 98 86 6 23 31 61 51 62 23 72 13 91 5 38 35 5 28 56 96 77 48 8 13 93 20 26 97 56 46 59 27 18 34 25 91 18 5 36 76 37 92 61 81 83 98 71 3 1 98 21 88 82 10 67 96 17 73 2 93 22 83 38 49 54 92 47 1 68 47 12 18 15 89 
28 58 50 84 8 49 80 55 84 76 74 38 55 19 80 36 81 76 52 98 19 47 27 44 88 39 35 24 40 12 89 38 16 85 14 91 72 75 1 2 75 78 72 95 4 42 45 40 19 20 65 91 75 8 94 92 14 88 74 4 68 83 36 89 2 61 72 97 70 16 90 7 10 98 69 46 13 53 45 64 59 68 41 83 6 67 61 54 9 49 56 87 52 26 6 4 72 11 69 46 93 62 46 7 55 77 49 60 88 49 38 44 61 86 54 34 46 45 4 24 71 86 98 1 15 13 3 83 
88 80 38 62 75 34 31 28 22 35 2 97 98 34 20 20 53 70 25 98 83 19 15 34 86 8 90 4 14 73 42 31 100 54 71 55 94 49 15 29 64 64 46 78 27 97 60 10 92 59 13 70 51 77 100 85 62 86 53 41 79 79 30 64 27 93 41 62 43 84 4 20 84 52 46 52 5 9 18 66 85 64 42 52 41 51 39 33 63 38 30 59 7 38 19 76 34 14 6 33 96 75 77 96 39 75 88 61 35 86 65 67 40 14 43 61 66 4 14 14 99 24 98 25 74 9 23 15 
28 73 37 79 41 79 73 76 95 15 17 19 92 32 44 84 93 88 84 14 88 16 47 6 51 1 8 83 17 6 29 88 64 66 62 47 59 30 30 28 48 63 8 63 58 52 69 1 12 53 95 31 8 78 73 90 68 17 51 66 25 93 85 78 3 53 79 86 4 39 79 51 4 61 41 27 4 21 85 31 37 7 13 100 37 51 9 4 43 92 40 97 1 24 58 19 13 69 45 35 63 5 51 62 38 20 20 8 79 60 5 44 86 89 50 6 44 58 66 68 73 20 58 63 53 96 95 67 
99 48 20 10 95 11 39 66 16 8 35 19 67 80 76 91 55 76 37 55 7 76 19 55 32 30 62 54 36 2 63 52 18 69 61 92 69 57 100 100 47 46 64 77 43 55 76 100 33 83 76 42 83 84 47 55 21 39 33 27 77 27 56 42 86 37 30 5 79 31 11 63 96 97 32 54 2 76 15 5 85 38 64 89 81 94 80 84 65 56 39 9 40 80 72 30 41 80 78 70 68 31 50 17 14 44 57 100 20 12 71 6 28 86 97 36 48 29 7 70 23 3 46 45 33 8 32 55 
28 11 16 67 5 39 46 3 20 29 25 3 66 78 20 34 6 85 95 6 10 64 83 11 57 51 21 53 33 74 65 10 68 76 45 24 34 51 9 93 56 24 46 42 34 27 76 24 45 20 3 59 86 15 40 12 8 85 35 23 79 13 78 93 70 28 72 65 50 28 66 52 45 78 94 2 26 49 9 25 71 78 56 57 33 30 20 36 62 70 59 92 45 83 3 63 40 30 86 90 74 46 45 16 97 75 95 88 68 98 32 30 75 74 58 76 97 37 38 30 70 34 61 14 30 19 76 28 
66 3 58 77 47 74 36 42 8 52 60 81 54 94 74 35 93 26 20 72 42 45 31 23 5 16 82 29 70 56 72 80 20 93 69 94 79 71 53 59 3 87 25 60 16 71 63 39 67 15 48 21 96 48 71 58 25 15 38 38 2 92 72 59 9 41 54 2 35 53 61 23 10 6 40 37 66 86 59 18 46 1 18 14 83 52 55 33 66 61 1 29 1 84 11 46 86 67 30 12 2 98 11 57 45 10 86 72 89 14 83 57 23 28 52 37 66 84 80 99 95 29 22 90 92 73 57 20 
86 82 49 100 61 87 92 100 71 37 32 60 90 88 98 32 65 45 33 27 38 46 12 100 81 88 78 62 26 99 23 18 59 64 59 89 40 64 89 80 96 83 73 23 34 41 31 97 41 32 62 38 23 3 28 86 8 40 7 19 73 40 76 46 67 60 58 33 12 64 34 48 82 9 5 4 15 23 97 14 77 46 100 57 27 45 84 79 79 78 76 85 49 94 61 82 100 45 31 7 29 47 75 6 85 99 38 50 55 9 14 26 44 99 41 3 5 98 8 98 77 79 90 42 36 24 2 37 
14 42 8 81 77 4 94 14 99 47 15 88 84 62 67 57 27 40 61 70 52 43 41 43 68 92 74 12 36 93 91 92 59 81 13 77 42 47 42 85 51 96 30 73 23 62 76 49 88 3 90 42 94 93 9 22 98 93 57 27 54 100 48 39 2 57 4 34 87 24 4 24 19 65 12 21 28 82 44 9 68 42 11 15 85 40 7 29 40 43 85 64 22 15 93 28 65 1 97 82 44 6 32 69 22 46 36 39 44 56 68 67 22 20 74 46 9 13 56 33 69 58 26 20 52 74 83 33 
58 11 66 13 12 26 45 86 90 12 66 11 60 40 2 76 55 37 1 27 36 3 53 39 5 9 32 77 50 86 72 51 38 8 49 64 64 70 75 54 49 53 11 88 15 88 15 27 97 99 66 74 41 11 57 72 10 76 61 4 68 10 15 63 16 27 60 80 88 60 83 99 41 38 13 11 51 81 87 47 17 60 29 92 53 41 53 16 12 76 30 39 31 76 19 71 22 95 10 54 75 64 85 14 9 95 34 86 53 97 27 81 45 83 22 14 40 81 51 33 100 17 34 2 57 23 100 87 
6 10 54 61 82 22 51 60 81 11 95 5 66 2 2 17 80 77 42 71 10 20 33 97 16 97 76 52 75 65 23 96 24 6 97 39 79 91 18 25 84 73 76 33 67 25 43 7 96 89 54 44 53 8 82 44 57 26 73 95 60 89 42 76 53 46 32 49 1 50 10 44 77 21 62 45 32 7 79 2 51 48 98 4 17 48 70 22 31 90 32 23 57 1 76 11 3 41 49 74 17 50 23 38 12 72 94 57 100 11 15 78 71 34 40 12 64 55 88 83 22 69 42 1 85 64 55 93 
90 78 44 43 62 29 6 6 45 100 91 9 41 19 61 35 80 60 68 32 57 63 11 84 30 77 82 11 26 65 17 11 39 14 98 95 55 30 56 98 31 31 18 69 49 38 19 51 64 3 10 61 18 36 100 28 23 87 69 53 91 16 34 48 92 60 46 36 12 39 94 64 15 2 76 76 89 16 20 38 87 14 87 38 55 7 18 51 71 96 78 94 67 93 91 69 90 84 67 38 34 69 37 20 1 85 42 70 38 25 11 82 86 15 51 97 96 77 34 77 3 7 55 87 70 83 100 93 
15 59 100 80 69 75 66 39 35 49 5 20 3 90 88 100 96 39 81 66 53 78 57 58 45 86 99 18 34 100 55 78 45 78 3 86 14 85 89 55 39 9 58 64 3 30 82 84 1 8 47 58 83 81 94 43 24 89 15 66 100 4 67 38 24 28 11 48 8 29 1 73 50 92 62 50 51 25 72 64 57 79 18 98 92 26 58 5 32 5 12 70 92 96 53 26 34 21 86 78 69 24 5 30 2 46 78 93 54 46 86 99 35 94 90 45 47 89 75 27 85 44 51 67 95 81 66 59 
63 14 57 84 21 7 93 12 16 71 44 85 29 66 19 61 53 50 83 28 50 28 7 4 77 84 99 27 58 92 54 87 90 29 17 76 72 10 53 89 72 22 95 55 85 96 1 83 65 3 51 74 15 49 38 87 34 39 65 73 59 31 50 65 58 67 91 69 6 25 77 16 45 55 59 6 84 63 51 35 51 29 63 62 14 11 51 26 13 73 44 86 51 65 66 61 6 9 5 75 4 26 69 10 22 89 5 16 60 39 40 91 49 22 10 23 69 11 52 58 62 22 92 72 4 69 82 60 
29 7 98 13 59 14 15 57 7 25 5 18 60 100 28 53 27 65 64 47 23 45 56 41 67 45 2 38 51 67 62 92 84 27 31 58 71 94 31 11 40 41 100 5 27 13 4 22 53 71 27 33 27 79 1 28 38 51 12 92 25 8 30 41 89 31 69 81 81 97 43 16 99 84 100 13 84 71 70 45 11 7 3 5 89 40 76 2 30 81 2 40 71 25 45 42 25 81 6 83 28 32 51 15 51 67 61 36 68 77 63 94 55 57 34 80 74 72 83 72 4 25 65 23 52 83 57 31 
54 55 6 80 88 22 54 61 28 96 57 71 12 29 52 35 12 66 9 44 19 85 57 63 32 40 71 78 10 3 41 14 64 6 8 77 63 42 49 41 71 85 37 34 1 74 1 94 17 17 41 89 44 79 16 20 66 17 31 4 5 13 17 39 69 26 87 9 65 68 96 23 65 71 14 90 47 32 83 78 13 22 98 84 78 86 85 14 88 51 64 48 5 46 15 76 72 74 24 94 97 73 87 44 95 73 29 80 26 100 72 55 20 91 73 52 64 11 46 8 34 34 67 52 95 14 100 42 
49 91 5 93 28 76 34 62 43 51 10 98 9 29 10 29 19 26 84 51 63 97 79 66 57 24 61 67 52 50 48 38 77 52 74 95 79 46 47 49 2 28 65 73 48 11 76 66 32 10 51 7 79 75 54 75 92 82 26 53 12 24 25 83 2 7 14 40 3 37 43 23 14 26 25 94 73 88 52 23 52 30 59 26 33 16 46 8 82 64 19 3 38 100 91 8 80 18 42 56 73 63 36 88 71 53 94 31 48 99 29 29 71 3 72 10 76 89 5 2 27 8 40 11 32 12 87 12 
99 87 39 39 22 29 75 36 95 49 53 14 31 28 43 50 62 99 21 4 7 77 51 4 86 41 46 20 19 61 71 75 24 82 56 24 49 7 36 30 24 22 64 1 48 92 62 30 23 29 91 9 20 91 50 84 62 53 87 35 58 13 51 100 77 72 18 70 34 86 66 99 26 37 31 43 74 57 23 36 43 59 28 99 25 26 45 95 80 2 40 27 58 15 53 17 93 36 19 46 26 8 1 77 100 63 75 27 55 68 63 96 17 67 69 67 30 95 56 50 66 65 23 91 33 1 99 65 
11 58 97 73 65 22 12 93 40 49 15 94 84 96 49 39 21 52 47 33 81 79 100 56 84 50 78 68 11 55 81 57 19 12 45 74 12 6 62 93 79 41 67 12 26 82 66 11 77 36 53 25 15 71 28 18 59 70 27 7 16 53 92 38 81 1 61 53 53 44 88 6 77 7 93 48 75 29 37 76 43 23 99 26 99 13 18 3 16 35 59 22 51 96 49 93 44 79 56 47 59 17 68 84 52 100 40 7 44 72 72 16 14 26 60 76 30 92 58 98 32 62 100 53 85 33 56 40 
99 36 85 84 59 84 2 100 69 52 68 74 89 39 82 18 27 25 54 85 99 9 61 80 50 84 8 18 31 94 61 76 74 25 85 23 3 11 11 87 1 80 39 69 89 10 88 61 92 64 6 28 99 21 68 46 75 5 7 56 100 36 92 14 21 35 43 81 33 14 46 63 15 88 60 16 55 75 10 70 18 31 16 12 71 84 54 77 29 45 78 11 41 29 32 100 73 99 18 76 46 67 62 92 34 4 14 58 37 93 3 82 48 39 58 44 2 19 46 86 60 100 76 99 59 28 17 26 
25 38 79 29 24 37 21 4 99 30 72 21 89 91 49 37 51 33 83 68 48 12 6 60 58 18 10 78 18 23 43 70 29 95 18 28 38 23 48 84 50 25 76 9 14 37 74 83 92 88 7 92 23 48 73 79 3 19 95 57 73 95 3 69 97 20 43 17 45 6 64 76 70 80 26 17 48 85 33 77 11 14 85 3 63 18 62 30 14 28 14 36 62 19 13 94 89 34 29 24 80 34 88 65 11 2 97 93 11 31 1 90 53 57 12 91 81 33 49 71 46 93 38 93 42 86 13 45 
71 28 51 18 51 53 75 61 37 61 33 82 98 67 20 69 76 1 79 34 39 53 72 58 52 56 71 41 36 25 66 88 5 82 23 13 2 22 9 77 63 54 27 88 31 41 87 84 89 21 45 2 65 48 85 67 81 83 89 13 81 61 57 34 55 83 35 13 44 47 89 26 31 15 89 13 40 27 13 16 74 75 70 84 57 9 29 62 67 96 4 11 26 67 93 53 54 100 56 21 23 60 97 16 99 75 97 20 66 47 91 100 40 85 10 100 36 47 6 19 41 65 14 70 76 49 60 94 
22 85 88 30 47 87 84 5 24 2 36 9 75 3 68 6 41 91 57 31 75 84 65 7 76 30 16 34 41 67 51 78 82 90 18 7 83 51 59 12 51 69 64 100 19 16 53 16 58 98 94 27 54 76 76 89 52 14 16 18 6 38 11 4 58 90 95 46 94 6 4 51 48 91 42 22 67 88 56 37 96 65 30 78 70 11 67 11 42 91 32 60 70 46 34 58 28 99 65 93 32 88 58 11 33 80 44 50 52 83 20 91 1 20 7 18 38 12 64 9 81 91 5 96 31 100 86 96 
22 81 59 25 15 68 62 99 63 86 47 72 5 83 4 80 98 78 67 65 28 15 64 13 89 72 43 46 19 53 89 85 28 33 69 32 11 99 32 40 68 9 47 74 73 80 39 56 49 44 65 80 80 58 34 20 91 25 51 5 63 49 50 27 22 83 92 26 35 63 36 75 20 65 78 29 87 49 81 87 85 73 68 14 7 21 100 54 58 48 67 70 58 54 25 62 56 98 67 32 77 12 36 95 45 96 18 24 73 93 55 16 52 61 46 86 40 77 58 89 82 57 1 56 96 73 47 75 
71 73 76 4 73 54 63 23 87 28 8 19 76 9 72 66 60 9 24 31 69 59 5 10 53 74 46 73 22 73 89 72 60 58 68 87 31 37 30 61 90 43 95 87 54 52 97 63 49 69 94 8 8 82 18 90 28 44 66 84 12 30 85 64 19 4 59 15 59 100 73 94 50 33 18 68 88 46 72 86 82 74 47 87 14 61 3 46 2 96 73 26 18 50 30 84 51 74 48 64 67 11 78 17 3 60 42 56 2 60 53 7 55 93 92 92 81 10 88 49 9 91 98 18 39 53 14 76 
96 14 74 94 41 29 60 94 45 21 63 4 39 90 16 3 6 47 11 41 94 44 78 11 40 49 62 35 94 11 72 29 50 43 39 78 12 37 30 15 81 23 3 40 34 17 70 4 93 77 32 29 8 14 90 3 29 94 1 50 29 52 27 98 59 37 65 42 29 2 39 57 45 18 54 85 52 47 64 91 75 42 34 18 53 86 50 98 61 68 42 47 13 47 18 52 88 52 11 59 59 82 42 90 55 82 95 67 34 86 87 42 55 97 69 80 27 61 68 19 78 65 74 73 33 47 100 95 
13 55 86 77 10 95 40 100 33 75 41 89 79 31 99 12 17 4 72 77 83 91 16 74 38 16 53 2 77 54 36 54 40 39 24 5 94 63 72 72 42 33 50 14 33 22 97 48 5 33 26 13 18 66 79 24 8 1 24 39 19 56 42 20 36 24 12 81 80 27 3 83 46 15 92 27 78 95 87 50 24 58 10 69 5 22 9 91 77 36 63 12 42 19 68 86 70 48 26 64 78 37 87 24 58 45 52 4 85 18 67 43 91 92 36 47 68 28 58 50 53 55 36 25 85 74 5 14 
89 91 38 91 69 23 62 22 29 10 49 71 2 21 47 86 59 38 32 49 73 98 58 71 19 28 48 31 51 11 44 45 85 18 62 85 12 26 62 4 80 25 94 32 32 67 5 57 71 83 15 86 81 77 60 52 53 47 2 43 82 69 83 83 44 26 87 39 76 38 56 42 85 24 11 43 75 44 16 24 82 13 26 45 15 69 91 61 73 46 46 4 92 77 44 71 68 98 99 8 83 4 23 30 8 85 69 82 40 79 42 73 74 25 75 38 44 49 25 2 93 59 6 20 49 97 100 16 
100 5 14 12 27 54 58 67 45 47 20 62 26 51 86 72 68 43 84 46 32 29 15 74 44 46 6 89 72 7 52 92 24 64 4 78 34 38 63 87 19 7 16 50 94 50 8 86 13 28 60 73 3 5 67 89 4 12 79 46 89 7 58 1 65 1 8 37 84 11 78 25 8 55 25 52 85 29 16 60 9 79 80 86 87 54 84 51 20 50 2 31 98 84 25 84 26 3 41 6 33 52 27 27 67 51 49 68 92 30 65 40 13 54 5 54 67 50 25 16 25 51 21 85 70 58 66 10 
51 85 89 46 69 32 66 74 4 100 79 52 26 21 78 66 33 50 25 11 25 46 41 83 49 88 15 76 89 46 71 78 58 48 83 49 33 67 10 13 55 49 97 47 27 89 50 21 40 50 85 74 24 64 65 6 91 58 17 5 63 92 30 64 39 57 48 50 48 51 71 82 96 43 58 60 4 28 79 61 93 21 82 98 71 71 25 10 79 5 92 43 92 73 26 5 6 53 4 9 47 77 45 95 16 29 16 9 94 55 14 98 53 3 82 21 58 15 95 24 20 72 96 98 92 6 94 66 
1 -1 -1 1 1 1 -1 1 -1 1 -1 1 1 1 -1 -1 -1 -1 -1 1 -1 1 -1 -1 -1 1 1 -1 -1 1 -1 1 1 -1 1 -1 -1 -1 -1 -1 -1 -1 -1 -1 -1 1 -1 1 1 1 -1 -1 1 1 -1 -1 -1 -1 1 -1 1 1 -1 1 1 -1 -1 -1 -1 -1 -1 -1 1 -1 1 -1 -1 1 -1 -1 1 -1 -1 -1 -1 1 -1 1 -1 -1 -1 -1 -1 -1 -1 -1 -1 1 1 -1 -1 -1 1 -1 -1 1 -1 -1 -1 1 -1 -1 1 -1 -1 -1 -1 1 1 -1 1 1 -1 1 1 -1 1 1 
-1 1 1 1 1 1 1 1 -1 1 1 -1 -1 -1 1 -1 1 -1 -1 -1 1 1 1 1 1 1 -1 -1 -1 1 -1 1 1 -1 -1 1 1 1 -1 -1 -1 1 1 1 1 1 1 -1 -1 1 1 -1 1 1 -1 1 -1 1 1 1 -1 -1 1 1 1 1 -1 1 -1 -1 -1 1 -1 1 -1 1 1 -1 1 -1 -1 1 -1 1 1 1 1 1 -1 1 1 -1 -1 1 -1 1 1 -1 1 1 1 -1 1 -1 -1 -1 -1 -1 -1 1 -1 1 -1 1 -1 1 -1 -1 -1 -1 -1 1 1 1 -1 -1 1 -1 
-1 1 1 1 1 -1 -1 -1 1 1 1 -1 1 -1 1 -1 -1 -1 1 1 -1 -1 1 -1 -1 1 -1 1 1 -1 1 -1 1 -1 -1 1 -1 -1 1 1 -1 -1 -1 1 1 -1 -1 -1 -1 -1 -1 1 -1 -1 1 1 -1 1 -1 1 -1 -1 1 -1 -1 1 -1 -1 1 1 -1 1 1 -1 1 -1 1 -1 -1 -1 -1 -1 -1 1 -1 -1 1 1 -1 1 -1 -1 1 -1 1 -1 -1 -1 1 1 1 -1 -1 -1 -1 -1 -1 1 1 -1 -1 -1 1 1 -1 1 -1 -1 -1 -1 -1 1 -1 -1 1 1 -1 -1 
1 1 1 -1 1 1 1 1 1 -1 1 1 -1 -1 1 1 1 -1 -1 1 -1 -1 -1 -1 1 -1 -1 1 -1 1 -1 -1 1 1 -1 -1 -1 1 1 -1 -1 -1 -1 -1 -1 1 1 -1 1 1 1 -1 1 -1 -1 -1 1 -1 1 1 -1 1 -1 -1 -1 -1 1 -1 1 1 1 -1 -1 -1 1 1 1 -1 -1 -1 1 1 -1 -1 -1 1 -1 1 -1 -1 -1 -1 1 -1 -1 1 1 1 -1 -1 -1 1 1 1 -1 1 -1 -1 -1 -1 1 1 -1 1 1 1 1 -1 -1 -1 1 1 -1 -1 -1 -1 -1 1 
1 1 1 1 1 -1 1 1 -1 -1 1 1 -1 1 -1 -1 1 1 1 -1 -1 -1 1 1 -1 -1 1 1 -1 1 -1 1 1 -1 1 1 1 1 1 1 -1 1 1 1 -1 1 1 -1 -1 -1 -1 1 -1 1 -1 1 -1 1 -1 -1 1 1 1 -1 -1 -1 1 -1 -1 1 -1 1 1 1 -1 -1 -1 -1 1 1 1 -1 1 1 1 1 1 1 -1 -1 1 1 1 1 1 1 1 1 1 1 -1 1 1 1 -1 1 1 1 1 -1 1 1 1 -1 1 -1 1 1 -1 -1 -1 -1 -1 -1 1 1 1 -1 
1 1 -1 1 -1 1 -1 -1 -1 -1 -1 -1 1 1 -1 1 -1 1 1 -1 1 -1 1 -1 -1 -1 1 -1 1 -1 1 -1 -1 1 1 1 -1 -1 -1 -1 -1 -1 -1 1 -1 1 1 -1 -1 1 1 1 -1 1 1 -1 1 -1 -1 1 -1 -1 1 -1 1 1 -1 1 -1 -1 1 1 1 -1 1 1 1 1 1 1 -1 -1 -1 1 -1 -1 -1 1 -1 1 -1 1 1 1 -1 1 1 -1 1 -1 1 1 -1 1 1 -1 -1 -1 -1 1 1 1 1 1 1 1 1 1 1 -1 -1 -1 1 1 -1 1 1 1 
-1 1 -1 1 1 -1 1 -1 1 -1 -1 1 -1 1 1 -1 1 1 1 -1 -1 1 -1 1 1 1 1 1 1 1 -1 -1 1 -1 -1 1 -1 -1 1 1 1 -1 -1 1 1 1 1 1 1 -1 1 1 1 -1 1 1 1 1 1 -1 1 1 -1 -1 -1 1 -1 -1 1 -1 -1 1 1 1 -1 1 1 -1 -1 1 -1 1 1 -1 -1 -1 -1 -1 1 1 -1 1 1 1 -1 -1 -1 -1 1 -1 1 -1 -1 1 1 -1 1 1 -1 1 -1 1 -1 -1 -1 -1 1 1 -1 1 1 -1 1 -1 -1 1 1 -1 
1 1 -1 1 1 -1 -1 -1 -1 -1 1 -1 1 1 1 1 -1 -1 -1 -1 1 -1 1 -1 1 -1 1 1 1 1 1 -1 -1 1 -1 1 -1 1 1 1 1 -1 -1 -1 -1 1 -1 -1 1 -1 1 -1 -1 -1 1 1 -1 1 1 -1 -1 -1 -1 -1 1 1 -1 -1 1 1 -1 1 -1 1 -1 1 -1 1 1 1 1 -1 -1 1 -1 -1 -1 1 -1 1 1 1 -1 1 1 1 1 1 1 -1 -1 -1 1 1 1 1 1 -1 1 -1 -1 1 1 1 -1 -1 1 -1 -1 -1 -1 -1 -1 -1 -1 1 1 -1 
-1 -1 1 1 -1 -1 1 -1 1 1 1 1 -1 -1 -1 1 -1 1 1 -1 1 -1 1 -1 -1 1 1 1 -1 1 1 -1 1 1 1 1 -1 1 -1 1 -1 -1 1 1 1 -1 1 -1 -1 -1 1 -1 1 -1 -1 1 1 1 1 -1 -1 -1 1 1 -1 1 -1 -1 1 -1 1 1 -1 -1 1 -1 -1 1 -1 -1 1 -1 1 1 -1 -1 1 1 1 -1 -1 -1 1 1 1 -1 1 1 -1 -1 1 -1 -1 -1 -1 1 -1 -1 -1 -1 -1 -1 1 -1 -1 1 1 -1 1 1 1 1 1 -1 -1 -1 1 1 
1 1 1 -1 -1 -1 -1 -1 1 1 -1 1 1 1 -1 -1 1 -1 1 1 1 1 -1 1 -1 1 -1 1 -1 1 1 1 1 1 -1 -1 -1 -1 -1 1 1 1 1 -1 1 1 -1 -1 1 -1 1 1 1 1 1 -1 -1 -1 -1 1 -1 -1 1 -1 -1 -1 1 -1 1 1 -1 -1 1 1 -1 1 -1 -1 1 -1 -1 1 -1 1 -1 1 -1 -1 1 1 -1 -1 1 1 -1 -1 1 -1 1 1 -1 1 -1 -1 1 1 -1 1 1 1 -1 1 -1 1 -1 1 1 1 -1 1 1 -1 1 1 -1 1 1 1 
-1 1 1 1 1 -1 -1 1 1 -1 1 -1 -1 -1 -1 -1 -1 -1 -1 1 -1 1 -1 1 -1 -1 1 -1 1 -1 1 1 1 1 1 -1 1 -1 -1 -1 -1 1 -1 1 -1 -1 1 1 1 1 -1 1 1 1 1 1 -1 -1 -1 1 1 -1 -1 -1 -1 -1 1 1 -1 -1 -1 -1 -1 -1 1 -1 1 -1 -1 1 -1 -1 1 -1 -1 1 -1 1 1 1 1 1 -1 -1 1 -1 -1 1 -1 -1 -1 1 1 -1 1 1 -1 1 1 -1 1 -1 1 -1 -1 -1 -1 1 -1 -1 1 -1 -1 -1 -1 -1 -1 1 
1 -1 -1 1 1 -1 1 -1 1 1 -1 1 1 1 -1 -1 -1 -1 1 1 -1 1 -1 1 1 1 1 1 -1 -1 1 1 1 1 -1 1 1 1 -1 1 -1 1 -1 -1 -1 -1 -1 -1 -1 -1 1 -1 -1 -1 1 1 1 -1 -1 1 -1 -1 -1 -1 1 1 -1 1 1 -1 -1 -1 -1 1 -1 -1 -1 1 1 -1 -1 -1 -1 1 1 1 -1 -1 1 -1 1 1 1 1 1 1 -1 -1 1 -1 1 -1 -1 1 1 -1 1 1 -1 -1 -1 -1 1 1 -1 1 1 -1 1 -1 1 -1 -1 -1 1 -1 1 -1 
1 -1 1 -1 -1 1 -1 1 -1 1 -1 1 1 1 1 -1 1 -1 1 -1 -1 -1 1 1 -1 -1 -1 -1 1 -1 1 -1 -1 1 -1 -1 1 1 -1 1 -1 -1 1 1 -1 -1 1 1 1 1 1 -1 -1 -1 -1 1 -1 1 -1 1 -1 1 -1 1 -1 1 -1 1 1 1 1 1 1 -1 -1 1 1 -1 1 1 1 -1 1 -1 1 -1 1 -1 1 -1 1 1 -1 1 -1 1 -1 -1 1 -1 1 -1 -1 1 -1 -1 1 -1 -1 -1 -1 1 -1 -1 -1 -1 -1 -1 -1 1 -1 1 -1 -1 1 1 -1 1 
1 -1 -1 -1 1 1 1 1 -1 1 -1 1 1 -1 -1 -1 1 1 1 1 -1 -1 -1 1 1 -1 1 1 -1 1 -1 1 1 1 -1 -1 -1 1 1 -1 -1 -1 -1 -1 -1 -1 -1 1 1 -1 -1 -1 -1 1 1 1 1 -1 -1 1 1 1 1 -1 -1 1 -1 -1 -1 -1 -1 -1 1 -1 1 -1 -1 -1 1 -1 1 1 -1 -1 1 -1 -1 -1 -1 1 1 1 1 -1 -1 -1 -1 1 -1 1 1 1 1 1 -1 -1 -1 -1 1 -1 1 1 -1 -1 1 1 -1 -1 1 1 1 1 -1 1 1 1 -1 -1 
-1 1 1 1 -1 -1 1 1 -1 -1 -1 -1 1 -1 -1 1 1 1 1 -1 1 1 1 -1 1 1 -1 1 1 -1 1 1 -1 -1 1 1 -1 -1 -1 -1 1 1 1 -1 -1 -1 -1 -1 -1 1 1 -1 -1 1 1 -1 1 -1 1 -1 -1 1 1 1 1 -1 -1 -1 1 -1 1 1 1 1 1 -1 1 -1 1 -1 1 1 1 1 -1 -1 -1 1 -1 1 -1 -1 -1 1 1 1 -1 1 1 1 1 -1 1 1 -1 1 1 1 1 -1 1 1 1 1 -1 -1 -1 -1 1 1 1 1 1 1 -1 -1 1 1 
-1 -1 -1 1 -1 1 -1 1 1 -1 -1 -1 -1 -1 1 -1 1 1 -1 1 1 -1 -1 -1 -1 1 1 -1 1 1 -1 1 -1 -1 -1 1 -1 1 1 -1 -1 -1 1 1 1 -1 -1 -1 1 -1 1 -1 -1 -1 -1 -1 1 -1 1 1 1 -1 1 1 -1 1 1 1 -1 1 1 -1 -1 -1 1 -1 1 -1 -1 1 -1 -1 1 1 -1 1 -1 -1 1 -1 -1 1 1 1 -1 1 1 -1 1 1 1 1 1 1 1 -1 -1 -1 1 -1 1 -1 1 -1 1 1 -1 -1 -1 -1 1 -1 1 -1 1 1 -1 -1 
-1 1 -1 1 1 -1 1 -1 -1 1 -1 -1 1 1 1 1 1 1 -1 1 -1 -1 1 1 -1 1 1 -1 -1 -1 -1 1 -1 -1 1 1 -1 -1 1 1 -1 1 1 1 -1 -1 1 1 1 -1 -1 1 1 1 1 1 1 -1 1 1 1 1 -1 -1 1 -1 -1 1 -1 1 1 1 1 -1 1 1 1 1 1 -1 -1 -1 1 1 -1 1 -1 -1 -1 -1 -1 -1 1 -1 1 1 1 1 1 -1 1 -1 -1 -1 -1 -1 1 1 -1 -1 1 -1 -1 1 -1 1 1 1 1 1 1 -1 1 -1 1 -1 1 -1 
-1 -1 -1 -1 1 1 1 -1 1 -1 -1 -1 -1 1 1 1 1 -1 1 1 -1 -1 1 -1 1 -1 -1 -1 1 -1 1 -1 1 -1 -1 1 1 1 -1 -1 -1 1 -1 -1 1 1 1 1 1 -1 1 -1 -1 1 1 1 1 -1 -1 1 1 -1 1 1 -1 1 -1 1 -1 1 -1 -1 -1 1 1 -1 1 -1 1 -1 -1 -1 -1 -1 1 1 -1 -1 1 -1 -1 1 1 -1 -1 -1 1 1 -1 -1 1 -1 1 -1 -1 -1 1 -1 -1 1 -1 1 -1 1 1 1 -1 -1 1 -1 -1 -1 -1 1 1 -1 -1 -1 
-1 -1 1 -1 1 1 1 -1 1 1 -1 1 1 1 1 -1 -1 1 -1 -1 1 1 -1 -1 1 1 1 -1 -1 1 -1 -1 1 1 -1 -1 1 1 -1 -1 1 1 -1 -1 -1 -1 1 -1 -1 1 -1 -1 -1 -1 1 -1 1 1 -1 1 -1 -1 1 1 -1 -1 -1 1 1 1 1 1 -1 1 1 1 -1 -1 1 -1 -1 -1 1 -1 -1 -1 -1 1 -1 -1 1 -1 1 -1 -1 1 1 -1 1 1 1 1 -1 1 -1 -1 1 1 -1 -1 1 1 -1 1 -1 1 1 1 1 1 1 -1 1 1 -1 1 1 -1 
1 -1 1 1 -1 -1 -1 -1 -1 1 1 1 -1 1 -1 1 1 1 -1 -1 -1 1 -1 1 1 -1 -1 -1 -1 -1 -1 -1 1 1 -1 1 -1 -1 1 1 -1 1 -1 1 1 1 1 -1 1 1 1 -1 1 1 1 -1 -1 1 -1 1 1 -1 1 1 1 1 1 -1 -1 1 1 1 -1 1 1 1 -1 -1 1 -1 -1 1 -1 1 1 1 -1 -1 1 1 1 -1 1 -1 1 -1 -1 1 -1 1 1 -1 -1 -1 -1 1 -1 1 -1 1 -1 1 -1 -1 -1 1 1 -1 1 -1 1 1 1 -1 -1 1 -1 -1 
-1 1 -1 -1 -1 1 -1 1 1 1 -1 -1 -1 -1 1 1 -1 -1 1 -1 1 -1 1 -1 1 -1 1 -1 1 -1 -1 1 -1 -1 -1 1 -1 1 1 1 1 -1 -1 1 1 -1 1 -1 -1 -1 1 -1 -1 1 1 1 1 1 -1 1 -1 -1 1 1 1 1 1 -1 -1 1 -1 1 1 1 1 1 1 1 1 -1 -1 1 1 1 1 1 1 1 -1 -1 -1 1 1 -1 1 1 1 -1 -1 -1 1 1 -1 1 -1 -1 1 -1 -1 1 -1 1 1 1 1 1 -1 1 1 -1 -1 1 1 -1 1 -1 -1 -1 
1 1 -1 -1 -1 -1 1 -1 -1 1 1 1 -1 -1 1 -1 -1 -1 1 1 -1 -1 1 1 -1 -1 1 1 -1 -1 -1 1 1 -1 -1 -1 -1 1 1 1 1 1 -1 1 1 1 -1 1 1 -1 1 1 -1 -1 1 1 -1 1 -1 -1 1 1 1 1 1 -1 -1 -1 1 1 1 -1 -1 1 1 -1 -1 -1 -1 -1 -1 -1 -1 -1 1 -1 1 1 1 -1 -1 1 -1 1 1 -1 -1 -1 1 1 -1 -1 -1 1 1 1 1 1 -1 1 -1 -1 1 1 1 1 1 -1 1 -1 1 1 -1 -1 1 -1 1 1 
-1 1 1 -1 1 1 -1 1 1 -1 -1 -1 1 -1 1 -1 1 1 -1 -1 1 1 -1 -1 -1 -1 1 1 -1 -1 -1 1 1 1 -1 -1 -1 1 1 -1 -1 1 -1 -1 1 -1 -1 -1 1 1 -1 -1 1 -1 -1 -1 1 1 -1 1 1 -1 -1 -1 1 -1 1 -1 -1 1 -1 1 1 -1 -1 -1 -1 -1 -1 1 1 1 1 -1 1 1 1 -1 -1 1 1 1 1 1 -1 -1 -1 -1 1 1 1 -1 1 -1 1 1 1 -1 -1 -1 -1 1 -1 -1 1 1 -1 1 -1 -1 1 -1 -1 -1 1 1 1 1 
-1 1 -1 -1 1 -1 1 -1 -1 1 1 1 1 1 -1 -1 1 -1 -1 1 -1 1 -1 -1 1 1 -1 1 1 -1 1 -1 -1 -1 1 1 -1 -1 -1 -1 -1 -1 1 1 1 1 1 1 -1 -1 1 1 1 1 1 -1 1 1 -1 1 1 -1 -1 1 1 -1 -1 -1 -1 -1 -1 -1 1 -1 1 1 -1 1 -1 -1 1 -1 1 1 1 -1 -1 -1 -1 -1 1 1 -1 -1 -1 1 1 1 1 1 -1 1 -1 1 1 1 -1 -1 1 1 -1 1 -1 -1 1 -1 1 1 -1 -1 1 1 -1 1 -1 -1 -1 1 
-1 1 -1 1 -1 -1 1 1 -1 -1 -1 1 -1 1 1 -1 -1 1 1 1 1 -1 -1 1 1 1 -1 1 1 1 1 -1 1 1 -1 1 -1 1 1 1 1 1 1 1 -1 1 -1 -1 -1 1 1 -1 1 -1 -1 1 1 1 1 -1 -1 1 -1 -1 -1 1 -1 -1 -1 1 -1 1 1 -1 -1 1 -1 1 1 -1 1 1 1 -1 1 1 -1 -1 1 1 1 1 -1 1 -1 1 -1 -1 1 -1 1 -1 -1 1 -1 1 1 1 1 1 -1 1 1 -1 1 -1 1 1 -1 -1 1 1 -1 1 -1 -1 1 1 
1 1 1 -1 -1 -1 1 -1 1 1 -1 1 -1 -1 1 1 1 -1 1 -1 -1 -1 -1 1 1 -1 1 -1 -1 1 1 -1 1 -1 1 1 -1 -1 1 -1 1 -1 1 1 -1 1 -1 1 -1 1 -1 -1 1 -1 1 -1 1 1 -1 1 1 -1 1 -1 -1 1 1 1 -1 1 1 1 -1 1 1 -1 1 -1 -1 1 -1 -1 -1 -1 -1 -1 1 1 1 -1 -1 -1 -1 -1 -1 1 -1 -1 1 -1 -1 -1 1 -1 1 1 -1 -1 -1 1 1 1 1 1 1 -1 -1 1 -1 -1 1 -1 1 -1 -1 1 -1 -1 
1 -1 -1 -1 1 1 1 1 1 -1 1 1 -1 1 -1 1 1 -1 1 -1 1 1 1 -1 -1 1 1 1 -1 1 -1 -1 -1 1 -1 1 1 -1 -1 -1 1 1 1 -1 1 -1 -1 1 -1 -1 1 1 -1 1 -1 1 1 1 -1 -1 -1 1 -1 -1 1 -1 1 -1 1 -1 1 1 1 1 -1 1 -1 -1 1 -1 1 -1 1 1 1 -1 -1 1 1 1 -1 -1 1 1 -1 -1 -1 1 1 1 1 -1 -1 -1 -1 -1 -1 1 1 1 -1 -1 -1 1 1 -1 1 1 -1 -1 1 -1 -1 -1 -1 1 -1 -1 
-1 -1 1 1 1 -1 1 1 1 1 -1 1 -1 1 1 -1 -1 -1 -1 -1 -1 1 1 1 1 -1 1 1 -1 1 1 1 1 -1 1 -1 1 1 1 -1 1 1 -1 1 -1 -1 -1 -1 1 -1 -1 1 1 1 1 1 -1 -1 -1 1 1 -1 -1 1 1 1 1 -1 1 1 -1 1 -1 -1 -1 -1 1 1 -1 1 1 -1 1 1 1 -1 -1 1 1 -1 1 -1 1 -1 1 -1 -1 -1 -1 1 1 1 -1 1 -1 1 1 1 1 -1 1 -1 -1 -1 1 -1 1 1 1 -1 -1 -1 1 -1 -1 -1 1 1 
-1 -1 1 -1 -1 1 1 1 -1 -1 1 -1 1 -1 1 1 -1 1 -1 -1 1 -1 -1 1 1 -1 -1 -1 -1 1 -1 -1 1 -1 1 1 -1 1 1 1 -1 1 -1 -1 1 1 1 1 -1 1 1 -1 -1 -1 -1 -1 1 -1 1 1 1 1 1 -1 -1 -1 1 1 -1 -1 1 -1 -1 -1 -1 -1 1 1 -1 1 -1 -1 -1 -1 -1 1 1 1 1 -1 -1 -1 1 1 1 1 1 -1 -1 1 -1 -1 1 -1 1 1 -1 -1 -1 -1 -1 1 -1 -1 -1 -1 -1 -1 1 -1 -1 -1 1 -1 1 1 -1 1 
1 1 -1 1 1 -1 1 1 1 1 -1 -1 -1 1 -1 1 -1 -1 1 -1 -1 -1 -1 -1 1 1 1 1 1 1 1 -1 1 -1 1 -1 -1 1 1 -1 -1 -1 -1 -1 1 -1 -1 -1 1 -1 -1 1 1 1 1 -1 -1 1 -1 1 -1 -1 1 1 1 1 -1 -1 1 -1 1 1 1 1 -1 1 -1 -1 -1 1 -1 -1 1 -1 -1 -1 1 1 1 1 1 1 -1 -1 1 1 -1 -1 -1 -1 -1 1 1 1 -1 -1 1 -1 1 1 -1 -1 1 -1 -1 -1 1 -1 1 1 -1 1 1 1 -1 -1 1 1 
-1 -1 1 -1 -1 1 -1 1 1 1 1 1 1 -1 1 -1 -1 1 -1 -1 -1 -1 -1 1 1 1 -1 1 -1 1 1 1 -1 -1 -1 1 1 1 -1 1 -1 -1 1 1 -1 -1 -1 1 1 1 -1 1 -1 -1 1 1 -1 -1 1 -1 1 -1 -1 1 -1 1 1 1 -1 -1 -1 1 -1 1 -1 -1 -1 1 1 1 -1 1 1 1 -1 -1 1 -1 -1 -1 1 -1 -1 1 -1 1 1 1 1 1 -1 1 -1 -1 -1 1 1 -1 1 -1 -1 1 1 1 -1 -1 -1 -1 -1 1 1 -1 1 -1 -1 1 -1 -1 
1 1 -1 -1 1 -1 -1 -1 -1 1 1 1 -1 1 1 1 1 -1 -1 -1 1 1 1 -1 -1 -1 -1 1 -1 -1 1 1 1 -1 1 1 -1 -1 -1 1 1 -1 1 1 1 -1 1 1 1 1 -1 -1 1 -1 1 1 -1 -1 1 1 -1 -1 1 1 1 -1 -1 1 -1 -1 -1 1 -1 1 1 -1 -1 -1 1 1 -1 -1 -1 -1 1 -1 -1 -1 -1 1 -1 1 1 1 1 -1 1 -1 -1 1 -1 -1 1 1 1 1 1 -1 1 -1 1 1 1 1 1 1 1 -1 -1 -1 -1 -1 1 1 -1 -1 1 -1 
1 1 1 1 1 -1 1 -1 1 1 1 1 -1 1 -1 -1 -1 1 1 1 -1 1 1 -1 1 1 -1 1 1 1 -1 1 -1 1 1 -1 1 1 -1 1 1 1 -1 1 -1 1 -1 1 1 -1 1 -1 1 -1 -1 -1 1 1 1 1 -1 -1 -1 -1 1 1 1 -1 -1 1 1 1 1 -1 -1 -1 1 -1 -1 1 1 -1 -1 -1 1 1 -1 1 -1 -1 -1 1 -1 -1 1 1 -1 1 -1 1 1 -1 -1 -1 1 -1 -1 -1 1 -1 1 -1 -1 -1 -1 -1 1 -1 1 -1 1 -1 1 -1 -1 -1 1 -1 
-1 -1 -1 1 -1 1 -1 1 1 1 1 1 1 1 -1 -1 -1 -1 1 1 -1 -1 1 -1 1 -1 1 -1 -1 -1 -1 -1 1 -1 1 1 1 -1 1 -1 1 1 1 1 1 1 -1 1 1 1 1 1 1 1 -1 -1 -1 1 1 -1 1 -1 1 1 -1 -1 1 -1 1 1 -1 1 1 1 -1 1 1 1 -1 -1 1 -1 -1 1 1 -1 1 -1 1 1 1 1 -1 -1 -1 1 -1 -1 1 -1 -1 -1 -1 1 -1 1 1 1 1 1 -1 -1 1 -1 -1 1 1 1 -1 -1 1 1 1 1 1 -1 -1 1 
1 -1 -1 -1 1 1 -1 -1 1 -1 1 -1 -1 -1 1 -1 1 -1 -1 -1 -1 -1 -1 1 -1 1 -1 1 1 1 -1 1 1 1 1 1 1 1 -1 -1 1 -1 1 -1 1 -1 1 -1 -1 -1 1 -1 1 -1 1 -1 1 -1 -1 1 -1 1 -1 1 1 -1 -1 -1 -1 1 1 1 1 -1 -1 -1 -1 1 1 1 1 1 1 -1 1 1 1 1 -1 1 1 -1 -1 -1 1 -1 -1 -1 -1 1 -1 1 -1 -1 -1 1 -1 1 -1 -1 1 -1 1 1 -1 -1 -1 -1 -1 1 -1 1 -1 -1 -1 -1 1 -1 
-1 1 1 -1 1 1 1 1 1 -1 -1 1 -1 -1 1 1 1 1 -1 1 1 -1 -1 1 1 1 1 -1 1 -1 1 1 -1 1 1 -1 1 -1 -1 1 1 -1 1 1 1 1 -1 -1 -1 1 1 -1 1 -1 1 1 -1 -1 1 -1 -1 1 -1 -1 -1 1 -1 -1 -1 -1 1 1 1 -1 -1 -1 -1 1 -1 1 1 1 1 1 -1 -1 1 1 -1 1 -1 1 -1 1 -1 -1 -1 1 1 -1 -1 1 -1 1 -1 -1 1 1 1 1 -1 -1 1 1 -1 -1 1 -1 -1 -1 -1 1 -1 -1 -1 -1 1 -1 
-1 1 -1 -1 1 -1 -1 -1 -1 -1 1 1 1 -1 -1 -1 -1 1 1 -1 -1 -1 -1 -1 -1 -1 1 1 -1 -1 1 -1 1 1 1 1 1 -1 -1 -1 -1 1 -1 1 -1 1 -1 1 -1 -1 1 1 1 -1 -1 -1 1 -1 -1 1 -1 -1 1 1 1 1 1 1 1 1 -1 1 -1 -1 1 -1 -1 1 1 1 -1 -1 1 -1 -1 -1 -1 1 -1 -1 1 1 1 -1 -1 -1 1 -1 -1 1 1 -1 -1 -1 1 -1 1 -1 -1 1 1 -1 -1 -1 -1 1 -1 1 -1 1 1 -1 -1 1 1 -1 -1 -1 
-1 1 -1 1 1 -1 -1 1 1 -1 -1 1 1 1 -1 1 -1 1 1 -1 1 1 1 -1 1 -1 -1 1 1 1 1 -1 1 -1 1 -1 -1 1 1 1 1 1 1 -1 -1 1 -1 1 -1 -1 -1 1 -1 -1 1 1 -1 -1 -1 1 1 1 1 -1 -1 -1 -1 -1 -1 1 -1 1 -1 1 1 1 -1 1 1 1 -1 1 -1 -1 -1 1 -1 -1 -1 1 -1 1 1 1 -1 -1 -1 -1 1 1 -1 -1 1 -1 -1 -1 1 1 1 -1 -1 1 1 -1 1 -1 1 1 1 -1 -1 -1 1 -1 1 -1 -1 -1 
-1 -1 1 1 1 -1 1 1 -1 -1 -1 -1 -1 1 -1 1 1 -1 -1 1 1 1 1 -1 1 1 -1 1 1 1 -1 -1 -1 1 -1 -1 -1 1 -1 1 -1 -1 1 1 1 1 1 1 1 1 1 -1 -1 -1 -1 1 1 -1 1 1 -1 1 1 1 -1 -1 1 -1 -1 -1 -1 -1 1 -1 1 1 1 1 -1 1 1 -1 1 -1 -1 -1 1 -1 -1 -1 1 1 1 1 1 -1 1 -1 -1 1 -1 1 1 -1 -1 1 1 1 -1 -1 1 1 -1 1 -1 -1 1 -1 -1 -1 -1 -1 -1 -1 -1 -1 -1 -1 
-1 -1 1 -1 1 -1 1 1 1 1 -1 1 1 -1 -1 -1 1 -1 -1 1 1 1 -1 -1 1 -1 -1 -1 1 -1 1 1 1 -1 -1 1 -1 1 1 -1 -1 1 1 1 1 1 -1 1 -1 1 1 1 1 -1 1 -1 -1 -1 -1 1 1 -1 -1 1 1 1 1 -1 1 1 1 1 1 1 1 -1 -1 1 1 -1 1 1 -1 -1 1 1 -1 -1 -1 -1 -1 1 1 -1 1 -1 1 -1 -1 -1 1 1 -1 1 -1 -1 1 -1 -1 -1 -1 1 1 -1 1 1 -1 -1 1 1 1 1 -1 -1 1 1 1 1 
-1 -1 -1 -1 -1 -1 1 1 -1 1 -1 -1 -1 -1 1 -1 -1 -1 1 -1 1 1 -1 -1 1 1 1 1 -1 -1 -1 1 1 1 1 1 -1 1 -1 -1 -1 -1 1 1 -1 -1 1 -1 -1 -1 -1 1 -1 -1 -1 -1 1 1 -1 -1 -1 -1 -1 1 -1 1 1 1 -1 1 -1 1 1 -1 1 1 1 -1 -1 1 -1 1 -1 -1 1 -1 -1 1 -1 -1 1 -1 1 1 1 -1 1 1 1 -1 -1 1 -1 -1 -1 1 1 1 1 1 -1 -1 1 -1 1 -1 -1 -1 1 -1 -1 1 1 -1 -1 -1 -1 1 
-1 1 -1 -1 1 -1 -1 -1 -1 1 1 1 -1 -1 1 -1 1 1 1 1 -1 1 1 -1 1 -1 1 1 1 -1 -1 -1 1 1 -1 -1 1 1 -1 1 -1 1 -1 1 1 -1 1 1 1 -1 1 -1 1 -1 1 -1 1 1 1 -1 -1 1 1 -1 -1 -1 1 1 1 1 1 -1 1 1 -1 1 -1 1 1 1 -1 1 -1 -1 -1 -1 -1 -1 -1 -1 1 1 -1 1 1 1 1 -1 -1 -1 1 1 1 -1 1 -1 1 -1 1 1 -1 -1 1 -1 1 1 1 1 -1 -1 -1 1 1 -1 -1 -1 1 1 
-1 1 -1 -1 1 -1 -1 -1 1 1 -1 -1 1 -1 1 1 1 -1 -1 -1 -1 -1 -1 1 1 1 1 -1 -1 -1 1 1 -1 1 1 1 -1 1 1 1 1 -1 -1 -1 -1 -1 1 1 1 1 1 1 -1 -1 -1 1 -1 -1 -1 1 -1 -1 -1 -1 1 1 1 -1 1 -1 1 -1 1 -1 1 -1 1 1 -1 -1 -1 -1 -1 -1 -1 1 1 -1 -1 1 -1 1 1 -1 -1 -1 1 -1 -1 1 -1 -1 1 1 1 -1 -1 1 1 -1 -1 1 -1 -1 -1 1 1 -1 -1 1 -1 -1 1 1 1 -1 -1 1 
-1 1 1 -1 1 1 1 -1 1 -1 1 -1 1 -1 -1 1 1 -1 -1 1 1 1 -1 1 1 1 -1 1 -1 -1 1 1 1 1 -1 1 1 -1 1 1 1 1 -1 -1 -1 -1 1 -1 -1 1 -1 1 1 1 1 -1 1 -1 -1 1 -1 1 1 1 1 -1 1 -1 1 1 1 1 -1 -1 -1 -1 -1 -1 -1 1 1 1 -1 1 -1 -1 1 1 1 1 -1 -1 -1 1 1 -1 -1 -1 -1 -1 1 1 1 -1 -1 1 -1 1 -1 -1 1 -1 1 -1 1 1 -1 -1 1 -1 1 -1 -1 -1 1 1 1 -1 
-1 1 1 -1 -1 -1 1 -1 1 1 -1 -1 -1 -1 -1 1 -1 1 -1 1 1 1 1 1 -1 -1 1 -1 1 1 -1 1 -1 1 1 1 -1 -1 1 1 -1 1 -1 -1 1 -1 -1 1 -1 -1 1 1 -1 1 1 1 -1 -1 -1 1 1 1 1 -1 -1 1 1 -1 1 1 -1 1 1 1 1 1 -1 -1 -1 1 1 -1 1 -1 1 1 -1 1 -1 -1 -1 -1 -1 1 1 -1 1 -1 -1 -1 1 -1 1 -1 -1 1 -1 -1 1 -1 -1 1 1 1 1 -1 1 1 1 1 1 -1 1 1 1 -1 -1 -1 
1 1 -1 1 1 1 1 1 -1 1 -1 -1 -1 -1 -1 -1 -1 1 -1 1 -1 1 -1 1 1 1 -1 -1 1 -1 -1 -1 1 1 -1 1 1 1 1 1 -1 -1 -1 -1 -1 1 -1 -1 -1 -1 1 -1 -1 -1 1 1 1 -1 -1 1 -1 1 -1 1 1 -1 -1 1 -1 -1 1 1 -1 1 1 1 1 -1 -1 1 1 -1 1 1 1 -1 -1 1 -1 -1 -1 1 1 -1 1 1 -1 -1 1 -1 -1 1 1 -1 1 -1 1 1 -1 1 1 1 1 -1 -1 1 1 -1 1 1 -1 1 1 1 -1 -1 -1 -1 
-1 1 -1 1 1 1 1 -1 1 -1 1 -1 1 -1 -1 -1 1 1 1 1 1 -1 -1 1 -1 -1 -1 -1 1 -1 -1 1 -1 -1 1 -1 -1 -1 1 -1 1 1 1 1 -1 -1 1 -1 -1 -1 -1 -1 1 1 1 -1 -1 -1 -1 1 -1 -1 -1 -1 -1 -1 -1 1 -1 -1 1 -1 1 -1 -1 1 1 1 1 -1 -1 1 -1 1 -1 -1 -1 1 1 -1 1 1 1 -1 1 -1 1 1 -1 1 -1 1 1 1 1 1 -1 1 -1 1 1 -1 1 -1 -1 1 1 1 -1 -1 -1 -1 -1 -1 -1 -1 1 -1 
1 -1 -1 -1 -1 -1 1 -1 -1 -1 1 -1 1 1 -1 -1 1 1 -1 -1 -1 1 -1 1 -1 1 1 -1 1 -1 1 1 1 1 -1 -1 1 1 1 1 -1 1 1 -1 1 -1 -1 -1 1 -1 -1 -1 1 1 -1 1 -1 -1 1 1 1 -1 -1 -1 -1 1 1 1 -1 1 -1 1 -1 1 -1 1 1 1 1 -1 1 -1 1 -1 -1 1 1 -1 1 -1 1 1 1 1 -1 -1 1 1 1 -1 1 -1 -1 1 1 -1 -1 -1 -1 1 -1 -1 1 -1 1 -1 -1 1 1 -1 -1 1 1 1 1 1 -1 1 
1 -1 -1 1 -1 -1 1 1 -1 1 1 -1 1 1 -1 1 1 1 -1 1 -1 1 1 -1 -1 -1 -1 1 -1 1 1 1 1 1 -1 -1 -1 -1 1 -1 -1 1 1 -1 -1 -1 -1 1 -1 -1 1 1 -1 -1 1 -1 -1 1 -1 -1 1 1 1 -1 -1 -1 1 -1 1 1 1 -1 -1 1 -1 1 -1 1 1 -1 -1 1 -1 -1 -1 1 -1 1 1 -1 -1 -1 1 1 -1 1 1 1 -1 -1 1 -1 1 -1 1 1 -1 1 -1 1 1 -1 1 1 -1 1 1 1 -1 -1 -1 1 -1 -1 -1 -1 1 1 
1 1 -1 1 -1 1 -1 -1 -1 -1 1 -1 1 -1 1 -1 -1 -1 1 1 -1 -1 1 -1 1 1 -1 -1 1 -1 1 1 -1 1 -1 1 -1 -1 1 1 -1 -1 1 1 -1 -1 -1 -1 -1 1 1 1 -1 1 1 -1 1 -1 1 -1 1 -1 -1 1 -1 1 -1 1 1 -1 1 1 1 1 1 1 -1 -1 -1 1 1 -1 1 -1 -1 -1 1 1 -1 -1 1 1 -1 -1 1 -1 1 1 -1 -1 1 1 -1 -1 1 1 -1 1 -1 -1 1 1 -1 -1 1 1 -1 -1 1 -1 1 -1 1 -1 1 -1 1 1 
-1 1 -1 1 -1 1 1 1 1 1 -1 1 1 -1 1 1 -1 1 -1 1 1 1 -1 1 1 -1 1 -1 1 -1 -1 -1 1 1 1 1 1 -1 1 1 -1 1 1 -1 1 1 -1 -1 1 1 1 -1 -1 1 -1 -1 1 1 1 -1 -1 1 -1 -1 -1 1 1 1 1 1 -1 1 -1 -1 -1 -1 1 1 1 -1 -1 -1 1 -1 1 1 -1 1 -1 -1 -1 -1 1 -1 1 -1 1 1 1 -1 1 1 -1 -1 1 -1 -1 -1 -1 -1 -1 -1 -1 1 1 1 1 1 -1 -1 1 -1 1 1 -1 -1 -1 1 
-1 -1 1 -1 1 1 1 -1 -1 1 1 -1 -1 -1 -1 -1 1 -1 -1 -1 -1 1 -1 1 -1 -1 1 1 -1 1 1 -1 -1 1 -1 -1 1 1 -1 1 1 -1 1 1 1 -1 -1 -1 1 1 -1 -1 1 1 1 1 1 1 -1 -1 1 -1 1 1 -1 1 1 1 1 1 -1 -1 -1 1 -1 1 -1 -1 1 -1 -1 1 -1 1 1 1 -1 1 -1 -1 -1 1 1 -1 1 1 -1 -1 1 -1 -1 1 -1 -1 -1 1 -1 1 1 1 1 1 -1 1 -1 1 -1 -1 -1 -1 -1 -1 1 1 -1 1 -1 -1 
1 1 -1 1 -1 -1 1 -1 1 1 1 -1 -1 -1 -1 -1 1 -1 -1 1 -1 -1 1 1 1 1 -1 1 -1 1 -1 1 1 1 1 1 1 -1 -1 1 -1 1 -1 1 -1 -1 1 1 -1 -1 -1 1 -1 1 1 1 1 1 1 1 1 1 1 -1 1 1 1 1 -1 1 1 -1 -1 -1 -1 -1 1 -1 1 1 1 1 1 1 1 -1 -1 -1 -1 -1 1 1 1 -1 -1 -1 1 -1 1 1 1 -1 -1 1 -1 -1 1 1 1 -1 -1 -1 -1 1 1 1 -1 1 -1 1 -1 1 -1 -1 -1 1 1 -1 
1 1 -1 -1 1 1 -1 -1 -1 1 1 -1 -1 1 1 -1 1 1 -1 1 1 -1 -1 1 -1 -1 1 1 -1 1 -1 -1 -1 1 -1 -1 -1 -1 -1 -1 -1 -1 -1 1 1 -1 1 1 -1 1 1 1 1 1 1 1 -1 1 1 1 -1 1 1 -1 1 -1 -1 1 -1 1 1 1 1 -1 1 -1 1 1 -1 -1 -1 1 1 -1 -1 1 1 1 -1 1 1 -1 1 1 1 -1 -1 -1 -1 1 1 -1 -1 1 -1 -1 -1 1 1 -1 -1 -1 1 1 -1 1 1 1 1 -1 1 -1 1 1 -1 -1 -1 1 
-1 -1 1 -1 -1 1 1 1 -1 1 1 1 -1 1 1 -1 1 1 1 1 1 1 -1 1 -1 1 -1 1 -1 1 1 1 -1 -1 1 1 -1 1 -1 1 -1 1 -1 1 1 1 1 -1 1 1 -1 1 1 1 1 1 1 -1 -1 -1 -1 -1 1 1 1 -1 -1 -1 1 1 1 -1 1 1 1 1 1 -1 -1 1 -1 -1 1 1 1 1 -1 1 -1 -1 1 -1 -1 1 1 1 -1 -1 1 1 -1 -1 1 -1 1 -1 1 -1 1 1 1 -1 -1 -1 1 1 1 -1 1 1 1 -1 -1 -1 1 -1 -1 -1 
-1 1 1 -1 1 -1 1 1 1 -1 1 1 1 1 -1 -1 1 1 -1 -1 1 1 -1 -1 1 -1 1 1 -1 -1 1 1 -1 -1 -1 1 -1 1 1 -1 -1 -1 1 -1 1 1 -1 1 -1 -1 -1 1 1 1 1 1 1 -1 -1 -1 1 1 1 -1 1 -1 1 -1 1 1 1 -1 -1 1 -1 1 1 1 1 1 1 1 1 1 1 1 1 1 1 -1 -1 -1 1 1 -1 -1 1 1 1 -1 -1 -1 -1 1 1 1 1 1 -1 -1 -1 -1 -1 1 1 1 1 -1 -1 1 1 -1 1 -1 1 -1 -1 1 
-1 -1 -1 1 -1 1 1 -1 1 -1 -1 1 -1 1 1 1 1 1 1 -1 1 -1 1 1 1 1 1 -1 1 -1 -1 -1 1 -1 1 -1 1 -1 1 -1 1 1 -1 1 -1 1 -1 -1 -1 1 1 1 1 -1 1 1 1 1 1 -1 1 -1 1 1 1 1 1 1 -1 -1 -1 -1 -1 -1 1 1 1 -1 -1 -1 1 -1 -1 1 -1 -1 -1 -1 1 1 -1 1 -1 -1 -1 -1 -1 -1 -1 -1 1 -1 -1 1 -1 -1 1 -1 1 -1 -1 1 1 -1 1 1 -1 1 1 1 1 1 1 1 -1 1 1 1 
-1 1 1 -1 1 -1 1 1 1 -1 -1 -1 1 -1 -1 -1 -1 -1 1 1 1 1 1 1 1 1 1 -1 -1 1 -1 -1 1 1 -1 -1 -1 -1 -1 -1 1 1 -1 -1 -1 -1 -1 -1 1 -1 1 1 1 1 -1 -1 1 1 1 -1 -1 1 1 -1 1 1 1 -1 1 1 -1 1 1 -1 -1 -1 1 -1 -1 -1 -1 1 -1 -1 1 -1 -1 -1 1 -1 -1 1 1 -1 1 -1 -1 -1 -1 -1 -1 -1 1 1 1 1 -1 1 -1 -1 1 -1 1 -1 1 1 -1 -1 -1 1 1 1 1 1 1 -1 1 -1 
1 1 -1 1 -1 -1 1 1 1 -1 -1 -1 -1 -1 1 1 1 -1 -1 -1 -1 -1 -1 -1 1 -1 -1 -1 1 -1 1 1 1 1 -1 1 -1 -1 1 -1 -1 1 -1 -1 -1 -1 -1 1 -1 1 1 -1 1 1 -1 -1 1 1 1 -1 -1 -1 -1 1 -1 1 -1 1 -1 1 1 1 1 1 1 1 1 1 1 1 1 -1 1 1 -1 -1 -1 1 1 -1 1 -1 1 1 1 1 1 -1 -1 -1 1 -1 1 -1 1 -1 1 1 1 1 -1 -1 -1 -1 -1 -1 1 1 1 1 1 -1 -1 -1 -1 1 1 -1 
-1 1 1 1 -1 1 -1 -1 -1 1 1 1 1 1 -1 1 1 1 1 1 1 -1 1 1 -1 1 -1 1 1 1 -1 1 1 -1 1 -1 1 1 1 1 -1 -1 1 1 1 1 1 1 -1 -1 -1 -1 1 1 -1 -1 -1 -1 -1 -1 1 -1 -1 1 1 -1 -1 1 -1 1 1 -1 -1 -1 -1 1 -1 -1 1 -1 -1 1 -1 1 -1 1 1 1 -1 1 1 1 1 -1 -1 1 1 -1 1 -1 1 1 1 -1 1 -1 1 -1 1 -1 -1 1 -1 1 1 1 -1 1 -1 -1 1 -1 -1 1 -1 1 -1 -1 
1 -1 -1 -1 1 -1 1 -1 -1 -1 1 -1 -1 1 -1 1 1 1 -1 1 -1 1 1 1 -1 1 -1 1 1 -1 1 -1 -1 1 -1 -1 -1 1 -1 1 -1 -1 -1 -1 1 -1 -1 1 1 1 -1 1 1 -1 -1 1 1 -1 -1 1 -1 1 -1 1 1 -1 1 -1 1 1 1 1 -1 1 1 1 -1 -1 -1 1 -1 1 1 -1 1 1 1 1 1 -1 1 -1 -1 1 1 1 1 1 1 -1 -1 1 1 1 1 -1 -1 -1 1 -1 -1 1 1 1 1 -1 -1 -1 1 1 1 1 -1 1 1 1 -1 1 
1 -1 -1 1 1 -1 1 -1 -1 -1 -1 -1 1 1 1 -1 1 -1 -1 -1 -1 1 -1 -1 1 -1 1 -1 1 -1 -1 -1 -1 -1 1 1 -1 1 1 -1 -1 1 -1 1 1 1 -1 -1 1 -1 1 -1 1 1 -1 1 -1 1 -1 -1 1 -1 -1 1 -1 -1 -1 -1 -1 -1 1 1 -1 1 1 -1 -1 -1 1 1 -1 -1 1 1 -1 1 -1 -1 1 1 1 1 -1 1 -1 -1 -1 1 -1 -1 1 1 -1 1 -1 -1 -1 1 -1 1 -1 1 1 -1 -1 -1 -1 1 1 -1 1 1 1 1 1 1 1 1 
-1 1 1 -1 1 1 -1 -1 1 1 -1 -1 -1 1 1 1 -1 1 1 1 1 1 -1 -1 -1 1 -1 -1 1 1 -1 1 -1 1 -1 -1 1 1 1 -1 -1 1 -1 1 1 -1 -1 -1 1 -1 -1 1 1 1 1 1 1 1 -1 -1 -1 -1 -1 1 -1 1 1 -1 1 1 -1 1 -1 1 1 1 1 -1 -1 -1 1 -1 -1 1 1 -1 -1 -1 -1 -1 -1 1 1 1 1 -1 -1 1 -1 -1 1 1 -1 -1 1 1 -1 -1 -1 1 1 -1 1 -1 -1 1 -1 1 -1 1 -1 1 1 -1 1 -1 1 1 
1 1 -1 -1 -1 -1 -1 -1 1 -1 -1 -1 1 -1 1 1 -1 1 1 1 1 1 -1 1 -1 -1 -1 1 -1 1 1 1 -1 1 1 -1 1 -1 1 1 1 -1 -1 1 -1 1 -1 -1 -1 1 -1 1 -1 -1 1 -1 1 -1 1 1 1 1 1 1 1 -1 1 -1 -1 -1 -1 1 -1 1 -1 1 -1 -1 1 -1 1 1 1 1 -1 1 -1 -1 1 1 -1 1 1 -1 1 -1 1 -1 1 -1 -1 -1 1 -1 1 1 -1 1 -1 -1 -1 -1 1 1 -1 1 -1 -1 1 1 1 1 -1 -1 1 -1 1 -1 
1 1 -1 -1 -1 1 -1 1 -1 -1 -1 1 -1 -1 1 -1 1 -1 -1 1 1 1 1 1 -1 -1 1 1 -1 1 -1 1 1 -1 1 -1 1 -1 -1 1 -1 -1 1 1 -1 1 -1 -1 -1 -1 -1 -1 1 1 1 1 1 1 -1 1 1 -1 -1 1 1 -1 1 1 1 1 1 1 -1 1 1 -1 1 1 1 -1 -1 1 1 -1 1 -1 -1 1 -1 -1 -1 1 -1 1 -1 1 1 1 -1 -1 -1 -1 1 1 -1 1 1 1 -1 1 1 1 1 1 -1 -1 1 -1 -1 1 1 -1 1 -1 1 1 -1 -1 
-1 1 1 -1 -1 1 1 1 1 -1 -1 1 1 1 -1 1 -1 1 -1 1 1 -1 -1 -1 1 1 -1 1 -1 1 1 -1 1 -1 -1 1 1 -1 -1 1 1 -1 1 -1 1 -1 -1 1 -1 1 1 1 1 -1 -1 -1 1 1 1 -1 -1 -1 1 -1 -1 1 1 1 1 -1 1 -1 1 1 1 1 1 -1 1 1 1 1 1 -1 -1 1 -1 -1 1 -1 -1 1 -1 -1 1 1 1 1 1 -1 1 -1 -1 1 1 -1 1 1 -1 -1 1 -1 1 -1 1 1 1 1 1 -1 -1 -1 -1 -1 -1 -1 -1 -1 
-1 -1 -1 1 1 -1 -1 -1 -1 1 1 -1 -1 -1 -1 1 -1 -1 -1 1 1 -1 1 -1 -1 1 1 1 1 -1 1 -1 1 1 -1 -1 1 -1 1 1 1 1 1 1 1 -1 -1 1 1 -1 1 1 1 -1 -1 1 1 1 -1 -1 1 -1 1 1 1 1 1 1 1 1 -1 -1 -1 -1 -1 1 -1 1 1 -1 -1 1 1 1 -1 -1 -1 1 -1 1 -1 1 1 1 1 -1 1 -1 1 1 -1 1 1 1 -1 -1 1 1 1 -1 -1 -1 -1 -1 -1 1 1 -1 -1 1 1 1 -1 -1 1 -1 -1 -1 
-1 1 -1 -1 -1 1 -1 -1 -1 -1 1 1 1 -1 -1 1 1 1 1 -1 -1 -1 -1 -1 -1 1 -1 -1 1 -1 1 1 -1 -1 -1 -1 1 -1 -1 -1 1 1 -1 -1 -1 1 1 1 -1 1 1 1 1 1 -1 -1 1 -1 1 1 -1 -1 -1 -1 1 1 1 1 1 -1 -1 -1 1 1 1 1 -1 1 -1 -1 -1 -1 1 1 -1 1 -1 -1 -1 -1 -1 -1 -1 1 1 1 -1 -1 1 1 -1 -1 -1 1 1 1 1 1 1 1 1 1 -1 1 1 -1 -1 -1 -1 -1 1 1 -1 -1 -1 1 -1 1 
-1 -1 1 1 -1 -1 1 1 1 1 -1 1 1 -1 1 -1 -1 -1 1 -1 -1 1 -1 -1 -1 -1 1 1 -1 1 -1 -1 -1 1 -1 -1 1 -1 -1 1 -1 1 1 1 1 -1 -1 -1 1 1 1 1 -1 -1 1 1 -1 1 -1 -1 1 -1 1 -1 1 1 1 1 -1 1 1 -1 -1 -1 -1 1 1 1 1 1 1 -1 -1 -1 1 -1 -1 1 1 -1 -1 -1 1 -1 1 -1 -1 1 -1 1 1 -1 1 1 1 1 1 1 -1 -1 1 -1 -1 -1 1 -1 1 -1 1 1 1 1 -1 -1 -1 -1 -1 1 
-1 -1 1 1 1 -1 -1 1 -1 1 -1 -1 1 -1 -1 1 1 1 1 1 1 1 1 -1 1 1 -1 1 -1 -1 -1 -1 1 1 1 -1 1 1 -1 1 1 1 -1 1 1 -1 -1 1 1 -1 1 1 1 1 1 1 -1 1 1 1 1 -1 1 -1 1 -1 1 -1 1 -1 -1 -1 -1 -1 1 1 1 1 -1 1 1 1 1 1 -1 1 1 -1 1 1 -1 1 1 1 1 -1 -1 -1 1 1 -1 1 1 1 1 1 1 1 -1 -1 1 1 1 -1 -1 -1 -1 1 -1 -1 -1 1 -1 1 -1 1 1 -1 
-1 -1 -1 1 -1 1 -1 -1 1 -1 -1 -1 1 -1 1 1 1 -1 1 1 -1 1 -1 -1 -1 1 1 -1 1 1 -1 -1 1 -1 1 1 -1 -1 -1 1 -1 1 1 1 -1 1 1 -1 1 1 -1 -1 1 1 1 1 -1 -1 1 1 1 1 -1 -1 1 1 -1 -1 1 -1 1 1 1 1 -1 1 1 1 1 -1 -1 1 -1 -1 -1 -1 1 1 1 -1 1 1 1 -1 -1 1 -1 -1 -1 -1 1 -1 1 1 -1 1 1 -1 -1 1 1 -1 -1 1 -1 -1 -1 -1 1 -1 -1 -1 1 1 1 1 1 1 
-1 1 1 -1 1 1 1 1 1 -1 -1 -1 1 -1 1 -1 1 -1 1 1 1 -1 1 -1 1 1 1 1 -1 1 1 1 1 1 1 1 1 1 -1 1 1 -1 -1 1 1 1 -1 1 -1 1 1 -1 -1 1 -1 -1 -1 1 1 -1 1 1 1 1 1 -1 -1 -1 -1 -1 1 -1 1 1 -1 -1 1 1 -1 1 1 -1 -1 1 -1 1 1 -1 -1 -1 1 -1 -1 1 1 1 -1 -1 -1 -1 -1 1 1 1 -1 1 -1 -1 1 -1 -1 1 -1 -1 -1 1 -1 -1 -1 1 -1 1 -1 1 -1 -1 -1 -1 
1 -1 1 -1 1 1 1 -1 -1 1 -1 -1 1 1 1 -1 1 -1 -1 -1 1 -1 1 1 1 -1 1 -1 -1 1 -1 -1 1 1 1 1 -1 -1 1 1 1 1 1 -1 1 -1 1 -1 -1 1 -1 -1 -1 1 1 -1 -1 1 1 -1 -1 -1 -1 -1 -1 1 -1 1 -1 -1 1 1 1 1 -1 1 -1 1 1 1 1 -1 1 -1 -1 -1 1 -1 -1 1 1 -1 -1 -1 1 -1 -1 -1 1 -1 1 1 1 -1 -1 1 1 -1 1 1 -1 -1 1 1 1 -1 1 1 1 1 -1 -1 1 -1 1 1 1 1 
-1 1 -1 -1 1 -1 1 1 -1 1 -1 1 -1 -1 1 -1 -1 1 1 1 1 1 -1 -1 -1 1 1 -1 -1 1 1 1 -1 1 -1 -1 -1 1 -1 1 -1 1 -1 -1 1 1 -1 1 1 1 -1 1 -1 -1 1 1 -1 -1 1 -1 1 1 1 1 1 1 -1 1 -1 -1 1 1 1 1 -1 -1 -1 -1 1 -1 1 -1 -1 1 -1 -1 1 1 -1 1 -1 -1 1 1 -1 1 1 1 1 -1 -1 1 1 -1 -1 1 -1 -1 1 -1 -1 -1 -1 -1 -1 -1 -1 -1 -1 1 -1 -1 -1 1 1 -1 1 1 
1 -1 1 1 -1 1 -1 -1 1 -1 1 -1 -1 1 1 1 1 1 1 1 1 1 -1 1 -1 1 -1 -1 -1 -1 -1 1 -1 -1 -1 -1 1 1 1 1 1 -1 1 -1 1 1 -1 -1 -1 1 -1 -1 -1 1 1 -1 1 -1 1 -1 1 1 1 -1 1 1 -1 1 -1 1 -1 -1 -1 -1 -1 1 1 -1 -1 -1 1 -1 -1 -1 1 -1 1 -1 -1 -1 -1 -1 1 1 1 -1 -1 -1 -1 1 -1 -1 1 1 -1 1 -1 -1 -1 -1 1 1 -1 -1 -1 1 1 -1 1 1 -1 1 1 -1 1 -1 1 1 
-1 1 -1 1 -1 1 1 1 -1 1 -1 -1 1 -1 -1 -1 1 -1 1 1 1 -1 -1 1 1 -1 1 -1 -1 1 -1 -1 -1 1 -1 -1 -1 1 1 -1 1 1 -1 -1 1 1 1 1 1 1 -1 1 -1 -1 1 1 1 -1 1 1 1 -1 1 1 -1 1 1 1 1 1 1 -1 1 -1 1 1 -1 -1 1 1 1 -1 -1 -1 -1 -1 -1 -1 -1 -1 1 -1 -1 1 -1 -1 -1 1 -1 1 -1 1 1 1 1 1 -1 -1 1 -1 1 1 -1 1 -1 1 1 -1 1 -1 -1 -1 -1 1 1 1 1 -1 
-1 1 1 1 -1 1 1 -1 -1 -1 1 -1 1 -1 1 1 1 1 -1 -1 1 -1 -1 -1 -1 1 -1 1 1 -1 -1 -1 1 1 -1 -1 -1 -1 1 -1 1 -1 1 -1 -1 1 1 1 -1 -1 1 -1 1 1 1 1 1 1 1 -1 -1 -1 1 -1 1 1 -1 -1 1 1 1 1 -1 -1 1 -1 1 -1 -1 -1 1 1 -1 -1 -1 1 1 -1 -1 1 -1 1 1 1 1 1 1 1 1 -1 -1 -1 1 1 -1 1 -1 -1 -1 1 1 -1 1 -1 -1 -1 -1 1 1 -1 1 -1 1 -1 -1 -1 -1 1 
1 -1 -1 -1 -1 1 -1 1 1 -1 -1 1 -1 -1 -1 -1 1 -1 -1 -1 1 -1 -1 1 1 -1 -1 1 1 -1 1 -1 -1 1 1 1 1 1 1 1 -1 1 1 -1 -1 -1 1 1 1 -1 1 -1 -1 1 -1 1 -1 -1 1 -1 -1 -1 -1 -1 1 -1 1 1 1 1 1 1 1 -1 -1 -1 -1 -1 -1 1 1 -1 -1 1 -1 1 -1 -1 1 -1 1 -1 1 1 -1 1 -1 -1 1 1 -1 1 -1 1 -1 1 -1 -1 1 1 1 -1 -1 1 1 1 -1 -1 1 -1 1 -1 1 1 -1 -1 1 -1 
-1 1 -1 -1 1 1 -1 1 -1 1 -1 1 1 1 1 -1 1 1 1 1 1 -1 -1 -1 1 -1 1 -1 -1 -1 1 1 -1 -1 1 -1 1 1 -1 1 -1 1 -1 -1 -1 -1 1 1 1 -1 1 1 1 -1 -1 1 -1 -1 1 1 -1 1 -1 1 1 1 1 -1 1 -1 1 -1 1 1 -1 1 -1 -1 1 -1 1 1 1 -1 1 -1 -1 -1 1 1 1 1 1 1 -1 -1 -1 1 -1 -1 -1 -1 1 -1 1 -1 -1 -1 1 -1 -1 -1 1 -1 -1 1 -1 -1 -1 1 -1 1 -1 1 1 1 1 -1 
-1 -1 -1 -1 1 1 1 1 -1 -1 1 -1 1 -1 -1 1 -1 -1 -1 -1 -1 -1 1 -1 -1 1 -1 1 1 1 1 1 1 -1 1 1 1 1 1 -1 1 1 -1 1 1 1 -1 -1 -1 1 -1 -1 1 -1 1 1 -1 -1 1 -1 1 1 -1 -1 -1 1 -1 -1 1 1 -1 1 1 -1 -1 1 -1 1 -1 1 -1 -1 -1 -1 -1 -1 1 1 1 1 1 1 -1 1 -1 1 -1 1 1 1 -1 1 -1 -1 1 1 1 1 -1 -1 1 1 -1 -1 1 1 1 1 1 1 1 1 -1 1 -1 1 1 1 
1 -1 -1 1 1 -1 -1 1 1 -1 -1 -1 1 1 1 -1 -1 -1 -1 -1 -1 -1 1 1 1 -1 1 1 -1 -1 -1 -1 1 1 1 1 -1 -1 1 1 -1 -1 -1 1 1 1 -1 1 -1 1 -1 -1 1 -1 -1 1 1 -1 1 -1 -1 -1 1 1 -1 1 -1 -1 1 1 -1 1 1 1 1 1 1 1 1 -1 -1 1 1 1 -1 1 1 -1 -1 1 1 -1 -1 -1 -1 -1 -1 1 1 -1 1 -1 -1 -1 1 -1 -1 -1 -1 -1 1 -1 1 1 1 1 1 -1 -1 1 -1 1 -1 -1 -1 -1 -1 -1 
-1 1 -1 1 -1 -1 1 -1 -1 1 -1 -1 -1 1 1 -1 -1 -1 -1 1 1 -1 1 -1 1 -1 -1 -1 -1 -1 1 -1 -1 -1 1 1 -1 1 -1 1 1 1 -1 1 -1 -1 1 -1 1 -1 -1 1 1 1 -1 1 -1 1 -1 1 1 -1 -1 1 1 1 1 -1 -1 1 1 -1 -1 -1 -1 -1 1 -1 1 -1 1 -1 1 -1 1 -1 -1 1 1 -1 -1 -1 1 1 -1 -1 1 -1 1 -1 1 1 -1 1 1 1 1 -1 1 1 1 1 1 1 1 1 -1 1 1 -1 -1 -1 1 -1 -1 -1 -1 -1 
-1 -1 -1 -1 1 -1 1 -1 1 -1 1 -1 1 -1 1 1 1 -1 1 -1 1 -1 1 1 1 -1 1 1 -1 1 1 -1 -1 -1 1 1 1 -1 1 -1 -1 -1 -1 -1 1 1 -1 1 -1 1 1 -1 1 1 1 1 -1 -1 1 -1 1 1 -1 1 1 1 1 1 -1 1 -1 -1 1 -1 -1 -1 -1 -1 1 -1 1 1 1 1 1 -1 1 -1 1 -1 1 1 -1 -1 -1 1 1 1 1 -1 -1 -1 1 -1 1 1 1 1 -1 1 -1 1 -1 -1 1 -1 1 -1 -1 1 -1 -1 -1 1 -1 1 1 1 
-1 1 1 -1 1 1 -1 1 1 1 -1 1 -1 -1 1 1 1 -1 -1 1 1 -1 -1 1 -1 -1 1 1 -1 -1 1 -1 -1 1 -1 1 -1 -1 -1 -1 -1 -1 -1 1 -1 1 1 -1 -1 -1 -1 1 1 -1 1 1 1 -1 1 1 -1 1 1 1 -1 -1 1 1 -1 1 -1 1 -1 1 -1 -1 -1 1 -1 -1 1 -1 1 -1 1 1 -1 1 -1 -1 1 -1 -1 -1 -1 -1 1 -1 -1 -1 -1 -1 -1 -1 1 1 -1 1 1 1 1 -1 -1 -1 1 -1 1 1 1 1 -1 1 1 1 -1 -1 1 -1 
-1 1 -1 -1 1 -1 -1 -1 -1 -1 -1 1 1 1 -1 -1 -1 1 -1 1 1 1 1 1 1 -1 1 1 -1 -1 -1 1 1 1 1 -1 -1 -1 -1 1 1 -1 -1 -1 1 1 -1 -1 -1 -1 1 1 1 -1 1 1 -1 1 -1 -1 1 -1 1 -1 1 -1 -1 -1 1 -1 -1 -1 -1 -1 1 -1 -1 -1 1 -1 -1 1 1 1 1 1 1 -1 -1 -1 -1 -1 -1 1 1 -1 1 1 -1 -1 1 1 -1 -1 -1 1 1 -1 -1 1 -1 -1 1 1 1 -1 -1 1 1 1 1 -1 1 -1 -1 -1 1 1 
1 1 -1 1 1 -1 -1 -1 -1 1 1 1 -1 -1 -1 1 1 1 -1 1 1 -1 1 -1 1 -1 -1 -1 1 -1 -1 -1 1 -1 1 -1 -1 1 -1 1 -1 -1 1 -1 1 -1 -1 1 1 -1 1 1 -1 1 1 1 -1 -1 -1 1 1 1 -1 1 -1 1 -1 1 -1 1 -1 1 -1 -1 -1 -1 1 1 -1 -1 1 -1 -1 1 1 1 -1 -1 1 1 1 1 1 -1 1 -1 -1 1 -1 1 1 -1 -1 1 1 -1 1 -1 -1 -1 1 -1 1 1 1 -1 1 1 1 -1 1 -1 -1 -1 1 1 -1 1 
-1 1 1 -1 1 -1 -1 -1 1 -1 -1 -1 1 -1 -1 -1 -1 -1 -1 -1 1 1 1 -1 -1 1 -1 -1 1 1 1 -1 -1 1 1 1 -1 -1 1 -1 -1 -1 1 1 -1 -1 -1 1 -1 1 -1 -1 -1 1 -1 1 -1 -1 -1 1 1 -1 -1 -1 -1 -1 -1 -1 -1 1 1 1 1 1 1 -1 1 -1 -1 1 1 -1 1 -1 1 -1 1 1 -1 1 1 -1 -1 1 1 1 1 -1 1 1 -1 1 1 -1 1 -1 1 1 -1 -1 1 -1 1 1 -1 -1 -1 -1 -1 1 1 -1 1 1 1 -1 -1 -1 
1 1 1 1 1 1 -1 1 1 -1 1 -1 -1 -1 1 -1 -1 -1 1 -1 1 1 -1 -1 -1 1 1 1 1 1 -1 -1 1 -1 1 1 1 -1 -1 -1 1 -1 -1 1 1 1 1 -1 1 1 1 1 -1 1 1 1 -1 -1 1 1 1 -1 -1 -1 1 -1 1 -1 1 -1 1 -1 -1 1 -1 -1 -1 -1 -1 1 -1 1 -1 1 -1 -1 1 1 -1 -1 -1 1 1 -1 -1 -1 -1 1 -1 1 -1 -1 1 1 -1 1 -1 1 -1 -1 1 -1 1 1 -1 -1 -1 1 1 -1 1 -1 -1 -1 1 -1 -1 -1 
-1 -1 -1 -1 -1 -1 1 -1 1 1 1 1 1 -1 -1 1 -1 1 -1 1 -1 1 -1 -1 1 1 1 1 1 1 -1 -1 -1 1 -1 -1 -1 -1 -1 -1 -1 -1 -1 1 -1 -1 1 1 1 -1 -1 -1 -1 -1 -1 1 1 1 1 -1 1 1 -1 1 -1 1 -1 -1 1 1 1 -1 -1 -1 -1 -1 -1 1 1 1 -1 1 1 -1 -1 1 -1 -1 1 1 1 -1 1 -1 -1 -1 1 -1 -1 1 -1 1 1 -1 -1 -1 1 1 1 1 -1 -1 1 1 1 1 -1 -1 -1 -1 1 -1 -1 1 1 -1 -1 1 
-1 1 1 -1 -1 1 1 1 -1 1 1 -1 -1 1 1 -1 -1 -1 -1 1 -1 -1 1 -1 1 -1 1 -1 -1 1 -1 1 -1 1 1 1 -1 1 -1 -1 -1 -1 1 1 -1 -1 -1 -1 -1 -1 -1 -1 -1 1 -1 -1 1 -1 -1 1 -1 1 -1 1 -1 -1 1 -1 -1 1 -1 -1 1 1 -1 -1 1 -1 1 1 1 -1 -1 -1 -1 1 1 -1 1 1 1 1 1 -1 -1 1 1 -1 -1 -1 -1 -1 -1 -1 1 -1 1 1 1 1 1 -1 1 -1 1 1 1 1 -1 1 1 -1 -1 -1 1 -1 1 -1 
-1 1 -1 -1 1 -1 -1 1 -1 -1 1 1 1 1 -1 -1 -1 -1 1 1 -1 -1 1 1 1 -1 -1 1 -1 1 1 -1 -1 1 1 -1 1 -1 1 -1 1 1 -1 -1 -1 -1 1 1 -1 1 -1 -1 1 1 1 -1 -1 -1 1 1 1 1 -1 -1 -1 -1 -1 -1 -1 -1 1 1 1 -1 -1 1 -1 1 1 1 1 -1 1 1 -1 1 1 -1 1 1 -1 -1 -1 1 1 -1 -1 -1 -1 1 -1 -1 -1 1 -1 1 -1 1 -1 -1 1 1 -1 1 1 -1 1 -1 -1 -1 -1 1 -1 1 1 -1 1 -1 
-1 -1 -1 -1 1 1 1 1 -1 -1 1 1 1 1 -1 1 -1 1 -1 -1 1 1 1 1 1 -1 -1 -1 -1 1 -1 1 1 1 -1 1 1 1 1 1 -1 1 1 -1 -1 1 1 1 -1 1 -1 1 1 -1 -1 -1 1 1 -1 1 -1 1 1 1 1 1 1 -1 -1 1 1 -1 -1 -1 -1 -1 1 -1 1 1 -1 -1 1 -1 -1 1 -1 1 -1 1 -1 1 1 -1 -1 1 1 -1 -1 1 -1 1 -1 -1 1 -1 -1 -1 -1 1 -1 1 1 1 1 -1 1 1 1 -1 1 -1 -1 1 -1 1 1 1 
-1 -1 1 1 1 1 1 -1 1 1 -1 1 -1 1 -1 1 1 1 1 1 1 -1 1 -1 -1 -1 1 1 1 -1 -1 1 -1 -1 -1 -1 1 1 1 1 1 -1 1 -1 -1 1 1 1 1 -1 1 1 1 1 -1 1 -1 1 1 1 -1 -1 1 1 -1 -1 1 -1 1 1 1 -1 -1 1 1 -1 1 1 1 -1 -1 1 -1 -1 -1 1 -1 1 1 1 -1 1 -1 -1 -1 1 -1 1 -1 1 -1 -1 1 1 -1 1 1 -1 -1 -1 -1 1 -1 -1 1 -1 -1 -1 1 1 -1 1 1 1 -1 -1 -1 -1 
-1 1 -1 -1 1 1 1 1 1 1 -1 1 1 -1 1 1 -1 -1 -1 -1 -1 1 1 -1 1 -1 1 -1 1 -1 1 1 -1 -1 -1 1 -1 1 1 -1 1 1 -1 1 1 -1 -1 1 1 -1 -1 -1 -1 1 1 1 -1 -1 1 -1 1 1 1 -1 1 -1 1 1 -1 1 -1 1 -1 1 1 1 1 1 1 1 -1 1 -1 -1 1 -1 1 -1 -1 -1 1 -1 -1 -1 -1 1 -1 -1 -1 -1 -1 1 1 1 1 -1 1 -1 1 -1 -1 1 1 1 -1 -1 1 -1 -1 1 1 -1 1 -1 1 1 -1 -1 
-1 -1 1 -1 1 -1 -1 1 1 -1 1 1 -1 -1 1 -1 1 -1 -1 1 1 1 -1 -1 -1 -1 -1 1 1 1 -1 1 1 -1 1 -1 -1 -1 1 1 1 1 -1 1 1 1 1 -1 -1 1 1 1 -1 1 1 -1 -1 1 1 -1 1 -1 1 1 -1 1 1 1 1 1 -1 1 1 -1 1 -1 1 -1 -1 -1 -1 -1 -1 -1 1 1 1 -1 -1 -1 1 -1 -1 -1 1 1 -1 -1 1 -1 -1 1 1 1 1 -1 1 -1 -1 -1 -1 1 1 -1 -1 1 1 -1 1 -1 -1 -1 1 1 1 1 1 -1 
-1 1 -1 1 1 1 -1 1 -1 -1 -1 1 1 -1 1 1 1 -1 1 -1 1 -1 -1 1 1 1 -1 -1 1 1 1 -1 1 1 -1 -1 -1 -1 -1 -1 -1 1 -1 -1 -1 1 -1 -1 1 -1 -1 1 -1 -1 1 -1 -1 -1 1 1 1 -1 -1 -1 1 1 -1 1 -1 -1 1 1 -1 1 -1 -1 1 1 -1 1 -1 -1 1 -1 -1 -1 1 -1 -1 1 -1 1 1 1 1 -1 -1 -1 1 1 -1 1 -1 -1 -1 -1 -1 -1 -1 1 -1 1 1 1 -1 -1 -1 1 -1 1 1 1 -1 1 1 1 -1 -1 
-1 1 -1 1 1 1 -1 1 1 1 -1 -1 -1 -1 -1 1 1 1 1 -1 1 -1 -1 1 -1 -1 -1 -1 1 -1 1 1 -1 -1 -1 -1 1 -1 1 1 1 1 1 -1 1 -1 1 1 1 1 1 -1 1 -1 -1 1 -1 -1 1 1 1 -1 -1 1 1 1 1 -1 -1 -1 -1 -1 -1 1 -1 -1 1 -1 -1 -1 -1 1 1 1 1 -1 1 -1 1 1 -1 1 -1 -1 -1 -1 1 -1 1 -1 1 -1 -1 1 -1 -1 -1 -1 1 1 -1 -1 1 1 1 -1 1 1 -1 -1 1 1 -1 1 -1 1 -1 -1 
1 -1 -1 1 1 -1 -1 1 1 -1 1 -1 -1 1 1 -1 1 1 -1 1 -1 -1 -1 1 -1 -1 1 -1 -1 -1 1 -1 1 -1 -1 1 -1 -1 -1 -1 1 -1 -1 -1 -1 -1 1 1 1 1 1 -1 -1 -1 -1 1 -1 -1 -1 -1 1 1 1 -1 1 1 -1 -1 1 -1 -1 -1 -1 1 -1 1 1 -1 1 1 1 -1 1 -1 1 1 -1 1 -1 -1 -1 -1 1 -1 -1 -1 -1 -1 -1 1 -1 -1 1 1 1 -1 1 1 -1 -1 1 1 -1 1 -1 1 -1 -1 -1 -1 1 1 -1 -1 -1 -1 1 -1 
1 1 1 -1 1 1 1 1 -1 1 -1 1 1 -1 1 1 1 -1 1 -1 -1 1 1 1 1 1 1 -1 -1 -1 1 -1 -1 1 -1 1 -1 1 -1 -1 1 -1 -1 -1 -1 1 -1 1 -1 -1 1 1 1 -1 1 1 -1 -1 -1 1 1 -1 -1 1 -1 1 1 1 -1 1 -1 -1 1 1 -1 -1 1 1 -1 1 1 1 1 -1 -1 -1 1 -1 -1 -1 -1 -1 -1 -1 1 1 1 -1 1 -1 -1 1 -1 1 1 1 -1 1 -1 -1 1 1 -1 1 1 1 -1 1 -1 -1 1 1 -1 1 1 -1 1 1 
-1 1 1 -1 1 -1 -1 -1 -1 1 -1 -1 -1 1 1 1 -1 -1 1 1 -1 1 1 1 -1 -1 1 1 1 -1 1 1 1 -1 1 -1 1 1 1 -1 -1 -1 1 -1 -1 -1 1 -1 -1 -1 -1 -1 1 1 1 -1 -1 -1 -1 -1 -1 -1 -1 -1 -1 -1 1 1 1 1 -1 -1 -1 -1 1 1 -1 1 -1 1 -1 -1 -1 -1 -1 1 1 1 1 -1 1 1 1 -1 -1 1 -1 1 -1 -1 -1 1 1 1 1 1 -1 1 -1 1 1 -1 1 -1 -1 1 1 1 1 -1 1 -1 1 1 -1 1 -1 -1 
-1 1 1 -1 -1 1 1 -1 1 -1 -1 1 1 1 1 1 1 1 1 1 1 -1 1 -1 1 -1 1 1 -1 -1 -1 -1 1 -1 -1 -1 1 -1 -1 1 -1 1 -1 1 1 -1 -1 1 1 1 1 -1 1 1 -1 -1 1 -1 1 1 -1 1 1 -1 -1 1 -1 -1 1 -1 1 -1 1 -1 -1 -1 -1 -1 -1 -1 1 1 -1 -1 1 1 -1 -1 -1 -1 -1 -1 -1 -1 -1 -1 1 -1 -1 -1 1 1 -1 -1 1 1 -1 -1 1 -1 1 -1 -1 1 -1 -1 -1 -1 1 1 -1 1 1 1 -1 -1 -1 1 
-1 -1 -1 1 1 1 -1 -1 -1 1 1 -1 -1 1 -1 1 -1 -1 1 -1 1 -1 -1 1 -1 -1 -1 1 -1 1 1 -1 -1 -1 1 1 -1 -1 1 1 1 1 -1 1 -1 1 1 -1 -1 1 1 1 -1 -1 -1 -1 -1 -1 -1 1 1 1 1 -1 -1 -1 1 -1 -1 1 -1 1 1 1 -1 1 -1 1 -1 1 -1 1 -1 -1 1 -1 1 -1 1 -1 -1 1 -1 1 1 1 -1 -1 1 1 1 1 1 1 -1 -1 1 1 -1 -1 -1 -1 1 1 -1 -1 1 1 -1 1 -1 1 -1 -1 1 -1 -1 -1 
1 1 -1 1 1 -1 -1 1 -1 -1 1 -1 -1 1 1 1 -1 1 -1 -1 -1 -1 1 -1 -1 1 -1 -1 1 1 -1 1 -1 -1 -1 -1 -1 1 1 -1 -1 1 1 1 1 1 1 -1 1 -1 -1 -1 -1 -1 1 -1 -1 1 1 1 1 -1 -1 1 1 -1 1 -1 1 1 1 1 1 1 1 1 1 -1 1 -1 -1 -1 1 -1 -1 -1 1 1 1 -1 -1 -1 1 1 1 -1 -1 1 -1 1 -1 1 1 -1 1 1 1 1 1 -1 -1 1 1 -1 -1 1 -1 1 1 1 1 -1 1 -1 1 1 1 1 
-1 -1 -1 1 1 1 1 1 -1 -1 -1 1 1 1 1 1 -1 -1 1 -1 1 1 -1 1 1 -1 -1 1 -1 1 -1 1 -1 1 -1 1 -1 -1 -1 1 -1 -1 1 -1 -1 -1 1 1 -1 -1 -1 -1 1 1 -1 1 1 1 -1 -1 1 1 -1 -1 1 1 1 1 1 1 1 1 -1 -1 1 1 1 1 -1 -1 -1 1 -1 -1 -1 1 -1 1 -1 -1 1 -1 1 1 1 -1 1 1 1 1 -1 1 -1 -1 -1 1 -1 1 -1 -1 1 -1 1 1 -1 1 -1 -1 1 1 -1 1 1 -1 1 1 1 -1 
-1 -1 -1 -1 -1 1 1 1 -1 1 1 1 -1 -1 -1 1 -1 -1 -1 -1 -1 1 1 1 -1 1 -1 -1 1 -1 -1 1 1 -1 -1 -1 1 -1 -1 -1 -1 1 1 -1 -1 1 1 1 1 1 1 -1 -1 -1 1 1 -1 1 1 1 1 -1 1 1 -1 1 -1 1 1 1 -1 -1 -1 -1 -1 1 -1 -1 1 1 1 1 1 1 -1 1 1 -1 -1 1 -1 1 -1 1 1 -1 -1 1 1 1 1 -1 1 -1 1 -1 -1 -1 1 1 -1 1 1 1 1 1 1 -1 -1 -1 1 -1 -1 -1 1 -1 1 -1 
1 -1 -1 1 1 -1 -1 1 1 1 1 -1 -1 -1 1 -1 -1 -1 -1 1 -1 1 1 1 1 1 -1 1 1 -1 1 1 -1 1 1 -1 -1 -1 1 -1 1 -1 -1 1 1 -1 1 -1 1 1 -1 1 -1 -1 -1 1 -1 1 -1 -1 -1 -1 1 1 1 -1 -1 1 1 1 1 1 1 1 1 1 1 1 -1 1 -1 1 1 1 1 -1 -1 1 -1 -1 1 -1 1 -1 -1 -1 -1 -1 1 1 1 -1 1 1 -1 1 -1 -1 1 -1 1 1 1 -1 1 -1 -1 -1 1 -1 -1 -1 -1 1 -1 -1 1 -1 
-1 -1 -1 -1 1 -1 1 1 -1 -1 -1 1 1 -1 1 -1 1 1 1 -1 1 1 1 -1 1 -1 -1 1 -1 1 1 1 -1 1 -1 1 1 1 1 1 1 1 -1 -1 -1 1 -1 -1 -1 -1 -1 -1 1 -1 1 1 1 -1 1 1 -1 -1 -1 -1 1 1 1 1 1 1 1 -1 1 -1 -1 -1 -1 -1 -1 1 -1 1 1 -1 1 1 1 -1 1 1 -1 -1 1 1 1 -1 -1 1 -1 -1 -1 1 1 -1 -1 -1 -1 -1 -1 -1 1 1 1 1 1 1 -1 1 1 -1 1 -1 -1 1 1 1 -1 1 
-1 -1 1 -1 1 -1 1 -1 -1 1 1 1 -1 -1 1 -1 1 -1 1 1 -1 1 -1 -1 1 -1 1 1 -1 -1 -1 -1 -1 1 1 1 -1 1 1 -1 1 -1 1 1 -1 1 1 -1 1 1 -1 1 1 1 -1 1 -1 1 1 -1 -1 1 -1 1 1 1 1 1 1 1 -1 -1 -1 -1 -1 -1 -1 -1 -1 1 -1 -1 1 1 -1 -1 1 1 1 1 1 -1 -1 -1 -1 -1 -1 1 1 1 -1 1 1 1 -1 -1 -1 1 1 -1 -1 -1 -1 1 1 -1 1 1 -1 1 -1 1 1 -1 1 1 1 -1 
-1 -1 1 -1 1 -1 -1 1 -1 1 1 -1 -1 1 1 1 -1 -1 -1 -1 -1 -1 -1 1 1 -1 1 1 -1 1 1 1 1 1 -1 1 -1 1 -1 -1 1 1 1 -1 1 -1 -1 -1 -1 -1 -1 1 1 1 1 -1 1 -1 1 1 1 -1 -1 -1 -1 -1 1 1 -1 -1 -1 1 1 1 -1 1 -1 1 1 -1 -1 1 -1 1 -1 -1 -1 -1 1 1 -1 -1 -1 1 -1 -1 1 -1 -1 -1 1 -1 1 -1 1 1 -1 1 -1 1 -1 1 -1 -1 1 1 -1 -1 -1 1 -1 1 -1 -1 -1 -1 -1 -1 
1 1 -1 -1 -1 1 1 -1 -1 1 -1 -1 -1 -1 -1 -1 -1 1 -1 1 1 1 -1 1 1 1 1 -1 -1 1 -1 -1 -1 1 -1 1 1 -1 -1 -1 1 1 -1 -1 -1 1 1 1 1 -1 -1 1 -1 -1 1 -1 -1 -1 1 -1 -1 1 1 -1 1 -1 -1 1 -1 -1 1 -1 1 -1 -1 -1 1 1 -1 -1 -1 1 1 1 1 -1 -1 -1 1 1 -1 1 -1 -1 -1 1 1 -1 -1 1 -1 -1 -1 -1 1 -1 -1 -1 1 -1 1 -1 1 1 1 1 -1 -1 -1 1 -1 -1 1 -1 -1 1 -1 1 
-1 -1 -1 1 1 1 -1 -1 -1 -1 1 -1 -1 1 1 1 1 -1 1 -1 -1 -1 -1 -1 -1 1 -1 1 -1 -1 -1 1 1 -1 1 -1 1 -1 1 -1 -1 -1 -1 1 -1 1 1 -1 1 1 -1 1 -1 -1 1 -1 -1 1 -1 -1 -1 -1 1 -1 1 1 -1 1 1 1 1 -1 -1 -1 1 1 1 1 -1 1 1 1 -1 1 -1 1 1 1 -1 1 1 -1 -1 -1 -1 -1 -1 1 1 1 1 -1 -1 1 -1 1 1 -1 -1 1 1 -1 1 -1 -1 -1 1 1 1 -1 1 -1 -1 1 -1 -1 1 1 
-1 1 -1 1 1 1 1 1 -1 1 -1 -1 1 1 1 -1 -1 1 1 1 1 -1 1 1 1 1 -1 -1 1 -1 1 1 -1 -1 -1 -1 -1 1 1 1 -1 -1 1 -1 1 1 -1 -1 -1 1 -1 1 -1 -1 -1 -1 1 -1 -1 1 1 1 -1 -1 1 -1 -1 1 -1 1 -1 1 -1 -1 1 1 -1 -1 -1 1 -1 1 1 -1 -1 -1 -1 -1 -1 -1 1 1 1 1 1 1 -1 1 1 -1 -1 -1 1 -1 1 1 1 -1 1 -1 -1 -1 1 1 -1 -1 -1 -1 1 -1 1 1 1 1 1 -1 -1 1 
1 -1 1 -1 1 1 -1 1 1 -1 1 1 -1 -1 1 1 -1 -1 -1 -1 1 1 -1 -1 1 1 -1 -1 -1 1 1 1 -1 1 1 1 -1 1 -1 1 1 1 -1 1 1 1 1 1 1 -1 -1 -1 -1 1 -1 -1 1 1 -1 -1 1 1 1 1 1 1 -1 -1 -1 1 -1 -1 1 -1 -1 -1 1 -1 1 -1 1 1 -1 -1 1 1 1 1 1 1 -1 1 -1 1 1 1 1 -1 -1 1 -1 1 1 1 1 1 1 -1 -1 1 1 1 1 1 -1 -1 -1 -1 1 -1 1 1 -1 1 1 -1 1 1 
-1 1 1 1 -1 1 -1 1 -1 1 -1 1 -1 -1 1 -1 1 1 1 -1 1 1 -1 -1 -1 1 1 -1 -1 -1 1 1 -1 -1 1 1 -1 -1 1 -1 -1 -1 -1 -1 1 -1 -1 -1 1 -1 1 1 1 1 -1 1 -1 -1 -1 1 1 -1 -1 1 1 -1 -1 1 -1 -1 1 -1 1 -1 -1 1 -1 1 -1 -1 1 1 -1 -1 1 1 1 1 1 -1 1 1 -1 1 -1 1 1 1 1 -1 1 1 -1 1 1 -1 1 1 -1 1 -1 1 1 1 1 -1 -1 1 -1 -1 1 1 -1 -1 1 -1 1 1 
-1 -1 -1 1 1 1 -1 -1 -1 -1 -1 -1 -1 1 -1 1 -1 1 -1 -1 1 1 1 1 1 1 1 1 -1 -1 -1 1 -1 -1 -1 -1 -1 1 -1 1 1 1 -1 1 1 -1 -1 1 -1 1 1 -1 1 -1 1 1 1 1 -1 1 1 -1 -1 -1 -1 1 -1 1 1 -1 -1 -1 1 -1 -1 -1 -1 1 -1 1 1 1 1 1 1 1 -1 -1 1 1 1 1 1 -1 -1 -1 1 -1 1 -1 -1 -1 -1 -1 1 1 1 1 1 1 -1 -1 -1 1 -1 -1 1 -1 -1 -1 -1 -1 -1 1 1 1 1 1 
-1 1 1 1 -1 1 -1 -1 1 1 -1 1 -1 1 -1 1 1 1 1 1 1 1 1 -1 -1 -1 -1 -1 -1 -1 -1 1 -1 1 -1 -1 1 -1 -1 1 -1 1 1 1 -1 1 1 -1 1 1 1 1 1 1 1 1 1 1 -1 1 -1 -1 1 1 -1 1 1 -1 -1 -1 -1 1 -1 -1 1 1 -1 1 1 1 1 1 -1 -1 -1 -1 -1 -1 1 1 -1 -1 -1 -1 1 -1 -1 1 1 1 -1 -1 1 1 1 -1 1 -1 1 1 -1 -1 -1 -1 -1 1 1 1 1 1 -1 -1 1 -1 1 -1 -1 1 
-1 -1 -1 1 1 1 1 1 1 1 -1 1 -1 -1 -1 -1 1 -1 1 1 -1 1 -1 1 1 -1 1 1 -1 1 -1 1 1 1 -1 1 -1 1 1 -1 -1 1 1 -1 1 1 1 -1 1 -1 1 -1 -1 1 1 1 -1 -1 1 -1 -1 -1 -1 -1 1 1 1 -1 1 -1 -1 -1 1 -1 1 1 -1 -1 -1 1 1 -1 1 1 -1 1 -1 -1 -1 1 1 1 -1 1 1 -1 1 -1 -1 1 -1 1 -1 -1 1 -1 -1 1 -1 -1 1 -1 -1 -1 1 1 -1 1 1 -1 1 1 -1 1 1 1 -1 -1 
1 -1 -1 -1 1 1 1 -1 -1 1 1 -1 -1 -1 -1 -1 1 -1 1 -1 1 -1 1 1 1 1 1 1 -1 -1 -1 -1 -1 1 -1 -1 1 1 -1 -1 -1 1 -1 -1 1 -1 1 1 1 -1 1 -1 1 1 -1 -1 1 -1 1 1 -1 1 1 -1 -1 1 -1 -1 -1 1 -1 -1 1 -1 -1 -1 1 -1 -1 1 -1 1 -1 1 1 1 -1 1 -1 1 -1 1 -1 -1 -1 1 1 -1 1 1 -1 1 1 -1 -1 -1 1 1 -1 -1 1 -1 -1 1 -1 1 1 -1 1 1 -1 1 -1 1 1 -1 -1 -1 
1 -1 -1 -1 -1 1 -1 -1 1 -1 -1 1 -1 1 1 -1 1 1 1 1 1 1 -1 -1 -1 -1 -1 1 1 1 -1 -1 1 -1 -1 -1 -1 1 -1 1 1 -1 -1 1 1 1 -1 1 -1 1 -1 -1 -1 1 1 -1 1 -1 1 -1 1 1 -1 1 -1 1 -1 -1 1 -1 1 -1 1 -1 1 1 1 1 -1 1 -1 1 -1 1 1 1 -1 1 -1 -1 -1 1 1 -1 1 -1 -1 -1 -1 1 1 -1 1 1 -1 1 1 -1 -1 -1 1 1 1 -1 -1 1 1 1 -1 -1 1 -1 1 1 1 -1 -1 1 
-1 -1 -1 -1 -1 -1 1 -1 1 1 -1 -1 1 1 1 -1 1 -1 1 -1 -1 -1 -1 -1 -1 -1 -1 -1 -1 1 1 -1 -1 -1 1 -1 1 -1 -1 1 -1 -1 1 -1 1 1 -1 -1 -1 -1 -1 -1 1 -1 1 1 1 1 1 -1 1 -1 1 1 1 -1 1 -1 1 -1 -1 1 1 1 1 -1 -1 -1 1 1 1 -1 1 1 1 -1 1 -1 -1 1 -1 -1 1 1 -1 1 -1 -1 -1 -1 1 1 1 1 -1 -1 -1 1 1 1 -1 -1 -1 -1 -1 1 -1 1 -1 -1 -1 1 -1 -1 1 -1 1 1 
1 -1 -1 1 -1 -1 1 -1 1 1 1 1 -1 1 1 1 1 -1 1 1 -1 1 1 1 1 1 1 -1 -1 -1 1 -1 1 1 -1 -1 1 -1 -1 1 -1 -1 -1 1 1 -1 -1 -1 -1 1 1 -1 -1 1 1 1 1 1 1 1 1 1 -1 1 1 -1 1 1 1 -1 -1 -1 -1 -1 -1 -1 1 1 -1 1 -1 -1 -1 -1 1 1 1 1 1 1 -1 1 -1 1 -1 1 1 1 1 1 -1 -1 1 -1 1 -1 1 -1 -1 -1 1 1 1 1 -1 -1 1 -1 1 -1 -1 1 -1 -1 -1 1 -1 -1 
1 1 1 1 -1 -1 -1 -1 1 -1 -1 -1 1 1 1 -1 -1 -1 -1 1 1 1 -1 1 1 -1 -1 -1 -1 1 -1 -1 -1 1 1 1 -1 -1 -1 1 1 1 -1 -1 -1 1 -1 1 1 -1 -1 -1 1 -1 -1 -1 1 1 -1 -1 1 1 1 1 -1 -1 1 1 1 1 -1 1 -1 -1 1 -1 -1 -1 1 1 1 -1 -1 1 -1 -1 -1 -1 -1 -1 1 -1 1 -1 -1 1 1 1 1 -1 1 1 -1 1 -1 -1 -1 1 1 -1 -1 1 1 1 -1 -1 1 1 -1 1 1 1 1 1 -1 1 -1 1 
-1 1 -1 -1 -1 1 1 -1 1 1 -1 -1 -1 -1 1 1 1 -1 1 1 1 -1 -1 -1 -1 1 -1 1 1 1 1 1 1 1 -1 -1 -1 1 -1 -1 1 1 1 -1 1 1 -1 1 -1 1 1 1 -1 1 -1 1 1 1 -1 -1 -1 1 1 -1 1 -1 -1 -1 -1 -1 1 -1 1 -1 1 -1 1 1 -1 -1 -1 1 -1 1 1 -1 1 -1 -1 -1 -1 -1 1 1 1 -1 -1 -1 -1 1 1 -1 1 1 -1 -1 -1 1 -1 1 -1 1 -1 -1 -1 1 -1 -1 1 -1 -1 1 1 -1 1 1 -1 -1 
1 1 -1 -1 -1 1 -1 -1 -1 1 -1 -1 -1 1 1 -1 -1 1 1 -1 -1 -1 -1 1 1 -1 -1 -1 -1 1 -1 1 -1 1 -1 -1 1 -1 -1 -1 -1 -1 1 -1 1 1 -1 1 -1 -1 1 1 -1 1 -1 -1 1 1 -1 1 1 1 -1 -1 -1 -1 -1 -1 -1 1 1 1 -1 1 -1 1 -1 1 1 1 -1 -1 1 1 -1 -1 1 -1 1 -1 1 1 1 -1 1 1 1 -1 1 1 1 -1 -1 -1 -1 1 1 -1 -1 -1 1 1 1 -1 1 -1 1 1 1 -1 -1 1 -1 1 1 -1 1 -1 
1 -1 1 -1 1 -1 -1 -1 -1 -1 -1 1 1 1 -1 1 1 1 -1 -1 1 1 1 -1 -1 -1 -1 -1 1 -1 -1 -1 -1 1 -1 -1 1 1 -1 1 -1 -1 1 1 1 -1 -1 1 -1 1 -1 -1 -1 -1 1 1 -1 1 -1 -1 1 1 1 1 1 -1 1 -1 -1 -1 1 -1 1 1 1 1 -1 -1 1 -1 -1 -1 -1 -1 -1 1 1 1 1 1 1 -1 -1 1 1 1 -1 -1 1 -1 -1 1 1 1 1 -1 1 1 -1 -1 -1 1 1 1 1 1 1 1 1 1 -1 -1 1 1 1 1 1 1 
-1 -1 1 -1 1 1 1 1 -1 1 -1 -1 1 1 -1 1 -1 -1 1 1 -1 -1 1 -1 -1 1 1 -1 1 -1 1 -1 -1 -1 -1 -1 -1 -1 -1 1 -1 -1 -1 1 -1 -1 -1 1 -1 -1 -1 1 1 -1 -1 -1 1 -1 1 1 1 1 -1 -1 1 -1 -1 1 -1 1 1 -1 1 -1 -1 1 -1 -1 1 1 -1 -1 1 -1 -1 1 -1 -1 -1 -1 -1 1 -1 1 1 1 1 -1 -1 1 -1 -1 1 1 -1 -1 1 1 -1 1 -1 -1 -1 -1 1 -1 1 -1 -1 -1 1 1 1 -1 1 1 1 1 
1 1 -1 -1 1 1 1 1 1 1 -1 1 -1 -1 1 -1 1 -1 1 -1 -1 1 1 -1 1 -1 -1 1 -1 1 -1 1 1 -1 1 1 -1 -1 -1 1 -1 1 -1 1 -1 -1 1 -1 1 1 -1 -1 1 -1 -1 -1 1 1 1 -1 -1 1 1 1 -1 -1 -1 -1 -1 1 1 -1 1 1 1 1 -1 1 1 1 -1 -1 1 1 1 -1 -1 -1 -1 1 1 1 -1 -1 1 -1 -1 1 1 -1 -1 -1 1 1 1 1 -1 1 -1 -1 1 -1 1 1 1 -1 -1 -1 -1 1 -1 -1 -1 1 1 1 -1 -1 
1 -1 -1 1 -1 1 -1 -1 1 1 1 -1 1 -1 1 -1 -1 -1 -1 -1 -1 1 1 1 1 -1 -1 1 1 1 -1 -1 -1 1 -1 -1 -1 -1 -1 1 1 1 1 -1 -1 -1 -1 1 1 1 1 -1 -1 1 -1 1 1 -1 -1 -1 1 1 1 -1 -1 -1 -1 1 1 -1 1 -1 1 1 1 -1 1 -1 -1 1 -1 -1 1 -1 1 1 -1 -1 1 -1 -1 1 -1 -1 -1 -1 -1 -1 1 -1 1 -1 1 -1 -1 -1 1 -1 -1 1 1 1 1 1 1 1 -1 -1 1 1 -1 1 -1 -1 1 1 -1 -1 