16
65 14 26 23 5 3 47 2 34 76 41 7 58 12 78 96 
3 30 35 25 56 46 99 98 73 40 90 77 52 30 81 33 
27 50 26 22 30 63 82 26 19 96 54 1 13 65 71 67 
19 56 26 84 59 63 45 64 68 6 88 2 25 47 45 5 
2 62 34 25 85 33 57 39 75 77 24 92 90 58 1 21 
65 94 74 81 88 51 46 33 21 46 23 81 36 25 35 48 
19 43 98 65 12 79 85 29 93 1 63 41 90 21 86 71 
16 7 63 80 94 74 40 79 77 57 65 81 39 8 98 9 
10 59 61 97 50 14 54 59 75 36 93 9 79 75 82 18 
6 38 53 61 19 97 92 36 3 73 30 74 3 22 84 72 
93 100 5 32 45 32 69 83 61 75 21 94 94 73 2 18 
88 66 44 92 86 56 53 30 81 16 24 46 47 96 100 97 
47 52 26 12 88 59 46 78 11 85 92 53 96 92 54 30 
70 7 41 21 51 84 91 47 14 29 3 21 78 37 82 47 
28 58 27 58 91 16 62 36 37 59 47 73 96 60 75 42 
73 76 8 42 45 24 14 53 96 49 8 91 73 10 66 33 
1 -1 -1 -1 -1 -1 -1 1 -1 1 1 -1 -1 1 -1 1 
-1 -1 -1 1 -1 -1 -1 1 1 -1 1 1 -1 -1 -1 1 
-1 -1 -1 -1 -1 -1 1 1 -1 1 1 -1 1 1 1 -1 
-1 1 -1 1 1 1 -1 1 1 -1 1 1 1 1 1 1 
-1 -1 -1 1 1 1 -1 1 -1 1 -1 -1 1 -1 -1 -1 
-1 -1 -1 1 1 -1 1 -1 1 1 1 -1 -1 -1 -1 1 
-1 -1 1 -1 -1 1 1 -1 -1 1 1 -1 -1 1 -1 -1 
1 1 1 1 1 -1 -1 1 -1 -1 1 -1 -1 -1 1 -1 
-1 1 -1 1 -1 1 -1 -1 1 -1 1 1 1 -1 -1 -1 
1 -1 1 -1 1 1 1 -1 -1 -1 1 -1 1 -1 1 1 
1 1 1 1 -1 1 1 1 1 1 1 1 1 -1 1 1 
-1 1 -1 1 -1 -1 -1 -1 1 -1 1 1 -1 -1 -1 1 
-1 -1 1 1 1 -1 -1 -1 1 1 1 -1 -1 1 -1 1 
1 -1 1 1 -1 -1 1 -1 -1 -1 -1 -1 1 -1 1 -1 
-1 -1 1 1 -1 -1 -1 1 -1 1 1 -1 -1 1 -1 -1 
1 1 -1 1 -1 1 -1 -1 -1 1 1 1 1 -1 -1 -1 