32 -32 32 370 6118
88 93 23 97 17 23 54 77 61 89 98 83 98 14 97 46 93 37 18 53 11 73 59 97 36 38 86 36 16 27 14 51 
3 52 45 44 93 39 14 21 65 43 12 16 7 48 94 71 78 20 1 36 36 97 16 82 79 61 68 80 56 86 46 27 
25 68 62 26 61 87 66 42 22 2 100 17 41 78 52 50 97 28 37 33 15 97 17 19 88 13 2 44 9 36 67 2 
47 68 81 74 23 26 67 92 15 82 42 8 61 53 87 5 96 59 79 23 48 95 59 88 97 16 58 55 86 64 69 11 
44 89 24 45 72 10 70 73 90 31 38 10 22 86 74 83 27 19 78 7 16 14 30 38 69 47 29 36 75 55 93 95 
45 77 62 28 48 82 21 56 54 25 32 96 77 56 70 43 16 72 15 77 58 3 82 88 88 30 89 45 30 32 71 79 
85 77 4 79 34 24 85 61 42 33 17 19 33 55 40 73 71 63 33 8 71 98 90 73 41 83 90 34 27 11 17 78 
13 83 48 48 56 67 15 72 49 65 95 52 51 36 19 88 58 75 43 17 78 36 9 57 3 43 48 39 92 16 12 93 
11 26 77 60 17 7 62 70 41 4 4 14 48 83 88 60 67 59 84 85 55 15 93 24 22 24 41 15 38 63 8 41 
12 68 87 74 95 40 55 69 60 16 15 68 59 23 45 54 12 72 53 14 100 76 55 45 45 97 72 99 46 70 90 41 
47 3 29 87 74 60 82 76 96 42 89 2 37 3 50 33 76 34 82 75 11 3 38 52 26 39 27 84 7 32 60 50 
65 65 60 34 33 90 76 39 31 78 83 7 54 56 1 19 23 82 65 26 65 89 12 17 32 97 77 66 83 10 100 10 
51 9 76 73 33 50 7 51 38 4 67 98 6 28 45 69 40 67 97 79 43 30 89 51 35 22 68 24 27 19 92 90 
41 72 40 1 50 35 73 1 97 69 63 47 77 68 22 5 88 55 43 15 56 82 85 69 72 51 33 28 29 74 31 28 
50 6 13 55 39 81 6 52 76 54 100 89 97 9 99 3 72 93 3 17 93 85 33 96 70 49 99 25 17 61 87 48 
72 51 87 3 45 99 82 21 83 18 93 67 74 84 95 45 94 11 3 69 36 8 30 1 32 47 43 58 11 40 96 69 
44 83 16 80 45 34 47 11 27 73 88 48 42 34 31 98 3 44 63 93 51 57 62 6 74 39 88 43 36 59 15 15 
47 62 21 45 83 100 70 88 99 40 76 26 85 83 91 6 48 5 74 31 54 25 83 47 34 19 67 52 89 89 21 9 
64 88 86 14 20 98 45 64 25 84 34 68 11 22 59 58 93 96 69 85 32 68 90 63 74 87 86 39 74 41 28 17 
70 53 77 64 13 84 77 24 54 25 67 82 53 28 73 36 42 57 17 49 70 86 32 58 23 67 93 26 70 33 88 53 
50 49 89 10 14 79 49 98 47 59 9 69 54 67 92 15 10 57 38 88 18 97 2 56 79 78 98 73 57 74 25 49 
24 92 41 66 12 17 44 96 53 38 80 50 84 82 55 64 94 44 22 43 23 46 69 39 65 35 34 61 86 87 3 19 
76 45 85 36 100 83 82 51 25 83 98 82 29 91 73 23 67 17 56 76 23 81 47 21 12 29 84 10 26 87 74 35 
7 77 18 85 82 43 3 16 29 8 84 89 24 31 92 20 35 97 64 67 4 23 47 9 63 55 42 77 6 88 60 37 
72 84 96 45 2 90 98 17 27 99 39 54 79 95 35 43 37 100 36 61 86 74 96 25 29 88 99 59 55 46 20 4 
16 91 36 80 7 38 52 8 36 61 87 77 29 62 99 88 79 68 22 55 89 85 61 97 65 92 35 54 67 82 28 88 
83 71 89 25 2 73 90 77 29 67 62 33 33 15 9 21 52 43 32 34 71 61 4 49 12 68 74 2 57 93 81 96 
96 72 33 82 2 99 90 41 22 8 24 11 94 10 8 2 7 100 81 5 98 18 3 41 4 37 99 25 86 16 43 79 
98 26 25 2 75 87 84 82 39 57 51 64 43 55 33 97 13 18 77 33 62 25 18 69 26 13 76 1 60 59 73 49 
37 58 38 93 68 72 74 81 54 66 33 91 95 4 98 58 8 57 52 77 22 28 78 98 78 38 42 60 28 47 65 80 
98 19 78 71 21 92 23 75 75 86 97 86 7 14 24 86 65 58 88 27 56 5 21 67 28 30 1 60 60 7 40 4 
77 48 10 77 21 59 95 14 32 47 55 96 59 75 84 16 55 93 41 17 68 30 26 24 96 98 33 12 82 7 12 89 
1 1 1 -1 -1 -1 1 -1 1 1 1 -1 1 -1 1 1 -1 1 1 1 1 -1 -1 1 1 1 1 -1 1 1 1 1 
1 -1 1 -1 -1 -1 -1 -1 1 1 1 -1 1 -1 -1 -1 -1 -1 1 -1 -1 -1 1 -1 -1 -1 -1 1 1 1 -1 -1 
1 1 -1 1 1 1 1 -1 -1 1 -1 -1 -1 -1 1 -1 -1 -1 1 1 -1 1 1 1 1 -1 1 -1 1 -1 1 1 
-1 -1 1 -1 1 -1 1 -1 -1 -1 -1 1 -1 -1 -1 1 1 -1 1 -1 -1 1 1 -1 1 -1 -1 -1 1 -1 -1 1 
-1 -1 1 1 -1 -1 1 -1 -1 -1 -1 1 -1 -1 -1 1 1 -1 1 1 1 -1 -1 -1 1 1 1 -1 -1 -1 1 -1 
-1 -1 1 -1 -1 1 -1 1 1 1 -1 -1 1 -1 -1 -1 -1 -1 -1 -1 1 1 -1 -1 1 1 1 -1 1 1 -1 -1 
1 -1 1 1 1 -1 -1 1 -1 -1 1 -1 1 1 -1 1 1 -1 -1 -1 1 1 1 1 1 1 -1 1 -1 -1 1 1 
-1 -1 -1 -1 -1 1 1 1 -1 -1 -1 -1 1 1 1 1 -1 1 -1 1 1 1 1 -1 -1 -1 -1 1 1 1 -1 1 
1 1 -1 -1 -1 1 -1 -1 -1 -1 1 -1 1 1 -1 1 1 -1 -1 1 -1 1 1 1 1 -1 -1 -1 1 1 1 1 
1 1 1 -1 -1 1 -1 -1 -1 1 -1 -1 -1 1 1 -1 1 1 1 -1 1 1 -1 -1 1 1 1 -1 -1 -1 1 -1 
1 1 -1 -1 -1 -1 1 -1 1 -1 1 1 -1 1 1 -1 1 1 1 1 1 1 1 -1 -1 1 -1 1 1 1 -1 -1 
-1 -1 -1 1 1 -1 -1 -1 -1 -1 1 1 -1 -1 -1 1 -1 1 -1 -1 -1 1 -1 1 1 -1 -1 1 -1 -1 1 -1 
1 1 -1 -1 -1 1 1 1 1 -1 -1 -1 1 -1 -1 -1 1 -1 -1 -1 1 1 -1 -1 1 1 -1 1 -1 -1 1 -1 
-1 -1 -1 -1 -1 -1 1 1 1 1 1 -1 -1 1 -1 1 1 1 1 -1 -1 -1 -1 1 -1 1 -1 1 -1 1 1 -1 
1 -1 1 -1 -1 -1 -1 1 -1 1 1 -1 -1 -1 -1 -1 1 1 1 -1 -1 1 -1 -1 -1 -1 -1 1 1 -1 -1 -1 
1 -1 -1 1 1 -1 1 1 1 -1 -1 1 -1 1 -1 -1 1 1 -1 -1 1 1 1 -1 1 -1 1 -1 -1 -1 -1 1 
-1 -1 -1 1 1 -1 1 -1 1 1 1 -1 1 1 1 1 -1 -1 1 -1 -1 1 1 -1 1 1 1 1 1 -1 1 -1 
1 -1 -1 -1 -1 -1 -1 1 -1 1 1 1 -1 1 1 1 -1 1 1 -1 1 1 -1 -1 -1 -1 -1 -1 1 1 1 1 
1 1 1 1 1 -1 -1 -1 -1 1 1 -1 -1 1 1 -1 1 1 -1 -1 1 1 1 -1 1 -1 1 -1 1 1 1 1 
1 -1 1 -1 1 -1 -1 1 1 -1 1 -1 -1 -1 -1 -1 -1 -1 -1 1 -1 1 1 1 1 1 1 -1 -1 -1 1 1 
1 -1 -1 -1 1 1 1 1 -1 1 1 -1 1 -1 -1 1 -1 1 1 -1 1 1 -1 -1 1 -1 1 1 1 -1 -1 1 
-1 -1 1 1 -1 1 1 1 1 1 1 1 1 -1 1 1 1 1 1 1 1 -1 -1 -1 -1 1 -1 -1 -1 -1 -1 1 
-1 1 1 1 -1 -1 1 1 1 -1 1 -1 -1 -1 -1 1 1 -1 1 1 -1 -1 1 -1 -1 -1 -1 -1 1 1 -1 -1 
1 -1 1 -1 -1 -1 1 -1 1 -1 -1 1 -1 1 -1 -1 -1 -1 -1 1 -1 -1 -1 1 1 1 -1 -1 1 -1 -1 1 
1 -1 1 1 1 1 1 -1 1 1 -1 1 1 -1 -1 1 1 -1 1 1 1 -1 -1 1 1 1 1 -1 -1 1 -1 -1 
1 -1 -1 -1 1 1 1 -1 -1 1 1 -1 1 1 -1 -1 1 -1 -1 1 -1 1 -1 1 1 1 -1 1 -1 -1 1 1 
1 -1 1 -1 1 1 -1 -1 -1 1 -1 -1 -1 -1 -1 1 1 -1 1 1 1 -1 -1 -1 1 -1 1 1 1 -1 -1 -1 
-1 1 -1 -1 -1 -1 1 1 -1 -1 1 1 1 1 1 -1 1 -1 -1 -1 1 -1 -1 -1 -1 1 1 -1 -1 1 -1 1 
1 1 1 1 -1 1 -1 1 1 -1 1 -1 -1 -1 1 -1 1 1 1 -1 1 -1 1 1 -1 -1 1 -1 1 1 -1 -1 
1 1 -1 -1 -1 1 -1 1 1 -1 1 -1 -1 1 -1 -1 -1 1 1 -1 -1 -1 1 -1 1 -1 -1 1 1 -1 1 1 
1 -1 1 -1 1 -1 1 -1 1 1 -1 1 1 1 -1 -1 1 1 1 1 -1 -1 -1 -1 -1 1 -1 -1 -1 1 1 1 
1 -1 1 1 -1 -1 1 1 1 -1 -1 -1 -1 -1 -1 1 -1 1 1 1 1 1 -1 1 -1 1 -1 1 -1 1 1 1 