16
47 37 81 79 29 70 94 50 69 29 59 51 48 23 72 100 
74 6 36 26 78 57 43 89 18 27 67 81 70 50 40 24 
79 79 92 82 27 94 7 36 77 12 33 13 73 87 94 7 
15 71 94 13 50 35 71 16 90 11 41 76 19 72 56 28 
29 75 39 57 97 3 92 10 72 41 11 25 95 67 47 18 
25 88 96 71 74 79 25 97 29 65 18 83 80 97 52 2 
43 61 50 14 81 22 68 31 59 87 22 15 56 49 34 69 
57 77 85 99 35 36 6 73 15 32 9 6 44 80 58 31 
37 39 6 30 18 95 21 100 55 100 12 59 33 95 49 21 
17 51 98 52 32 53 69 94 55 94 26 67 10 55 66 91 
3 36 87 9 24 95 6 8 84 23 80 80 39 24 88 66 
69 93 90 61 5 96 5 4 15 21 56 70 37 98 22 78 
61 90 100 68 26 33 26 85 89 59 21 68 22 26 31 30 
87 60 80 39 72 81 95 28 45 96 61 56 88 98 40 93 
59 11 97 64 36 9 100 64 34 93 17 67 36 44 38 92 
82 21 47 45 84 23 29 4 77 89 16 96 46 13 35 78 
-1 1 -1 1 -1 1 1 1 -1 1 -1 -1 1 1 -1 -1 
1 1 1 -1 -1 1 -1 1 1 -1 -1 1 1 -1 -1 1 
-1 1 -1 1 -1 -1 -1 1 -1 1 1 1 -1 -1 -1 -1 
1 -1 1 1 -1 1 1 -1 1 -1 1 -1 1 1 -1 -1 
-1 -1 -1 -1 -1 -1 -1 1 1 -1 1 -1 1 -1 1 -1 
1 1 -1 1 -1 -1 -1 1 -1 1 1 -1 -1 -1 1 1 
1 -1 -1 1 -1 -1 1 1 1 -1 1 1 1 -1 1 1 
1 1 1 -1 1 1 1 1 -1 -1 1 -1 1 -1 -1 -1 
-1 1 -1 1 1 -1 1 -1 1 -1 -1 -1 1 -1 -1 1 
1 -1 1 -1 -1 1 -1 -1 -1 -1 1 -1 -1 -1 -1 1 
-1 -1 1 1 1 1 1 1 -1 1 1 -1 -1 1 -1 1 
-1 1 1 -1 -1 -1 1 -1 -1 -1 -1 1 -1 1 1 1 
1 1 -1 1 1 -1 1 1 1 -1 -1 -1 1 1 1 -1 
1 -1 -1 1 -1 -1 -1 -1 -1 -1 1 1 1 1 -1 -1 
-1 -1 -1 -1 1 1 1 -1 -1 -1 -1 1 1 -1 -1 1 
-1 1 -1 -1 -1 1 1 -1 1 1 1 1 -1 -1 1 1 