16
3 28 34 87 15 63 32 13 26 83 7 21 95 61 20 6 
88 13 65 78 44 18 77 5 50 8 73 65 97 32 87 22 
78 93 85 81 18 66 71 6 87 44 32 13 67 41 98 25 
47 55 26 96 63 86 25 63 78 83 64 80 89 73 54 65 
52 29 75 54 19 32 44 24 94 8 35 54 86 7 51 87 
86 37 50 85 93 53 50 7 79 26 90 43 60 46 11 94 
70 9 85 63 68 75 98 86 83 64 28 61 30 29 14 76 
31 89 72 100 31 63 17 1 35 1 88 51 42 74 46 16 
56 76 93 53 76 59 21 34 27 49 49 60 48 57 36 37 
11 58 29 85 10 88 64 19 72 88 37 15 41 23 80 1 
71 79 33 26 14 89 25 92 80 85 8 19 83 75 54 91 
59 70 43 66 31 12 83 32 93 7 4 57 56 87 56 49 
1 65 94 86 35 72 41 16 68 49 24 76 62 12 32 16 
28 8 60 6 49 34 18 31 61 76 78 89 57 91 37 35 
34 92 92 90 1 13 73 50 85 63 47 43 65 30 1 98 
15 55 32 63 13 71 14 60 50 30 59 24 97 22 46 19 
1 -1 1 1 -1 -1 -1 -1 1 -1 1 1 -1 -1 -1 1 
-1 -1 -1 -1 -1 -1 1 -1 1 -1 -1 -1 1 -1 1 1 
1 -1 1 -1 -1 -1 -1 -1 -1 -1 1 -1 1 1 -1 -1 
1 -1 -1 -1 -1 -1 -1 1 -1 -1 1 1 1 -1 -1 1 
-1 -1 -1 -1 -1 -1 -1 -1 -1 -1 -1 -1 1 -1 1 -1 
-1 -1 -1 -1 -1 1 -1 -1 -1 1 -1 1 1 1 1 1 
-1 1 -1 -1 -1 -1 -1 1 1 1 -1 -1 1 1 1 1 
-1 -1 -1 1 -1 -1 1 -1 1 1 1 -1 1 1 -1 -1 
1 1 -1 -1 -1 -1 1 1 1 -1 1 1 -1 -1 -1 -1 
-1 -1 -1 -1 -1 1 1 1 -1 -1 1 1 1 1 1 -1 
1 -1 1 1 -1 -1 -1 1 1 1 -1 1 1 1 -1 -1 
1 -1 -1 1 -1 1 -1 -1 1 1 1 1 -1 1 -1 -1 
-1 1 1 1 1 1 1 1 -1 1 1 -1 -1 -1 1 -1 
-1 -1 1 -1 -1 1 1 1 -1 1 1 1 -1 1 -1 1 
-1 1 -1 -1 1 1 1 -1 -1 1 -1 -1 1 -1 -1 -1 
1 1 -1 1 -1 1 1 -1 -1 -1 -1 -1 -1 1 -1 1 