128
25 46 13 27 81 67 34 39 54 85 56 20 78 49 5 87 27 41 83 36 3 93 88 18 7 16 7 46 23 45 17 58 5 25 86 2 80 100 35 81 39 22 67 7 97 62 17 8 52 5 70 4 74 66 100 87 36 74 46 100 37 32 83 50 21 16 84 59 25 11 86 18 86 63 72 47 90 34 1 30 23 11 80 37 2 49 47 97 34 45 34 74 57 46 85 6 43 40 77 78 85 31 67 92 29 37 69 24 14 47 67 22 42 46 46 8 31 97 63 99 76 16 39 30 63 73 10 91 
29 85 53 99 10 74 25 47 3 10 26 28 41 73 52 50 56 23 71 49 89 14 29 67 51 47 84 38 10 72 86 67 87 68 1 25 18 13 96 43 78 16 32 51 19 28 27 27 58 67 61 83 74 89 44 85 59 96 30 78 77 57 82 33 89 64 89 21 97 11 68 3 59 25 33 36 94 48 79 14 20 49 49 89 32 70 8 80 44 25 88 75 58 6 56 91 14 90 17 68 72 89 49 60 67 10 84 78 10 17 85 31 100 3 45 39 13 77 84 20 59 51 8 45 34 1 33 41 
98 91 45 99 14 44 67 59 58 39 68 14 19 2 49 4 31 52 57 40 87 50 34 55 36 30 56 22 12 8 43 54 34 57 17 48 85 55 74 33 77 34 60 66 53 74 41 100 47 37 17 24 29 46 72 30 27 37 53 82 70 5 44 71 51 32 58 93 96 54 47 41 50 20 66 11 9 66 34 53 70 5 91 58 13 50 25 64 85 43 7 14 7 85 86 83 57 37 20 44 50 93 10 12 25 46 60 86 48 91 100 73 64 68 79 50 33 50 77 76 100 43 70 15 37 50 30 35 
73 36 38 86 23 63 82 45 92 34 4 81 99 99 47 41 86 54 99 66 39 59 90 64 99 97 26 76 31 61 53 31 55 28 21 22 77 70 74 8 95 24 77 32 12 37 46 68 94 57 56 16 73 24 32 30 60 83 20 78 65 3 3 36 29 93 57 75 39 6 91 22 32 4 92 68 13 20 28 30 26 46 15 81 42 67 9 95 58 78 76 48 12 64 98 20 8 84 8 65 81 27 99 18 54 71 78 4 66 21 43 14 47 20 37 56 49 91 1 82 71 98 42 44 45 88 59 40 
84 90 95 8 26 29 25 53 45 37 11 6 72 29 63 54 98 48 24 90 1 19 72 91 77 94 27 50 19 48 78 47 75 74 50 4 11 58 15 95 25 97 79 57 78 15 57 18 81 2 62 71 62 13 6 76 58 83 85 59 70 11 56 54 11 4 59 12 73 87 45 25 36 4 34 85 96 28 83 18 87 62 11 7 96 3 7 24 78 63 69 29 52 19 47 68 21 100 89 51 66 56 85 26 8 1 98 92 66 40 57 17 92 61 79 62 40 13 35 85 79 64 42 46 13 48 50 48 
94 50 35 23 49 78 18 93 95 86 63 67 3 94 8 57 9 30 92 65 79 36 70 74 58 48 77 4 18 69 11 67 59 6 80 58 27 59 97 37 52 40 64 40 19 1 98 15 69 70 54 55 62 45 77 27 14 37 10 66 79 4 27 27 40 7 57 32 11 23 37 98 100 77 64 17 33 36 58 34 53 63 8 48 50 43 23 32 3 34 31 33 84 5 80 10 93 16 1 17 7 32 22 58 73 43 33 65 71 54 58 28 8 8 18 93 96 38 75 70 16 78 34 78 38 61 69 74 
12 39 15 78 41 73 91 82 71 85 21 82 86 43 35 99 89 22 81 76 23 51 39 44 37 90 47 71 32 97 1 45 99 82 27 48 4 99 99 43 30 15 66 32 38 63 96 4 75 29 94 34 64 29 99 82 88 73 48 13 88 86 79 60 83 26 4 33 49 63 72 98 33 39 3 47 5 81 44 91 15 36 85 4 86 30 83 49 37 64 50 93 95 63 80 93 11 58 11 50 55 18 87 63 60 69 99 90 65 13 15 14 73 28 99 50 26 10 18 54 64 78 59 28 9 86 58 75 
44 70 80 46 39 49 98 99 63 22 72 50 64 24 30 17 29 17 88 92 74 83 89 54 25 97 82 24 25 83 41 93 71 28 84 50 51 12 98 42 3 60 1 21 8 22 31 37 33 44 41 3 61 23 64 65 96 100 25 92 88 76 27 91 48 59 33 66 53 56 32 15 43 21 58 32 70 93 43 84 22 95 87 57 61 33 76 22 53 78 63 83 78 46 35 18 70 91 62 57 59 44 90 29 73 6 48 18 29 57 73 90 87 58 76 96 37 27 69 95 90 40 14 71 78 46 17 30 
2 16 61 50 18 36 93 14 70 90 99 58 81 66 97 23 76 18 2 22 88 97 12 80 61 33 25 17 52 25 81 68 58 46 56 92 22 47 20 3 66 25 92 31 29 48 19 70 31 18 39 95 38 89 10 34 93 1 3 81 53 49 34 60 4 10 30 89 12 28 38 43 59 100 47 76 41 4 84 81 97 5 60 7 52 81 22 60 94 45 3 74 6 33 71 27 37 12 49 2 35 73 70 2 54 11 24 41 50 80 89 56 34 5 8 92 74 57 88 46 54 92 87 23 75 87 46 20 
20 40 6 20 73 62 61 99 13 74 86 56 43 33 6 43 12 41 21 38 70 79 79 26 1 17 44 17 19 97 82 94 98 30 21 33 22 64 1 25 76 45 19 93 80 59 10 79 96 82 67 50 19 78 1 64 61 90 21 60 13 13 94 16 11 74 34 96 5 15 16 35 80 44 72 66 87 90 74 14 62 78 17 98 46 91 88 95 95 10 18 46 90 34 77 77 49 1 84 67 100 57 85 50 26 22 46 47 43 30 94 50 94 53 14 39 7 2 75 75 50 54 60 80 56 50 84 3 
10 71 70 78 58 58 4 78 95 18 75 10 33 15 43 38 3 73 26 83 6 22 47 17 43 58 14 27 70 31 44 91 62 79 27 54 94 29 62 25 5 14 44 80 52 27 15 96 97 29 28 73 58 100 78 49 37 26 85 56 57 70 2 18 49 25 71 82 72 23 76 72 83 24 87 5 3 21 48 6 65 27 66 3 27 93 42 52 29 60 86 73 35 17 71 65 78 50 28 35 98 33 98 33 13 80 19 91 79 98 80 55 12 75 82 67 1 31 32 40 51 65 50 32 67 57 7 86 
83 50 83 67 68 34 36 57 51 23 82 51 30 95 69 20 35 76 11 65 25 62 15 46 56 3 21 1 24 76 35 57 11 30 39 78 13 42 57 81 54 85 69 83 64 57 39 28 41 24 14 66 100 94 10 19 73 29 56 67 87 95 90 14 89 29 65 11 79 35 22 38 59 59 9 91 80 40 100 63 43 65 18 26 54 82 49 13 46 52 29 86 16 93 67 26 70 78 27 69 10 2 78 99 87 51 8 88 40 66 71 34 41 61 65 13 21 85 77 50 45 38 35 97 35 46 90 31 
30 48 53 79 93 61 43 80 20 66 16 37 78 80 59 62 24 39 30 47 86 34 4 73 97 49 62 22 60 28 34 52 83 19 13 84 59 61 43 44 47 18 43 44 11 56 37 85 73 70 62 19 5 4 14 14 80 80 38 39 57 96 86 18 52 75 94 39 40 58 97 63 64 40 61 34 41 55 56 2 99 64 96 17 22 37 18 95 47 12 25 19 12 86 63 58 50 9 38 78 49 14 82 91 27 88 59 86 46 87 54 32 87 11 55 36 97 5 93 61 71 53 90 13 38 73 68 24 
56 28 31 63 88 99 88 83 67 40 47 49 98 48 85 48 80 13 65 99 88 73 46 60 35 47 33 51 36 69 74 63 50 61 23 20 39 35 95 65 13 70 75 35 32 89 80 83 85 35 67 60 82 43 41 67 25 6 4 56 87 12 39 73 30 92 86 59 50 76 84 2 28 30 33 55 19 28 27 92 26 53 68 97 75 64 96 54 69 26 56 30 68 80 80 30 79 75 51 12 32 84 100 45 79 49 52 23 68 76 38 77 82 90 83 29 28 41 59 41 32 53 27 61 65 12 65 31 
67 24 69 87 93 77 59 11 25 99 27 37 9 13 70 43 14 36 18 34 97 85 71 63 95 62 25 68 30 73 85 26 50 72 100 95 50 53 24 10 100 2 77 78 88 78 74 53 71 13 18 75 33 55 15 74 94 12 23 80 38 13 33 96 75 15 62 64 16 53 85 38 39 42 70 78 52 86 11 25 96 90 44 79 33 39 65 98 31 15 16 24 94 31 79 99 65 15 3 34 75 70 79 64 36 53 17 56 4 55 98 60 20 42 72 63 96 92 87 30 66 28 15 40 73 29 49 70 
33 96 70 44 43 21 5 65 52 36 23 8 97 57 15 49 53 84 31 27 91 67 24 41 69 99 5 54 89 75 26 73 33 57 65 34 28 52 34 49 66 74 41 34 52 74 77 40 99 94 13 10 78 33 81 100 17 54 96 98 19 95 64 26 28 94 43 59 69 13 23 76 86 37 13 26 74 45 12 66 72 64 18 20 9 98 23 52 35 73 36 10 46 17 8 95 95 63 65 7 14 9 25 84 8 59 70 82 62 63 59 55 86 32 25 8 65 65 47 41 74 20 93 33 64 59 63 19 
78 26 4 52 3 70 55 43 24 92 73 16 91 11 77 43 60 48 99 72 98 16 96 76 6 74 66 11 60 64 87 65 25 72 38 3 36 14 79 71 20 37 99 12 88 40 55 31 9 86 54 55 86 84 62 67 45 69 26 66 15 69 98 28 56 88 76 80 55 3 62 94 13 59 59 34 85 69 58 51 62 91 62 13 86 78 91 6 68 76 60 56 31 13 92 58 83 96 71 5 70 50 57 89 39 78 25 21 81 90 11 49 26 34 73 7 87 70 55 50 65 61 58 3 37 43 38 29 
12 47 12 97 87 72 32 53 36 14 5 5 50 35 95 7 26 77 87 82 78 29 21 25 81 47 65 65 10 23 86 92 18 16 60 80 19 31 9 51 65 2 47 63 9 55 62 37 38 22 39 39 57 10 84 56 71 47 45 15 84 74 98 95 62 96 45 25 77 20 35 93 54 92 43 86 33 86 95 21 16 37 95 13 8 23 44 5 38 92 31 43 88 76 60 28 47 28 59 8 19 44 2 85 83 77 46 35 94 21 10 85 55 42 4 55 24 83 54 40 21 11 72 25 18 90 44 42 
46 59 2 18 6 34 92 95 37 67 37 58 90 98 25 65 84 82 21 50 34 34 100 59 19 36 23 32 17 9 81 87 77 28 64 31 35 16 11 43 50 37 69 1 24 7 40 83 30 95 39 29 59 61 22 2 95 83 49 10 61 45 16 13 81 10 28 99 71 12 53 80 59 37 25 72 73 96 34 62 43 99 21 20 93 45 9 28 75 43 29 27 36 96 84 66 38 88 51 10 25 60 40 49 90 58 5 34 10 77 22 16 69 22 21 90 40 66 33 8 27 25 33 42 42 69 67 59 
25 30 16 48 41 58 70 33 52 59 90 99 42 59 93 7 14 47 29 4 84 77 13 91 32 22 23 64 35 34 65 75 94 98 91 51 17 100 69 17 14 47 1 5 36 12 89 22 10 75 52 13 5 15 64 18 84 12 14 39 28 47 16 96 95 51 3 13 98 12 8 81 27 63 42 81 58 49 92 72 84 75 99 12 96 43 26 100 56 87 31 28 64 74 11 39 10 72 76 68 29 67 32 6 90 70 17 60 86 57 2 80 21 30 4 7 22 79 19 94 65 93 57 28 11 7 44 47 
98 89 66 8 57 84 80 79 29 90 25 8 56 28 60 1 59 80 39 35 93 61 80 74 17 94 19 87 54 12 27 54 20 71 57 53 30 35 100 45 82 80 73 98 2 71 34 66 76 61 92 98 98 38 75 71 47 72 12 80 90 8 87 9 16 6 38 15 70 73 51 31 92 23 91 68 89 69 80 61 5 42 46 69 96 8 98 88 80 12 69 64 91 69 50 66 44 60 19 38 68 62 90 2 23 60 6 51 24 46 7 37 70 44 76 32 31 56 3 70 32 51 30 91 32 23 26 17 
66 73 38 95 27 24 91 83 68 30 83 9 41 80 47 94 97 3 33 45 87 68 68 65 38 43 88 14 32 58 37 62 20 1 26 7 79 34 30 40 3 40 56 35 78 6 40 59 1 86 94 71 18 16 56 69 31 86 91 92 16 13 39 27 43 91 97 89 9 64 84 40 54 31 22 88 22 27 9 59 47 6 64 82 46 65 18 60 77 49 90 54 62 76 30 16 57 39 4 55 42 77 44 50 2 4 2 59 35 13 76 8 75 16 21 72 6 70 43 34 50 98 12 31 26 4 10 19 
76 53 76 71 61 20 2 74 19 30 94 58 65 98 37 50 64 37 21 1 49 45 65 86 100 24 83 64 93 77 83 77 38 32 46 92 96 66 96 51 96 6 36 17 40 59 44 16 78 36 52 98 30 76 78 39 48 71 92 26 61 89 17 100 74 33 1 77 93 44 72 31 3 89 98 76 9 93 46 2 20 20 63 32 43 86 5 94 58 42 57 31 55 17 51 48 73 38 32 43 17 30 27 96 7 27 6 11 2 87 93 20 76 24 72 26 12 78 83 91 99 97 3 17 2 7 65 55 
10 53 89 18 46 5 50 55 79 44 26 55 47 16 72 10 47 19 1 50 38 17 97 58 7 11 61 77 96 97 46 20 65 1 98 40 47 48 78 76 9 17 32 38 42 87 77 11 26 20 45 33 98 70 40 36 75 3 42 84 76 7 7 69 24 45 63 71 38 5 6 47 78 53 31 45 78 95 47 71 16 85 52 75 81 54 31 29 76 93 25 89 3 63 50 31 30 6 42 1 50 16 8 11 72 31 94 83 86 61 61 8 13 94 49 67 82 51 90 23 21 63 32 100 79 2 93 61 
92 89 34 57 68 63 4 28 31 5 15 80 28 74 24 76 34 54 37 69 27 59 70 56 86 30 53 86 13 58 1 12 31 56 39 41 86 95 72 67 77 92 54 75 74 99 36 79 95 18 83 57 66 81 12 66 73 71 93 89 3 54 35 81 17 60 73 100 10 82 6 96 63 75 63 47 94 26 63 66 92 24 92 41 53 51 47 38 60 87 37 47 25 22 70 20 92 87 82 69 61 76 70 3 46 44 21 60 67 73 83 8 75 14 68 74 81 41 73 96 35 50 17 61 26 76 33 81 
58 73 46 25 93 5 49 17 55 21 24 28 35 67 50 38 89 28 99 65 43 36 88 53 83 49 44 86 56 95 3 22 69 15 65 55 32 20 74 70 19 46 96 84 88 84 10 100 67 81 49 53 16 11 49 93 71 42 58 75 14 30 84 77 61 7 18 12 94 3 24 79 58 3 19 83 33 30 69 46 84 15 17 24 6 88 22 67 97 78 71 27 16 1 34 95 98 66 90 4 7 73 65 23 96 32 43 23 1 98 38 48 100 35 16 11 73 17 70 5 87 41 86 82 41 14 54 15 
57 91 4 63 57 27 96 8 11 81 75 91 43 86 11 83 46 35 20 15 56 8 12 58 46 35 95 29 57 9 56 28 83 91 6 41 45 80 13 70 73 37 96 86 57 3 70 94 27 52 94 24 54 92 19 93 49 5 60 55 24 62 90 88 91 33 95 9 81 51 88 1 36 96 22 98 12 76 37 5 10 8 74 73 19 4 63 67 60 10 84 42 39 26 20 7 95 17 26 100 62 99 6 86 32 94 22 6 6 81 40 90 31 62 37 25 24 80 15 8 9 20 98 66 93 83 25 64 
68 57 48 68 11 36 17 42 67 12 70 72 77 45 73 46 55 25 34 51 97 92 28 82 70 28 39 40 8 51 57 13 69 7 76 36 38 93 13 51 51 79 55 27 2 94 4 18 29 9 22 75 85 16 4 24 89 6 36 22 55 38 42 78 8 78 38 8 4 27 92 60 69 37 100 95 85 69 90 25 98 34 70 23 9 98 50 84 88 21 45 18 42 61 66 55 27 98 81 28 67 71 34 79 31 52 18 55 31 52 15 54 44 67 27 99 67 36 40 12 96 39 65 8 60 79 91 65 
27 5 24 5 77 14 56 42 84 62 18 45 4 20 57 23 25 58 42 73 36 75 75 34 77 60 48 53 22 5 97 65 69 10 77 95 58 44 34 63 79 50 84 64 63 91 100 53 35 41 28 45 64 27 11 25 82 67 72 88 40 47 74 55 15 4 17 100 29 59 86 7 92 47 12 28 4 88 82 10 16 22 19 15 77 71 39 39 78 71 71 79 53 21 5 10 20 26 85 45 22 11 38 23 97 39 20 66 86 53 55 72 97 24 59 64 17 95 93 54 27 31 21 55 28 67 62 4 
52 40 34 42 63 10 11 98 1 94 100 98 77 33 64 74 83 97 86 87 91 66 23 5 87 23 98 43 23 20 35 5 37 41 20 33 98 37 85 75 4 25 26 76 51 1 17 28 41 55 34 34 37 79 31 30 27 55 80 23 35 21 52 99 35 18 54 95 39 94 71 44 68 28 91 39 2 26 49 99 69 18 30 33 20 38 36 74 46 45 83 8 15 39 62 100 31 86 27 96 82 31 58 41 40 21 80 83 48 61 69 79 53 73 46 23 33 94 73 24 58 69 98 79 64 57 88 89 
30 14 60 98 91 66 22 39 97 46 45 4 76 39 74 91 64 19 85 65 71 89 94 20 28 99 27 55 43 86 70 19 44 50 71 82 95 41 76 21 88 88 69 56 91 47 45 50 9 85 69 58 90 94 99 86 17 6 98 26 62 69 57 59 22 18 91 85 58 93 13 49 74 69 32 17 76 10 73 8 35 66 85 19 56 64 37 34 4 3 2 31 22 65 93 32 72 23 75 78 91 47 64 43 20 47 99 82 25 20 55 61 89 26 68 74 51 100 34 67 69 94 22 34 83 16 5 82 
41 1 61 17 69 43 100 20 73 53 75 62 40 95 76 79 46 90 71 31 64 78 83 100 17 76 38 45 86 42 61 90 73 67 98 37 47 1 52 99 61 66 24 75 67 83 99 51 29 22 46 62 4 46 38 31 89 16 54 75 23 52 100 81 11 57 23 69 5 17 8 43 27 61 12 83 99 99 67 75 53 59 100 68 76 39 37 56 19 43 10 89 32 58 32 51 68 55 22 77 82 71 30 89 34 34 42 28 70 75 52 73 29 77 60 37 96 44 15 97 1 67 58 77 82 17 20 26 
81 58 17 23 81 40 25 63 69 29 98 28 78 2 88 76 46 3 12 50 53 64 84 90 39 36 84 86 52 69 24 76 78 97 9 33 89 53 36 3 34 99 44 89 30 98 30 98 9 9 29 15 86 3 18 7 11 68 100 77 64 25 41 70 57 96 35 61 68 52 89 51 6 34 94 58 89 48 4 75 80 75 83 19 89 5 72 30 28 66 98 57 57 5 30 27 87 41 48 52 51 21 43 93 70 36 38 85 15 42 14 17 90 46 15 38 22 67 14 22 32 54 68 74 31 46 97 10 
2 2 37 11 57 1 56 4 91 31 23 40 79 5 85 96 82 11 71 71 78 84 77 88 62 20 6 52 34 98 69 31 59 82 84 10 60 80 99 62 45 25 98 37 59 71 80 22 100 37 36 45 46 28 70 89 20 17 28 11 25 28 39 44 40 75 32 78 39 94 40 66 57 35 23 44 45 83 14 34 54 29 58 2 31 20 86 40 30 25 77 77 60 36 92 36 47 35 26 89 1 43 4 31 42 93 29 56 54 60 6 17 69 19 44 13 57 84 7 54 63 81 42 9 48 52 78 66 
30 63 19 41 55 15 85 57 32 38 94 19 25 62 16 12 99 82 42 11 22 52 7 74 57 69 92 49 53 55 9 85 57 1 52 13 53 25 17 73 76 43 8 1 37 29 77 17 85 63 26 34 7 25 26 88 10 4 83 99 94 84 49 11 62 28 80 25 94 78 6 47 19 45 5 59 36 61 64 12 8 51 20 32 93 33 60 66 94 99 53 63 58 78 10 7 42 63 37 87 40 12 60 83 54 41 31 95 95 24 62 1 17 75 66 45 29 98 96 34 60 16 90 67 36 44 44 47 
60 23 57 61 54 84 87 38 69 41 46 63 53 76 81 84 51 70 25 31 76 66 45 52 62 64 60 95 94 52 90 22 96 40 31 65 80 83 8 5 84 66 65 44 79 4 87 36 73 6 5 43 100 58 45 93 60 65 54 64 88 40 79 95 15 71 59 24 15 73 26 73 13 53 37 100 27 85 99 54 17 28 39 64 39 59 44 95 50 28 52 100 18 53 39 46 98 96 48 43 50 75 42 50 15 72 79 93 69 46 63 6 98 53 100 49 35 78 60 16 3 49 36 88 80 89 19 28 
93 88 44 77 41 48 66 47 50 16 77 85 70 12 91 94 42 84 27 1 68 71 13 56 99 33 34 10 63 40 28 70 2 7 92 55 87 46 61 48 19 67 28 21 93 37 83 94 63 78 94 56 81 85 67 33 43 62 99 11 55 30 61 47 86 49 39 86 60 35 81 24 94 58 77 57 72 56 3 85 4 42 100 47 35 13 19 62 22 68 41 90 46 33 78 44 68 68 51 4 89 24 68 47 12 43 95 77 67 53 63 43 51 66 56 49 68 81 43 10 70 29 66 62 34 67 60 42 
29 2 26 11 73 61 76 62 57 97 64 65 6 41 11 35 89 63 95 35 45 23 37 62 35 64 25 68 56 72 82 22 19 20 38 10 89 31 38 3 33 23 84 40 76 26 74 66 38 49 21 55 86 25 83 56 14 91 74 50 75 73 61 1 8 83 14 10 41 91 71 43 78 54 27 47 91 85 3 13 25 43 39 83 51 87 99 35 6 8 30 32 54 89 8 25 52 88 84 58 100 78 35 12 60 10 57 38 86 3 7 79 69 22 77 6 31 67 45 89 66 34 36 99 79 18 81 25 
19 89 73 80 81 41 55 96 11 50 20 56 31 54 70 37 74 40 2 26 22 48 63 82 94 38 27 20 67 10 31 15 42 66 41 37 35 36 63 74 69 76 96 73 98 29 40 13 20 28 7 63 11 31 35 34 39 27 42 30 50 91 25 87 61 68 53 2 28 52 79 25 33 84 95 1 33 48 3 98 40 53 4 93 85 39 1 2 94 75 52 44 5 32 37 19 2 26 3 96 73 85 61 62 34 82 95 51 12 15 78 13 54 77 54 6 47 80 64 78 48 40 4 98 87 64 2 85 
4 8 20 90 84 30 19 34 72 78 76 82 42 56 50 54 52 80 29 45 90 92 14 64 48 49 11 47 97 12 90 68 93 74 31 67 55 29 30 36 9 15 100 95 5 100 85 23 64 1 20 3 86 86 26 44 65 76 15 48 54 46 46 89 53 44 41 99 44 100 32 17 91 11 85 26 97 100 35 37 67 52 59 1 13 10 29 19 13 83 56 24 42 38 38 46 64 39 63 60 93 75 62 88 94 99 53 2 62 45 21 97 26 40 57 88 88 79 43 98 50 28 65 63 2 26 89 12 
35 4 84 69 41 74 30 20 82 30 67 68 29 24 72 72 36 7 21 38 4 80 38 59 18 2 19 27 50 72 84 66 86 65 72 95 53 86 44 70 29 63 19 62 66 4 69 5 39 93 67 70 87 39 79 48 89 7 2 53 67 26 10 52 4 3 14 88 84 90 56 24 60 29 53 27 35 40 73 82 47 6 43 28 28 71 79 72 12 36 69 59 15 100 74 73 64 98 59 6 53 60 18 50 30 1 87 45 68 79 31 55 84 64 7 47 21 11 46 25 37 15 24 18 92 46 37 88 
15 71 37 39 54 59 33 22 56 87 47 45 76 33 88 84 78 22 29 20 16 80 27 8 22 97 81 17 21 99 8 50 41 60 26 59 69 27 41 73 37 54 11 76 60 54 32 23 42 65 51 63 18 45 93 44 80 28 35 75 37 95 45 8 27 100 80 86 78 23 20 85 24 29 63 38 40 94 79 71 15 90 29 95 43 24 56 57 56 93 13 76 58 81 20 76 66 99 13 51 25 87 66 34 69 4 58 22 95 69 51 37 39 87 93 10 17 13 42 74 20 4 70 79 60 7 50 70 
88 86 95 39 58 12 19 60 19 97 10 24 68 2 63 18 90 14 19 42 58 75 18 26 33 23 83 55 6 76 91 23 69 52 12 50 77 6 44 83 90 83 11 98 40 63 85 50 23 10 7 18 39 25 63 60 87 38 70 49 20 38 17 38 85 67 83 61 85 25 32 20 30 42 75 76 76 71 44 92 52 91 16 28 93 30 96 7 75 59 93 57 90 24 48 74 42 87 25 37 13 40 34 93 61 40 43 49 11 16 8 19 90 9 68 10 7 9 33 64 39 66 29 17 95 86 69 77 
75 66 58 75 76 45 33 85 83 5 65 40 52 67 17 83 100 98 84 61 94 78 4 88 100 4 14 79 42 23 73 58 12 52 76 59 97 19 93 36 45 59 90 93 45 40 49 34 57 2 55 58 100 33 96 27 48 80 28 89 40 43 28 16 13 16 66 53 66 40 55 53 68 61 32 38 75 39 98 27 41 22 99 11 41 43 21 76 10 82 55 81 21 9 16 77 92 18 25 63 48 1 74 64 36 15 19 50 60 28 58 90 89 80 50 51 49 81 39 7 80 60 4 12 19 66 100 90 
50 90 65 20 9 22 77 20 21 10 20 78 28 71 33 34 85 94 20 37 78 81 11 70 44 38 28 85 84 81 34 93 5 63 31 62 86 66 15 39 31 28 79 18 37 96 21 14 94 65 16 23 55 85 97 91 38 78 34 32 84 97 4 41 83 77 4 4 79 63 47 31 88 91 39 49 7 19 7 92 59 77 4 95 57 23 45 28 18 93 85 65 1 71 87 92 16 72 59 29 19 84 58 59 4 28 37 26 1 61 41 45 8 53 53 21 37 24 74 51 62 22 92 91 16 88 75 71 
99 97 32 21 61 42 53 82 55 29 37 20 65 92 35 72 34 67 6 55 22 79 27 80 6 89 66 74 72 24 24 85 22 56 99 62 74 68 57 83 60 93 57 41 44 55 91 93 94 90 21 8 33 66 27 24 95 43 87 81 43 30 75 99 15 54 83 36 84 34 69 33 49 100 83 40 49 22 62 36 100 47 89 25 86 71 55 74 75 25 11 54 81 8 96 11 46 48 10 21 75 17 67 99 82 68 52 75 14 67 11 49 40 36 98 48 2 5 49 63 19 95 5 35 12 98 46 68 
42 1 46 79 81 19 11 26 22 7 30 87 50 44 6 94 60 53 6 49 19 26 73 81 51 4 77 62 49 47 14 12 63 32 39 40 1 68 71 2 31 42 26 100 57 22 16 100 20 64 52 8 70 53 6 67 31 70 84 57 67 82 59 59 61 13 16 43 45 6 24 30 2 70 94 67 99 83 18 24 22 77 57 61 22 60 55 2 99 42 69 20 4 26 84 1 11 78 68 74 7 14 44 97 32 41 37 56 85 41 35 4 30 5 19 30 13 49 78 32 30 84 13 66 18 49 4 95 
28 77 11 49 28 22 33 6 82 8 55 66 24 15 48 70 75 60 97 39 45 89 63 72 65 18 44 2 79 93 64 96 60 72 9 60 73 33 97 21 47 67 63 89 5 39 94 25 83 66 69 3 72 29 81 86 68 78 100 94 75 16 100 25 28 22 96 49 73 35 57 69 86 95 80 21 65 86 4 47 76 5 87 91 50 81 51 34 1 51 73 37 37 82 100 17 45 30 72 92 70 28 94 6 79 74 50 84 32 28 41 25 40 28 15 20 67 84 37 80 76 4 64 3 25 16 51 80 
70 94 71 73 79 70 11 81 15 16 48 13 96 92 17 45 42 76 91 27 39 17 54 49 53 62 79 61 11 67 90 37 95 95 45 38 88 75 74 74 11 48 50 87 2 99 87 90 28 68 63 69 68 98 7 50 67 11 50 99 52 79 48 77 2 24 100 52 26 32 58 5 84 94 63 67 54 64 7 47 22 37 57 15 27 57 22 55 38 61 41 36 96 8 41 50 83 74 48 21 63 1 11 88 65 11 9 5 31 91 75 78 73 37 18 84 30 67 66 27 50 88 23 88 52 60 55 23 
66 30 33 35 34 97 94 17 49 19 23 94 61 61 76 76 61 93 31 67 35 81 19 50 5 61 57 8 31 55 25 92 26 48 44 11 22 90 75 1 89 49 89 97 52 68 40 85 69 69 36 67 91 88 54 40 84 39 68 9 29 10 41 42 52 92 70 2 22 55 28 10 7 36 24 20 98 96 9 6 54 91 16 82 43 32 23 16 81 78 2 81 29 21 75 96 87 5 90 99 81 60 1 92 69 57 94 92 32 41 29 29 88 9 100 89 15 10 36 87 95 70 42 94 74 16 16 50 
12 42 91 22 35 88 16 72 60 68 70 10 67 40 72 27 41 27 59 34 17 84 45 10 71 26 16 35 67 74 53 76 98 61 92 96 86 87 67 42 4 1 79 41 66 41 87 41 16 58 47 27 10 28 85 18 39 65 63 4 19 42 47 26 90 84 26 60 32 88 61 26 11 40 100 24 2 28 71 21 49 43 71 70 47 9 73 5 58 26 65 99 26 44 73 65 54 63 38 33 41 4 80 17 89 63 2 8 87 21 22 64 49 34 99 19 3 66 3 41 31 23 56 69 78 32 82 18 
78 96 3 44 67 92 4 29 9 87 88 26 84 1 30 99 45 49 46 72 33 76 45 51 65 28 33 50 57 45 15 51 32 60 90 35 8 68 13 87 70 60 1 59 36 15 7 78 91 17 35 77 46 59 1 57 64 83 51 24 43 77 40 89 17 17 84 16 57 39 85 89 74 94 10 86 65 43 79 68 23 73 18 91 72 99 29 11 49 79 31 59 20 63 11 34 10 75 50 8 59 14 36 36 25 96 75 31 47 55 35 74 64 76 90 42 91 38 58 64 11 87 80 1 4 13 74 9 
85 17 48 5 16 74 57 72 99 12 37 12 70 68 31 100 83 77 34 86 56 28 8 69 62 5 3 93 15 40 58 63 1 81 83 68 45 39 69 88 22 11 39 28 23 39 27 30 56 49 53 21 51 74 24 20 95 85 12 10 19 17 87 53 26 30 54 75 49 12 2 76 54 19 62 80 17 11 74 97 55 73 96 19 32 45 88 4 48 60 3 23 55 8 32 17 40 20 52 74 38 54 47 72 87 58 92 2 42 49 26 33 23 76 7 29 8 37 23 79 64 62 8 19 84 23 89 41 
70 43 7 35 43 17 7 51 85 44 84 66 43 52 76 53 61 56 11 31 49 96 18 50 84 50 12 82 77 44 100 9 37 25 25 65 97 13 76 21 50 59 31 100 30 50 76 7 85 54 94 39 42 95 22 45 30 93 4 62 1 10 20 50 30 49 61 87 65 91 64 63 15 35 59 84 35 46 49 88 21 4 2 11 84 55 20 42 59 4 100 16 96 35 63 69 76 99 95 84 96 50 27 97 54 51 37 84 81 83 66 65 48 9 91 16 40 97 52 83 3 92 54 75 85 55 87 27 
10 37 69 44 23 16 26 80 30 41 37 46 42 14 13 74 3 10 23 78 68 64 91 45 41 22 92 98 29 44 86 53 63 51 58 74 5 16 42 36 89 57 66 12 81 56 95 63 52 62 94 89 43 88 53 56 38 12 64 65 34 98 45 99 10 64 52 32 44 92 20 2 88 27 100 25 69 12 2 32 19 27 29 69 45 8 53 33 23 77 80 23 74 47 96 39 81 11 84 86 3 47 41 42 64 88 90 15 38 45 95 62 76 22 4 16 76 16 46 73 49 78 4 51 39 12 36 49 
29 82 48 26 35 18 60 90 9 32 15 63 93 54 93 87 41 55 33 1 25 4 61 25 47 72 94 48 53 77 44 54 95 28 37 33 87 11 84 31 19 22 18 91 60 93 56 93 88 12 35 97 69 87 91 12 28 88 23 25 45 22 27 19 12 95 29 87 43 7 12 71 79 22 96 10 18 43 46 20 80 34 50 37 55 67 56 55 63 2 32 52 61 45 19 34 6 7 81 75 42 17 78 9 79 22 40 80 48 96 79 14 44 91 25 77 89 88 57 72 2 81 88 96 13 77 97 98 
15 12 62 87 20 10 10 70 70 37 86 47 58 5 91 42 74 69 77 88 71 86 26 61 27 55 91 13 49 98 38 26 89 68 10 85 68 39 81 58 32 98 56 67 73 31 78 24 34 95 1 80 69 24 49 56 34 45 16 97 62 20 78 100 77 40 57 4 37 76 81 57 64 19 5 91 95 74 57 95 19 66 74 33 96 8 9 76 62 72 18 24 70 51 29 33 23 36 68 20 37 73 3 93 59 40 85 59 43 81 17 57 9 33 74 74 88 72 69 21 62 36 69 59 86 18 40 97 
49 11 10 61 66 73 70 58 97 96 96 78 79 82 66 21 87 22 23 1 53 23 63 32 55 57 85 33 40 9 32 1 33 23 1 52 64 9 62 61 85 46 9 87 44 29 45 62 11 39 90 91 15 46 75 77 39 48 63 16 12 95 67 39 53 94 47 95 8 6 58 99 30 70 42 81 62 39 80 37 90 53 40 84 27 75 91 59 95 38 99 42 4 56 48 67 58 49 8 72 89 51 88 37 23 49 46 58 77 87 15 79 49 34 49 4 71 47 40 27 61 15 92 35 9 99 69 92 
75 23 50 29 41 95 91 15 27 6 22 23 12 96 45 2 28 53 57 89 99 71 48 13 9 72 7 21 37 9 100 42 92 1 74 63 25 80 92 86 55 92 82 73 78 44 97 11 68 79 37 74 24 37 69 36 61 33 58 59 11 73 31 90 62 94 93 95 93 65 52 80 23 73 41 48 100 38 95 43 98 65 35 1 64 85 89 40 55 55 9 51 97 100 9 23 92 34 97 24 54 79 84 39 5 86 15 100 80 2 64 70 88 95 38 62 70 56 33 86 57 63 81 98 53 2 95 84 
1 67 39 28 42 95 93 34 18 83 62 16 36 45 74 18 36 46 88 48 26 25 64 8 86 22 40 27 19 65 37 74 92 57 72 38 14 89 73 74 19 13 17 89 63 79 90 57 51 37 46 52 50 83 46 87 96 46 33 29 40 39 27 33 79 89 27 10 28 19 69 54 43 8 15 97 77 78 45 14 98 39 85 32 74 82 49 83 37 73 20 13 70 51 65 35 20 69 97 70 97 70 97 51 39 25 11 90 43 57 73 73 49 36 68 79 90 99 38 21 86 22 92 70 95 26 53 23 
36 42 47 37 66 62 86 76 3 53 68 63 40 95 50 35 51 6 16 41 38 55 27 1 88 39 73 46 21 18 77 96 69 32 6 29 59 96 80 14 9 40 100 53 71 91 62 32 3 99 83 93 34 90 39 53 99 66 35 43 22 71 3 15 28 84 55 37 16 43 87 47 40 35 40 38 60 67 86 46 28 50 97 39 42 72 62 90 91 68 63 97 34 23 9 37 27 50 85 96 3 5 9 84 81 20 91 93 71 68 57 54 14 46 59 56 81 98 60 80 47 1 76 81 38 52 25 35 
27 99 6 41 100 14 30 62 91 68 32 8 64 27 11 29 23 32 29 99 88 15 89 46 30 61 82 51 40 76 38 100 12 86 5 14 92 98 91 74 29 44 62 64 65 75 37 34 79 34 15 83 16 68 34 79 6 44 19 95 95 63 73 34 96 66 46 81 29 29 56 58 29 48 54 60 1 52 70 43 26 51 79 1 43 28 98 65 1 81 19 12 95 58 79 95 59 40 41 92 37 18 43 99 95 17 29 90 73 64 7 53 45 35 16 15 47 57 39 31 77 71 45 28 82 56 59 30 
59 28 12 83 26 47 64 72 26 65 50 56 68 66 14 18 23 88 33 11 78 88 59 55 71 7 46 78 34 74 57 91 36 10 11 3 14 25 2 92 69 97 72 20 31 35 63 80 91 52 4 78 58 6 82 22 63 7 57 50 10 13 58 51 4 63 56 92 65 5 28 69 4 93 58 12 90 1 68 58 13 95 9 62 25 67 44 56 31 64 61 3 69 10 96 60 10 42 89 82 69 93 65 24 88 23 97 39 88 76 91 31 56 14 49 57 56 48 6 3 19 6 27 7 62 93 72 69 
69 43 75 67 25 73 66 74 17 90 21 72 13 37 3 63 54 93 81 1 92 40 67 23 76 9 16 80 31 94 94 70 93 24 76 47 100 29 36 45 87 41 27 95 10 35 63 89 100 2 34 31 5 18 28 91 55 81 62 22 9 45 26 10 6 87 4 49 28 79 91 29 77 33 20 9 51 86 40 3 75 73 87 12 73 65 51 61 40 94 100 48 34 65 74 27 42 90 67 69 98 54 63 84 82 11 67 36 12 55 23 23 37 41 71 82 94 86 52 47 96 48 74 37 13 34 27 56 
67 16 44 96 53 53 88 44 71 97 65 35 92 74 30 18 80 91 56 3 49 90 100 82 100 73 78 96 50 3 9 35 18 88 100 98 44 85 48 89 8 31 23 22 18 38 60 50 11 96 3 65 69 24 58 49 87 98 82 84 49 74 2 71 49 77 18 43 33 84 32 82 30 57 80 11 20 43 2 51 26 29 2 59 4 42 96 55 55 40 1 42 84 31 27 53 68 14 51 34 49 63 52 2 90 6 8 100 5 71 27 22 63 31 77 50 67 3 28 54 32 2 40 6 8 82 24 5 
94 75 86 68 20 89 42 9 78 100 91 32 80 26 31 15 84 47 29 58 9 11 12 26 67 68 84 86 17 17 71 63 23 78 28 46 65 67 8 44 55 76 21 67 74 77 47 46 12 89 96 9 40 1 81 75 7 55 98 98 55 27 40 34 83 7 1 33 72 24 76 61 37 96 21 33 19 89 75 43 7 47 25 90 24 35 53 90 48 20 56 94 19 49 55 7 46 82 45 65 76 32 84 35 61 51 46 75 57 32 94 50 89 49 14 9 86 73 70 16 75 8 13 93 34 62 97 27 
23 88 84 51 8 47 69 10 90 97 83 1 47 10 74 76 3 18 49 72 97 76 44 61 25 97 21 79 9 67 79 4 75 17 87 29 87 92 68 18 99 100 35 10 22 61 24 59 46 99 86 12 16 48 88 42 14 91 33 51 94 83 29 81 80 49 66 1 78 61 75 56 13 69 84 64 78 40 95 80 14 85 6 95 98 7 95 64 100 46 40 72 83 53 56 97 57 35 31 72 84 52 22 81 33 48 49 6 79 74 88 42 65 21 8 5 35 76 27 6 54 3 22 48 59 4 4 89 
74 84 29 42 97 94 59 60 21 62 27 73 57 16 66 19 68 91 39 76 60 10 10 61 96 10 34 59 85 24 43 56 19 18 21 63 93 26 33 4 7 71 65 65 88 20 90 3 22 27 7 22 37 35 97 29 76 77 60 27 61 98 19 55 85 9 1 77 2 56 31 77 49 77 71 20 78 29 26 64 12 69 72 81 76 1 41 87 63 5 76 15 49 49 98 93 41 66 66 87 73 2 67 97 43 100 48 77 71 47 76 85 86 54 98 57 94 61 32 20 69 62 85 7 25 23 27 19 
34 9 79 93 100 50 94 86 28 74 15 14 77 2 35 55 35 8 84 46 50 89 95 45 67 33 39 7 75 98 23 63 30 75 14 22 44 87 23 18 8 29 99 97 35 85 84 55 60 51 41 53 39 8 88 30 86 62 76 81 42 56 18 73 100 34 8 92 10 18 8 23 96 69 14 79 26 96 26 10 22 24 47 74 1 67 10 45 99 94 99 53 94 83 29 83 20 56 73 22 91 22 32 38 30 91 74 58 84 76 29 88 82 79 6 54 45 1 40 86 55 99 33 100 36 91 41 98 
49 95 24 44 52 37 83 7 77 77 42 87 61 74 40 37 35 46 94 55 86 30 53 1 90 17 82 23 34 89 52 11 20 90 40 9 43 47 85 39 94 89 23 31 39 12 20 66 31 45 13 55 42 73 71 9 68 54 25 30 89 80 37 51 1 27 65 57 99 22 93 6 80 35 73 21 68 41 7 51 77 71 54 49 1 1 24 61 97 26 28 89 87 17 49 2 91 89 92 74 46 91 84 26 61 31 32 49 31 63 95 43 57 57 46 89 30 29 74 10 37 51 98 56 13 85 47 36 
58 99 8 98 89 84 86 40 69 76 33 17 14 80 59 11 38 41 22 6 14 52 71 63 12 12 11 82 27 81 21 82 12 82 36 83 76 23 34 18 38 68 43 32 3 58 93 53 93 48 98 45 21 14 96 100 50 30 52 65 66 58 26 93 46 6 83 11 43 8 21 70 26 18 33 54 41 43 51 27 68 58 36 42 52 42 48 59 47 15 16 87 46 8 90 45 53 5 80 75 79 68 66 29 33 73 51 59 56 22 49 89 59 70 97 91 3 99 88 97 46 68 16 2 28 77 20 63 
33 70 44 85 22 69 5 86 56 1 59 20 48 53 3 5 63 86 59 94 73 28 25 90 49 29 11 62 66 86 5 30 45 2 63 15 38 67 99 75 33 28 57 45 11 29 79 20 73 19 61 39 12 6 86 49 87 46 75 57 3 26 11 85 68 36 2 65 87 52 89 85 18 68 3 13 34 36 29 49 61 90 26 15 29 14 15 57 23 26 32 91 83 40 29 6 9 12 51 43 9 93 11 99 100 13 18 90 36 78 22 49 72 53 67 29 87 22 94 44 56 39 65 14 46 80 95 68 
68 83 78 24 35 64 26 65 88 32 59 45 96 30 6 57 13 91 35 30 5 32 57 96 17 51 93 7 56 59 51 93 72 83 44 39 58 30 80 47 82 61 91 96 15 30 91 98 82 31 24 29 46 86 79 72 62 66 81 71 18 3 74 78 17 70 14 32 60 27 66 90 5 34 15 34 4 3 19 38 98 87 24 28 57 7 25 87 76 20 42 5 30 23 67 13 48 5 98 17 34 30 50 64 100 9 35 25 78 7 29 91 25 71 92 57 60 43 42 11 84 2 61 36 42 95 95 9 
41 3 83 30 43 21 17 82 14 37 84 70 96 15 56 75 77 59 99 42 74 28 21 75 53 26 6 17 72 18 100 33 98 71 87 61 76 56 87 79 96 13 91 85 32 90 15 25 28 81 65 74 10 29 34 1 33 12 86 81 26 94 85 70 43 57 48 68 84 17 1 22 96 97 95 25 20 29 70 26 52 1 50 49 64 49 24 73 40 73 28 35 66 59 38 49 24 77 70 89 2 9 100 4 54 100 25 2 32 36 47 13 68 27 7 17 68 91 89 40 85 93 7 56 73 50 92 2 
83 27 16 61 72 94 47 17 74 50 41 36 82 98 87 4 57 13 48 28 36 61 33 16 75 62 84 51 34 75 55 61 12 8 45 98 14 15 64 14 10 22 73 76 28 14 8 33 64 72 99 63 5 66 5 19 98 55 40 98 60 25 26 75 62 75 38 94 36 56 94 13 34 9 61 41 24 67 1 22 14 23 52 41 26 89 46 59 42 10 41 79 10 6 3 80 67 92 75 55 15 71 42 84 69 72 86 100 24 77 98 74 78 50 65 17 42 38 42 22 49 75 62 84 28 79 44 91 
58 66 20 53 4 1 32 61 25 12 15 4 97 76 75 2 52 32 83 76 21 58 34 60 80 15 60 90 20 22 20 64 73 64 36 20 57 7 17 37 37 95 8 80 90 44 45 14 93 28 100 69 65 74 86 67 18 13 54 35 2 95 72 87 58 3 76 53 58 20 72 15 78 99 97 51 66 15 44 21 36 18 18 32 43 17 75 52 78 37 100 20 65 21 26 43 99 20 10 19 76 52 68 47 2 98 44 92 53 46 88 44 82 18 28 14 15 83 5 30 66 55 88 86 86 90 24 18 
41 91 57 46 49 87 20 20 86 11 73 30 1 11 1 2 11 8 50 87 77 100 53 38 4 13 15 47 1 60 74 40 99 11 24 59 94 97 1 21 46 76 62 68 7 32 65 63 97 11 74 12 14 93 67 19 88 78 15 4 50 16 66 16 80 24 32 71 93 45 53 4 87 6 21 70 65 52 60 28 18 71 22 18 10 78 53 15 38 6 97 20 50 86 10 73 49 75 16 37 44 35 79 57 51 24 85 41 44 28 39 20 68 73 86 57 57 36 99 21 43 36 57 33 70 21 92 44 
31 61 17 3 28 43 58 40 22 91 94 24 48 45 41 76 97 82 64 33 74 24 25 16 32 62 98 82 15 4 2 87 97 89 54 90 28 41 48 30 64 11 31 28 2 100 40 74 75 10 93 33 41 62 24 73 100 29 60 54 5 73 27 92 61 28 13 39 35 66 95 47 86 15 63 15 19 75 47 13 31 26 36 21 23 100 90 78 86 48 28 22 11 49 20 32 20 98 49 47 92 84 74 78 4 52 79 52 7 15 53 79 83 43 49 27 88 82 28 4 38 53 25 63 60 9 15 96 
66 66 14 77 27 6 63 26 87 85 95 76 71 40 27 74 7 33 54 97 2 75 19 85 12 86 16 35 10 48 82 46 61 51 37 94 22 11 80 77 61 12 93 1 10 23 57 82 97 84 92 78 20 87 75 15 92 79 78 86 87 94 71 89 37 79 97 54 60 37 4 44 46 70 66 95 25 46 14 63 81 72 70 81 32 84 3 24 85 66 95 27 11 29 66 35 41 41 44 59 76 43 80 28 100 9 23 41 79 26 10 21 55 33 28 74 2 81 12 7 19 12 92 75 52 64 14 28 
96 24 11 16 18 93 90 82 7 30 69 71 26 21 59 68 100 83 45 22 52 89 38 14 14 50 92 4 7 76 91 97 55 60 9 32 35 85 85 77 37 63 5 11 97 99 98 93 86 79 66 46 55 19 76 53 32 6 19 28 36 27 67 76 20 50 14 60 23 38 29 3 91 32 81 4 35 98 81 36 11 32 98 53 40 75 95 20 46 55 12 49 27 54 56 31 65 16 28 15 40 45 29 51 71 55 4 12 5 92 77 14 2 7 69 80 73 59 7 37 27 93 39 90 44 25 97 8 
65 38 90 64 100 73 80 22 79 86 17 70 96 14 33 18 54 27 86 18 99 70 36 42 99 94 100 80 26 98 68 95 65 1 71 40 47 58 15 9 3 10 91 56 24 53 76 91 79 17 23 89 55 82 8 72 63 12 70 20 14 96 79 59 46 53 30 69 47 48 74 87 46 36 40 45 72 59 34 43 65 89 21 27 56 65 83 74 48 48 61 81 39 72 68 74 23 74 68 93 22 91 2 88 95 40 9 92 71 83 86 70 54 100 40 4 65 30 87 35 92 22 66 64 65 54 62 61 
30 26 80 85 43 60 99 80 94 34 33 19 54 21 76 81 35 64 72 3 67 16 35 26 57 6 9 35 57 19 34 34 3 76 3 23 64 62 86 39 67 70 2 60 61 5 63 45 94 68 1 34 99 41 33 94 76 42 95 6 53 31 9 52 16 16 88 50 19 48 84 32 62 39 51 92 51 12 12 39 6 67 93 98 70 21 16 38 95 10 86 31 90 40 70 20 91 50 89 43 52 39 96 89 68 88 26 39 63 63 59 6 71 84 93 44 93 70 36 14 33 46 57 44 52 15 76 78 
68 73 2 97 76 25 93 27 8 64 49 97 71 90 53 83 34 8 21 76 78 22 72 55 69 23 9 46 16 37 50 36 33 82 90 55 67 67 88 15 37 72 78 99 96 27 44 45 10 50 28 3 80 21 83 63 82 9 6 73 92 30 44 99 30 66 99 87 48 76 22 51 16 21 35 80 86 27 20 13 14 95 63 71 54 75 6 48 47 75 67 38 40 62 90 6 43 68 99 72 52 61 28 51 17 8 62 82 95 5 26 43 95 63 48 20 29 8 26 95 22 29 78 42 56 89 49 27 
49 1 26 27 86 70 97 41 32 30 14 50 71 76 14 43 75 48 65 43 85 44 22 8 47 31 42 71 48 39 15 86 46 12 22 72 39 48 11 75 60 71 5 72 19 31 57 84 29 77 73 78 43 2 88 99 89 9 73 66 32 71 74 67 59 82 54 47 43 23 35 23 95 24 67 50 7 35 71 36 2 83 51 6 26 23 70 17 23 89 3 12 63 56 2 18 52 31 77 33 75 67 29 42 51 12 59 43 53 38 6 72 68 13 15 98 88 53 10 69 20 70 95 32 45 57 84 47 
55 74 46 20 35 80 29 80 4 84 13 39 22 15 41 48 2 95 44 50 37 53 44 88 46 8 33 9 89 1 77 96 33 37 41 84 80 40 64 63 61 28 30 67 43 51 2 76 4 55 80 17 30 72 43 43 26 7 33 31 24 84 53 40 56 23 43 58 44 37 11 62 49 87 70 65 87 27 63 57 18 55 20 11 22 42 40 21 59 60 39 26 72 7 53 61 40 2 77 28 86 23 73 28 87 88 19 20 54 17 72 86 3 31 7 46 73 68 61 67 29 59 77 70 46 6 3 26 
27 83 86 72 62 43 13 65 19 53 25 86 38 8 90 57 47 66 63 30 27 80 38 11 33 22 52 10 27 1 87 1 88 84 52 72 81 29 100 22 51 4 92 47 84 46 50 36 86 3 43 90 16 4 22 34 92 44 83 85 12 65 24 70 26 97 60 34 76 19 86 63 69 53 12 25 54 37 3 52 78 5 47 81 57 21 42 44 76 81 68 52 44 71 37 80 44 47 80 85 11 88 82 38 60 96 100 69 78 55 60 31 5 87 78 5 68 6 72 54 7 89 26 60 99 52 54 74 
4 33 7 94 68 27 89 60 16 38 66 55 1 45 9 84 42 64 89 53 19 78 65 28 34 19 14 30 89 63 61 84 2 86 49 32 37 24 16 37 28 50 2 99 100 75 38 4 26 33 83 23 81 98 21 53 55 18 98 38 37 74 38 43 29 24 97 87 70 8 6 43 49 17 9 18 33 78 83 1 28 66 50 48 88 67 57 2 22 32 81 45 7 39 37 95 28 22 91 61 47 50 43 63 1 7 15 70 20 59 16 33 51 72 35 85 81 74 14 26 23 13 22 43 61 56 33 74 
2 16 74 11 19 61 68 23 87 98 43 59 34 88 44 35 5 35 48 24 88 53 56 78 38 13 66 39 56 95 50 72 17 39 16 5 8 83 53 97 19 27 93 99 16 64 61 5 80 76 75 71 20 30 67 84 49 33 78 92 61 57 49 56 95 31 46 75 1 89 94 78 97 60 68 68 80 71 40 22 36 42 51 1 21 63 73 61 81 73 21 39 81 92 29 100 4 69 29 33 52 11 48 70 70 32 52 15 5 45 47 82 40 28 37 87 29 37 84 91 23 16 96 52 66 85 11 88 
98 83 87 92 81 35 41 34 15 96 27 49 5 88 99 91 71 54 7 10 42 67 94 4 66 5 99 49 84 88 24 20 72 82 15 52 36 16 83 51 84 79 28 25 75 28 74 9 29 69 13 54 23 90 96 27 4 98 88 67 82 55 55 85 55 60 69 58 86 66 72 86 73 17 77 95 12 10 17 58 50 76 31 35 3 31 68 34 72 29 32 57 17 10 52 60 58 15 23 14 83 54 39 50 36 66 88 5 52 38 36 64 36 82 14 99 59 12 48 18 45 66 42 90 89 85 62 21 
8 99 96 32 20 21 15 88 96 4 76 86 95 26 50 20 16 11 82 30 33 13 72 52 57 59 21 63 37 38 63 70 68 23 78 33 77 80 8 22 31 26 3 20 30 62 95 64 35 78 91 84 42 29 72 13 2 73 8 9 91 35 47 34 45 60 44 62 65 62 81 74 1 20 29 92 91 52 80 50 7 69 50 63 38 84 82 72 80 87 89 52 61 49 48 41 41 22 11 33 90 10 71 72 86 78 97 50 79 82 77 42 58 88 88 91 86 74 44 82 60 38 92 85 84 100 39 87 
65 26 76 9 27 11 75 53 69 24 63 49 31 96 15 90 27 34 45 62 33 84 67 24 24 82 1 63 37 83 16 24 69 29 39 47 26 29 37 27 25 12 24 82 81 1 67 39 87 11 77 25 56 68 60 64 65 45 61 8 88 42 74 33 5 40 53 83 16 66 83 34 19 31 68 50 43 29 80 49 76 9 36 31 33 61 79 37 48 23 35 75 18 74 71 84 90 51 94 44 13 15 3 44 52 9 7 4 65 52 42 43 94 41 64 57 44 89 79 47 83 43 13 52 18 10 7 24 
58 2 87 65 69 20 68 95 88 33 3 36 40 19 43 18 7 24 88 75 70 71 67 13 17 26 28 72 11 36 80 64 57 16 12 61 60 17 27 8 64 2 54 31 81 37 1 17 26 38 13 47 17 42 85 78 21 31 32 81 45 29 18 34 77 24 39 41 1 74 17 58 11 33 11 17 82 49 24 85 4 42 16 93 90 82 60 53 22 3 44 70 43 31 48 70 8 96 13 48 66 69 73 72 93 88 69 38 35 84 78 58 43 92 62 30 89 70 35 90 29 55 87 82 57 36 99 74 
34 4 61 32 48 33 12 53 44 54 69 36 40 42 85 61 8 17 30 66 68 15 5 1 17 85 30 97 56 63 21 35 43 12 81 43 26 31 9 88 53 58 1 26 30 4 12 25 59 12 65 3 23 62 73 86 8 49 53 59 80 2 55 51 85 58 80 66 9 87 69 12 29 36 80 92 49 89 2 43 100 68 80 47 15 81 85 96 48 21 43 52 30 85 14 89 80 53 6 70 84 47 87 40 74 46 20 46 58 20 86 69 95 64 29 15 14 94 43 92 69 2 55 91 39 60 41 74 
14 58 79 57 92 52 13 2 69 59 79 84 61 63 46 64 50 6 43 5 90 90 55 27 47 84 87 46 24 87 36 38 53 42 74 25 24 65 42 94 71 26 52 31 37 52 6 80 64 13 8 72 71 69 36 14 83 30 56 51 60 52 30 86 38 23 56 64 8 87 34 17 76 1 25 26 12 10 79 36 1 2 6 24 63 44 59 65 76 61 33 93 49 3 6 41 4 74 5 41 19 85 58 63 30 65 87 36 51 68 23 3 22 24 70 36 11 83 40 39 51 87 47 38 27 85 9 79 
68 22 94 1 46 48 23 71 63 83 28 45 96 37 13 25 21 57 99 76 80 74 80 77 70 39 51 55 61 17 24 95 53 15 71 2 75 11 5 1 40 58 99 64 52 67 40 7 94 52 29 1 75 16 32 88 91 96 97 39 60 54 70 77 10 33 64 8 95 33 55 64 8 54 21 80 95 54 43 39 5 77 21 3 85 80 70 98 14 29 67 92 16 9 52 52 18 21 61 61 97 100 26 2 85 89 88 1 4 75 72 52 74 15 95 17 84 23 73 85 44 69 73 56 94 66 39 10 
12 22 82 98 41 13 89 8 85 4 56 26 74 55 7 3 45 76 68 50 92 9 74 54 70 28 28 62 49 15 84 59 46 39 80 22 54 8 40 52 9 61 44 90 73 81 65 60 6 26 55 9 29 32 33 35 39 90 13 49 86 64 96 40 22 53 47 9 41 29 80 34 34 15 64 71 84 1 68 16 58 66 70 30 24 28 56 91 17 76 16 7 60 6 87 1 24 99 33 17 61 26 70 78 13 86 35 38 36 29 14 52 76 37 57 10 23 88 63 5 22 79 52 77 100 75 83 7 
58 9 55 9 25 91 26 20 11 45 40 90 30 92 34 15 6 28 24 63 8 15 34 13 3 35 91 99 24 26 2 6 60 92 69 40 24 18 79 46 3 3 40 69 4 60 97 19 60 64 51 19 94 74 39 67 4 93 17 18 10 88 23 52 1 30 16 81 42 41 11 70 29 58 68 91 18 48 87 74 40 62 85 48 39 59 83 16 13 26 22 99 49 62 95 11 2 91 63 11 95 23 78 33 32 42 47 85 26 64 64 65 45 79 7 23 32 36 17 4 78 20 55 34 41 20 49 32 
7 68 66 79 48 27 18 35 34 96 6 59 25 37 6 66 42 44 89 28 61 35 28 83 92 70 46 62 39 80 77 90 43 29 38 57 40 21 54 46 90 39 52 25 96 91 78 53 54 94 67 35 65 26 32 2 79 78 46 95 41 37 2 10 2 94 34 91 5 66 99 18 1 45 42 97 87 24 28 55 46 22 64 73 2 13 39 53 4 64 23 31 87 45 73 87 2 44 1 82 15 86 99 21 78 38 82 11 26 89 39 65 30 6 40 48 10 2 61 91 23 81 55 33 4 18 93 53 
22 77 99 81 66 78 55 59 29 69 70 17 28 33 1 41 29 6 60 61 45 44 49 58 84 23 57 54 59 49 78 66 41 48 92 39 37 19 29 90 97 64 39 5 78 68 14 100 69 25 42 48 82 8 5 29 85 4 52 1 17 51 47 10 51 51 95 75 49 32 33 35 12 88 73 73 62 35 25 16 13 64 46 59 54 71 72 44 21 23 78 83 22 72 12 2 49 71 4 56 93 9 72 66 82 58 2 73 51 76 5 35 2 60 96 75 15 66 62 82 97 74 51 94 97 8 17 6 
26 53 41 83 69 91 79 96 5 21 75 93 37 94 57 80 65 91 58 11 38 12 76 88 40 56 48 96 26 12 20 82 20 7 81 98 66 77 94 74 48 57 14 14 12 31 92 100 10 38 91 10 95 53 96 4 97 15 30 3 58 84 20 55 5 27 34 47 29 25 46 11 52 87 83 1 27 55 18 68 76 7 85 69 3 8 27 32 56 43 25 76 90 98 11 1 54 95 89 50 39 15 20 98 75 60 26 88 71 72 19 16 95 65 37 57 14 59 58 48 3 32 43 57 52 92 23 16 
4 48 100 94 2 29 85 21 24 99 38 59 14 81 64 66 93 82 99 21 61 75 80 49 50 4 49 57 39 95 65 98 35 74 73 30 6 36 100 10 87 65 28 21 27 4 39 9 23 18 75 93 16 60 46 17 89 66 87 29 37 47 91 36 99 53 64 82 34 55 68 86 2 80 48 37 41 87 3 1 30 22 97 65 68 37 77 88 81 1 19 99 21 99 46 17 87 2 15 26 12 98 94 85 54 53 97 19 24 54 32 45 16 96 100 99 77 33 53 86 14 53 13 4 62 19 18 96 
62 17 62 41 89 41 14 70 64 23 74 9 96 77 1 49 66 97 21 8 87 53 57 59 33 89 92 15 88 64 25 34 62 96 98 88 37 5 55 51 18 65 31 94 14 30 20 42 56 16 23 20 38 95 20 12 92 86 93 92 50 62 62 94 77 34 9 48 68 98 96 27 60 85 8 100 15 99 64 48 6 70 29 38 69 92 68 21 55 61 54 15 2 81 58 37 44 65 74 30 52 71 78 64 55 62 72 19 27 36 56 40 54 54 21 61 88 71 18 22 19 8 88 64 80 18 99 50 
92 21 10 10 21 40 35 85 1 41 67 52 78 41 40 68 26 56 97 6 48 4 85 47 38 45 31 40 18 23 94 32 77 49 40 83 85 36 75 79 57 5 94 9 40 84 67 14 25 90 100 84 77 75 50 38 15 94 77 66 87 18 98 88 23 43 13 41 51 44 93 4 24 29 23 1 96 53 64 31 89 20 55 99 35 54 10 54 40 35 8 56 86 27 21 82 75 17 92 5 76 48 6 43 39 18 47 41 40 40 99 37 46 35 91 82 45 16 49 91 31 54 86 58 100 69 15 67 
23 6 45 37 44 93 7 92 89 65 80 68 13 77 19 26 82 74 50 89 34 51 12 70 64 97 96 8 6 84 34 70 48 24 25 53 16 55 53 87 8 52 23 54 64 83 30 14 76 75 81 21 79 17 7 11 61 5 61 1 96 87 18 27 28 98 32 67 34 70 86 31 47 35 10 52 32 20 9 8 74 7 34 20 35 51 63 97 64 90 59 23 2 31 19 20 88 64 58 79 6 18 62 62 79 52 77 1 96 51 100 98 48 65 54 34 23 62 67 4 33 41 93 62 81 53 3 44 
28 36 84 98 99 68 70 71 86 20 59 41 80 10 93 10 49 51 51 68 23 8 37 60 48 86 100 81 58 27 39 23 76 76 69 71 83 58 82 72 6 90 54 96 51 94 75 85 49 51 6 91 64 22 83 49 95 83 18 25 17 67 88 66 40 48 34 64 27 97 70 42 82 92 86 91 87 20 45 70 20 18 30 3 91 62 79 20 88 89 79 7 64 37 62 47 72 64 6 63 1 92 81 83 70 39 58 77 31 24 12 6 21 1 31 47 27 23 100 85 67 21 33 72 21 12 25 67 
50 77 34 10 70 27 40 89 31 62 33 89 64 87 75 76 59 13 100 6 70 63 65 33 78 92 34 64 15 87 69 28 69 34 64 7 57 61 47 26 52 51 51 89 46 63 68 31 44 30 35 65 81 87 18 17 53 3 28 88 23 74 50 48 98 59 62 7 82 19 69 76 7 30 17 66 13 56 17 53 16 32 3 55 47 67 97 69 65 68 64 96 98 11 41 54 76 85 59 7 78 100 66 89 72 36 82 87 42 14 55 60 10 68 50 26 76 31 97 34 61 34 28 24 39 52 50 88 
58 84 61 92 61 81 56 25 84 18 77 45 35 56 68 70 71 97 78 40 87 11 82 90 76 95 47 98 81 78 35 88 55 69 82 52 93 100 59 63 1 63 93 35 69 25 38 42 49 95 53 17 29 67 23 76 1 65 59 46 30 70 80 72 67 8 54 6 52 94 39 46 20 21 13 50 35 52 72 86 12 93 92 99 51 29 69 44 31 92 92 89 9 18 91 73 62 7 32 76 84 15 33 25 8 70 46 53 64 79 52 66 59 39 96 59 93 73 58 77 70 74 3 64 19 32 82 14 
63 53 59 81 23 69 71 32 82 77 46 66 69 60 18 80 95 68 58 56 5 96 25 39 30 17 35 52 10 84 69 13 20 9 4 64 13 67 23 17 9 51 47 72 10 33 62 54 25 94 100 9 17 88 2 21 71 65 6 87 52 23 22 78 56 58 100 4 60 90 85 60 83 40 62 17 6 16 18 30 84 60 70 63 29 44 88 4 1 26 1 34 63 58 31 35 85 1 41 41 100 51 91 9 94 79 34 5 85 38 65 83 96 61 45 53 68 16 46 68 31 5 21 66 56 7 95 5 
98 40 60 46 35 94 84 24 64 44 74 74 74 95 25 1 1 17 15 50 99 17 76 13 37 33 34 86 35 62 3 45 69 3 80 28 60 29 33 13 45 73 82 3 94 95 36 74 27 86 58 29 78 46 89 58 20 77 98 82 43 3 61 94 63 11 85 3 81 19 30 14 84 88 100 73 56 87 70 61 48 94 21 100 75 10 96 99 61 55 40 68 25 62 50 56 73 55 69 13 2 68 17 19 65 32 35 42 60 44 81 7 51 93 47 90 25 57 68 6 9 58 69 7 76 59 29 55 
94 42 23 84 5 25 38 1 28 55 37 87 29 91 95 52 20 2 6 99 93 94 60 61 81 96 96 89 50 47 27 97 41 70 4 19 77 94 36 94 76 2 84 75 99 54 42 37 87 28 23 54 37 55 34 53 92 74 1 18 34 62 37 28 43 8 36 31 85 13 5 36 71 41 77 9 66 83 12 54 39 33 51 30 56 31 79 90 34 77 28 12 78 21 73 56 29 70 51 82 48 17 57 39 46 50 33 93 70 15 19 41 96 15 6 53 92 89 58 40 7 5 76 19 61 97 66 93 
25 97 46 8 67 59 36 58 29 12 48 36 8 34 41 42 6 64 78 13 97 86 57 86 24 59 26 42 24 89 17 98 96 84 74 42 20 97 70 14 47 100 5 44 12 42 15 10 88 19 71 36 40 26 2 64 15 20 79 83 65 58 39 37 66 68 99 7 68 56 60 73 49 96 15 44 96 29 39 69 11 21 42 56 36 58 20 30 31 31 26 54 88 18 10 5 56 3 4 87 4 28 40 28 51 37 11 83 83 32 89 57 46 7 13 50 15 73 96 9 44 61 73 64 64 80 34 2 
12 53 3 85 15 30 15 97 84 68 84 65 7 43 71 31 42 67 69 97 56 45 86 55 40 33 57 62 17 86 8 100 6 15 60 24 14 29 52 15 90 19 15 92 6 22 71 95 9 35 83 51 40 69 41 69 42 58 77 100 85 25 50 17 40 90 47 73 85 78 55 43 36 60 91 28 24 10 87 14 16 97 47 46 24 80 65 65 62 55 54 78 30 21 31 57 19 59 17 24 3 88 27 54 32 50 68 39 71 10 71 17 48 95 92 99 74 48 4 8 2 63 74 59 10 57 79 90 
47 100 86 46 90 96 2 58 94 56 70 50 98 4 29 84 27 6 10 4 19 6 83 90 47 60 37 5 8 33 25 36 38 65 49 66 94 90 55 43 87 43 50 17 76 55 61 39 79 100 33 46 94 62 83 1 94 48 98 64 59 47 16 70 33 30 13 12 82 69 11 9 23 73 58 68 64 40 43 83 42 52 8 39 54 20 67 46 4 25 99 65 34 51 31 17 78 62 2 11 24 38 25 83 58 24 13 87 55 69 87 21 14 43 97 10 1 6 5 86 5 58 66 67 57 44 82 47 
33 66 38 55 48 54 23 18 40 98 77 10 59 52 81 75 94 29 66 3 33 63 67 79 54 94 4 27 46 92 10 48 99 1 7 68 12 10 59 64 79 11 74 83 5 61 27 67 75 29 56 66 55 68 69 73 81 32 54 25 15 56 65 83 6 3 39 62 35 11 98 54 44 16 67 8 50 87 74 7 9 71 41 4 34 99 66 24 75 51 48 21 71 9 66 80 58 21 99 85 39 54 7 22 31 5 7 24 74 91 55 64 74 54 38 34 16 50 27 12 13 25 93 53 17 34 8 52 
58 46 95 98 50 20 85 25 44 50 6 38 75 61 19 59 52 40 66 82 80 8 35 65 82 69 55 82 74 85 42 21 25 98 37 5 81 82 75 92 20 95 48 30 11 53 38 1 61 84 56 43 69 51 96 70 64 73 37 99 53 25 12 81 79 60 27 5 91 44 81 48 32 71 73 94 83 75 58 38 23 21 54 90 90 38 2 42 14 75 42 27 57 71 56 65 5 87 79 83 9 64 91 46 48 85 2 2 97 7 53 56 21 71 44 98 89 43 20 88 18 73 91 13 8 77 64 11 
4 86 1 40 48 78 57 80 38 2 95 62 85 79 12 84 47 81 5 95 1 84 85 72 75 19 44 57 30 18 14 69 54 69 58 64 25 67 67 48 3 97 40 95 45 70 97 97 65 2 8 61 52 32 7 36 25 10 66 76 75 47 39 18 43 96 87 90 61 64 29 50 45 43 93 60 50 3 88 99 85 15 93 98 21 16 75 82 86 3 49 39 46 87 57 56 97 69 5 83 64 30 1 71 100 96 63 55 50 57 39 66 60 57 46 30 44 53 48 70 40 31 80 74 78 19 39 8 
80 12 100 80 2 2 71 15 49 59 47 46 65 52 24 62 60 79 80 87 33 2 87 51 20 75 9 66 53 10 32 59 15 43 16 79 23 84 34 31 13 84 66 10 61 65 37 97 16 56 86 51 63 92 6 67 83 66 32 18 75 32 45 64 41 9 32 27 30 42 64 24 35 16 46 99 23 59 68 55 80 53 52 62 14 9 50 74 64 42 74 28 43 3 82 80 28 69 40 8 90 100 76 83 98 34 39 63 95 72 4 84 39 22 5 37 82 85 73 48 8 23 66 66 40 13 92 35 
56 83 52 16 82 86 36 15 50 71 88 74 88 14 78 46 70 83 47 33 83 93 93 99 34 65 36 18 41 3 18 42 81 58 6 97 83 52 24 59 34 84 6 54 51 83 51 17 4 78 31 15 47 50 98 22 54 36 90 71 34 79 49 31 10 32 11 14 91 70 44 41 61 92 48 63 29 57 59 10 88 6 39 66 74 33 48 15 97 70 76 34 28 74 97 82 92 43 85 1 88 18 71 31 100 16 16 17 64 98 44 18 1 90 71 18 34 4 88 95 95 24 99 35 73 4 63 96 
78 78 29 10 56 45 38 31 18 66 92 39 95 95 3 80 28 80 34 28 70 58 82 64 65 58 89 73 59 92 18 36 12 86 74 81 77 41 8 14 63 82 90 38 64 62 26 87 20 73 75 86 95 94 71 57 96 84 93 70 74 11 30 16 98 65 89 78 26 62 12 62 29 18 21 13 43 6 15 91 64 52 77 82 32 77 64 42 38 60 46 36 1 98 98 14 58 49 1 23 87 1 20 15 50 36 83 48 68 41 14 16 93 19 61 64 64 81 67 74 74 37 55 48 12 72 62 97 
1 58 85 99 27 47 7 51 65 86 91 9 13 70 3 9 11 69 81 5 85 68 25 72 14 48 56 54 85 34 52 72 22 37 96 18 28 48 85 95 48 41 16 27 81 32 22 63 48 25 44 46 73 28 79 72 99 46 13 79 95 57 74 18 64 51 15 57 49 53 1 75 36 22 96 6 36 25 43 37 95 84 19 21 11 78 71 19 79 62 42 26 8 42 44 42 24 2 84 64 77 21 24 98 60 77 47 6 71 72 43 100 37 66 87 35 95 88 15 12 96 97 70 19 72 54 48 84 
67 41 23 67 24 78 52 40 74 38 17 35 46 81 19 3 68 40 2 80 55 93 7 95 8 69 59 8 89 63 9 82 77 2 17 9 3 45 64 72 25 42 27 44 28 32 65 20 67 54 73 49 16 13 19 68 2 18 80 78 4 94 14 63 6 50 52 47 35 91 65 50 17 14 21 26 48 4 18 70 74 66 65 27 10 1 15 28 9 98 84 81 9 34 76 26 67 24 15 61 55 59 41 68 68 81 3 17 96 5 50 60 17 96 1 6 51 34 47 68 98 10 43 83 37 24 74 3 
39 61 27 37 27 40 32 60 53 82 80 26 23 67 26 49 40 17 68 26 1 38 44 14 28 55 35 7 31 90 65 77 58 91 56 96 43 96 60 67 38 28 92 13 87 62 19 64 80 67 25 70 45 28 78 28 4 67 42 63 35 40 86 62 54 67 94 22 83 27 51 88 38 70 44 79 66 56 34 30 42 81 92 4 34 58 57 19 29 2 96 62 74 7 42 64 59 92 10 96 11 76 5 55 41 1 79 97 35 92 1 12 36 43 45 39 86 79 84 50 15 58 67 87 12 50 23 83 
57 44 57 35 96 63 48 88 31 32 75 23 69 65 19 94 73 36 69 78 41 12 20 48 65 11 26 55 30 77 63 9 97 47 90 66 39 38 93 50 87 66 88 61 49 80 69 90 25 83 74 59 84 93 51 62 6 12 15 24 76 36 89 78 6 94 74 4 71 2 96 95 91 31 66 26 12 48 42 13 70 51 21 75 75 83 43 13 6 51 17 82 90 70 97 35 59 89 20 89 99 37 94 31 38 95 94 23 72 83 82 75 63 96 50 45 67 99 87 4 13 18 27 44 78 15 35 79 
53 97 69 51 33 19 53 37 38 54 79 36 31 1 28 19 16 35 27 83 50 20 5 51 58 84 48 61 7 48 33 76 18 92 75 46 42 70 45 50 24 45 39 22 75 89 1 36 61 75 53 38 8 66 20 65 97 42 84 71 23 22 10 20 39 60 74 5 44 68 28 76 72 49 83 79 26 64 72 44 53 96 27 16 25 41 5 99 23 33 93 58 20 14 15 69 46 95 49 98 47 13 82 82 17 75 9 29 23 1 15 64 49 18 32 32 87 77 5 77 17 66 16 83 56 62 93 94 
13 81 34 37 8 80 30 50 58 62 81 13 41 2 74 37 12 5 82 20 30 8 64 97 8 34 99 23 56 77 71 75 95 7 2 74 77 44 2 31 86 40 67 56 43 45 55 53 74 24 96 44 91 84 71 5 59 86 28 54 9 32 4 58 89 18 95 80 62 79 52 29 76 25 75 56 17 92 48 64 99 58 40 91 76 60 71 44 58 85 17 72 39 2 31 50 23 14 92 13 96 8 9 21 34 3 44 87 25 75 7 67 83 21 95 45 99 98 2 66 17 61 21 68 19 65 51 62 
23 50 15 70 85 55 35 17 84 26 78 79 85 18 31 18 8 28 53 70 59 75 34 52 15 9 9 38 55 84 92 40 88 13 37 88 70 29 14 29 47 95 3 65 99 6 30 68 94 68 47 25 36 68 24 40 53 26 25 15 46 98 4 24 59 92 21 34 48 32 45 80 58 12 60 69 96 28 75 15 61 47 27 70 82 28 96 30 12 4 24 29 65 50 64 9 61 69 66 27 57 76 55 33 76 38 47 79 49 66 37 33 27 9 55 60 76 63 33 16 74 72 2 57 91 69 79 48 
53 92 42 23 45 5 59 7 62 29 5 1 24 20 14 12 35 40 78 31 77 4 40 29 26 55 44 36 32 70 61 29 19 77 68 95 81 9 44 28 17 91 88 49 15 79 35 46 21 38 44 7 91 97 29 62 16 85 84 8 61 66 2 80 60 7 34 78 22 63 18 68 45 93 18 55 87 65 1 25 59 7 47 28 29 100 26 12 33 73 28 72 20 97 29 72 79 55 93 84 35 29 98 99 38 66 79 73 64 44 11 83 60 41 88 64 38 53 16 12 63 37 62 71 12 26 13 77 
51 23 74 24 64 55 17 96 52 51 12 96 99 79 65 20 20 90 52 25 72 91 38 23 26 26 84 69 49 27 95 75 40 27 10 45 48 64 23 9 26 77 29 81 45 45 36 63 15 46 33 37 66 89 84 41 59 1 49 36 28 6 85 97 83 63 39 81 31 38 53 9 64 96 24 72 29 2 31 80 39 74 55 45 33 9 14 46 12 36 54 18 66 17 44 26 74 59 73 97 38 98 96 90 64 70 78 4 7 59 90 10 33 69 97 29 33 33 71 91 12 35 55 91 50 8 58 76 
1 1 -1 1 -1 -1 1 -1 -1 1 1 -1 -1 -1 1 1 1 1 -1 1 1 1 -1 -1 -1 1 1 -1 1 1 -1 -1 -1 1 -1 1 1 -1 -1 1 -1 1 1 -1 -1 -1 1 1 1 1 -1 -1 1 1 1 1 1 1 -1 1 -1 1 1 -1 1 -1 -1 -1 1 -1 -1 -1 -1 -1 1 -1 -1 1 -1 1 -1 -1 1 -1 -1 1 -1 -1 1 1 -1 -1 -1 1 1 -1 1 1 -1 1 1 -1 -1 -1 -1 1 -1 1 -1 -1 -1 1 1 -1 1 -1 1 -1 -1 1 1 1 1 -1 1 -1 1 1 
1 -1 1 1 1 1 1 -1 -1 1 -1 -1 -1 -1 -1 -1 -1 -1 1 1 -1 -1 -1 -1 1 1 -1 -1 -1 1 1 -1 -1 1 -1 1 1 1 -1 -1 1 1 -1 1 -1 1 -1 1 1 1 1 -1 1 1 -1 1 1 1 1 1 -1 -1 -1 1 1 1 -1 -1 1 1 -1 -1 1 1 -1 1 1 -1 -1 -1 1 -1 -1 1 1 -1 1 -1 1 -1 1 1 -1 1 -1 -1 1 -1 1 -1 -1 -1 -1 1 1 1 -1 1 -1 -1 -1 -1 1 1 -1 -1 1 1 -1 1 1 1 1 -1 1 1 1 -1 
-1 1 -1 1 -1 -1 -1 -1 1 1 1 1 -1 1 -1 -1 1 1 1 1 -1 1 -1 -1 1 1 -1 1 -1 -1 -1 -1 1 -1 -1 1 -1 1 1 1 1 -1 1 -1 -1 1 -1 -1 1 1 1 -1 -1 -1 -1 -1 -1 -1 -1 1 -1 1 1 1 -1 -1 -1 1 1 1 -1 -1 1 -1 1 -1 -1 -1 -1 1 -1 1 -1 -1 1 1 1 -1 1 1 1 -1 1 -1 1 1 1 1 1 1 -1 -1 1 1 1 -1 -1 -1 1 -1 -1 -1 1 -1 1 -1 -1 -1 -1 -1 1 1 1 1 -1 1 -1 1 
1 1 1 1 1 1 1 1 -1 1 -1 1 1 -1 1 1 1 -1 1 1 1 1 1 -1 -1 1 -1 1 1 1 -1 -1 -1 -1 1 1 -1 1 -1 1 -1 -1 1 -1 -1 1 1 -1 -1 1 -1 1 -1 1 1 1 1 -1 -1 1 -1 -1 -1 1 1 -1 -1 1 1 -1 1 -1 -1 1 1 1 -1 -1 -1 -1 1 1 1 -1 -1 -1 1 -1 1 1 -1 -1 1 1 -1 -1 1 -1 -1 -1 -1 1 -1 1 1 -1 -1 1 1 1 1 -1 -1 1 -1 -1 -1 -1 1 1 1 -1 1 1 1 1 -1 -1 
-1 1 -1 1 -1 -1 -1 1 -1 1 -1 -1 1 -1 1 1 1 -1 -1 -1 1 1 -1 1 -1 1 1 -1 -1 -1 -1 -1 -1 1 -1 1 -1 1 -1 1 1 1 1 -1 1 -1 1 -1 1 1 1 -1 -1 1 -1 1 1 1 1 -1 -1 -1 -1 1 -1 -1 1 -1 -1 1 -1 -1 1 -1 1 1 1 1 -1 -1 -1 1 -1 1 1 -1 1 -1 -1 1 1 1 1 -1 -1 -1 1 -1 1 -1 -1 1 -1 1 -1 -1 1 1 1 -1 1 -1 1 -1 -1 -1 1 1 -1 1 1 1 1 1 1 -1 -1 -1 
-1 1 -1 1 -1 1 1 1 1 1 -1 -1 1 1 -1 -1 -1 -1 -1 1 -1 1 -1 1 1 1 1 -1 1 1 -1 -1 1 1 -1 1 1 -1 -1 1 1 -1 -1 1 1 -1 -1 1 -1 -1 1 -1 -1 -1 1 1 -1 1 -1 1 1 1 -1 1 1 1 1 -1 -1 1 -1 1 -1 1 -1 -1 1 -1 1 -1 -1 1 1 1 -1 1 1 1 1 1 1 -1 -1 1 -1 1 -1 1 1 1 1 -1 1 1 1 -1 1 1 1 1 -1 -1 1 -1 1 1 -1 1 -1 1 1 1 -1 -1 1 1 1 1 
1 1 -1 1 -1 1 -1 -1 -1 1 -1 -1 -1 1 -1 1 -1 -1 -1 1 1 1 1 1 -1 1 -1 -1 -1 -1 1 1 1 1 1 1 1 -1 1 -1 1 -1 -1 -1 -1 -1 -1 -1 -1 1 -1 -1 1 -1 1 1 -1 -1 1 1 -1 -1 1 -1 -1 1 -1 1 -1 1 -1 -1 1 -1 -1 -1 -1 -1 -1 -1 1 -1 1 -1 1 -1 -1 1 1 -1 1 -1 1 1 1 -1 -1 1 1 1 -1 -1 -1 1 -1 1 1 -1 1 -1 1 -1 -1 -1 1 -1 1 1 -1 1 -1 1 1 -1 1 1 1 1 
-1 -1 -1 1 1 1 -1 1 1 -1 1 1 1 1 1 -1 -1 -1 -1 -1 -1 -1 1 -1 -1 1 -1 1 -1 -1 -1 1 1 -1 -1 1 -1 -1 -1 -1 -1 1 -1 -1 -1 1 1 1 -1 1 -1 1 1 1 1 1 -1 1 1 1 -1 1 -1 1 -1 -1 1 1 1 -1 1 -1 -1 -1 1 -1 -1 1 -1 -1 1 -1 1 -1 1 1 1 -1 1 -1 -1 -1 1 -1 1 1 1 1 1 -1 -1 1 -1 -1 -1 -1 1 1 -1 1 -1 1 1 -1 -1 1 -1 1 1 1 -1 -1 1 1 1 1 1 1 
-1 -1 1 -1 -1 1 -1 1 -1 -1 -1 1 1 -1 1 1 -1 1 -1 1 1 1 -1 -1 -1 1 1 1 -1 1 -1 -1 -1 -1 1 1 1 1 1 1 1 -1 1 -1 -1 1 1 1 1 -1 1 1 -1 -1 -1 -1 1 1 1 -1 1 -1 1 -1 -1 1 1 1 -1 -1 1 1 1 1 1 -1 1 -1 1 -1 1 1 -1 1 -1 -1 -1 -1 -1 -1 -1 1 1 -1 1 1 -1 -1 -1 1 1 1 1 1 1 -1 -1 1 1 -1 1 -1 1 1 -1 1 -1 1 -1 1 1 1 1 1 1 1 1 -1 
1 1 1 1 1 1 1 -1 -1 1 1 -1 -1 -1 1 -1 -1 -1 1 -1 -1 -1 1 1 1 -1 -1 1 1 1 -1 -1 1 1 1 1 1 -1 1 1 -1 1 1 1 -1 -1 1 -1 1 -1 1 -1 -1 1 1 -1 1 -1 1 -1 -1 1 -1 -1 -1 1 -1 -1 1 1 1 -1 -1 -1 1 -1 -1 -1 1 1 -1 1 1 1 1 1 -1 -1 1 -1 -1 1 -1 1 1 -1 1 1 -1 -1 -1 1 -1 1 1 -1 1 -1 -1 -1 -1 1 1 -1 1 1 -1 1 1 -1 1 1 1 -1 -1 1 -1 1 
1 -1 1 -1 -1 -1 -1 1 -1 1 -1 1 1 -1 1 1 1 1 -1 -1 1 -1 1 1 1 1 -1 1 -1 -1 1 -1 -1 -1 -1 -1 1 -1 -1 -1 -1 -1 1 1 1 1 -1 1 -1 1 1 -1 1 -1 1 1 -1 -1 1 1 1 1 1 1 -1 -1 1 -1 -1 1 -1 1 1 1 -1 -1 -1 1 -1 -1 -1 -1 -1 1 1 1 1 1 -1 -1 -1 1 -1 -1 1 1 1 -1 1 1 1 1 -1 1 -1 -1 -1 1 -1 1 1 -1 1 -1 1 1 -1 1 -1 1 1 1 1 1 -1 1 -1 -1 
-1 -1 1 1 -1 -1 -1 1 1 -1 1 1 -1 -1 -1 -1 1 1 1 -1 -1 1 1 -1 -1 -1 -1 -1 -1 1 -1 1 -1 -1 -1 -1 1 1 -1 1 -1 1 1 1 -1 1 -1 -1 1 1 1 -1 -1 -1 -1 -1 1 1 -1 -1 1 -1 1 1 1 -1 1 -1 -1 1 -1 1 -1 1 -1 1 -1 1 1 -1 -1 -1 1 -1 -1 -1 -1 -1 1 -1 1 -1 -1 1 1 1 -1 -1 1 -1 -1 -1 -1 -1 1 -1 1 1 1 1 1 1 1 -1 1 1 -1 1 1 1 -1 -1 1 -1 1 1 -1 -1 
-1 -1 -1 1 1 1 -1 1 1 -1 1 -1 1 1 -1 -1 -1 -1 1 1 1 1 -1 -1 1 1 1 1 -1 -1 1 -1 -1 -1 1 -1 -1 1 1 -1 -1 -1 -1 1 1 1 -1 -1 1 1 1 -1 1 -1 -1 -1 -1 1 -1 -1 -1 -1 -1 -1 -1 1 -1 1 -1 -1 1 -1 -1 -1 1 1 1 -1 1 -1 -1 1 1 -1 -1 1 1 -1 -1 1 1 1 1 -1 -1 1 -1 -1 1 1 1 -1 -1 -1 -1 1 -1 -1 1 1 -1 1 -1 1 -1 -1 -1 -1 1 -1 1 1 1 -1 1 1 1 1 
-1 -1 1 -1 -1 1 1 1 -1 -1 -1 -1 1 1 1 1 1 -1 -1 -1 1 1 -1 1 1 1 1 -1 -1 -1 -1 -1 -1 -1 -1 1 1 1 -1 -1 -1 1 1 -1 1 -1 -1 1 -1 -1 -1 -1 -1 -1 1 -1 -1 -1 1 1 -1 1 1 -1 1 1 -1 -1 -1 -1 -1 1 1 1 -1 1 -1 1 -1 1 -1 1 1 -1 -1 -1 -1 1 1 1 -1 -1 -1 -1 -1 -1 1 1 1 1 -1 1 1 -1 -1 1 1 1 1 -1 -1 1 -1 -1 -1 -1 1 1 -1 1 -1 1 -1 1 -1 1 -1 1 
1 -1 -1 1 1 -1 -1 1 1 1 1 -1 -1 1 1 -1 1 1 -1 -1 1 -1 -1 -1 -1 -1 -1 1 1 1 -1 -1 -1 -1 -1 1 -1 -1 -1 -1 1 -1 1 1 1 -1 -1 -1 -1 1 -1 1 1 1 1 -1 -1 -1 1 1 1 1 1 -1 1 -1 -1 -1 1 -1 1 -1 1 -1 1 -1 1 1 1 1 -1 1 -1 1 1 1 -1 -1 -1 1 -1 -1 1 -1 1 1 -1 -1 -1 1 -1 -1 1 -1 -1 -1 -1 1 1 -1 1 1 1 -1 -1 -1 -1 1 1 -1 1 1 -1 1 -1 1 1 1 
1 -1 -1 1 1 -1 1 -1 1 -1 1 -1 -1 1 -1 -1 -1 -1 -1 1 -1 -1 1 -1 1 -1 1 -1 -1 1 -1 1 1 1 1 1 1 -1 1 1 -1 -1 -1 -1 1 1 1 -1 1 -1 1 -1 1 -1 1 1 1 1 1 -1 -1 1 1 1 -1 1 -1 1 -1 -1 1 1 1 1 1 1 1 1 1 -1 1 1 1 -1 -1 -1 1 1 1 -1 -1 1 1 1 1 -1 -1 1 1 1 1 1 1 -1 1 1 1 1 1 1 1 -1 1 -1 1 -1 -1 -1 -1 1 1 -1 1 1 1 -1 1 1 
1 -1 1 1 1 -1 -1 -1 -1 -1 1 1 -1 1 1 -1 -1 -1 1 1 -1 -1 -1 1 1 1 1 1 1 -1 -1 -1 -1 -1 1 1 1 1 1 1 1 1 -1 -1 -1 1 1 -1 1 -1 -1 1 -1 -1 1 1 -1 -1 1 1 -1 -1 -1 1 1 -1 -1 -1 1 -1 -1 1 -1 -1 1 -1 -1 -1 1 -1 -1 1 1 1 -1 1 1 -1 1 1 1 -1 1 -1 -1 1 -1 1 -1 1 -1 -1 1 -1 1 1 1 -1 1 1 1 1 -1 -1 1 -1 -1 -1 1 1 -1 1 -1 1 1 -1 1 1 
1 -1 1 -1 -1 -1 -1 -1 1 -1 1 1 -1 -1 1 -1 -1 1 -1 -1 1 -1 1 1 1 1 -1 -1 -1 -1 -1 -1 -1 1 1 -1 -1 1 1 -1 1 -1 1 -1 1 -1 1 -1 1 -1 -1 -1 1 1 1 1 -1 -1 -1 1 -1 1 -1 1 -1 1 1 1 -1 -1 1 1 1 1 1 -1 -1 -1 -1 1 -1 -1 1 -1 1 -1 -1 -1 -1 1 1 1 -1 -1 -1 -1 1 -1 -1 1 -1 1 1 -1 1 1 1 1 1 1 1 -1 -1 1 1 1 -1 1 -1 -1 1 -1 -1 1 -1 1 -1 1 
-1 1 1 1 -1 -1 -1 -1 -1 1 -1 1 1 -1 -1 -1 1 -1 1 1 -1 1 1 -1 -1 -1 -1 1 1 1 1 1 1 -1 1 -1 1 -1 -1 1 1 1 -1 -1 -1 -1 -1 -1 -1 -1 -1 -1 1 -1 -1 1 -1 -1 1 -1 -1 1 1 -1 1 1 -1 -1 1 -1 -1 1 1 -1 1 1 -1 -1 1 1 1 -1 1 -1 1 1 1 1 -1 -1 1 -1 1 -1 1 -1 1 1 1 1 1 1 1 -1 -1 -1 -1 1 -1 -1 1 -1 -1 -1 1 -1 1 -1 -1 -1 -1 1 1 -1 -1 1 1 1 
1 1 1 1 -1 1 1 -1 1 -1 -1 -1 1 -1 -1 1 1 -1 1 1 -1 -1 1 -1 1 1 -1 -1 1 -1 1 -1 1 -1 1 1 -1 -1 -1 -1 -1 -1 -1 -1 1 1 -1 -1 1 1 1 -1 1 -1 1 -1 1 -1 1 1 1 1 1 1 1 -1 -1 -1 1 1 1 1 -1 1 -1 -1 -1 1 -1 1 -1 -1 1 1 -1 -1 -1 -1 1 1 -1 1 -1 1 -1 1 1 1 -1 1 1 -1 1 -1 -1 -1 1 -1 1 1 1 1 1 1 1 1 -1 -1 -1 -1 1 -1 -1 1 -1 -1 -1 -1 
1 -1 -1 1 1 -1 1 -1 1 -1 1 -1 1 1 1 -1 -1 1 -1 -1 -1 1 -1 -1 -1 1 -1 -1 1 -1 1 -1 -1 -1 1 -1 -1 1 -1 1 -1 -1 1 -1 1 -1 -1 1 1 1 1 1 1 -1 1 -1 1 1 1 1 1 1 1 -1 -1 -1 -1 -1 -1 1 -1 1 1 1 -1 -1 1 1 1 -1 -1 -1 1 1 -1 -1 -1 1 -1 -1 1 1 1 1 1 1 -1 1 -1 -1 -1 -1 1 -1 1 -1 1 -1 -1 1 1 -1 1 1 1 1 -1 -1 1 -1 -1 1 -1 -1 1 -1 1 1 
1 -1 1 1 1 1 1 -1 1 -1 -1 1 1 1 -1 -1 -1 -1 1 -1 1 -1 1 1 -1 1 -1 -1 1 1 1 1 -1 -1 -1 1 1 1 1 1 -1 -1 -1 -1 1 1 -1 1 -1 -1 -1 1 1 -1 -1 -1 1 -1 -1 1 1 1 -1 -1 -1 -1 -1 1 -1 1 -1 -1 1 -1 1 -1 1 -1 1 1 -1 -1 -1 1 -1 1 1 -1 1 1 1 -1 1 -1 -1 1 1 1 1 1 1 -1 1 -1 1 -1 1 -1 1 -1 1 1 1 -1 1 -1 -1 -1 -1 -1 1 1 1 1 1 -1 1 -1 
-1 -1 -1 1 -1 -1 1 1 -1 1 1 1 -1 -1 -1 1 -1 1 1 1 -1 1 -1 -1 1 1 1 1 -1 1 -1 -1 1 -1 1 1 -1 1 1 1 -1 1 -1 -1 -1 -1 -1 -1 1 -1 -1 1 -1 -1 1 1 -1 -1 1 1 -1 -1 -1 -1 1 -1 -1 -1 -1 -1 1 1 1 -1 1 1 1 1 1 -1 1 1 -1 1 1 -1 -1 -1 -1 -1 -1 -1 -1 1 1 1 -1 -1 1 -1 1 -1 -1 1 -1 -1 1 -1 -1 1 1 1 1 -1 1 1 1 1 1 -1 -1 1 -1 1 -1 1 1 -1 
-1 -1 -1 -1 1 1 1 -1 -1 1 1 -1 -1 1 -1 -1 1 1 -1 -1 -1 1 -1 -1 -1 1 -1 1 -1 1 1 1 -1 -1 1 -1 -1 -1 1 -1 -1 1 1 -1 1 -1 -1 1 -1 -1 1 -1 1 1 1 -1 -1 1 1 -1 1 1 -1 -1 1 -1 1 -1 -1 -1 1 1 -1 1 1 -1 -1 -1 -1 -1 -1 -1 1 -1 1 1 1 1 -1 -1 1 -1 -1 -1 1 -1 1 1 -1 -1 1 -1 1 1 1 1 -1 -1 -1 -1 1 1 1 -1 1 -1 -1 -1 -1 1 -1 -1 -1 -1 -1 -1 1 1 
-1 1 1 -1 -1 1 -1 -1 -1 1 1 -1 1 1 -1 1 1 1 -1 1 -1 -1 1 -1 1 -1 -1 1 -1 -1 -1 -1 -1 1 -1 -1 -1 -1 1 1 -1 -1 -1 1 -1 1 -1 -1 1 -1 1 -1 -1 1 -1 -1 -1 -1 -1 -1 -1 -1 -1 1 1 -1 -1 1 1 1 1 1 1 1 -1 1 1 1 -1 -1 -1 1 -1 -1 1 1 -1 -1 1 -1 -1 -1 -1 -1 1 1 1 1 -1 1 -1 1 1 1 1 -1 -1 1 -1 -1 1 -1 1 -1 1 1 -1 1 -1 -1 -1 -1 -1 1 -1 -1 -1 1 
1 1 1 1 1 1 1 1 1 -1 1 -1 1 1 -1 -1 1 1 -1 1 1 1 1 1 -1 1 1 1 -1 -1 1 -1 -1 1 1 -1 -1 -1 1 -1 -1 -1 -1 -1 -1 -1 1 1 1 1 1 -1 1 1 -1 1 1 -1 1 1 -1 1 -1 1 1 1 -1 -1 -1 -1 1 -1 1 -1 -1 -1 1 1 1 1 1 1 -1 1 1 1 1 1 -1 -1 -1 -1 1 1 -1 1 -1 -1 -1 1 -1 1 1 1 1 -1 1 -1 1 1 1 -1 1 -1 -1 -1 -1 -1 1 -1 -1 1 1 1 1 1 -1 1 
1 -1 -1 -1 1 1 -1 -1 1 -1 -1 -1 1 1 -1 1 1 -1 -1 -1 -1 -1 1 -1 -1 1 1 -1 -1 1 1 1 -1 1 1 -1 1 1 1 -1 -1 -1 1 -1 -1 1 1 1 1 -1 -1 1 1 1 1 1 1 -1 -1 -1 -1 1 1 1 1 1 1 1 -1 1 -1 1 1 1 1 1 -1 -1 -1 -1 1 -1 1 1 -1 1 -1 1 1 1 -1 -1 1 1 1 1 1 1 1 -1 -1 1 1 1 1 1 1 1 1 1 -1 1 1 1 -1 1 1 -1 -1 -1 -1 1 -1 -1 -1 1 -1 1 
-1 -1 1 1 -1 -1 -1 1 1 1 1 -1 1 -1 1 -1 1 -1 1 -1 -1 -1 1 1 1 1 -1 -1 1 -1 -1 1 -1 -1 -1 1 1 -1 -1 1 1 1 -1 -1 -1 1 -1 1 1 1 1 -1 1 1 -1 -1 -1 1 1 -1 1 1 -1 1 1 1 -1 1 -1 -1 1 1 -1 -1 -1 1 -1 -1 -1 -1 1 1 -1 1 1 1 1 -1 -1 1 -1 -1 -1 -1 1 1 1 -1 -1 -1 -1 -1 -1 1 1 1 -1 1 1 -1 -1 -1 1 1 -1 -1 -1 1 -1 -1 1 1 1 1 -1 1 -1 -1 
1 -1 -1 1 -1 1 -1 -1 -1 1 -1 -1 -1 -1 1 -1 1 -1 1 1 1 1 -1 -1 -1 -1 -1 1 -1 1 1 1 -1 1 -1 1 -1 1 1 1 -1 -1 -1 -1 1 1 1 1 1 1 1 -1 -1 1 1 -1 -1 1 -1 1 1 1 -1 -1 -1 1 -1 1 -1 -1 1 1 1 1 -1 1 -1 -1 -1 -1 -1 -1 1 -1 1 1 1 -1 -1 1 1 -1 1 -1 1 -1 1 1 1 -1 1 -1 1 -1 -1 1 1 1 -1 -1 -1 1 1 -1 -1 -1 -1 1 1 1 1 1 1 -1 1 1 -1 1 
1 1 -1 1 -1 1 -1 -1 1 1 -1 1 -1 -1 1 1 -1 -1 1 -1 -1 1 1 1 -1 -1 1 -1 1 -1 1 -1 -1 1 -1 -1 -1 -1 1 -1 1 -1 -1 1 -1 1 1 1 -1 -1 1 1 -1 1 -1 1 1 -1 -1 1 1 1 1 -1 -1 1 -1 1 1 1 1 1 1 1 1 -1 1 1 1 1 -1 -1 -1 1 -1 1 1 1 1 1 -1 1 -1 -1 -1 -1 -1 1 1 -1 -1 -1 1 -1 -1 1 -1 -1 -1 1 -1 -1 -1 1 -1 -1 -1 -1 -1 -1 1 1 -1 -1 1 1 -1 -1 
-1 1 -1 -1 -1 -1 1 -1 -1 -1 1 -1 1 -1 -1 -1 -1 -1 1 1 1 1 -1 1 -1 1 1 -1 1 1 1 1 -1 1 1 1 -1 -1 1 1 -1 -1 -1 1 1 1 1 -1 1 -1 -1 -1 -1 1 -1 1 1 -1 1 -1 1 -1 1 -1 1 1 -1 -1 1 -1 -1 1 1 -1 1 1 1 -1 -1 -1 1 1 -1 1 1 1 1 -1 1 1 -1 -1 1 1 -1 -1 -1 1 1 1 -1 1 1 -1 1 -1 1 -1 -1 1 -1 -1 1 1 1 1 1 -1 1 1 -1 1 -1 -1 -1 -1 -1 1 
-1 -1 -1 -1 -1 -1 1 1 -1 -1 -1 1 -1 -1 -1 1 -1 -1 1 -1 -1 1 -1 1 -1 -1 1 1 1 -1 1 -1 1 -1 1 -1 -1 1 -1 1 -1 1 1 1 1 1 -1 -1 -1 -1 1 -1 1 1 1 -1 1 -1 1 1 1 1 1 1 1 1 1 1 1 -1 1 -1 1 -1 -1 -1 1 -1 1 -1 -1 -1 1 1 -1 1 1 1 -1 1 1 1 1 1 1 1 -1 1 1 -1 -1 -1 -1 -1 1 1 -1 -1 -1 1 -1 1 1 1 1 1 -1 -1 -1 -1 -1 1 1 1 -1 -1 -1 1 
-1 -1 1 -1 -1 1 1 1 -1 1 -1 -1 -1 -1 -1 1 -1 -1 1 1 -1 -1 1 -1 -1 -1 -1 -1 -1 -1 -1 1 -1 -1 -1 -1 -1 -1 -1 1 -1 1 1 -1 -1 -1 1 -1 -1 -1 -1 1 1 1 -1 1 -1 -1 1 1 -1 1 1 1 1 -1 1 1 1 1 1 -1 -1 1 -1 -1 1 1 1 1 -1 1 -1 -1 -1 1 -1 -1 -1 -1 -1 -1 -1 -1 -1 1 -1 -1 1 -1 -1 -1 -1 -1 1 1 -1 -1 1 1 1 1 -1 1 1 -1 1 -1 1 1 1 -1 1 -1 -1 1 -1 -1 
1 1 -1 -1 1 1 1 -1 -1 1 -1 -1 -1 -1 -1 1 -1 1 -1 -1 -1 -1 -1 -1 1 1 1 -1 1 1 1 -1 -1 -1 -1 1 -1 -1 1 1 1 1 -1 -1 -1 -1 1 1 1 -1 1 -1 -1 1 -1 1 -1 -1 -1 -1 -1 1 1 -1 -1 1 -1 -1 1 -1 -1 -1 -1 1 -1 -1 1 -1 1 1 -1 1 -1 -1 -1 1 1 1 1 1 1 -1 1 -1 -1 1 -1 -1 1 -1 1 1 -1 1 1 -1 -1 -1 1 -1 1 1 -1 1 -1 -1 1 -1 1 -1 1 1 1 -1 1 -1 -1 -1 
-1 -1 -1 1 -1 -1 1 -1 1 1 -1 -1 1 -1 -1 1 1 1 1 1 1 -1 1 1 -1 1 1 -1 -1 -1 1 1 -1 -1 -1 1 -1 1 1 -1 1 -1 1 -1 -1 1 -1 -1 -1 -1 1 1 1 1 -1 -1 1 -1 1 1 1 -1 -1 -1 -1 1 1 -1 -1 1 1 -1 1 1 1 1 1 1 1 -1 -1 -1 1 1 1 1 1 -1 1 -1 1 -1 -1 1 -1 -1 1 -1 -1 -1 1 -1 -1 -1 -1 -1 1 1 1 1 1 -1 -1 -1 -1 1 1 1 -1 1 1 -1 -1 1 -1 1 1 1 
1 1 1 1 1 1 1 1 1 1 -1 -1 -1 1 1 1 1 -1 -1 1 -1 1 1 -1 -1 -1 -1 1 1 -1 1 -1 -1 1 1 -1 -1 -1 1 -1 -1 1 -1 -1 1 1 1 -1 1 -1 -1 -1 1 1 -1 -1 -1 -1 -1 1 1 -1 -1 1 -1 -1 -1 -1 -1 1 1 1 -1 -1 -1 -1 1 -1 -1 -1 1 1 -1 1 -1 1 -1 1 -1 1 1 -1 1 1 -1 -1 1 1 -1 -1 -1 1 -1 -1 -1 1 1 -1 1 1 1 -1 1 -1 1 1 1 -1 1 1 -1 1 -1 -1 -1 -1 1 -1 
1 1 -1 -1 -1 1 1 -1 1 1 1 1 -1 1 -1 1 1 -1 1 -1 -1 1 -1 -1 -1 -1 1 1 -1 -1 -1 -1 -1 -1 -1 -1 -1 1 -1 -1 1 -1 -1 -1 -1 1 1 -1 1 -1 1 1 1 1 1 -1 1 -1 1 -1 -1 1 1 -1 1 -1 -1 1 1 1 1 1 -1 -1 1 1 -1 1 -1 1 1 -1 -1 1 -1 1 -1 1 -1 -1 -1 1 -1 -1 -1 1 -1 1 1 1 1 -1 -1 -1 1 1 -1 1 -1 1 -1 1 -1 -1 1 1 -1 1 1 -1 -1 1 1 1 1 -1 1 1 
-1 1 1 1 1 -1 -1 -1 1 -1 -1 1 1 1 -1 -1 1 1 -1 -1 1 1 1 -1 -1 -1 1 -1 1 -1 -1 1 -1 -1 1 -1 1 1 -1 -1 -1 1 -1 1 -1 -1 1 -1 -1 -1 -1 -1 -1 1 1 -1 1 1 -1 -1 -1 -1 1 -1 -1 -1 1 1 1 -1 1 -1 -1 -1 1 -1 1 -1 -1 1 1 -1 1 -1 1 -1 1 -1 1 1 1 -1 1 -1 -1 -1 -1 -1 -1 -1 1 -1 -1 1 -1 -1 -1 1 -1 1 -1 1 1 1 -1 1 1 -1 1 1 -1 -1 -1 1 1 -1 -1 1 
-1 -1 1 -1 -1 -1 1 -1 1 1 -1 -1 1 -1 -1 1 1 1 -1 -1 -1 1 1 1 1 1 1 -1 1 1 1 -1 -1 1 1 1 -1 -1 -1 1 -1 -1 -1 -1 -1 1 1 1 -1 1 1 1 1 -1 1 -1 -1 -1 1 -1 1 -1 1 -1 -1 1 1 1 1 1 1 1 1 1 -1 1 -1 1 1 1 -1 -1 1 -1 -1 -1 1 1 1 -1 -1 1 -1 -1 1 -1 1 -1 -1 -1 -1 -1 -1 1 1 1 -1 1 1 -1 -1 1 1 1 -1 -1 -1 -1 1 1 -1 -1 1 -1 1 1 -1 -1 
1 -1 1 1 1 1 -1 -1 1 1 -1 1 -1 -1 -1 1 1 -1 1 -1 1 1 1 -1 1 -1 -1 1 1 -1 1 1 1 1 -1 -1 -1 -1 1 1 1 1 -1 1 -1 1 1 -1 -1 -1 1 1 1 1 1 1 1 1 -1 -1 -1 1 1 1 1 1 -1 -1 1 1 -1 -1 1 1 -1 1 -1 -1 -1 1 1 1 1 1 1 1 -1 -1 -1 -1 -1 1 -1 -1 1 1 -1 -1 1 -1 1 1 -1 1 -1 1 -1 1 -1 -1 -1 -1 1 -1 1 1 -1 1 1 -1 1 1 1 -1 -1 -1 -1 1 
-1 1 1 -1 1 1 1 -1 1 -1 -1 -1 -1 -1 1 -1 1 1 1 -1 -1 -1 -1 -1 -1 -1 -1 1 -1 1 -1 -1 -1 1 1 -1 1 -1 -1 1 1 1 -1 -1 -1 1 -1 1 1 -1 1 -1 -1 -1 1 1 -1 1 1 -1 -1 1 1 1 -1 1 1 1 -1 1 -1 -1 1 1 1 -1 -1 -1 -1 -1 1 1 -1 1 1 -1 -1 1 -1 1 -1 -1 -1 1 -1 1 1 -1 -1 -1 -1 1 1 -1 -1 1 1 1 1 -1 1 1 1 1 1 -1 1 -1 -1 -1 -1 1 -1 -1 1 1 1 -1 
1 1 -1 -1 1 -1 -1 1 -1 1 -1 1 -1 1 -1 -1 1 -1 1 -1 -1 -1 1 1 -1 -1 -1 1 -1 -1 -1 1 1 1 -1 1 -1 1 -1 1 1 1 1 1 1 -1 1 -1 1 -1 -1 1 1 1 -1 1 1 1 -1 -1 -1 1 -1 -1 1 -1 -1 1 1 -1 1 -1 -1 -1 1 -1 -1 1 -1 -1 1 1 1 -1 1 1 1 -1 -1 -1 -1 -1 -1 -1 1 -1 1 -1 -1 1 1 1 -1 1 1 -1 -1 -1 -1 -1 -1 -1 -1 -1 -1 -1 1 1 1 -1 1 1 -1 1 1 -1 1 -1 
1 -1 1 1 1 -1 -1 -1 1 1 1 1 -1 1 1 -1 -1 1 -1 -1 1 -1 -1 1 -1 -1 1 -1 -1 -1 -1 1 1 -1 1 -1 -1 -1 -1 -1 -1 1 1 1 1 -1 -1 1 1 -1 1 -1 -1 -1 -1 1 1 1 1 -1 1 1 -1 1 -1 1 -1 -1 -1 -1 1 1 1 1 1 -1 -1 1 1 1 -1 -1 -1 1 1 1 1 -1 -1 -1 1 1 1 -1 1 1 1 -1 1 1 1 -1 -1 1 1 -1 1 1 -1 -1 1 -1 -1 -1 -1 -1 -1 1 -1 1 1 1 -1 -1 -1 -1 -1 1 
-1 1 -1 -1 -1 1 -1 -1 -1 1 1 1 1 -1 1 -1 -1 -1 -1 -1 -1 -1 -1 -1 1 -1 -1 -1 -1 1 1 1 -1 -1 -1 -1 -1 1 -1 1 -1 1 1 1 1 1 1 -1 1 -1 -1 -1 1 1 1 1 1 1 1 1 1 1 1 -1 1 1 -1 -1 -1 -1 -1 -1 1 1 -1 -1 -1 -1 -1 -1 -1 -1 1 1 1 1 1 -1 1 -1 1 -1 -1 -1 1 -1 -1 1 -1 -1 -1 -1 1 1 1 -1 -1 -1 -1 1 1 1 1 -1 1 1 1 -1 1 1 1 -1 -1 1 1 -1 -1 1 
-1 -1 -1 -1 1 1 -1 -1 -1 -1 1 -1 1 1 1 1 -1 1 -1 1 1 1 -1 1 -1 -1 -1 -1 1 -1 1 1 -1 -1 -1 1 -1 -1 -1 -1 -1 1 1 1 1 -1 -1 1 -1 -1 1 -1 1 -1 -1 1 1 1 -1 -1 1 -1 -1 -1 -1 1 1 1 1 1 1 1 -1 1 -1 -1 -1 -1 -1 1 -1 1 -1 1 -1 -1 -1 1 -1 -1 -1 1 1 -1 1 -1 1 1 1 -1 1 1 -1 -1 1 1 -1 1 -1 -1 -1 -1 1 1 1 1 1 -1 1 1 -1 1 1 -1 1 1 -1 -1 
-1 1 1 1 -1 -1 -1 1 1 -1 1 1 1 -1 -1 1 1 -1 -1 1 -1 1 -1 -1 1 -1 1 1 1 1 1 1 -1 -1 1 1 1 -1 1 1 1 -1 -1 1 -1 -1 1 -1 -1 1 1 1 1 1 -1 -1 -1 1 -1 1 -1 -1 1 1 -1 -1 -1 1 -1 -1 -1 1 1 1 -1 1 -1 1 1 1 -1 1 1 -1 -1 -1 1 -1 1 -1 1 -1 1 1 1 -1 1 -1 1 -1 1 -1 -1 1 1 1 -1 1 1 1 -1 -1 -1 -1 -1 -1 -1 1 1 1 -1 1 1 1 1 -1 -1 -1 
1 -1 -1 1 1 -1 -1 1 1 1 -1 -1 -1 -1 -1 1 1 1 -1 -1 -1 -1 -1 -1 -1 1 1 -1 1 1 1 -1 1 1 -1 1 1 1 1 1 -1 1 -1 1 -1 1 -1 -1 -1 -1 1 1 -1 1 1 -1 -1 -1 -1 -1 -1 1 1 1 -1 1 -1 1 -1 1 1 1 -1 1 1 -1 1 -1 1 1 1 1 -1 -1 -1 1 -1 1 1 1 -1 -1 1 1 -1 -1 -1 1 -1 -1 -1 1 -1 -1 1 -1 -1 -1 -1 -1 -1 -1 1 1 -1 1 1 1 -1 -1 -1 -1 -1 1 -1 1 1 -1 
1 1 -1 -1 -1 1 -1 1 1 -1 1 -1 -1 1 -1 -1 -1 -1 -1 -1 1 1 -1 1 -1 1 1 1 1 1 -1 -1 -1 1 -1 -1 -1 -1 1 -1 1 -1 1 -1 1 -1 -1 -1 -1 1 -1 1 1 1 1 1 1 -1 -1 -1 1 -1 -1 1 -1 1 -1 1 1 1 1 -1 -1 -1 -1 1 1 -1 1 1 -1 -1 1 -1 1 1 1 -1 1 1 -1 -1 1 1 -1 1 1 1 1 1 1 -1 -1 1 -1 -1 -1 1 -1 -1 -1 1 -1 1 1 1 1 -1 1 1 1 -1 1 1 1 1 -1 1 
1 1 1 -1 1 -1 -1 -1 1 1 -1 1 1 -1 -1 1 1 1 -1 1 1 -1 1 -1 1 1 1 1 1 -1 1 -1 -1 1 -1 1 1 -1 -1 -1 1 1 1 1 -1 -1 -1 -1 -1 1 1 -1 -1 1 1 -1 -1 1 1 -1 1 -1 -1 -1 -1 1 1 -1 -1 -1 1 1 1 1 -1 -1 1 -1 -1 -1 -1 1 -1 -1 -1 -1 1 -1 1 1 1 -1 1 -1 1 1 -1 -1 -1 1 -1 1 1 1 -1 -1 1 1 1 1 -1 1 1 -1 -1 -1 -1 1 -1 1 -1 -1 -1 1 1 1 1 1 
1 1 1 1 1 -1 1 1 -1 -1 1 1 1 -1 1 -1 -1 -1 -1 1 1 -1 -1 -1 -1 1 -1 1 1 -1 -1 -1 -1 -1 -1 -1 -1 -1 1 -1 -1 -1 -1 -1 -1 1 -1 1 1 1 1 1 -1 -1 -1 1 1 1 -1 1 1 1 1 1 1 -1 1 -1 -1 1 -1 -1 -1 -1 -1 1 -1 1 -1 1 1 -1 -1 1 1 -1 1 1 1 1 1 1 -1 1 -1 -1 1 -1 -1 1 -1 1 -1 -1 1 1 -1 1 -1 -1 1 -1 1 -1 -1 -1 1 -1 -1 -1 1 -1 1 -1 -1 -1 -1 -1 
-1 1 1 -1 1 1 -1 -1 1 1 1 1 1 -1 -1 1 -1 -1 -1 1 1 -1 -1 1 1 1 -1 1 1 1 -1 1 -1 1 1 -1 1 -1 1 1 1 -1 1 -1 1 1 1 -1 1 1 -1 -1 1 -1 1 1 1 1 1 -1 1 1 1 1 1 1 -1 -1 -1 1 -1 1 -1 1 1 1 -1 1 -1 1 1 -1 1 1 1 1 -1 1 1 -1 1 1 -1 1 1 -1 1 1 -1 1 -1 -1 -1 -1 1 -1 -1 -1 1 1 1 -1 -1 -1 -1 1 -1 1 1 -1 1 -1 1 -1 1 1 1 -1 
-1 -1 -1 1 -1 -1 -1 1 1 -1 -1 -1 -1 -1 1 -1 1 -1 -1 -1 1 1 1 -1 -1 -1 1 -1 -1 1 -1 -1 1 -1 1 -1 1 -1 1 1 -1 1 -1 -1 -1 1 1 1 -1 1 -1 -1 1 1 -1 -1 1 1 1 1 -1 -1 -1 1 1 -1 -1 -1 -1 -1 1 1 1 -1 -1 -1 -1 -1 -1 -1 -1 1 1 1 -1 -1 1 -1 1 -1 -1 1 -1 1 1 1 1 1 1 1 -1 -1 -1 -1 1 1 -1 -1 1 1 -1 1 -1 1 -1 -1 1 -1 -1 -1 1 -1 -1 -1 1 1 -1 -1 
1 1 -1 -1 -1 -1 1 1 -1 -1 1 -1 1 -1 1 1 -1 1 1 1 1 1 -1 1 -1 1 1 1 -1 -1 -1 1 1 -1 1 1 1 -1 1 1 -1 1 -1 1 1 1 -1 1 -1 -1 1 1 -1 1 1 -1 1 1 -1 1 1 -1 -1 -1 1 -1 1 1 1 1 -1 -1 -1 1 1 -1 -1 1 -1 1 -1 -1 -1 1 1 1 1 1 1 1 1 -1 -1 -1 1 1 -1 1 -1 -1 -1 1 -1 -1 -1 -1 1 1 1 1 -1 -1 1 1 1 1 1 -1 -1 -1 1 -1 -1 -1 1 1 1 1 
1 1 -1 1 1 -1 -1 1 -1 1 -1 -1 -1 -1 1 -1 -1 1 -1 -1 -1 -1 -1 1 1 1 1 1 1 1 1 1 1 1 1 1 1 1 -1 1 -1 1 -1 1 -1 1 1 1 1 -1 -1 1 1 1 -1 -1 -1 -1 -1 1 1 1 -1 -1 1 1 -1 -1 -1 1 -1 1 -1 -1 -1 1 1 -1 1 1 1 1 1 -1 1 -1 1 1 1 -1 -1 1 1 1 1 -1 1 1 -1 1 -1 1 -1 -1 -1 1 1 1 1 1 1 1 -1 -1 -1 -1 -1 1 -1 1 -1 -1 -1 -1 1 -1 1 1 
1 -1 -1 1 -1 1 1 1 -1 1 1 -1 -1 1 1 1 1 1 -1 1 1 -1 1 1 -1 -1 1 -1 1 -1 -1 1 -1 -1 -1 -1 1 1 1 1 1 -1 -1 1 -1 -1 1 1 1 -1 1 -1 1 -1 1 -1 1 1 -1 -1 -1 1 -1 -1 1 1 1 1 1 1 -1 -1 1 -1 -1 -1 1 1 -1 1 1 1 -1 1 1 -1 1 -1 1 -1 -1 1 1 1 1 -1 -1 -1 -1 -1 1 1 -1 -1 -1 -1 -1 -1 -1 1 1 1 1 1 -1 -1 -1 -1 -1 -1 1 -1 1 -1 1 1 -1 1 
1 1 -1 1 1 1 1 1 -1 -1 1 -1 -1 -1 -1 1 1 1 1 -1 -1 -1 1 -1 -1 1 1 -1 -1 1 1 -1 1 1 -1 -1 -1 -1 -1 1 1 1 1 1 1 -1 -1 1 -1 1 1 -1 -1 -1 -1 1 -1 1 -1 1 -1 -1 1 -1 1 1 -1 -1 -1 -1 -1 -1 -1 -1 1 1 -1 1 1 -1 1 -1 1 1 -1 -1 -1 1 -1 1 1 1 -1 1 1 1 1 1 -1 1 -1 1 -1 1 1 1 1 -1 1 1 -1 -1 1 -1 -1 -1 -1 -1 1 1 1 1 1 -1 -1 -1 -1 1 
1 1 -1 1 1 -1 -1 -1 1 1 -1 1 -1 -1 -1 1 -1 -1 -1 1 1 1 -1 -1 -1 1 1 -1 -1 1 1 1 -1 -1 1 -1 1 1 -1 1 -1 1 1 1 1 -1 -1 1 -1 1 1 1 1 -1 1 -1 -1 1 -1 1 1 1 1 -1 1 -1 1 1 -1 1 -1 1 -1 1 -1 -1 -1 -1 -1 -1 1 1 -1 1 -1 -1 1 -1 -1 1 -1 1 -1 -1 1 -1 -1 1 1 1 1 -1 -1 -1 1 1 1 -1 1 -1 -1 1 1 1 -1 -1 -1 -1 -1 -1 1 1 1 -1 1 1 1 -1 
1 1 -1 -1 1 1 -1 1 1 -1 -1 1 1 -1 -1 1 -1 -1 -1 -1 1 -1 -1 1 -1 -1 -1 1 1 -1 -1 -1 -1 -1 -1 -1 -1 1 -1 1 1 1 1 1 1 1 -1 -1 1 1 1 1 1 -1 1 1 1 1 1 -1 -1 -1 1 1 -1 1 1 -1 -1 -1 1 1 1 1 -1 1 -1 -1 1 1 1 1 1 -1 -1 1 -1 -1 1 1 1 -1 1 -1 1 -1 1 -1 -1 1 -1 1 1 -1 1 -1 1 1 1 -1 -1 1 1 -1 1 -1 1 1 1 1 1 -1 1 -1 -1 1 -1 -1 
-1 1 -1 -1 1 -1 1 1 1 1 1 -1 -1 1 1 1 1 -1 1 1 1 -1 1 1 -1 1 -1 1 -1 -1 1 1 1 -1 1 -1 1 -1 1 -1 1 -1 1 1 -1 -1 -1 -1 1 -1 1 1 -1 -1 -1 -1 -1 1 1 1 1 -1 -1 -1 1 1 -1 1 -1 1 1 1 -1 -1 -1 -1 1 -1 -1 1 1 -1 1 1 -1 1 1 1 -1 -1 1 1 -1 1 -1 -1 1 1 -1 -1 -1 -1 1 1 1 -1 -1 -1 -1 -1 -1 -1 1 -1 -1 -1 -1 -1 -1 1 1 -1 1 -1 1 1 -1 -1 
1 1 1 1 -1 1 1 1 -1 -1 1 -1 -1 1 1 -1 1 1 -1 1 1 1 1 -1 -1 1 -1 -1 1 1 -1 1 1 -1 1 1 -1 -1 -1 -1 -1 -1 -1 1 -1 1 -1 -1 -1 1 -1 1 1 1 -1 1 1 -1 1 1 -1 -1 1 1 -1 1 1 1 -1 -1 -1 -1 -1 -1 -1 1 1 1 1 -1 -1 -1 -1 -1 1 1 -1 1 1 1 1 1 1 -1 1 -1 1 -1 -1 -1 -1 1 1 1 -1 -1 1 1 -1 1 1 1 -1 1 1 -1 1 -1 -1 -1 1 -1 -1 1 1 1 1 -1 
-1 -1 -1 -1 -1 1 -1 -1 1 -1 1 1 -1 -1 1 -1 -1 -1 -1 1 1 1 -1 1 -1 -1 -1 1 1 1 1 1 -1 -1 1 1 -1 -1 1 -1 -1 -1 1 1 1 -1 -1 1 1 1 1 -1 1 1 -1 -1 1 -1 1 -1 -1 1 -1 -1 -1 1 -1 -1 1 1 1 1 -1 -1 1 1 -1 -1 1 -1 1 1 -1 -1 1 -1 -1 1 -1 -1 1 -1 1 1 -1 1 -1 1 -1 -1 1 1 1 -1 1 1 -1 -1 1 1 -1 -1 1 1 -1 -1 1 -1 1 1 -1 -1 -1 -1 -1 -1 -1 -1 
1 -1 1 -1 -1 1 -1 1 -1 1 1 -1 -1 1 1 1 -1 1 1 1 1 1 -1 1 -1 1 1 1 1 1 -1 1 1 1 -1 -1 1 -1 -1 1 1 1 1 1 -1 -1 1 -1 -1 1 1 -1 -1 1 1 -1 1 -1 -1 -1 1 1 -1 -1 -1 -1 -1 1 1 1 1 1 1 1 -1 1 -1 -1 -1 -1 -1 1 1 1 1 -1 -1 -1 1 1 1 -1 -1 -1 -1 -1 -1 -1 1 -1 -1 1 1 -1 1 -1 -1 1 -1 -1 -1 1 -1 1 -1 1 -1 -1 1 1 -1 -1 -1 -1 -1 -1 -1 -1 
1 -1 1 -1 -1 -1 1 -1 1 -1 1 1 -1 1 1 1 -1 -1 1 1 1 -1 -1 -1 -1 -1 1 -1 -1 1 1 1 1 1 -1 -1 1 1 1 1 1 -1 -1 1 -1 1 1 -1 -1 1 1 -1 -1 -1 -1 1 1 1 -1 1 -1 -1 -1 1 1 1 1 1 1 1 1 -1 -1 -1 -1 -1 1 1 -1 1 -1 -1 1 1 1 1 1 -1 1 1 -1 1 1 -1 1 -1 1 -1 1 -1 1 -1 -1 1 1 -1 1 -1 -1 -1 -1 1 1 -1 -1 1 -1 -1 1 1 -1 -1 -1 -1 -1 -1 -1 -1 
-1 1 1 1 1 1 -1 1 -1 -1 1 1 -1 -1 -1 1 1 1 -1 1 -1 -1 -1 -1 1 1 1 1 -1 -1 -1 1 1 -1 -1 1 -1 -1 -1 1 1 -1 1 -1 -1 1 1 1 -1 1 1 1 -1 -1 -1 -1 -1 1 -1 1 -1 -1 1 -1 -1 1 -1 -1 1 1 1 1 1 -1 -1 1 1 1 1 -1 -1 -1 1 1 1 1 -1 1 1 -1 -1 -1 -1 -1 1 -1 1 -1 1 1 -1 1 -1 1 1 1 1 1 -1 1 -1 1 1 1 -1 1 1 1 1 -1 1 1 -1 1 1 1 -1 -1 
1 1 -1 1 -1 1 -1 -1 -1 -1 -1 1 -1 1 1 -1 1 -1 1 1 -1 -1 1 1 1 1 1 1 -1 -1 1 1 1 -1 -1 -1 1 -1 -1 1 -1 1 -1 1 -1 -1 -1 -1 -1 1 1 1 1 1 1 1 1 -1 1 -1 -1 -1 1 -1 -1 1 1 1 1 1 -1 1 1 -1 -1 1 1 1 1 1 -1 1 -1 1 1 1 -1 -1 1 1 1 1 -1 -1 1 -1 -1 1 1 1 -1 1 -1 1 1 -1 1 1 -1 1 1 1 1 -1 1 1 1 1 -1 1 1 1 1 -1 -1 -1 1 -1 
-1 1 -1 -1 -1 1 1 -1 1 1 -1 -1 1 1 -1 1 -1 1 1 -1 -1 -1 -1 -1 -1 1 1 1 1 1 1 1 -1 1 1 -1 -1 -1 1 1 1 -1 1 1 1 -1 1 1 1 -1 1 -1 -1 1 1 1 -1 1 1 1 1 -1 1 1 1 1 -1 -1 1 1 -1 1 -1 -1 1 -1 -1 -1 1 1 -1 -1 1 1 1 -1 1 -1 -1 1 1 -1 -1 -1 1 1 1 -1 1 -1 -1 -1 1 1 -1 1 -1 -1 1 -1 1 -1 1 -1 -1 -1 1 1 1 -1 1 -1 -1 -1 1 1 1 1 
-1 -1 -1 -1 1 1 -1 1 1 -1 1 1 -1 -1 -1 -1 -1 1 -1 -1 -1 -1 -1 1 -1 -1 1 -1 -1 -1 -1 1 1 -1 1 -1 -1 1 1 -1 1 -1 -1 -1 1 -1 -1 -1 1 1 -1 -1 1 -1 1 -1 1 1 -1 1 -1 -1 1 -1 1 -1 1 1 1 1 -1 1 -1 1 -1 1 -1 1 1 -1 -1 1 -1 -1 1 1 -1 -1 1 -1 1 -1 -1 -1 1 1 1 1 -1 1 -1 1 -1 -1 1 1 1 1 -1 1 -1 1 1 -1 1 1 1 1 -1 -1 -1 -1 -1 -1 1 1 1 -1 
-1 -1 1 1 -1 -1 1 1 1 -1 -1 -1 1 -1 -1 1 -1 1 -1 -1 -1 1 -1 -1 1 -1 1 1 1 1 -1 1 1 -1 -1 -1 1 1 1 -1 1 1 -1 -1 1 1 1 1 -1 -1 -1 -1 1 -1 1 -1 1 -1 1 1 -1 1 1 -1 1 -1 1 1 -1 -1 -1 -1 1 1 1 -1 -1 1 1 -1 -1 1 1 -1 1 -1 -1 1 1 -1 1 -1 -1 -1 -1 1 -1 -1 1 -1 -1 -1 -1 1 -1 1 -1 1 -1 1 1 -1 -1 1 1 -1 -1 1 -1 1 -1 1 -1 1 -1 -1 -1 1 
1 1 1 1 -1 -1 -1 1 -1 1 -1 -1 -1 -1 1 -1 1 -1 1 1 -1 -1 -1 -1 1 -1 -1 -1 -1 1 1 1 1 1 -1 -1 1 1 1 1 -1 1 -1 -1 1 -1 -1 1 -1 -1 -1 -1 1 -1 1 -1 -1 -1 -1 -1 1 1 1 1 1 1 1 -1 1 1 1 1 -1 1 1 -1 1 1 -1 1 1 -1 -1 -1 1 -1 -1 1 1 1 -1 1 1 -1 -1 1 1 -1 -1 -1 1 -1 -1 1 1 1 1 1 1 1 -1 1 1 -1 1 -1 1 -1 -1 -1 -1 1 1 1 1 -1 1 1 
-1 1 1 -1 1 1 1 -1 -1 1 1 1 -1 -1 -1 -1 -1 -1 -1 1 1 1 -1 -1 1 -1 1 -1 -1 1 -1 -1 1 -1 1 1 1 -1 1 1 1 -1 -1 -1 1 -1 1 1 -1 1 1 -1 1 1 1 -1 1 -1 1 -1 1 1 1 1 1 1 1 -1 1 -1 -1 1 -1 1 -1 1 -1 1 1 1 -1 1 -1 1 1 -1 -1 1 -1 -1 -1 1 -1 1 1 -1 -1 -1 -1 -1 -1 -1 1 -1 1 -1 -1 1 -1 1 1 -1 -1 -1 -1 -1 -1 1 -1 -1 1 1 1 -1 1 -1 -1 -1 
-1 -1 -1 1 -1 -1 -1 1 1 1 -1 -1 1 -1 1 1 -1 1 -1 1 -1 -1 1 1 1 1 -1 1 1 1 -1 1 1 -1 1 1 1 1 1 -1 -1 1 1 -1 1 -1 1 1 1 -1 -1 1 -1 -1 -1 -1 -1 1 1 -1 1 1 1 1 -1 -1 -1 -1 1 -1 -1 -1 1 -1 1 -1 -1 -1 1 -1 1 -1 -1 1 -1 -1 1 -1 1 1 -1 1 -1 1 1 1 1 -1 -1 1 -1 1 -1 1 1 -1 1 1 1 1 1 -1 1 1 -1 1 -1 -1 -1 -1 -1 1 -1 -1 -1 -1 -1 -1 
-1 -1 -1 -1 -1 1 -1 -1 1 -1 1 1 -1 1 -1 1 1 1 1 1 1 -1 1 1 1 -1 1 1 1 1 1 -1 -1 -1 -1 1 1 -1 1 -1 -1 -1 1 -1 1 1 1 -1 1 -1 1 1 -1 1 -1 -1 1 1 1 -1 1 1 -1 1 1 1 1 -1 1 1 -1 -1 -1 -1 -1 1 -1 1 1 1 1 -1 1 -1 1 1 1 -1 -1 1 -1 -1 1 1 -1 -1 -1 1 -1 1 -1 -1 -1 1 1 1 1 -1 -1 -1 1 -1 -1 1 -1 1 -1 -1 -1 -1 1 -1 1 -1 1 1 1 -1 
-1 1 1 -1 1 -1 1 -1 1 -1 1 -1 -1 1 1 1 -1 1 1 -1 1 1 1 -1 1 1 1 -1 1 1 1 1 -1 -1 1 -1 -1 -1 1 1 1 -1 1 1 -1 1 -1 -1 1 -1 -1 1 -1 -1 1 -1 -1 1 -1 -1 -1 1 -1 1 1 -1 -1 1 -1 -1 1 -1 -1 1 -1 1 1 1 1 1 1 1 1 1 1 -1 1 1 1 -1 -1 1 -1 1 -1 -1 -1 1 1 1 -1 -1 1 1 1 1 -1 -1 1 1 1 1 1 1 -1 -1 -1 1 1 -1 -1 1 -1 1 -1 -1 1 -1 
-1 1 -1 1 -1 1 -1 -1 1 -1 1 1 -1 1 -1 1 -1 1 -1 1 1 -1 -1 1 1 -1 1 -1 1 1 -1 -1 1 1 1 -1 -1 -1 1 1 1 -1 1 1 1 1 1 -1 1 -1 1 -1 1 -1 -1 -1 1 1 -1 -1 -1 1 -1 -1 -1 -1 1 1 1 1 -1 -1 1 -1 1 1 -1 1 -1 -1 -1 -1 -1 1 1 1 -1 -1 1 1 1 -1 -1 -1 1 -1 -1 1 -1 -1 -1 -1 1 -1 1 1 1 -1 -1 -1 -1 -1 1 -1 1 -1 1 -1 -1 1 1 1 1 -1 1 -1 1 1 
1 -1 1 1 1 -1 -1 1 1 1 -1 -1 1 -1 1 1 1 1 1 -1 -1 1 1 1 -1 -1 1 -1 -1 1 1 -1 -1 -1 1 -1 1 1 -1 -1 1 1 1 -1 -1 -1 1 -1 -1 -1 1 -1 1 -1 -1 1 -1 -1 -1 -1 1 -1 -1 -1 -1 1 -1 1 1 -1 1 -1 -1 1 1 -1 1 1 -1 -1 1 -1 1 1 1 1 -1 1 -1 1 -1 1 1 -1 -1 -1 1 -1 1 -1 -1 1 -1 -1 1 1 1 1 1 -1 -1 -1 -1 -1 1 -1 1 1 -1 1 -1 1 1 1 -1 -1 -1 -1 
-1 1 -1 1 1 -1 -1 -1 -1 -1 -1 1 1 1 -1 1 -1 -1 1 -1 -1 -1 1 -1 1 -1 1 1 1 -1 1 -1 -1 -1 1 -1 1 -1 1 1 -1 -1 -1 -1 -1 1 -1 1 -1 1 1 -1 -1 1 -1 1 -1 1 -1 1 1 1 -1 1 1 -1 1 -1 -1 1 -1 1 1 1 -1 -1 1 -1 1 1 1 -1 -1 1 1 1 1 1 1 1 1 -1 -1 1 1 -1 -1 1 -1 -1 -1 1 -1 -1 -1 -1 1 -1 1 1 1 -1 -1 -1 -1 1 1 1 -1 -1 -1 -1 -1 1 1 1 -1 1 
-1 1 -1 -1 1 1 -1 -1 1 -1 -1 -1 1 -1 1 1 -1 -1 -1 -1 1 1 1 -1 1 1 -1 -1 -1 1 1 1 1 1 1 1 -1 1 -1 -1 -1 -1 -1 -1 -1 -1 1 1 1 -1 -1 -1 -1 1 1 -1 -1 -1 1 1 -1 -1 1 1 1 -1 -1 -1 1 -1 -1 -1 1 -1 1 1 -1 -1 1 -1 1 1 1 -1 -1 -1 1 -1 -1 1 -1 1 -1 -1 -1 1 -1 1 1 1 1 1 -1 -1 -1 -1 1 -1 1 -1 -1 -1 1 1 1 -1 -1 -1 1 -1 1 1 1 1 -1 1 1 -1 
1 -1 -1 -1 1 -1 -1 1 -1 -1 1 1 -1 1 1 1 -1 -1 -1 1 1 -1 1 -1 1 1 -1 -1 -1 1 -1 -1 1 -1 1 -1 1 -1 1 -1 -1 1 1 -1 -1 1 -1 -1 -1 1 1 -1 1 -1 1 1 -1 -1 -1 1 -1 -1 1 1 1 -1 1 1 1 1 -1 1 1 1 1 -1 -1 1 1 1 1 -1 1 -1 -1 1 -1 -1 1 -1 -1 1 -1 -1 -1 -1 -1 -1 -1 -1 1 1 1 1 1 1 1 1 1 -1 -1 -1 1 -1 1 -1 -1 1 1 -1 1 -1 -1 1 -1 1 -1 -1 
-1 -1 -1 -1 -1 1 -1 -1 1 1 -1 1 1 -1 1 1 1 -1 1 -1 1 1 1 -1 -1 1 -1 -1 -1 1 -1 1 1 1 1 -1 -1 -1 1 -1 -1 -1 1 -1 -1 1 1 1 -1 -1 -1 -1 -1 1 -1 1 -1 1 -1 1 1 -1 -1 1 1 1 1 1 -1 1 1 1 1 -1 -1 1 1 1 -1 1 -1 -1 -1 1 -1 -1 -1 1 1 -1 -1 -1 -1 1 -1 -1 1 1 -1 1 -1 -1 1 1 1 1 1 -1 1 -1 1 1 -1 1 -1 -1 -1 1 -1 -1 -1 -1 1 1 1 1 -1 1 
1 -1 1 -1 -1 -1 -1 -1 -1 1 -1 -1 -1 1 1 -1 -1 1 1 1 -1 1 -1 -1 -1 1 -1 -1 -1 1 -1 -1 1 1 -1 -1 1 1 1 1 -1 -1 1 -1 1 1 1 1 -1 1 1 -1 1 1 1 -1 -1 1 1 -1 -1 -1 1 -1 1 1 -1 -1 1 1 -1 1 1 -1 -1 1 -1 1 1 -1 -1 -1 1 1 1 1 1 -1 1 -1 1 -1 -1 1 -1 1 1 -1 -1 -1 -1 1 -1 1 -1 -1 1 -1 1 -1 -1 -1 1 -1 -1 -1 -1 1 1 -1 1 1 -1 1 -1 -1 1 -1 
-1 1 -1 1 -1 -1 1 1 1 -1 -1 -1 -1 -1 -1 1 -1 -1 1 -1 -1 -1 1 -1 -1 1 1 1 -1 -1 1 -1 -1 -1 -1 1 1 1 -1 1 1 1 -1 -1 -1 -1 1 -1 -1 1 1 -1 -1 1 1 1 1 1 1 -1 1 -1 -1 -1 -1 -1 -1 -1 1 -1 1 1 1 -1 1 1 1 1 -1 -1 1 -1 -1 1 -1 -1 -1 1 1 -1 -1 1 -1 -1 -1 -1 -1 -1 1 1 1 -1 -1 1 -1 1 1 1 1 1 1 -1 1 1 1 1 1 1 -1 -1 1 -1 -1 -1 -1 1 1 -1 
-1 -1 1 1 1 1 -1 -1 1 1 -1 -1 1 1 1 1 1 -1 -1 -1 -1 -1 1 -1 1 1 -1 1 -1 -1 1 -1 1 1 -1 1 -1 -1 -1 1 1 1 -1 -1 1 1 1 -1 1 -1 -1 1 -1 1 1 -1 1 1 -1 -1 1 1 -1 -1 1 -1 1 1 -1 1 -1 -1 1 -1 -1 -1 1 -1 -1 -1 -1 1 -1 1 -1 -1 1 -1 -1 -1 1 -1 -1 -1 1 1 1 1 -1 1 1 1 -1 1 -1 -1 -1 1 -1 1 -1 1 -1 1 -1 -1 -1 -1 1 -1 -1 1 -1 -1 1 -1 1 -1 
1 -1 -1 1 -1 1 1 1 -1 1 -1 1 1 1 -1 1 1 1 1 1 1 -1 -1 1 -1 -1 1 -1 1 -1 -1 1 -1 -1 1 -1 -1 1 1 1 -1 1 -1 1 -1 1 -1 1 -1 -1 1 1 -1 1 -1 1 -1 1 1 -1 -1 1 1 1 -1 1 -1 1 -1 -1 -1 1 1 -1 1 -1 1 1 -1 1 -1 -1 -1 1 -1 -1 1 -1 1 1 -1 -1 1 1 1 1 1 1 1 -1 1 1 1 -1 -1 -1 1 -1 1 -1 -1 -1 1 -1 1 -1 1 -1 1 1 -1 1 -1 1 1 -1 1 1 
-1 1 -1 -1 1 1 -1 -1 1 1 1 -1 -1 -1 1 -1 1 -1 -1 1 1 1 1 -1 -1 1 1 1 -1 1 1 1 -1 -1 1 1 1 -1 -1 1 1 -1 1 1 1 -1 -1 -1 -1 1 1 1 1 -1 1 1 1 -1 1 -1 -1 1 1 1 1 1 -1 -1 -1 1 1 -1 1 1 1 1 -1 -1 1 1 1 1 1 1 -1 1 -1 -1 1 -1 -1 -1 -1 1 -1 1 1 1 1 1 1 1 1 -1 -1 1 1 1 -1 -1 1 1 1 1 1 -1 1 -1 1 1 -1 -1 -1 1 -1 1 1 1 
-1 1 1 -1 1 -1 1 1 -1 1 1 -1 -1 -1 1 -1 -1 1 1 -1 -1 -1 1 1 1 1 -1 1 1 -1 1 -1 -1 -1 1 -1 -1 1 -1 1 1 1 1 1 -1 -1 -1 1 -1 1 1 -1 1 1 1 -1 -1 -1 -1 1 1 1 1 1 1 1 1 1 1 1 -1 1 1 1 1 1 -1 -1 -1 1 -1 -1 -1 -1 -1 1 1 -1 1 -1 1 1 -1 -1 -1 -1 1 -1 1 1 1 1 1 -1 -1 1 1 1 1 1 -1 1 -1 -1 -1 -1 1 1 1 1 -1 -1 -1 -1 1 1 -1 -1 
1 -1 1 -1 -1 1 -1 1 -1 1 1 -1 1 -1 1 -1 1 -1 1 -1 -1 1 -1 1 1 1 1 1 1 1 1 1 1 1 1 1 1 -1 -1 1 -1 1 1 1 -1 -1 1 1 -1 -1 1 -1 1 -1 -1 -1 -1 1 1 1 -1 -1 1 1 1 -1 1 -1 -1 -1 -1 1 -1 1 1 1 -1 1 -1 1 -1 -1 -1 1 1 -1 1 1 1 1 1 1 1 1 -1 -1 -1 -1 1 -1 -1 1 1 1 1 1 1 -1 -1 -1 -1 1 1 1 -1 -1 1 1 1 1 -1 1 1 -1 1 1 -1 -1 
-1 1 1 1 1 1 -1 1 -1 -1 1 -1 1 -1 -1 1 1 -1 1 -1 -1 1 -1 1 -1 1 -1 1 1 1 1 1 -1 1 1 -1 -1 1 1 -1 -1 1 1 1 -1 1 -1 1 1 1 -1 1 1 1 1 -1 1 -1 1 -1 -1 -1 1 -1 -1 1 -1 -1 -1 -1 1 1 1 -1 -1 1 1 -1 -1 1 -1 1 1 -1 1 1 1 -1 1 1 1 -1 1 1 1 -1 1 1 1 -1 1 1 1 -1 1 1 1 -1 1 1 -1 -1 1 1 -1 1 -1 -1 -1 1 1 -1 -1 -1 -1 1 1 -1 
-1 -1 -1 -1 -1 1 1 -1 -1 -1 1 -1 -1 1 -1 1 -1 -1 1 -1 1 -1 -1 1 -1 1 1 -1 -1 1 -1 1 -1 1 -1 1 1 -1 1 -1 1 -1 -1 -1 1 -1 1 -1 -1 1 1 -1 1 1 -1 1 -1 -1 1 1 1 -1 -1 1 -1 -1 -1 1 1 1 -1 -1 1 -1 1 1 -1 -1 1 -1 1 -1 -1 -1 -1 1 -1 -1 -1 1 -1 1 -1 -1 1 1 1 -1 1 -1 1 1 -1 1 1 1 1 1 1 -1 1 1 1 -1 1 -1 1 -1 -1 1 -1 -1 1 1 1 -1 1 -1 
1 1 1 1 -1 1 1 1 -1 1 -1 1 -1 1 -1 1 1 -1 -1 1 -1 1 -1 -1 1 -1 1 -1 -1 1 1 -1 -1 1 1 -1 -1 1 1 -1 -1 -1 -1 1 -1 1 1 1 1 1 1 1 1 1 1 -1 -1 1 -1 1 -1 1 1 1 1 -1 1 1 1 -1 1 -1 1 1 -1 1 -1 1 1 1 1 -1 1 1 1 1 1 -1 -1 -1 1 1 -1 1 1 -1 1 1 -1 -1 1 1 1 1 -1 1 1 -1 1 -1 1 1 -1 -1 1 1 -1 -1 1 1 1 -1 -1 1 -1 -1 1 1 
1 -1 1 1 1 1 -1 -1 -1 -1 -1 -1 1 1 1 -1 1 1 -1 1 -1 1 -1 -1 -1 -1 1 1 1 1 1 1 -1 1 -1 1 -1 1 -1 -1 1 -1 -1 -1 -1 -1 1 1 1 1 -1 -1 1 -1 -1 1 1 1 -1 1 -1 1 1 -1 1 1 -1 -1 1 -1 1 1 -1 1 1 1 1 -1 -1 -1 -1 -1 1 -1 -1 1 1 1 -1 -1 1 -1 -1 1 -1 -1 1 -1 -1 1 1 -1 -1 1 1 -1 1 1 1 1 1 -1 -1 -1 1 1 -1 1 1 -1 1 1 1 -1 1 -1 -1 1 
-1 1 1 -1 1 1 1 -1 -1 -1 -1 1 1 -1 -1 -1 1 1 1 -1 1 1 -1 1 -1 -1 -1 -1 1 -1 -1 1 -1 1 1 1 -1 1 -1 -1 -1 -1 1 1 -1 1 -1 -1 1 1 1 -1 1 -1 -1 1 -1 1 1 1 1 1 -1 -1 1 1 1 1 -1 -1 -1 -1 -1 1 -1 1 -1 -1 -1 1 -1 1 -1 -1 1 1 1 -1 1 1 -1 -1 1 1 -1 1 1 -1 1 1 -1 -1 1 1 1 -1 1 1 -1 1 -1 1 1 -1 -1 1 1 -1 -1 1 -1 -1 1 -1 -1 1 1 -1 
-1 1 -1 -1 1 -1 -1 -1 1 1 1 -1 1 -1 -1 1 -1 1 -1 1 1 -1 -1 -1 -1 -1 -1 -1 -1 1 -1 1 -1 -1 -1 -1 1 -1 1 1 -1 -1 1 -1 1 -1 -1 -1 -1 1 1 1 -1 1 1 1 1 -1 1 1 -1 -1 1 -1 1 -1 -1 -1 1 1 1 -1 1 -1 1 -1 1 1 -1 -1 1 -1 -1 -1 1 1 -1 1 1 -1 -1 -1 1 -1 -1 -1 -1 -1 -1 1 1 -1 -1 -1 1 1 -1 -1 1 1 -1 1 -1 1 1 1 1 -1 -1 1 1 1 1 -1 1 -1 -1 -1 
-1 -1 1 1 1 -1 1 1 1 -1 -1 -1 1 -1 1 1 1 -1 1 -1 1 1 -1 -1 -1 1 1 -1 1 -1 1 1 -1 1 -1 1 -1 1 -1 -1 -1 -1 1 -1 1 1 1 1 1 -1 -1 -1 -1 1 1 -1 -1 1 -1 1 1 -1 1 -1 -1 -1 -1 -1 1 -1 -1 1 -1 -1 1 -1 -1 -1 -1 -1 -1 -1 1 -1 -1 1 1 -1 -1 -1 1 1 1 -1 1 1 1 1 1 -1 -1 1 1 1 -1 1 -1 -1 1 -1 -1 -1 1 1 -1 1 -1 1 -1 -1 -1 -1 -1 -1 -1 1 1 1 
1 1 -1 1 -1 1 1 -1 -1 1 -1 1 -1 -1 -1 1 -1 -1 -1 1 1 -1 1 -1 -1 1 1 -1 -1 -1 1 1 -1 -1 1 1 -1 -1 -1 -1 1 -1 -1 -1 -1 1 1 1 -1 1 1 1 -1 1 1 1 -1 -1 1 -1 1 -1 -1 -1 -1 -1 -1 -1 -1 1 1 1 1 -1 -1 1 -1 -1 1 1 -1 -1 1 1 -1 1 1 -1 1 1 1 -1 -1 1 -1 -1 -1 1 1 1 1 -1 -1 1 -1 1 -1 -1 -1 -1 -1 1 -1 -1 -1 -1 -1 -1 1 -1 1 1 -1 -1 1 -1 1 1 
1 -1 1 -1 -1 -1 1 1 1 1 1 1 -1 -1 1 1 -1 -1 1 -1 1 -1 1 1 1 -1 1 1 1 -1 -1 1 -1 -1 -1 -1 -1 -1 1 1 -1 1 1 1 1 1 -1 -1 1 -1 1 1 1 1 1 1 1 1 -1 1 -1 -1 1 1 1 1 1 -1 -1 1 1 -1 -1 1 -1 1 -1 -1 -1 -1 -1 1 1 -1 -1 -1 1 1 1 -1 -1 -1 1 -1 1 -1 1 1 1 -1 1 1 -1 1 -1 -1 1 1 1 1 -1 1 1 -1 -1 1 -1 1 -1 1 1 -1 1 -1 -1 1 1 -1 
-1 -1 1 -1 -1 1 -1 1 1 -1 1 1 1 -1 1 -1 1 -1 -1 1 1 1 1 -1 1 1 1 1 -1 -1 -1 1 1 1 -1 -1 1 -1 -1 1 1 -1 1 -1 -1 -1 -1 1 1 -1 -1 1 1 -1 -1 1 -1 -1 -1 -1 1 -1 -1 -1 -1 1 1 1 1 -1 1 -1 -1 -1 -1 -1 1 -1 -1 1 -1 1 1 1 -1 -1 -1 1 -1 -1 1 -1 1 -1 -1 1 1 -1 1 -1 -1 -1 -1 -1 1 1 1 -1 1 -1 1 -1 -1 1 -1 -1 -1 -1 -1 -1 1 -1 1 -1 1 -1 1 1 
1 1 1 1 1 -1 -1 1 -1 1 1 -1 -1 1 -1 -1 -1 1 1 1 -1 1 -1 1 1 -1 1 1 1 -1 -1 -1 -1 -1 1 1 -1 -1 1 -1 1 1 1 -1 1 1 -1 1 -1 1 1 1 -1 1 -1 1 -1 1 1 1 -1 -1 1 1 -1 1 1 -1 1 -1 1 -1 -1 -1 1 -1 -1 -1 1 1 -1 1 1 1 1 -1 1 1 1 1 1 -1 1 -1 1 1 -1 -1 -1 -1 1 -1 1 -1 1 1 1 -1 1 -1 1 -1 1 -1 1 -1 -1 -1 1 1 -1 -1 -1 1 1 1 1 1 
1 -1 1 -1 -1 1 1 1 -1 1 -1 -1 -1 1 -1 1 1 -1 1 1 1 1 -1 1 1 -1 1 -1 1 1 1 1 -1 -1 -1 1 1 -1 -1 -1 -1 -1 -1 1 1 -1 1 1 -1 -1 1 1 1 1 -1 1 1 -1 1 -1 1 -1 -1 -1 1 -1 1 -1 -1 -1 -1 1 1 1 -1 1 1 -1 1 -1 -1 1 1 1 -1 -1 1 -1 1 -1 -1 -1 1 1 1 -1 -1 1 -1 1 -1 1 -1 -1 1 -1 -1 1 -1 -1 1 1 1 1 -1 1 1 1 1 -1 1 -1 -1 -1 1 1 1 -1 
-1 1 1 -1 1 1 1 1 -1 -1 1 1 1 1 -1 1 -1 -1 1 -1 -1 1 1 -1 -1 -1 1 -1 1 1 1 1 1 1 -1 -1 1 -1 -1 1 -1 -1 1 -1 1 1 -1 1 -1 -1 -1 1 -1 -1 -1 -1 1 -1 -1 -1 -1 1 1 1 1 1 -1 1 -1 -1 -1 -1 1 -1 1 -1 1 -1 -1 -1 1 -1 1 1 1 1 1 1 -1 -1 1 -1 1 1 1 1 -1 -1 1 1 1 1 1 1 -1 -1 1 -1 -1 1 1 1 1 -1 1 -1 -1 -1 -1 -1 -1 1 1 -1 -1 -1 1 1 
1 -1 1 -1 -1 1 1 -1 1 -1 1 -1 1 1 1 1 1 1 1 1 -1 1 -1 -1 1 1 -1 -1 -1 -1 1 -1 -1 -1 -1 -1 1 -1 -1 -1 -1 1 1 -1 -1 -1 -1 1 1 1 1 1 -1 1 -1 1 1 1 -1 -1 -1 -1 -1 1 1 -1 1 -1 -1 -1 1 1 1 -1 -1 -1 1 -1 1 -1 1 1 -1 1 1 -1 -1 -1 -1 1 1 1 -1 1 -1 -1 -1 1 1 -1 -1 1 -1 1 -1 1 -1 -1 -1 -1 -1 -1 -1 1 1 1 -1 1 1 1 -1 -1 -1 -1 1 1 -1 -1 
1 -1 -1 -1 -1 1 -1 -1 1 -1 1 -1 1 -1 -1 1 -1 -1 1 1 -1 1 1 1 -1 -1 -1 -1 1 -1 -1 -1 -1 1 1 -1 1 1 -1 1 -1 1 1 -1 1 1 -1 1 -1 -1 -1 -1 -1 -1 1 -1 1 -1 -1 -1 1 -1 1 -1 -1 -1 -1 -1 1 -1 -1 -1 -1 -1 -1 -1 1 1 -1 -1 1 1 1 1 1 -1 1 1 1 1 -1 1 -1 1 1 -1 1 -1 1 -1 1 -1 1 -1 1 1 -1 1 1 1 -1 -1 -1 1 1 1 1 -1 1 -1 -1 1 1 -1 1 -1 1 1 
-1 -1 -1 1 1 -1 -1 1 1 1 1 -1 -1 1 -1 1 -1 1 1 -1 -1 -1 -1 -1 1 1 1 -1 -1 -1 1 -1 -1 1 -1 1 -1 -1 -1 1 1 1 -1 -1 1 -1 1 -1 1 1 -1 -1 1 1 1 1 -1 1 -1 1 1 1 -1 1 1 -1 1 -1 -1 -1 1 -1 -1 -1 1 1 1 1 -1 1 -1 1 1 1 1 1 1 1 1 -1 -1 -1 1 -1 1 -1 -1 1 1 1 -1 1 -1 1 -1 1 1 -1 1 -1 1 -1 -1 1 1 1 -1 1 -1 1 1 -1 1 1 1 1 -1 -1 
-1 -1 1 -1 -1 1 -1 -1 1 -1 -1 -1 -1 1 1 1 1 1 1 1 1 1 -1 1 1 1 1 -1 1 1 1 -1 -1 -1 -1 -1 -1 -1 -1 -1 1 -1 -1 1 -1 -1 -1 -1 1 -1 -1 -1 -1 -1 -1 -1 -1 1 1 1 1 1 -1 -1 -1 1 -1 -1 -1 1 -1 -1 1 1 -1 -1 -1 1 1 -1 -1 -1 1 1 1 1 1 -1 1 -1 1 -1 1 -1 -1 -1 1 -1 1 -1 1 -1 1 1 -1 -1 1 -1 1 1 1 -1 1 -1 -1 1 -1 1 1 1 1 -1 1 -1 -1 1 -1 -1 
-1 1 1 1 1 1 1 -1 1 1 1 -1 -1 -1 -1 -1 -1 -1 -1 -1 -1 -1 1 1 1 1 1 1 -1 -1 -1 -1 -1 1 -1 -1 -1 1 1 1 -1 1 1 1 -1 1 -1 1 1 -1 -1 -1 -1 -1 -1 1 -1 -1 1 1 -1 -1 1 1 1 1 -1 1 1 -1 1 1 1 -1 -1 -1 -1 1 1 1 1 1 -1 -1 -1 1 -1 1 1 1 1 -1 1 1 1 -1 -1 -1 1 1 -1 1 1 1 1 1 -1 1 1 -1 -1 -1 1 -1 1 1 -1 1 -1 1 1 1 -1 1 -1 -1 1 -1 
-1 1 1 1 -1 1 -1 -1 1 1 -1 1 -1 -1 -1 1 1 1 -1 -1 1 1 -1 1 1 1 1 1 -1 -1 1 1 1 1 -1 -1 1 -1 1 -1 -1 1 1 1 1 1 1 -1 -1 1 1 1 -1 -1 -1 1 1 1 1 -1 1 1 1 1 1 -1 1 -1 1 1 1 1 1 1 1 -1 -1 1 1 -1 -1 -1 -1 -1 -1 1 1 1 -1 1 1 1 -1 -1 -1 1 1 1 -1 -1 1 -1 -1 1 -1 -1 -1 -1 -1 1 1 1 -1 -1 1 -1 1 -1 1 1 1 -1 -1 1 1 1 -1 1 
1 1 -1 -1 -1 -1 1 -1 -1 -1 -1 -1 1 1 -1 1 1 1 -1 -1 -1 -1 -1 1 -1 -1 1 1 1 1 -1 1 1 -1 -1 1 1 -1 1 1 1 -1 -1 -1 1 1 -1 -1 -1 1 -1 1 -1 1 -1 1 1 -1 -1 -1 1 -1 -1 1 -1 1 1 1 1 -1 -1 1 1 1 1 -1 -1 1 1 -1 1 -1 -1 1 1 1 1 1 1 -1 -1 1 1 1 -1 1 1 -1 -1 1 1 1 -1 1 -1 -1 -1 -1 -1 1 -1 1 1 1 -1 1 -1 1 1 1 1 -1 -1 -1 1 1 -1 -1 
-1 -1 -1 -1 1 1 1 1 -1 1 -1 1 -1 1 -1 1 1 1 -1 1 1 1 1 -1 -1 1 1 -1 1 -1 1 -1 -1 -1 1 1 -1 -1 -1 -1 1 -1 1 -1 -1 -1 -1 -1 1 -1 -1 -1 1 1 -1 1 1 1 -1 1 -1 -1 1 1 1 -1 1 -1 1 -1 1 1 -1 1 1 1 1 1 1 1 1 -1 1 1 1 1 1 1 1 1 1 -1 -1 -1 1 1 1 -1 1 -1 -1 1 1 -1 -1 -1 1 1 1 -1 -1 1 1 1 1 1 1 1 1 -1 1 1 1 1 1 1 1 -1 
1 1 -1 1 1 1 -1 1 1 -1 1 1 -1 1 1 1 -1 1 1 -1 -1 -1 -1 -1 1 -1 1 1 1 -1 -1 -1 -1 -1 1 -1 1 1 1 1 1 -1 1 -1 1 1 -1 1 1 1 -1 -1 1 1 -1 -1 -1 1 -1 1 -1 1 -1 1 1 -1 1 1 1 1 1 -1 -1 -1 1 -1 -1 1 -1 -1 1 1 -1 1 1 -1 -1 1 -1 1 1 -1 -1 -1 1 -1 -1 1 -1 -1 1 -1 -1 1 -1 -1 1 1 -1 1 -1 1 1 1 1 1 -1 1 1 1 1 1 1 -1 -1 1 -1 1 
-1 -1 1 1 1 1 1 -1 1 -1 -1 1 1 1 1 1 1 1 -1 1 -1 1 -1 -1 -1 1 1 1 -1 -1 -1 -1 1 1 1 1 -1 -1 1 -1 1 -1 -1 -1 -1 1 -1 -1 1 -1 1 1 1 1 -1 1 1 1 -1 -1 1 -1 -1 -1 -1 1 -1 -1 1 -1 1 -1 1 -1 1 1 1 1 1 1 1 -1 1 -1 1 -1 1 1 1 1 -1 1 1 -1 1 1 1 -1 -1 -1 1 1 1 1 -1 -1 1 -1 -1 1 1 -1 -1 -1 -1 1 1 1 -1 -1 -1 -1 1 1 -1 -1 1 -1 
-1 -1 -1 1 -1 1 -1 1 -1 -1 1 1 1 -1 -1 1 1 1 -1 1 1 -1 1 -1 -1 1 1 -1 -1 1 1 1 1 -1 1 1 1 1 -1 -1 -1 -1 -1 1 -1 1 -1 -1 1 -1 1 1 1 1 1 1 -1 -1 -1 1 1 -1 -1 1 1 -1 1 1 1 1 1 -1 1 -1 -1 1 -1 -1 -1 -1 1 1 -1 -1 1 -1 1 -1 -1 1 1 1 -1 -1 1 -1 -1 -1 1 -1 1 -1 1 -1 1 1 -1 1 1 -1 1 1 -1 1 1 -1 -1 1 -1 -1 -1 -1 1 -1 1 -1 -1 -1 
-1 -1 -1 1 1 -1 1 -1 1 -1 1 1 -1 -1 1 1 1 1 1 1 1 1 1 1 1 1 -1 -1 -1 -1 -1 -1 1 1 1 1 -1 -1 -1 -1 1 -1 1 1 -1 -1 -1 -1 -1 1 1 -1 -1 1 1 -1 -1 -1 -1 1 -1 -1 -1 -1 1 1 -1 1 -1 1 1 1 1 -1 -1 1 -1 -1 1 -1 1 -1 -1 1 -1 -1 -1 1 1 1 -1 -1 -1 -1 -1 1 1 1 1 -1 -1 1 1 -1 1 -1 -1 -1 1 1 1 1 1 1 -1 -1 -1 -1 1 1 -1 1 -1 1 -1 1 -1 -1 
1 -1 -1 -1 -1 -1 -1 1 -1 1 -1 1 1 1 1 -1 1 -1 -1 1 -1 1 1 1 -1 -1 1 -1 1 -1 -1 1 1 1 -1 -1 1 1 1 -1 1 -1 -1 1 -1 -1 -1 1 1 -1 -1 1 -1 1 1 -1 1 1 -1 1 -1 1 1 1 1 -1 1 -1 1 -1 -1 -1 1 -1 -1 -1 -1 -1 1 -1 -1 1 -1 1 1 1 -1 1 1 -1 1 1 -1 1 1 -1 -1 1 1 -1 -1 -1 -1 -1 1 1 1 1 -1 1 1 -1 -1 -1 1 1 -1 1 -1 -1 -1 -1 1 1 -1 -1 -1 1 
1 1 1 -1 1 1 -1 1 1 1 1 1 -1 -1 1 1 -1 -1 -1 1 1 1 1 1 1 1 1 1 1 -1 1 1 -1 -1 -1 1 -1 1 1 1 1 -1 -1 1 1 -1 1 -1 1 1 -1 -1 1 -1 1 1 1 1 1 -1 1 -1 1 1 1 1 1 -1 1 -1 1 -1 1 1 -1 -1 1 1 -1 1 1 -1 1 1 -1 1 1 1 -1 -1 1 -1 1 -1 1 -1 1 1 1 -1 -1 -1 1 1 -1 1 1 1 -1 -1 1 -1 -1 1 -1 -1 -1 1 -1 1 1 1 1 -1 1 -1 -1 -1 
-1 1 -1 1 -1 -1 -1 -1 1 -1 -1 -1 1 -1 -1 -1 -1 1 -1 1 1 -1 -1 -1 -1 -1 1 1 -1 1 1 1 1 1 -1 -1 -1 1 1 -1 1 -1 -1 -1 1 -1 1 1 -1 -1 -1 1 1 -1 1 -1 1 -1 -1 1 1 1 -1 1 -1 -1 -1 1 -1 -1 1 1 1 -1 -1 -1 1 -1 1 -1 1 1 -1 1 -1 1 1 -1 -1 -1 -1 1 1 -1 -1 1 -1 1 -1 1 1 1 -1 -1 -1 1 1 1 -1 1 1 -1 1 -1 -1 -1 -1 1 -1 -1 -1 -1 -1 1 -1 -1 -1 1 
1 -1 1 -1 -1 1 1 -1 -1 1 1 1 -1 -1 -1 1 1 1 1 1 1 1 1 1 1 -1 -1 -1 -1 -1 1 1 1 -1 -1 1 1 -1 -1 1 1 -1 -1 1 1 -1 -1 1 -1 -1 -1 -1 1 -1 -1 -1 -1 1 -1 1 -1 -1 -1 -1 1 -1 1 1 1 -1 -1 -1 -1 1 1 -1 1 1 -1 -1 1 -1 1 1 -1 -1 -1 1 1 1 -1 1 -1 -1 -1 -1 1 -1 1 1 1 1 -1 1 1 -1 1 1 -1 1 -1 1 -1 -1 1 -1 -1 -1 -1 1 1 1 1 -1 -1 1 1 1 
-1 -1 -1 -1 -1 1 -1 1 1 1 1 1 -1 -1 -1 -1 -1 1 -1 1 1 -1 1 -1 1 -1 1 -1 -1 -1 1 1 -1 -1 1 1 1 1 -1 1 -1 -1 -1 1 1 -1 1 1 -1 -1 1 -1 1 -1 -1 -1 -1 -1 -1 -1 -1 1 1 1 1 -1 1 -1 -1 -1 1 1 -1 -1 -1 1 -1 -1 -1 -1 1 -1 -1 -1 -1 -1 1 -1 1 1 1 1 1 -1 1 -1 -1 1 -1 1 1 1 1 1 -1 1 1 1 1 -1 -1 1 -1 -1 -1 1 1 -1 -1 1 1 -1 -1 1 -1 -1 1 -1 
1 1 -1 -1 1 -1 1 -1 -1 -1 -1 -1 -1 1 -1 -1 -1 -1 1 -1 -1 -1 1 -1 -1 -1 1 -1 -1 -1 1 -1 1 1 1 1 -1 1 -1 -1 1 1 -1 1 1 -1 1 1 -1 1 -1 1 1 -1 -1 -1 -1 1 -1 1 1 -1 -1 1 1 1 1 -1 1 -1 -1 -1 -1 1 1 1 -1 -1 -1 -1 1 -1 1 1 1 1 -1 1 -1 -1 1 1 -1 -1 -1 -1 -1 1 -1 -1 1 -1 -1 -1 1 -1 1 -1 1 -1 -1 -1 -1 -1 -1 1 1 -1 1 -1 -1 1 -1 1 1 1 -1 1 
-1 1 -1 -1 1 1 1 1 1 1 1 1 -1 1 1 -1 -1 1 -1 -1 -1 -1 1 -1 1 -1 -1 1 1 -1 -1 -1 -1 -1 1 -1 1 -1 -1 1 -1 1 1 -1 -1 1 1 -1 1 -1 1 -1 -1 1 -1 -1 -1 1 -1 -1 -1 -1 -1 1 1 1 1 1 -1 1 -1 -1 1 -1 1 1 -1 1 1 1 1 -1 -1 -1 1 1 -1 -1 -1 1 -1 -1 1 -1 1 -1 -1 1 -1 1 -1 1 1 1 -1 1 1 1 1 1 -1 1 1 1 -1 -1 -1 -1 -1 -1 1 -1 -1 -1 -1 1 -1 1 
-1 -1 -1 1 -1 -1 -1 1 -1 1 -1 1 1 -1 1 -1 1 -1 -1 -1 1 -1 1 -1 -1 1 -1 -1 1 -1 1 -1 1 1 -1 1 1 1 1 1 -1 1 -1 1 1 1 -1 1 -1 -1 1 -1 -1 -1 -1 1 -1 1 -1 -1 1 1 1 1 -1 1 -1 -1 -1 -1 -1 -1 1 -1 -1 -1 1 1 -1 1 -1 1 1 1 1 1 -1 -1 1 1 -1 -1 -1 1 -1 -1 1 1 -1 1 1 -1 1 -1 1 1 1 1 -1 -1 1 -1 -1 -1 -1 -1 1 -1 -1 -1 1 -1 1 -1 1 -1 -1 1 
1 1 -1 1 1 1 1 1 1 -1 1 1 -1 1 -1 1 1 -1 -1 -1 -1 -1 -1 1 -1 -1 -1 -1 1 -1 1 -1 1 -1 1 1 -1 1 1 -1 -1 -1 1 1 1 1 -1 1 1 -1 -1 -1 -1 1 -1 1 -1 1 1 -1 1 1 1 -1 1 -1 -1 1 -1 -1 -1 -1 -1 1 1 -1 -1 -1 -1 -1 -1 -1 1 1 1 1 1 1 1 -1 1 1 -1 -1 1 -1 1 -1 -1 1 -1 1 1 1 1 1 -1 1 -1 -1 1 -1 1 -1 1 1 -1 -1 -1 -1 -1 -1 1 -1 1 -1 1 -1 
1 1 1 1 1 1 -1 -1 1 1 1 -1 1 -1 1 1 -1 1 -1 1 -1 1 -1 -1 -1 -1 -1 1 1 1 -1 -1 1 1 1 -1 -1 -1 -1 1 -1 1 1 1 -1 -1 -1 1 -1 1 1 1 1 -1 1 1 1 1 1 1 -1 -1 -1 1 1 1 -1 -1 -1 1 -1 1 -1 1 -1 -1 1 1 -1 1 1 -1 -1 -1 -1 -1 1 -1 1 1 -1 1 -1 1 1 1 -1 1 -1 -1 -1 1 1 1 1 1 1 1 -1 -1 -1 -1 1 -1 1 1 -1 1 1 -1 -1 -1 1 -1 1 1 1 -1 
1 1 1 -1 1 1 1 -1 1 1 1 -1 1 1 1 -1 1 -1 1 -1 1 1 1 -1 -1 1 1 1 1 1 1 1 -1 1 -1 1 1 -1 -1 1 1 1 1 -1 1 1 -1 -1 -1 -1 -1 -1 -1 -1 -1 1 1 -1 -1 -1 -1 -1 -1 1 1 -1 -1 1 1 1 1 -1 1 1 1 -1 1 -1 -1 1 -1 1 1 -1 -1 1 -1 -1 -1 1 -1 1 -1 1 -1 -1 -1 -1 1 -1 1 -1 -1 1 -1 -1 1 1 -1 -1 1 -1 1 -1 1 -1 1 -1 -1 -1 -1 1 1 -1 -1 -1 -1 -1 
1 1 1 1 1 -1 1 1 1 1 1 1 1 -1 -1 1 -1 -1 1 -1 -1 1 -1 -1 -1 1 -1 1 1 -1 -1 1 1 1 -1 -1 1 -1 1 1 -1 -1 -1 -1 1 1 -1 1 -1 1 1 -1 -1 -1 1 1 1 1 1 -1 -1 -1 -1 -1 1 -1 -1 -1 1 1 -1 1 -1 1 1 -1 1 -1 1 -1 -1 -1 -1 -1 -1 1 -1 1 -1 1 1 1 -1 -1 1 1 -1 -1 1 -1 1 1 1 -1 -1 -1 1 1 1 1 -1 1 1 -1 1 -1 -1 -1 1 1 1 1 -1 1 -1 1 1 -1 
-1 -1 1 1 1 -1 -1 1 1 -1 1 -1 -1 1 1 1 1 1 -1 1 -1 1 1 -1 1 1 -1 1 -1 -1 -1 1 -1 -1 1 -1 1 1 -1 -1 -1 1 -1 1 -1 1 1 1 1 -1 -1 -1 -1 -1 -1 -1 -1 -1 -1 1 -1 -1 -1 1 -1 -1 -1 1 1 -1 -1 -1 1 -1 1 1 1 1 1 1 -1 -1 1 1 -1 -1 -1 1 1 -1 -1 -1 -1 -1 -1 -1 1 -1 -1 -1 -1 1 -1 1 1 -1 1 -1 1 -1 1 1 -1 1 -1 1 1 -1 -1 -1 -1 -1 1 -1 1 1 1 1 
1 1 -1 1 1 1 1 1 1 -1 -1 1 1 -1 -1 1 1 -1 -1 -1 1 1 -1 -1 -1 1 -1 -1 1 1 -1 -1 -1 1 -1 -1 1 1 1 -1 1 1 -1 1 1 1 -1 1 1 -1 1 1 1 1 1 -1 1 -1 1 1 -1 -1 -1 1 -1 1 1 -1 1 1 -1 1 -1 1 -1 1 -1 -1 1 -1 -1 1 1 -1 1 1 -1 1 -1 1 -1 1 -1 1 -1 1 1 1 -1 1 1 1 -1 -1 1 1 1 -1 -1 1 -1 -1 1 -1 -1 -1 1 -1 1 1 1 -1 -1 1 -1 1 -1 -1 
-1 1 1 1 -1 1 1 1 1 1 1 1 1 1 1 -1 -1 1 1 -1 -1 -1 1 -1 -1 1 1 1 1 1 -1 -1 1 -1 1 -1 -1 -1 1 -1 1 -1 -1 -1 1 -1 1 1 1 -1 1 1 1 -1 1 -1 1 1 1 1 -1 -1 -1 1 -1 1 1 -1 -1 -1 -1 1 -1 -1 -1 1 1 1 1 -1 1 -1 -1 1 1 1 1 -1 -1 -1 1 -1 1 -1 1 -1 1 1 -1 1 -1 1 1 -1 1 1 1 1 -1 -1 1 -1 -1 -1 1 -1 1 1 -1 -1 1 -1 1 1 1 1 -1 1 
1 1 -1 -1 -1 1 1 1 1 -1 -1 -1 1 -1 1 1 1 -1 1 -1 1 1 1 1 -1 -1 -1 -1 -1 -1 -1 -1 -1 -1 1 1 1 -1 -1 -1 1 1 -1 -1 -1 -1 1 -1 1 -1 1 -1 1 1 -1 -1 1 -1 -1 1 -1 -1 -1 -1 1 1 1 -1 1 -1 -1 1 1 1 -1 -1 1 -1 -1 1 1 1 1 1 -1 -1 1 1 1 -1 1 -1 1 1 1 1 1 1 1 -1 1 -1 -1 1 -1 -1 1 -1 1 -1 -1 -1 -1 -1 1 1 -1 -1 -1 1 1 -1 1 1 -1 -1 1 -1 
1 -1 1 -1 -1 1 1 1 -1 1 -1 -1 1 1 1 1 1 1 1 -1 1 -1 -1 1 1 1 1 -1 1 -1 1 1 -1 -1 1 -1 1 1 -1 1 -1 -1 1 1 -1 -1 -1 1 1 -1 -1 -1 1 1 1 1 -1 -1 -1 -1 -1 -1 -1 -1 -1 1 -1 1 1 -1 -1 -1 -1 1 -1 1 -1 -1 1 -1 -1 -1 1 1 -1 -1 -1 -1 1 1 -1 -1 1 1 -1 1 1 -1 1 -1 1 -1 -1 -1 1 -1 -1 1 -1 -1 -1 1 -1 1 1 -1 1 1 1 -1 -1 -1 -1 1 -1 1 -1 -1 