64 -64 64 366 12562
89 69 13 90 36 8 93 49 35 64 18 48 70 19 58 18 58 9 93 33 82 46 27 35 60 90 63 29 55 19 82 62 38 39 37 46 12 29 34 15 60 20 55 29 75 42 92 51 96 63 27 21 14 46 18 72 100 44 14 63 68 91 84 86 
48 84 83 2 31 7 40 25 74 79 57 32 88 38 75 3 52 25 16 60 3 40 33 51 61 16 99 79 43 19 80 17 60 47 44 77 43 83 73 71 4 56 13 87 39 29 56 82 50 33 20 8 36 6 78 76 17 6 41 82 14 72 59 21 
97 55 75 99 65 59 92 72 39 15 16 94 15 75 48 6 30 69 44 94 42 86 68 32 28 55 36 71 19 56 94 41 9 72 74 99 64 97 73 50 33 37 60 89 52 44 57 82 35 4 56 61 49 24 28 90 43 8 51 60 67 54 39 17 
21 34 22 90 99 3 91 88 22 5 34 19 7 8 60 19 15 47 53 2 60 82 58 87 92 40 19 84 61 34 7 91 11 75 31 17 18 94 51 94 76 76 36 93 15 77 4 3 61 14 80 23 7 79 7 56 76 95 94 52 96 71 30 90 
69 61 7 68 50 70 54 62 95 4 9 38 14 76 24 16 35 52 9 78 73 76 93 81 40 22 38 1 79 84 56 5 46 43 85 14 86 45 98 81 42 73 51 28 61 100 98 81 60 86 18 78 6 18 84 63 71 58 18 36 57 23 71 55 
91 57 7 54 30 29 68 29 83 5 39 23 13 45 1 89 22 10 67 77 90 5 37 20 43 30 66 98 53 99 16 16 63 51 24 82 40 90 98 7 91 78 65 87 17 64 41 26 84 9 49 87 86 44 51 20 53 68 61 63 65 12 40 75 
43 23 64 89 69 100 70 32 4 1 68 63 80 69 12 11 72 38 77 61 2 19 41 35 9 24 6 73 50 89 16 98 52 27 44 95 18 28 77 88 68 73 88 9 44 24 96 10 93 95 40 28 31 41 82 99 55 65 99 70 100 91 38 67 
36 39 76 82 48 36 21 19 55 48 95 15 45 28 3 9 37 30 11 66 30 13 34 56 95 44 78 8 99 44 31 98 33 36 8 25 61 68 79 38 96 86 37 71 29 86 58 52 35 80 89 14 64 57 15 68 10 14 44 84 53 5 1 59 
25 78 62 99 38 51 20 56 92 91 6 93 41 35 4 2 23 4 83 76 30 8 81 93 58 17 21 37 63 32 33 81 17 72 23 45 76 37 44 40 42 77 94 23 25 85 28 63 94 70 29 19 90 79 8 40 1 34 23 37 58 100 95 86 
5 17 15 25 40 4 8 87 41 2 63 98 11 91 57 87 63 45 61 95 49 59 72 34 13 26 65 92 100 77 41 99 45 45 44 68 94 87 90 45 48 20 92 53 52 50 72 43 31 94 38 68 4 58 100 80 90 42 12 39 66 18 37 23 
2 50 68 88 22 13 90 61 41 69 85 15 5 41 65 99 32 2 77 2 2 27 27 98 88 38 65 5 97 16 9 47 100 20 11 49 66 40 68 97 96 93 12 93 31 27 79 36 21 53 83 1 92 90 45 7 23 9 60 18 44 67 80 72 
91 18 83 70 75 1 25 59 9 54 56 79 24 67 91 83 25 3 15 30 12 71 12 59 76 5 31 55 22 96 95 48 39 54 69 89 10 42 51 30 86 14 69 55 69 82 5 77 54 40 65 65 28 18 37 97 67 85 37 81 37 67 6 13 
23 29 33 71 75 59 81 50 34 85 37 55 34 87 79 66 53 59 31 69 71 87 74 3 62 33 58 80 18 62 92 65 15 91 62 39 66 30 98 65 27 47 69 55 71 60 78 33 97 83 34 15 22 37 70 23 29 71 91 23 22 83 68 84 
66 79 85 50 9 67 83 63 10 10 83 60 1 94 11 95 79 84 4 82 45 87 48 54 85 19 8 37 14 21 80 35 83 83 33 71 28 77 26 39 25 50 7 28 43 43 47 51 12 46 50 36 62 67 27 20 34 66 63 42 44 20 53 40 
38 1 20 17 47 17 25 8 71 90 88 91 72 94 6 99 86 75 66 20 18 2 39 1 9 10 27 71 87 89 65 14 52 82 66 56 73 15 55 100 35 21 3 52 20 74 43 15 34 60 62 16 69 68 19 70 76 71 37 82 61 73 9 8 
22 85 12 25 55 71 79 29 81 5 42 6 75 16 64 40 17 7 14 22 62 59 82 36 27 91 57 38 96 73 23 75 97 88 63 45 62 71 97 76 70 34 92 56 82 80 75 48 1 41 54 80 88 47 12 26 45 58 95 9 79 29 54 96 
100 5 5 19 27 23 23 44 26 54 3 19 82 5 56 35 39 72 89 53 17 8 10 32 41 85 11 87 22 94 39 25 18 97 8 19 30 95 6 69 10 19 26 30 6 35 29 76 62 36 8 4 14 73 38 94 19 2 65 8 45 71 22 50 
49 5 9 57 1 84 76 72 82 57 78 63 50 7 50 83 17 61 37 68 20 60 45 73 23 71 22 70 25 99 93 31 32 54 47 18 46 36 91 27 83 70 38 26 20 22 13 19 58 56 96 66 83 71 75 67 84 91 85 18 60 90 4 5 
50 79 59 97 11 55 83 77 45 77 44 60 100 47 25 56 59 43 36 53 47 97 62 39 68 38 82 89 53 17 35 25 68 89 80 25 81 91 32 10 40 5 12 99 1 49 31 46 13 28 73 60 1 88 65 77 84 50 93 73 100 52 69 49 
21 38 98 79 95 92 6 94 29 70 20 96 63 76 83 1 88 37 19 77 95 36 2 36 66 53 53 50 59 10 21 7 100 73 16 39 99 94 85 43 85 3 19 36 34 2 52 64 37 20 55 61 63 48 1 32 13 42 17 88 2 64 48 56 
10 45 48 85 14 14 4 12 46 39 25 13 63 12 3 21 32 89 40 32 26 53 39 37 24 54 44 9 63 99 22 74 77 80 13 92 53 77 89 24 74 88 61 19 85 67 6 24 22 45 24 19 56 99 99 10 17 61 1 5 34 79 63 83 
71 70 14 93 14 18 84 3 45 13 80 84 2 88 38 50 22 63 99 89 18 79 48 31 100 51 34 62 21 36 93 32 42 21 86 80 75 23 3 25 95 88 8 17 11 16 37 5 10 5 60 87 49 82 53 60 65 27 54 42 53 94 13 58 
77 46 32 35 33 41 28 67 47 30 26 14 95 29 16 89 97 22 28 36 81 49 25 36 76 36 31 43 83 1 20 99 24 66 16 12 48 5 7 5 46 47 85 36 7 22 3 12 25 40 44 58 38 71 81 40 33 3 70 84 7 32 53 76 
61 69 70 19 4 81 20 20 47 24 10 70 32 47 27 24 61 51 31 43 32 33 78 37 70 12 17 67 35 55 10 97 96 15 64 22 16 92 31 59 56 31 30 89 44 18 20 27 76 71 48 17 63 95 94 84 70 56 51 47 8 54 61 38 
29 80 71 42 13 29 95 60 17 42 94 18 71 65 51 38 66 64 4 20 87 83 52 5 62 53 49 53 47 43 99 49 45 83 51 2 37 57 40 24 71 15 30 85 6 34 56 100 64 60 95 17 36 34 16 79 95 14 25 98 5 22 57 10 
83 62 15 55 5 81 11 38 50 72 6 11 73 41 74 59 45 91 86 96 91 95 90 42 50 86 29 27 95 90 80 99 98 51 30 99 30 82 7 31 29 95 95 75 70 93 13 95 57 64 41 9 15 13 68 47 20 11 98 20 13 60 51 46 
76 53 86 63 21 99 28 22 72 58 84 38 12 50 54 38 59 31 59 55 10 16 68 37 100 34 56 38 66 88 97 75 81 100 30 46 34 23 83 96 95 74 84 91 64 56 68 1 32 82 65 91 52 97 55 11 64 61 66 47 74 65 91 35 
47 48 65 5 75 35 41 62 14 67 30 49 46 26 19 91 11 69 63 22 59 97 83 14 79 16 70 1 23 35 56 62 80 39 17 23 77 67 90 35 47 92 13 90 55 40 19 80 7 15 87 62 9 25 76 39 83 94 95 66 17 30 95 55 
85 59 30 71 15 80 36 4 99 92 34 72 2 19 88 4 53 100 98 59 10 57 29 28 82 50 27 2 61 99 7 52 87 45 19 51 58 58 53 98 11 17 48 64 44 73 42 26 96 59 51 73 64 85 89 27 31 72 62 80 88 24 69 94 
61 75 37 46 80 90 6 4 84 96 68 97 73 63 59 24 59 37 44 26 10 20 88 26 7 38 69 83 38 77 46 18 22 23 97 73 60 99 61 23 72 33 25 71 77 72 1 73 71 56 74 82 42 38 85 21 12 90 53 51 56 29 93 28 
23 21 50 26 50 16 25 82 35 83 23 43 17 88 59 92 6 76 8 33 38 46 52 18 9 45 89 11 81 92 34 41 71 75 7 61 30 3 75 57 35 68 26 7 93 32 45 59 52 94 20 96 59 60 66 85 90 82 14 28 28 49 16 21 
17 80 94 100 76 6 83 31 58 56 47 68 60 91 61 62 27 68 26 24 50 16 95 75 36 56 39 1 95 92 5 89 13 37 20 56 16 100 66 50 1 51 94 17 27 86 4 68 3 63 79 6 44 4 43 48 64 36 78 56 4 84 27 30 
25 51 23 62 41 16 90 28 92 100 56 76 66 97 90 34 100 65 10 93 47 93 50 41 37 84 11 97 94 48 62 57 60 75 69 35 6 6 97 80 35 33 56 10 76 2 44 74 57 24 9 83 73 89 53 1 72 87 60 100 82 18 67 26 
43 76 92 95 98 28 64 49 52 88 90 51 95 44 20 28 81 9 60 44 8 39 41 36 66 54 17 70 73 48 49 1 78 32 49 78 86 76 32 32 1 49 24 5 44 87 31 30 84 61 8 95 53 76 24 63 73 1 69 18 17 16 72 44 
26 84 8 92 43 57 71 98 1 83 9 77 70 60 2 32 27 28 39 69 16 8 81 65 69 14 88 99 61 98 33 32 11 13 78 55 64 87 30 5 5 51 26 22 56 54 98 51 35 89 70 39 18 37 2 86 86 7 27 67 96 56 8 98 
69 40 88 51 87 85 8 4 96 83 96 24 93 39 68 3 22 28 64 18 50 16 52 95 38 82 42 42 98 8 59 63 14 73 16 45 84 31 86 24 100 75 96 34 84 96 5 55 6 7 54 35 93 54 33 87 23 78 79 41 7 46 78 4 
35 83 98 11 5 34 84 32 14 76 19 95 9 7 43 8 71 68 93 29 37 90 21 41 67 87 79 82 94 90 63 23 64 28 52 69 95 66 98 82 73 95 16 45 69 66 36 11 38 37 70 57 38 25 56 8 24 24 22 70 37 80 2 11 
36 70 79 27 86 52 16 76 97 39 81 7 92 85 67 53 47 70 24 24 97 94 42 50 18 15 51 69 28 74 93 81 61 94 55 100 41 2 55 26 44 60 34 58 75 65 60 20 27 9 64 11 45 97 3 47 21 27 87 88 11 79 25 91 
27 1 71 70 40 78 31 76 71 87 59 46 58 38 47 90 75 87 79 60 61 52 30 19 55 49 36 18 55 33 58 43 69 57 65 97 19 36 63 71 83 96 87 25 33 15 82 72 19 15 36 97 93 6 91 22 54 2 46 82 28 36 20 100 
8 89 53 99 95 10 35 37 35 22 65 39 66 22 78 10 25 67 84 93 18 39 60 65 26 66 88 62 45 36 82 29 30 45 70 99 45 89 49 66 95 14 78 68 76 60 27 12 8 85 3 95 62 21 31 73 99 29 97 28 99 64 40 92 
90 73 74 6 51 26 8 24 43 54 12 86 58 81 18 1 37 83 28 45 71 68 55 41 29 61 40 69 83 63 67 59 39 35 69 81 18 4 18 34 31 49 77 21 100 87 49 43 98 88 4 72 88 31 7 40 41 39 62 87 53 45 23 99 
80 81 44 42 59 74 14 94 38 29 53 46 4 70 93 87 35 37 55 68 1 14 21 16 41 62 32 89 67 35 20 2 17 94 13 8 49 65 26 40 53 70 45 53 3 45 56 47 55 96 43 34 74 96 30 32 1 81 23 69 73 17 55 54 
81 65 93 89 14 2 84 50 52 78 71 75 39 63 6 21 34 32 20 90 61 19 42 69 18 36 37 66 61 40 33 74 54 74 86 17 43 8 31 5 80 41 55 25 47 20 79 57 30 100 21 48 97 26 53 9 57 41 99 19 97 23 17 9 
60 5 54 85 55 10 16 14 5 87 80 88 62 1 84 32 86 40 22 89 71 68 41 18 22 97 36 1 4 41 30 81 21 34 30 69 36 57 89 42 93 87 4 13 70 97 69 84 61 75 4 1 33 32 25 90 10 74 63 83 99 24 68 46 
53 76 63 55 15 59 53 39 19 83 29 89 10 72 90 17 55 82 39 42 34 30 69 79 77 18 44 37 10 7 50 5 77 69 99 78 66 33 94 15 92 30 92 86 26 6 26 48 3 98 48 6 46 3 100 69 39 32 9 68 53 74 9 78 
15 2 15 88 81 16 69 49 91 14 53 70 95 95 30 9 38 77 78 22 16 11 53 54 14 71 99 82 17 23 57 88 80 19 17 80 91 98 13 21 21 9 91 29 81 83 66 72 12 43 48 27 13 32 9 90 100 42 85 74 60 45 5 86 
65 34 100 48 47 23 49 45 46 37 23 44 51 59 12 25 68 2 33 6 25 61 42 91 37 18 90 59 23 83 37 95 45 45 8 91 37 2 69 35 74 82 44 49 76 51 35 64 77 33 63 62 41 64 39 82 25 43 1 100 25 85 8 85 
54 66 20 18 39 25 80 9 98 56 30 13 66 26 44 92 3 92 5 25 78 32 70 43 30 90 82 98 76 77 23 3 61 69 10 63 9 9 70 14 16 11 91 95 96 29 78 75 36 20 99 34 5 71 69 30 37 44 81 87 56 23 79 5 
28 16 56 81 81 25 81 81 10 88 29 18 28 11 10 21 45 58 35 64 2 41 79 92 17 85 76 89 16 96 25 69 92 30 92 65 48 43 3 98 64 54 26 37 78 36 67 28 46 52 59 83 71 21 99 98 88 75 45 47 56 75 78 84 
97 65 18 44 5 4 77 47 9 98 9 63 7 46 37 46 36 59 53 2 58 16 79 6 71 26 48 67 32 98 72 97 23 23 2 26 61 39 76 86 80 88 45 1 25 8 11 78 85 22 81 29 45 70 47 95 62 5 10 17 81 19 67 16 
28 48 61 74 38 98 86 57 68 71 66 4 75 62 69 55 30 76 1 85 60 51 18 38 49 84 95 49 84 36 22 87 63 65 39 34 1 21 53 98 27 26 18 6 96 16 20 13 94 64 81 30 16 63 87 11 5 64 100 53 96 57 23 38 
22 90 49 59 43 17 3 19 31 31 13 10 84 83 57 85 97 92 42 60 27 46 66 93 3 62 76 71 34 48 99 74 44 97 88 71 62 60 31 62 99 81 1 35 11 41 18 92 69 34 35 57 6 54 50 79 86 68 18 70 45 61 12 67 
41 82 18 16 9 98 83 72 40 49 93 63 81 73 58 24 98 19 72 43 81 63 95 63 30 82 72 38 78 13 51 40 26 44 14 84 44 4 60 36 76 64 75 91 90 69 77 28 100 49 93 1 36 14 14 55 100 59 58 17 47 70 84 64 
42 64 82 64 35 55 63 58 72 8 81 92 31 39 46 37 94 73 40 64 11 50 23 27 84 45 72 100 22 10 42 16 2 98 81 48 35 12 7 56 80 81 21 92 88 45 83 24 11 84 65 90 4 51 24 16 58 31 99 34 44 53 91 41 
35 29 58 81 13 84 36 50 80 11 4 50 54 56 47 51 60 15 63 54 90 5 61 77 17 71 37 72 65 60 25 10 36 2 99 39 79 4 58 7 29 76 55 19 8 20 5 48 91 27 92 56 53 89 74 13 34 33 70 16 29 75 59 26 
62 40 53 9 73 10 7 56 87 82 69 1 91 16 43 51 72 35 37 13 27 67 73 23 39 97 15 1 19 74 20 6 86 34 60 51 71 31 89 21 1 88 87 59 91 33 97 63 44 51 76 11 22 56 63 20 73 61 8 19 81 75 80 13 
97 23 7 64 59 58 29 76 20 18 58 55 81 30 26 16 89 69 60 97 5 11 42 81 32 56 93 58 39 51 32 11 79 36 71 66 37 91 47 10 92 75 72 95 96 99 17 79 29 44 73 63 32 20 72 94 81 60 16 28 71 14 87 76 
88 76 46 29 18 40 31 57 20 96 59 8 72 19 62 2 18 10 49 60 1 27 53 53 7 67 34 17 42 87 47 3 20 6 55 48 3 86 49 45 32 9 48 45 83 32 18 15 33 79 12 67 99 31 21 60 49 30 32 93 39 38 15 72 
45 54 15 25 100 98 2 37 91 53 99 99 91 77 80 84 56 85 68 47 66 33 85 86 23 62 42 51 11 57 16 49 31 20 47 83 38 28 41 98 28 16 92 51 14 14 10 73 41 5 79 38 14 95 23 72 100 62 30 16 6 30 95 94 
5 27 97 80 35 54 90 26 74 49 70 23 63 68 4 82 33 79 11 79 88 98 34 56 80 34 38 34 99 58 89 81 15 74 98 54 2 73 85 93 8 31 54 93 88 9 10 99 59 92 8 70 88 1 47 41 54 14 50 35 21 47 64 69 
10 20 58 69 2 54 85 23 71 35 2 81 92 85 36 30 19 38 96 35 27 59 72 26 56 95 90 76 13 12 53 46 14 51 55 87 13 54 36 98 18 31 97 7 67 34 61 34 88 20 41 83 61 5 90 10 38 23 81 78 26 46 72 8 
18 64 66 23 46 22 45 78 56 8 19 85 6 2 83 19 99 32 17 51 11 85 59 81 66 48 1 93 55 44 45 91 30 76 99 70 24 12 61 44 40 91 54 69 100 41 4 89 81 11 70 73 48 15 76 29 99 7 27 10 30 6 93 58 
1 38 52 70 5 29 94 38 83 28 80 94 57 10 61 18 23 84 21 4 47 41 39 76 60 52 69 43 99 28 12 38 43 69 62 76 27 63 16 29 57 75 26 9 84 40 43 45 87 50 84 97 75 68 100 64 59 59 80 18 58 3 99 84 
81 94 32 79 81 97 51 87 21 68 84 52 66 8 11 93 12 19 45 72 45 37 55 7 83 68 38 90 77 97 60 87 47 78 53 59 46 34 10 63 16 19 65 94 96 48 36 50 18 75 75 46 26 91 38 9 67 100 45 62 4 63 42 74 
1 1 1 1 1 1 -1 -1 1 1 -1 -1 -1 -1 1 1 -1 -1 1 -1 -1 -1 1 -1 1 1 -1 -1 1 1 1 1 -1 1 1 -1 -1 -1 1 -1 1 -1 1 -1 -1 1 -1 -1 -1 -1 -1 1 1 1 -1 -1 1 -1 -1 1 -1 1 1 1 
1 -1 1 -1 1 1 -1 1 1 1 -1 -1 1 1 -1 1 1 1 1 1 -1 1 1 -1 1 -1 1 1 -1 1 1 1 1 -1 1 1 -1 1 1 1 -1 -1 -1 1 -1 1 -1 1 -1 1 -1 1 -1 -1 -1 1 1 1 1 1 -1 1 -1 -1 
1 1 1 1 -1 -1 -1 -1 1 -1 1 -1 1 1 1 1 -1 1 -1 1 -1 1 -1 1 1 1 1 -1 -1 1 1 -1 -1 1 -1 1 -1 -1 1 -1 1 -1 -1 -1 -1 -1 -1 1 -1 -1 -1 1 -1 1 -1 1 -1 1 1 1 1 1 1 1 
1 -1 1 1 -1 1 1 1 1 1 1 1 1 -1 1 -1 -1 -1 -1 -1 1 -1 -1 1 -1 1 -1 1 1 1 1 -1 1 -1 -1 -1 -1 1 1 -1 1 1 1 1 1 1 -1 1 -1 -1 1 -1 1 -1 -1 1 -1 -1 1 -1 -1 1 -1 1 
1 1 -1 -1 1 -1 1 1 -1 -1 1 -1 -1 -1 1 -1 -1 1 1 1 -1 -1 -1 -1 -1 1 -1 -1 -1 -1 1 1 -1 -1 -1 -1 1 1 -1 1 -1 1 1 1 -1 -1 1 1 1 1 -1 -1 1 -1 -1 1 1 -1 1 -1 -1 1 1 1 
1 1 -1 1 -1 1 1 1 1 1 1 1 -1 1 1 1 -1 -1 1 1 -1 1 -1 -1 1 1 -1 1 -1 1 -1 -1 -1 1 1 -1 -1 -1 1 1 -1 -1 -1 1 1 1 1 1 -1 -1 -1 -1 1 -1 -1 -1 -1 -1 1 -1 -1 1 -1 1 
-1 -1 -1 1 1 1 1 -1 -1 -1 1 -1 1 1 -1 -1 1 -1 -1 -1 1 -1 1 -1 -1 1 1 -1 -1 1 1 -1 1 -1 -1 1 -1 -1 -1 -1 -1 -1 -1 1 1 -1 -1 -1 -1 -1 -1 1 1 -1 1 1 -1 1 1 -1 1 -1 1 -1 
-1 1 -1 1 1 1 -1 -1 1 1 -1 -1 -1 -1 -1 1 -1 1 -1 1 -1 1 1 1 1 -1 -1 -1 -1 -1 1 -1 1 1 -1 -1 -1 1 -1 -1 1 1 -1 1 1 -1 1 -1 1 1 1 1 1 -1 1 1 -1 -1 1 -1 -1 -1 1 1 
1 1 1 1 -1 1 -1 1 1 -1 1 -1 -1 1 1 -1 -1 -1 -1 -1 1 -1 -1 1 -1 1 1 1 -1 1 -1 1 1 1 -1 -1 -1 1 1 -1 1 1 -1 -1 -1 -1 1 1 1 1 1 -1 -1 1 1 1 -1 1 -1 1 -1 1 -1 1 
1 1 -1 1 -1 1 -1 1 -1 -1 1 -1 1 1 1 1 1 1 -1 1 1 1 -1 -1 1 1 -1 -1 -1 -1 1 1 -1 -1 1 -1 -1 1 -1 -1 -1 1 1 -1 -1 1 1 1 -1 1 1 1 1 1 -1 1 1 1 1 -1 1 -1 1 1 
-1 -1 1 1 1 1 1 -1 1 1 -1 -1 1 -1 1 -1 -1 -1 -1 -1 1 1 -1 -1 -1 1 -1 1 -1 1 -1 -1 -1 -1 1 -1 -1 1 -1 1 1 1 1 1 -1 -1 -1 1 1 1 -1 -1 1 1 -1 1 -1 -1 1 1 1 1 -1 1 
-1 -1 -1 1 -1 1 -1 -1 -1 -1 -1 1 1 -1 -1 1 -1 -1 -1 1 1 -1 1 -1 1 1 1 1 1 -1 -1 -1 1 1 1 1 1 -1 1 1 1 1 1 1 1 1 1 1 -1 1 -1 1 1 -1 1 -1 -1 -1 -1 1 1 -1 1 -1 
-1 1 1 1 -1 -1 1 -1 -1 1 1 1 1 1 -1 1 1 -1 -1 -1 1 1 -1 1 1 1 1 1 1 -1 1 -1 -1 1 -1 1 -1 -1 1 1 1 -1 -1 1 -1 -1 1 1 1 -1 -1 -1 1 -1 -1 1 -1 -1 -1 1 -1 -1 1 1 
-1 1 1 -1 -1 1 1 -1 1 1 -1 -1 1 1 -1 1 1 1 1 1 1 1 -1 -1 1 -1 1 1 -1 -1 -1 -1 -1 1 -1 -1 1 -1 -1 -1 1 -1 -1 1 1 -1 1 1 1 -1 1 1 1 1 1 -1 -1 1 -1 -1 1 1 1 -1 
1 -1 1 1 1 1 -1 -1 1 1 1 -1 -1 -1 -1 -1 1 -1 -1 -1 1 -1 -1 1 -1 -1 1 1 1 1 1 -1 -1 -1 -1 -1 -1 1 1 -1 -1 -1 -1 -1 -1 1 -1 -1 -1 1 1 -1 -1 1 1 -1 1 1 -1 -1 -1 1 -1 -1 
1 1 1 -1 -1 1 -1 1 -1 1 -1 1 1 1 -1 1 1 1 1 1 1 -1 -1 1 1 -1 -1 1 1 1 1 1 -1 1 -1 1 1 1 -1 -1 1 -1 1 1 1 1 1 1 1 -1 -1 1 -1 1 1 -1 1 1 -1 1 -1 -1 -1 1 
-1 1 -1 -1 -1 -1 1 -1 -1 1 -1 -1 1 1 1 1 -1 1 -1 -1 -1 -1 -1 1 1 -1 -1 -1 1 -1 1 -1 1 1 -1 1 1 1 -1 -1 -1 -1 1 -1 1 -1 -1 1 -1 -1 1 -1 1 -1 -1 1 1 -1 -1 1 -1 -1 -1 1 
-1 1 1 -1 1 -1 -1 1 -1 1 -1 -1 -1 1 -1 1 1 -1 -1 1 -1 -1 -1 1 -1 -1 -1 -1 1 1 1 -1 1 -1 1 1 1 1 1 1 1 -1 1 -1 -1 -1 -1 -1 -1 1 1 1 1 -1 1 -1 -1 -1 -1 1 1 1 1 -1 
1 1 -1 -1 1 1 -1 -1 -1 -1 -1 -1 -1 1 -1 1 -1 -1 -1 1 -1 1 1 -1 -1 -1 1 -1 -1 -1 -1 1 1 -1 -1 1 1 -1 -1 1 1 1 1 -1 -1 1 -1 -1 -1 -1 -1 -1 1 1 1 1 -1 1 1 -1 1 1 1 1 
-1 1 1 -1 1 1 -1 1 -1 1 -1 1 -1 1 -1 1 -1 1 1 1 -1 1 -1 -1 1 -1 1 1 1 -1 1 -1 1 -1 1 -1 -1 1 -1 1 1 1 -1 -1 -1 -1 1 1 1 1 1 1 1 -1 -1 1 -1 1 1 -1 -1 -1 1 -1 
-1 -1 -1 1 -1 -1 1 -1 1 1 1 1 1 1 1 1 -1 -1 -1 -1 -1 -1 1 -1 1 -1 1 -1 1 1 -1 -1 1 -1 1 -1 -1 1 1 1 -1 -1 -1 -1 -1 -1 1 -1 -1 1 -1 -1 -1 1 1 1 -1 1 -1 1 1 -1 -1 1 
-1 1 1 -1 -1 1 -1 1 -1 1 1 -1 1 1 -1 -1 -1 -1 1 1 -1 1 1 -1 -1 -1 -1 1 1 1 1 1 -1 -1 1 1 -1 -1 1 1 1 1 -1 1 1 1 1 -1 -1 -1 1 -1 -1 -1 -1 -1 1 -1 1 -1 1 1 1 1 
1 1 -1 -1 -1 -1 1 1 -1 -1 -1 1 -1 -1 -1 -1 -1 -1 1 -1 1 1 1 -1 -1 -1 1 1 -1 1 -1 -1 1 1 -1 1 -1 1 -1 1 -1 1 1 -1 1 -1 -1 -1 1 1 1 1 1 -1 -1 1 1 1 -1 -1 -1 1 -1 -1 
-1 -1 1 1 -1 -1 -1 1 1 -1 -1 -1 1 -1 1 1 1 1 -1 -1 -1 -1 -1 1 -1 -1 1 -1 1 1 -1 -1 -1 1 -1 1 1 1 1 -1 -1 -1 1 1 1 -1 -1 -1 -1 1 1 -1 -1 -1 1 1 -1 1 -1 -1 1 1 -1 1 
1 1 1 -1 -1 1 -1 1 -1 1 -1 1 1 1 -1 1 1 -1 -1 1 1 -1 -1 -1 -1 -1 -1 -1 1 -1 -1 1 1 1 1 1 1 1 1 1 1 1 1 1 -1 1 -1 -1 -1 1 1 1 -1 1 1 1 -1 1 -1 -1 -1 1 1 -1 
1 -1 1 1 1 1 1 -1 1 1 1 1 1 -1 -1 -1 -1 -1 -1 -1 -1 -1 -1 -1 -1 -1 1 1 1 -1 1 1 1 1 1 1 -1 1 1 -1 1 1 1 1 1 1 -1 1 1 -1 -1 1 -1 -1 -1 -1 -1 1 1 -1 1 -1 1 1 
-1 1 1 -1 -1 -1 1 -1 1 -1 -1 1 1 1 1 -1 -1 -1 1 1 1 -1 1 1 -1 1 1 1 -1 1 1 1 1 -1 -1 -1 -1 -1 1 -1 1 1 1 -1 -1 1 -1 1 -1 1 1 -1 -1 1 -1 1 -1 -1 -1 1 -1 -1 -1 -1 
-1 1 -1 1 -1 1 -1 -1 1 -1 1 1 1 1 1 1 -1 -1 -1 1 -1 1 1 -1 -1 1 1 -1 1 -1 -1 -1 -1 -1 -1 1 1 1 -1 1 1 1 -1 -1 -1 1 1 1 -1 1 1 -1 1 -1 1 1 1 1 -1 -1 1 -1 -1 1 
1 -1 -1 1 -1 -1 -1 -1 -1 -1 -1 1 1 -1 1 1 1 1 -1 1 1 1 -1 1 1 1 -1 1 -1 1 -1 1 -1 1 1 1 1 1 -1 1 1 -1 1 1 -1 -1 -1 1 -1 1 -1 1 1 1 1 1 1 -1 -1 1 1 1 1 -1 
1 1 1 1 -1 1 1 -1 1 -1 1 -1 -1 -1 1 1 -1 1 -1 -1 1 1 1 1 -1 -1 1 -1 1 -1 -1 -1 -1 -1 -1 1 -1 -1 1 -1 -1 1 -1 -1 -1 -1 1 1 -1 1 1 1 1 -1 1 1 1 -1 1 1 -1 -1 1 1 
1 1 1 1 1 -1 1 1 -1 1 -1 -1 1 -1 1 1 1 1 -1 1 -1 1 -1 -1 -1 1 1 -1 -1 -1 -1 -1 -1 1 1 1 1 -1 -1 1 -1 1 1 -1 -1 -1 -1 -1 1 -1 1 1 -1 1 1 -1 -1 1 1 1 -1 -1 -1 -1 
1 1 -1 -1 1 -1 -1 -1 1 1 -1 -1 -1 -1 -1 1 -1 -1 1 -1 -1 1 -1 -1 1 1 1 -1 1 -1 -1 -1 -1 1 1 -1 1 -1 1 1 1 -1 -1 1 -1 -1 -1 1 1 -1 1 -1 1 1 -1 1 -1 -1 -1 1 1 -1 1 -1 
-1 1 -1 1 -1 -1 1 1 1 -1 -1 1 -1 -1 -1 -1 1 1 1 1 1 -1 1 -1 1 1 1 -1 -1 -1 -1 -1 -1 -1 -1 -1 -1 1 -1 -1 -1 -1 1 -1 -1 -1 1 1 -1 1 -1 1 -1 1 1 1 1 -1 -1 1 1 -1 -1 1 
1 -1 1 -1 -1 1 -1 1 1 -1 -1 1 1 1 -1 1 1 -1 -1 -1 -1 -1 1 1 1 1 -1 -1 1 -1 1 1 -1 -1 -1 -1 -1 1 -1 -1 1 -1 1 -1 -1 1 -1 1 -1 1 1 -1 -1 1 -1 1 -1 -1 1 1 1 1 -1 1 
1 1 -1 -1 -1 1 -1 -1 -1 1 1 1 -1 -1 -1 -1 -1 1 -1 1 1 1 -1 -1 1 1 -1 -1 1 -1 1 1 -1 -1 1 1 -1 -1 -1 1 -1 -1 -1 -1 1 1 1 1 -1 -1 -1 1 -1 -1 1 1 1 1 -1 1 1 1 1 1 
-1 1 1 -1 -1 -1 1 -1 -1 -1 -1 1 1 -1 -1 1 1 1 1 -1 -1 1 1 1 1 1 -1 1 1 1 1 -1 -1 -1 1 1 -1 -1 -1 1 1 1 1 -1 1 -1 -1 -1 1 1 -1 1 1 1 -1 1 1 1 -1 1 -1 1 1 -1 
-1 -1 -1 -1 1 -1 -1 -1 -1 -1 -1 1 -1 1 -1 1 1 1 1 -1 -1 -1 -1 1 1 -1 -1 1 1 -1 1 1 -1 -1 -1 -1 -1 1 -1 -1 1 1 -1 -1 1 1 -1 1 -1 1 -1 1 -1 1 -1 -1 -1 1 -1 -1 -1 -1 1 1 
-1 1 -1 1 1 -1 -1 1 1 1 1 -1 -1 -1 1 1 1 1 -1 1 1 -1 1 1 1 1 -1 1 1 -1 -1 -1 1 1 -1 -1 1 -1 -1 -1 -1 1 1 -1 1 1 -1 1 1 1 1 1 -1 -1 1 1 -1 1 1 -1 1 -1 -1 -1 
1 1 1 1 -1 1 -1 -1 1 -1 -1 1 1 -1 1 -1 -1 1 -1 -1 1 1 -1 1 1 1 1 -1 -1 1 -1 1 -1 -1 -1 -1 -1 -1 1 -1 1 -1 -1 -1 -1 1 -1 1 1 1 1 1 -1 1 1 1 1 1 1 -1 1 -1 1 1 
-1 1 -1 -1 1 1 -1 -1 -1 -1 1 1 1 -1 -1 -1 -1 1 1 1 1 1 1 -1 1 -1 -1 1 1 -1 1 1 -1 -1 1 1 -1 -1 -1 -1 1 -1 -1 -1 -1 1 -1 -1 1 -1 1 -1 1 1 1 -1 1 1 1 1 -1 -1 -1 -1 
1 -1 1 1 -1 -1 -1 1 1 -1 1 1 1 1 -1 1 -1 1 1 1 -1 1 -1 -1 1 1 1 1 1 -1 -1 1 -1 1 -1 1 1 -1 1 1 1 -1 -1 1 1 1 1 -1 1 1 -1 1 -1 1 1 1 -1 1 -1 1 1 1 1 1 
-1 -1 -1 1 1 -1 -1 1 1 1 1 1 -1 -1 -1 -1 -1 -1 1 1 -1 1 1 -1 1 1 1 1 -1 1 1 -1 -1 -1 -1 1 1 1 -1 -1 -1 1 -1 1 -1 -1 1 1 -1 1 1 -1 1 1 1 -1 1 1 1 1 -1 -1 1 1 
1 -1 -1 1 1 -1 -1 -1 -1 1 1 1 -1 -1 -1 1 1 1 1 -1 -1 -1 1 1 1 1 1 -1 1 -1 1 -1 1 1 -1 1 -1 1 -1 -1 -1 -1 -1 -1 -1 1 1 1 -1 -1 1 -1 -1 -1 1 1 1 -1 -1 1 -1 -1 -1 -1 
-1 1 -1 1 1 1 1 1 -1 -1 1 1 1 1 -1 1 -1 -1 -1 -1 -1 1 -1 1 1 1 -1 -1 1 -1 -1 1 -1 -1 -1 -1 -1 -1 -1 -1 1 1 -1 1 1 -1 1 1 1 1 -1 1 -1 1 -1 1 1 1 -1 1 -1 -1 1 1 
-1 -1 -1 1 -1 1 1 1 -1 -1 -1 1 -1 1 -1 1 1 -1 -1 -1 -1 1 1 1 -1 1 -1 -1 -1 -1 -1 -1 -1 -1 1 1 1 1 -1 -1 1 -1 -1 1 1 -1 1 1 -1 -1 -1 -1 -1 -1 -1 -1 1 -1 1 1 -1 1 1 -1 
1 1 -1 1 -1 1 -1 -1 -1 1 -1 1 -1 -1 1 1 -1 -1 1 -1 -1 1 -1 -1 1 1 1 1 -1 -1 -1 -1 -1 1 1 -1 1 1 1 1 1 -1 1 -1 -1 1 -1 1 1 1 1 1 -1 1 -1 -1 -1 -1 -1 -1 -1 -1 -1 1 
-1 -1 -1 -1 1 1 -1 1 1 1 -1 1 1 1 -1 1 -1 -1 -1 1 1 1 -1 -1 -1 -1 -1 1 -1 1 -1 -1 1 -1 1 -1 -1 -1 -1 -1 1 1 1 1 1 -1 -1 -1 1 1 1 1 1 1 1 1 1 -1 -1 -1 -1 -1 -1 1 
-1 1 1 1 1 1 -1 -1 1 1 1 1 1 1 -1 1 1 -1 -1 1 -1 -1 -1 -1 -1 1 1 1 1 1 -1 1 1 1 1 -1 1 1 1 -1 -1 1 1 1 1 1 -1 1 1 1 1 -1 1 1 1 -1 -1 -1 -1 1 -1 -1 1 1 
-1 -1 -1 -1 1 -1 -1 1 1 -1 1 -1 1 1 -1 1 -1 -1 -1 1 -1 -1 1 -1 -1 1 -1 -1 -1 -1 1 1 -1 -1 -1 1 -1 1 1 1 1 -1 -1 1 -1 1 1 1 1 1 1 1 -1 -1 1 1 1 1 -1 -1 1 1 -1 -1 
-1 1 -1 -1 1 -1 -1 1 1 1 1 1 -1 -1 1 -1 -1 1 -1 1 1 -1 1 1 1 -1 1 1 1 1 -1 -1 1 1 -1 1 1 1 1 -1 1 1 -1 1 -1 1 1 1 1 1 -1 1 -1 1 1 1 -1 1 1 1 1 1 1 1 
-1 -1 -1 1 -1 -1 -1 1 1 1 -1 -1 -1 1 1 -1 1 1 -1 1 -1 1 1 1 1 -1 1 1 -1 1 1 1 -1 1 -1 -1 -1 1 1 1 -1 1 1 -1 -1 1 1 1 1 -1 1 1 -1 1 1 -1 -1 -1 -1 -1 1 -1 1 -1 
1 1 1 -1 -1 -1 1 1 -1 1 -1 1 -1 1 -1 1 -1 1 -1 1 -1 -1 1 -1 1 1 -1 -1 1 1 1 -1 1 -1 1 1 1 1 1 -1 1 -1 -1 1 -1 1 1 -1 1 1 1 1 -1 1 1 -1 1 -1 -1 1 -1 1 -1 1 
1 -1 -1 1 1 1 1 1 -1 1 1 1 1 1 -1 -1 1 1 1 1 -1 -1 1 -1 -1 -1 -1 1 1 1 -1 1 -1 -1 -1 1 -1 -1 -1 1 -1 1 -1 -1 -1 -1 1 1 -1 -1 -1 -1 1 1 -1 1 -1 -1 1 -1 -1 1 1 1 
1 -1 1 -1 -1 -1 -1 -1 1 1 1 -1 -1 1 1 1 -1 -1 1 -1 1 -1 -1 -1 1 -1 1 -1 1 -1 1 1 1 1 -1 1 1 -1 1 1 1 1 -1 1 -1 1 1 1 -1 1 1 1 1 -1 -1 1 -1 1 -1 1 1 1 1 -1 
-1 -1 -1 -1 -1 -1 1 1 1 -1 -1 1 -1 1 1 1 -1 1 1 -1 1 -1 -1 1 1 -1 -1 1 1 1 1 -1 1 -1 1 -1 -1 1 1 1 1 1 1 -1 -1 -1 1 1 1 1 1 1 -1 -1 1 1 -1 -1 -1 1 1 1 -1 -1 
-1 1 1 1 1 -1 1 1 1 1 1 -1 1 -1 -1 -1 1 -1 1 1 1 -1 1 1 1 -1 1 1 1 1 -1 1 1 1 1 1 -1 1 1 -1 1 -1 1 1 -1 -1 1 -1 1 1 -1 -1 1 1 1 1 -1 -1 -1 1 1 -1 -1 1 
1 1 -1 -1 1 -1 -1 -1 -1 1 -1 -1 -1 -1 1 1 1 -1 -1 -1 -1 1 1 -1 -1 -1 -1 1 1 1 -1 -1 1 -1 1 1 -1 -1 1 1 -1 1 1 1 1 -1 1 -1 1 -1 -1 1 -1 -1 -1 -1 1 1 1 1 1 1 1 1 
-1 1 1 -1 -1 -1 1 -1 1 1 -1 -1 -1 1 1 1 -1 -1 1 1 1 -1 1 1 1 1 -1 1 -1 -1 1 -1 -1 -1 1 1 1 1 1 1 1 1 -1 1 -1 -1 -1 -1 1 1 -1 -1 -1 1 -1 -1 1 1 -1 -1 1 1 -1 1 
-1 1 1 1 1 1 1 1 -1 1 1 -1 -1 -1 -1 -1 -1 -1 1 1 -1 1 -1 -1 -1 1 -1 -1 -1 1 1 -1 -1 1 -1 -1 -1 1 1 1 -1 1 -1 -1 1 -1 -1 -1 -1 1 -1 -1 1 -1 -1 -1 1 -1 1 1 -1 -1 1 1 
1 1 1 -1 -1 -1 -1 -1 1 -1 1 1 1 -1 -1 1 1 1 -1 -1 1 -1 -1 -1 -1 -1 1 -1 1 1 1 1 1 1 1 1 -1 -1 -1 1 1 1 1 1 1 -1 -1 1 -1 1 -1 1 -1 1 1 1 1 -1 1 -1 1 1 -1 -1 
-1 -1 1 -1 -1 -1 1 -1 -1 1 1 1 -1 1 -1 -1 -1 1 1 -1 1 1 -1 1 -1 1 -1 1 1 -1 -1 1 1 1 1 -1 -1 1 1 -1 1 -1 -1 -1 -1 -1 -1 -1 1 1 1 -1 -1 1 1 1 1 1 -1 1 -1 -1 -1 1 
1 1 1 1 1 1 -1 -1 1 -1 1 -1 -1 1 1 -1 -1 1 1 -1 -1 1 1 1 1 -1 -1 -1 1 -1 -1 -1 -1 1 1 1 -1 -1 -1 -1 1 -1 -1 -1 1 -1 -1 -1 1 1 -1 1 1 1 1 -1 1 1 -1 1 -1 1 1 1 
1 -1 1 -1 1 -1 1 1 -1 1 -1 1 1 1 -1 -1 -1 1 1 1 -1 1 -1 -1 1 1 -1 -1 1 1 -1 1 -1 -1 1 1 1 -1 1 -1 1 1 -1 1 1 -1 -1 1 -1 1 1 -1 1 1 -1 -1 1 -1 1 -1 -1 1 -1 1 
1 -1 1 1 1 1 -1 1 1 1 1 -1 1 -1 -1 1 1 -1 1 -1 1 1 -1 1 -1 1 -1 1 -1 1 -1 -1 1 1 1 -1 1 -1 1 -1 1 1 -1 1 -1 1 1 1 -1 1 -1 1 1 -1 -1 1 1 1 1 -1 1 1 1 1 