32 -32 32 282 6146
97 34 68 70 66 60 3 89 80 25 31 34 32 26 19 41 75 3 29 39 23 48 21 69 53 100 83 80 85 50 80 1 
62 42 86 18 76 68 4 92 28 38 37 37 1 19 7 53 97 34 55 73 61 26 29 71 99 30 95 24 18 94 89 91 
15 99 56 91 15 68 46 28 61 1 80 6 1 51 25 56 7 18 55 100 100 57 42 93 63 40 62 92 68 58 69 87 
30 55 11 25 87 60 28 46 38 61 99 90 14 83 98 78 100 64 30 1 92 33 87 50 61 21 66 56 14 63 34 92 
12 82 15 51 93 25 62 69 58 96 60 97 89 80 87 90 7 20 91 74 40 91 6 21 72 23 45 52 65 72 13 88 
36 54 19 82 80 76 64 45 38 99 99 29 45 44 98 13 79 40 66 49 92 32 75 16 82 75 96 9 41 79 76 48 
35 86 4 99 23 32 86 72 45 63 88 50 73 6 30 12 44 93 6 56 67 29 92 12 33 9 32 39 7 69 79 18 
18 57 74 4 24 48 38 32 23 2 89 9 38 39 21 79 39 52 62 57 57 45 8 28 97 16 22 94 87 8 5 55 
73 63 88 59 46 10 31 70 56 53 87 6 91 52 32 30 62 81 60 81 46 3 32 92 39 83 62 93 31 25 88 2 
37 90 5 21 25 70 29 38 66 58 42 1 72 2 69 71 85 43 48 1 55 89 58 14 40 38 40 65 80 11 18 75 
67 56 66 97 68 1 5 60 90 89 49 87 1 63 79 91 56 25 62 66 23 68 83 84 35 72 26 30 47 5 14 2 
61 34 100 63 79 15 84 33 20 71 25 56 69 18 1 1 96 51 18 66 46 85 82 99 86 34 71 66 60 77 72 47 
17 3 63 45 80 62 11 76 71 16 99 39 7 76 68 65 88 50 44 96 74 83 90 20 22 2 29 94 14 50 9 44 
51 13 93 17 82 30 48 46 65 75 18 81 32 39 71 98 53 84 6 81 29 28 100 21 82 57 58 16 96 2 55 23 
77 43 18 54 57 23 26 94 61 69 69 72 18 52 23 3 68 53 97 71 22 31 87 50 5 72 81 76 92 36 53 99 
7 93 39 86 39 89 11 20 49 24 62 69 77 28 18 1 45 88 56 51 68 60 26 74 97 88 15 14 67 2 87 23 
38 66 15 61 40 74 32 69 91 55 60 95 68 45 53 16 19 87 49 55 49 47 4 46 28 76 46 68 73 69 59 39 
6 81 75 53 2 24 68 28 72 50 82 53 95 71 54 42 54 33 78 35 59 64 43 97 22 61 82 78 33 58 94 68 
75 38 47 41 25 36 18 73 79 5 20 36 48 57 13 29 34 76 100 44 5 30 32 21 77 3 95 24 13 96 37 6 
6 35 31 85 73 74 88 82 64 5 94 44 80 31 11 88 8 25 51 27 55 19 78 9 76 4 26 22 16 1 80 10 
73 97 96 88 66 53 85 70 3 42 68 40 18 95 44 95 4 86 32 51 66 8 1 82 85 8 42 72 91 69 76 9 
98 32 26 94 64 22 19 9 98 3 51 81 7 10 13 32 95 10 56 94 55 63 34 79 76 86 66 84 84 19 70 88 
50 7 43 8 35 95 93 90 54 77 94 57 72 12 93 34 2 75 71 53 78 90 87 6 30 58 3 67 98 80 11 97 
68 92 46 54 64 72 50 37 34 92 87 66 10 91 62 99 63 62 14 61 83 55 63 96 15 38 37 43 99 80 9 33 
85 56 84 76 21 36 25 50 5 61 71 56 38 23 8 68 21 92 31 55 46 7 64 93 81 92 5 63 66 68 71 53 
1 15 94 75 65 55 30 3 5 44 2 67 24 33 75 77 100 10 85 75 17 93 19 32 15 86 59 30 33 10 5 71 
46 44 63 6 33 1 62 31 9 87 4 62 55 73 65 4 31 13 46 91 70 20 69 83 92 27 25 20 79 65 13 2 
78 15 37 94 77 83 84 9 51 49 45 98 26 25 84 93 96 79 16 80 55 38 34 13 80 96 6 97 32 82 59 21 
61 27 99 72 8 12 62 77 34 24 64 87 11 46 19 31 62 60 26 20 83 21 6 96 68 42 93 22 31 98 38 75 
5 62 59 41 14 96 84 42 70 80 60 5 3 82 48 50 37 38 34 96 7 9 67 56 26 82 78 22 55 9 100 23 
19 40 59 56 26 13 16 40 29 36 100 66 46 53 99 3 56 4 20 78 24 74 29 86 71 28 78 51 41 95 58 5 
21 67 47 5 76 18 80 47 66 63 51 43 57 67 62 79 46 59 94 87 31 9 61 58 82 20 2 46 98 73 42 40 
-1 -1 -1 -1 -1 -1 1 1 1 1 -1 1 1 -1 -1 -1 1 1 -1 1 -1 1 1 1 -1 -1 1 1 -1 1 1 1 
-1 1 1 1 1 1 -1 1 1 -1 1 1 -1 -1 -1 1 -1 -1 -1 1 1 -1 -1 1 1 1 -1 1 -1 -1 -1 -1 
-1 1 1 -1 1 -1 -1 1 -1 -1 -1 1 -1 1 -1 -1 1 -1 -1 -1 -1 1 1 1 1 1 1 -1 1 -1 -1 1 
-1 1 -1 1 -1 1 1 -1 -1 -1 1 1 -1 -1 1 1 -1 1 1 1 1 -1 -1 -1 -1 1 -1 -1 1 -1 1 -1 
-1 1 1 -1 -1 1 1 -1 1 1 -1 1 -1 -1 1 -1 1 1 -1 -1 1 -1 -1 1 -1 1 -1 1 -1 1 -1 1 
-1 1 -1 1 1 1 -1 -1 -1 -1 1 -1 -1 -1 -1 -1 -1 -1 1 1 -1 -1 -1 -1 -1 1 1 -1 -1 1 1 1 
1 -1 -1 1 1 -1 -1 -1 1 -1 -1 1 1 -1 -1 -1 1 -1 -1 1 1 1 -1 -1 -1 -1 -1 1 -1 -1 1 -1 
1 1 1 -1 -1 -1 -1 1 1 1 1 1 -1 -1 1 -1 -1 -1 1 -1 1 -1 1 -1 -1 1 1 -1 1 -1 -1 1 
1 1 -1 -1 1 -1 1 1 -1 1 -1 -1 1 1 1 -1 -1 1 -1 -1 1 1 1 1 1 1 -1 1 -1 -1 -1 1 
1 -1 -1 -1 1 -1 -1 1 1 -1 -1 1 -1 1 1 1 -1 -1 1 1 1 -1 -1 1 1 -1 -1 1 1 1 1 1 
-1 1 -1 1 -1 1 -1 1 -1 -1 -1 1 -1 1 -1 1 -1 1 -1 1 1 -1 1 -1 -1 1 1 1 1 1 -1 -1 
1 1 1 1 1 -1 1 1 -1 1 1 1 1 -1 -1 -1 -1 1 1 1 1 1 -1 1 1 1 1 -1 1 -1 -1 -1 
1 -1 -1 -1 -1 -1 1 -1 1 -1 -1 1 1 1 1 -1 1 1 1 -1 1 1 1 -1 -1 -1 1 -1 1 -1 -1 1 
-1 -1 1 -1 -1 -1 -1 -1 1 1 1 -1 1 -1 -1 1 -1 -1 1 -1 -1 1 -1 1 1 1 -1 1 1 -1 1 -1 
-1 -1 -1 1 1 -1 -1 1 1 1 -1 -1 1 -1 -1 -1 1 1 -1 1 -1 -1 -1 1 -1 1 1 1 -1 1 -1 1 
-1 1 -1 1 -1 -1 -1 -1 -1 1 1 -1 -1 1 -1 1 -1 1 1 -1 1 -1 1 -1 1 1 1 1 -1 1 1 -1 
1 -1 1 -1 1 -1 1 -1 -1 -1 -1 -1 1 -1 1 -1 -1 -1 -1 -1 -1 -1 -1 1 -1 -1 1 1 1 1 1 1 
1 -1 -1 1 1 -1 -1 -1 1 -1 1 1 1 -1 1 1 -1 1 1 1 -1 -1 -1 1 -1 -1 1 1 1 -1 1 -1 
-1 -1 -1 1 -1 1 -1 1 -1 1 -1 1 1 1 -1 1 -1 1 1 -1 1 1 -1 -1 1 1 1 1 1 1 1 -1 
1 1 -1 1 -1 1 1 -1 -1 1 1 1 -1 -1 1 -1 -1 1 -1 -1 1 -1 -1 -1 1 -1 -1 -1 1 -1 -1 1 
-1 1 -1 1 1 -1 1 1 1 1 1 1 1 -1 -1 1 -1 -1 1 1 -1 1 1 1 1 -1 -1 -1 -1 1 -1 -1 
1 -1 1 -1 -1 -1 1 -1 1 -1 -1 1 1 1 -1 -1 -1 -1 1 -1 1 -1 -1 -1 1 1 -1 1 1 1 1 1 
1 -1 1 -1 -1 -1 -1 1 1 -1 1 -1 1 -1 -1 1 -1 -1 -1 -1 1 -1 1 -1 1 -1 -1 -1 -1 -1 -1 -1 
1 1 1 -1 1 -1 -1 -1 1 1 -1 1 -1 1 1 -1 1 1 -1 -1 1 -1 -1 1 -1 1 1 1 1 1 1 -1 
-1 1 1 -1 -1 -1 -1 -1 1 1 -1 1 -1 1 -1 1 -1 -1 1 1 1 1 1 -1 1 1 1 -1 1 1 -1 1 
-1 1 1 1 1 1 -1 1 1 -1 1 1 -1 1 1 1 -1 -1 1 -1 -1 1 -1 1 1 1 -1 -1 1 1 1 -1 
1 -1 1 -1 -1 1 -1 1 -1 -1 1 1 1 -1 1 1 1 1 1 -1 -1 -1 -1 1 1 -1 1 1 1 -1 1 1 
1 1 -1 -1 1 -1 1 -1 1 1 1 -1 -1 1 1 1 1 1 1 -1 -1 1 -1 1 -1 -1 1 1 -1 1 1 1 
-1 -1 1 1 -1 -1 -1 1 -1 1 1 1 1 1 -1 -1 1 1 1 1 -1 1 -1 1 1 1 1 -1 1 1 1 1 
1 -1 -1 -1 1 1 -1 -1 -1 1 1 -1 -1 -1 1 1 1 -1 1 -1 1 1 -1 1 1 1 -1 1 1 1 1 1 
1 -1 -1 1 -1 1 1 -1 -1 1 -1 -1 -1 1 -1 1 1 1 1 -1 -1 1 -1 1 -1 1 1 1 1 1 1 -1 
1 -1 1 -1 1 1 -1 1 1 1 -1 -1 1 -1 1 -1 1 -1 -1 1 -1 1 -1 -1 1 -1 1 1 1 1 -1 1 