64
26 52 54 69 5 12 91 25 85 17 34 31 6 2 7 21 94 59 61 50 17 65 33 48 55 78 4 6 76 75 96 43 17 50 77 72 47 1 9 79 52 7 65 47 13 3 6 4 23 95 59 82 71 100 86 13 75 1 51 40 28 29 93 11 
96 19 94 34 39 67 27 61 76 85 26 64 78 44 42 27 63 52 23 62 42 10 10 10 40 5 25 96 59 68 100 100 88 77 89 62 9 34 38 54 81 35 15 9 26 98 90 23 97 48 23 70 87 95 86 50 23 72 53 12 46 16 54 91 
15 30 53 79 96 96 55 4 28 72 79 39 58 33 74 45 51 78 80 90 56 18 34 80 75 16 32 27 43 72 12 52 29 90 78 20 34 1 82 10 93 59 9 55 58 1 8 70 12 62 100 57 92 47 26 93 22 48 31 19 54 18 7 81 
86 55 84 80 23 81 8 98 99 31 19 9 36 40 5 87 54 55 39 55 20 97 3 21 75 90 83 69 57 9 42 95 90 14 7 30 10 1 38 65 99 60 63 2 77 24 63 74 2 50 50 76 20 58 82 37 48 45 34 42 78 41 8 28 
51 69 93 58 56 79 1 3 42 70 87 29 58 22 35 83 63 36 23 92 30 22 72 24 64 87 92 96 35 51 23 97 44 19 34 21 52 99 35 48 77 17 95 8 2 100 99 6 45 27 49 48 34 11 10 7 45 12 27 91 21 77 24 92 
92 83 12 25 69 10 98 75 65 84 41 95 33 37 59 52 94 4 77 50 59 90 9 53 17 60 26 52 49 88 47 78 2 29 3 67 13 59 66 65 1 31 64 97 65 18 75 86 59 19 95 35 50 30 30 78 24 4 96 66 35 36 41 85 
86 99 55 96 30 29 47 23 2 28 36 95 71 65 4 29 66 17 39 25 43 58 84 28 10 56 7 68 49 99 11 21 52 93 41 45 72 9 7 68 41 81 77 72 45 27 63 90 50 69 54 44 87 59 76 3 68 63 23 56 35 63 86 68 
98 91 4 49 58 80 99 51 31 4 48 33 17 69 57 92 60 69 38 43 8 71 39 29 43 6 22 81 64 23 4 23 21 89 81 54 80 16 19 18 69 71 81 70 35 22 19 43 38 73 58 28 90 31 49 31 29 93 93 45 45 58 70 28 
19 40 57 57 37 72 89 49 99 5 25 55 56 48 86 32 23 6 96 5 95 73 94 97 10 58 62 25 10 54 52 44 1 67 34 74 47 95 12 100 6 50 38 69 9 98 25 18 10 93 8 45 7 51 2 89 81 21 73 91 86 60 5 70 
48 90 13 38 55 55 93 81 20 92 62 47 61 34 18 45 42 63 67 43 62 88 75 55 13 63 19 88 85 69 45 35 83 15 30 92 7 84 17 19 35 82 92 68 53 52 37 88 93 13 88 9 83 31 21 25 37 3 58 34 63 61 14 88 
32 37 27 22 81 7 65 43 1 91 67 54 74 96 97 25 49 86 41 47 93 2 91 90 54 76 66 97 83 64 12 16 37 53 38 66 92 65 1 94 73 40 54 91 43 92 97 100 27 91 82 38 100 98 58 78 21 54 64 8 93 13 15 97 
17 45 98 65 77 14 70 51 82 17 44 46 23 74 46 6 20 98 45 90 21 29 41 67 31 72 77 71 93 30 68 32 90 69 88 74 28 82 48 96 83 52 96 64 16 86 68 46 10 37 69 78 92 96 78 41 71 57 57 88 62 46 7 78 
8 22 3 76 20 47 3 25 59 33 60 29 37 68 72 68 79 2 88 2 49 70 70 9 92 51 65 59 17 60 41 68 49 47 18 93 4 2 18 58 33 54 31 95 16 4 85 6 31 3 10 66 5 22 100 8 78 69 74 43 94 17 11 60 
24 93 47 77 25 43 100 79 95 25 82 40 66 98 34 34 83 19 86 61 31 16 56 27 24 96 50 65 27 2 25 94 31 100 60 3 71 69 84 66 8 22 71 67 30 19 93 100 50 76 83 94 62 44 24 88 57 18 4 49 4 3 54 44 
48 1 39 25 60 5 18 10 58 45 88 12 23 3 57 64 70 97 90 16 1 17 7 67 14 82 48 59 17 33 94 68 39 43 96 87 49 65 11 100 36 79 42 50 13 49 30 80 45 73 11 85 17 86 86 79 45 46 50 51 29 70 74 50 
55 21 31 55 18 86 14 62 16 100 68 78 24 39 2 23 85 34 47 10 35 34 63 79 52 8 12 50 65 78 49 66 22 1 45 54 88 34 64 79 55 70 86 75 3 82 53 35 60 70 89 45 14 61 15 34 51 69 55 80 71 64 84 15 
77 4 21 31 67 81 14 93 61 37 71 6 12 86 38 96 77 79 66 26 29 30 14 40 18 51 72 41 38 80 86 80 42 68 27 64 36 60 54 89 89 74 17 27 26 77 56 77 43 88 25 90 12 75 92 64 70 15 17 25 13 74 99 45 
60 3 68 75 76 44 37 99 80 26 64 95 39 30 21 72 96 34 85 3 53 51 48 95 61 8 38 48 47 51 4 1 95 30 28 53 20 1 22 90 77 88 79 23 50 65 94 30 3 100 42 62 67 48 42 79 33 37 36 83 5 14 21 18 
72 92 72 95 27 84 73 29 11 85 47 94 92 18 78 54 100 53 91 18 69 54 49 20 43 50 60 29 4 98 12 76 25 7 67 94 70 97 18 34 73 48 27 13 19 1 20 39 65 16 29 74 86 74 96 28 8 10 53 22 99 17 14 12 
79 37 15 97 94 70 9 18 91 59 75 53 21 5 39 27 16 86 33 10 72 40 88 51 43 20 38 95 37 97 26 53 86 30 78 43 63 16 15 34 46 85 1 84 44 23 79 77 28 100 41 92 95 85 51 23 22 72 32 51 86 2 53 32 
47 87 45 21 28 6 96 94 85 95 89 72 22 61 6 85 80 29 40 31 75 22 28 11 97 6 28 39 67 29 1 93 92 26 15 47 5 97 41 19 43 72 67 99 20 63 3 6 57 53 15 69 70 15 36 6 32 14 76 55 70 90 68 91 
76 59 11 21 66 86 78 38 73 43 27 3 38 92 90 14 90 33 76 12 35 37 37 56 85 59 47 94 29 22 13 11 67 4 5 65 72 63 59 11 88 36 33 23 87 60 100 98 12 15 82 47 50 42 19 54 84 94 91 41 16 56 78 64 
97 43 63 32 62 74 30 75 62 20 34 39 78 65 92 91 89 2 15 65 93 63 91 79 48 26 23 71 13 74 40 77 62 83 32 83 2 89 42 1 63 28 97 53 74 94 59 32 26 66 14 70 46 39 63 69 4 35 3 95 96 44 89 69 
6 17 38 33 63 58 84 91 91 32 49 4 40 53 92 47 58 100 26 5 31 6 93 95 40 59 79 22 98 61 13 92 87 46 28 7 17 1 100 84 33 69 61 74 79 15 50 14 79 96 1 56 12 20 20 32 65 14 87 44 81 14 100 59 
9 28 91 12 87 74 100 46 62 17 80 46 87 2 20 62 11 71 96 8 90 96 48 47 78 8 43 65 5 93 65 50 48 10 18 54 53 2 28 67 24 38 37 77 46 13 6 52 87 51 99 40 78 73 42 1 76 37 80 7 87 64 68 58 
7 5 95 61 87 59 88 59 76 39 1 74 24 19 51 41 43 50 23 97 35 56 95 43 32 72 82 63 60 23 65 38 56 5 7 51 89 26 49 5 8 81 97 33 19 84 77 61 75 85 12 38 50 10 25 90 92 88 46 24 71 46 5 17 
92 77 5 9 3 72 55 27 14 66 5 9 47 39 42 76 97 76 33 89 87 83 54 95 76 54 92 29 50 26 31 76 9 23 51 42 81 75 39 22 95 2 72 10 66 42 98 81 30 98 73 32 23 63 79 62 38 78 53 55 28 27 8 56 
94 19 85 77 77 43 79 32 41 47 15 8 30 15 9 54 13 55 3 86 82 57 75 77 54 17 20 79 61 73 37 32 60 44 47 71 21 78 24 75 51 34 76 63 5 89 63 98 42 97 94 23 37 80 82 68 32 25 93 82 6 99 60 53 
32 3 75 45 39 77 73 52 37 60 16 62 97 80 80 19 20 56 2 67 53 52 19 92 81 38 45 99 98 32 46 2 26 34 81 49 62 89 1 19 54 43 68 23 75 78 70 77 68 40 51 36 72 99 94 61 52 48 36 16 24 90 92 95 
44 85 15 19 24 92 8 13 66 34 65 88 70 23 85 22 37 14 40 5 13 9 90 61 60 81 41 7 63 51 65 55 13 35 87 91 95 78 10 77 14 40 70 64 47 58 22 34 22 35 64 34 100 46 51 7 78 70 68 23 13 87 49 57 
89 32 20 9 64 53 53 100 28 64 27 35 70 30 46 70 30 90 20 57 5 16 38 33 73 27 6 61 69 23 57 52 70 52 27 70 92 89 64 58 7 2 15 20 30 63 11 19 96 27 41 66 49 41 37 13 41 99 83 44 89 40 100 18 
100 3 46 36 22 68 90 89 54 14 47 82 34 11 54 27 92 26 21 17 40 7 84 65 30 94 55 64 78 8 32 90 73 14 45 43 10 10 95 87 83 50 39 23 45 3 40 59 44 39 91 94 83 25 49 51 28 52 27 75 65 47 3 5 
37 100 75 29 63 4 94 18 15 26 52 42 13 8 4 29 80 28 43 30 77 30 66 77 40 14 77 60 33 6 45 64 32 57 29 66 64 21 23 56 36 38 30 77 26 92 90 17 53 28 48 43 90 75 69 10 20 63 50 49 28 46 13 90 
91 14 8 41 9 35 93 43 65 1 62 55 37 78 51 22 48 34 69 62 21 42 95 61 6 51 59 78 67 29 65 47 7 40 60 26 52 60 40 52 68 27 12 77 47 3 93 27 97 34 13 15 78 87 26 16 8 15 69 25 69 65 30 24 
8 12 15 41 72 8 91 68 62 47 49 3 84 69 73 61 11 81 15 65 49 25 70 42 46 85 54 78 76 87 1 65 3 34 91 38 79 53 90 74 93 72 9 93 22 25 37 19 9 70 72 58 96 37 93 65 31 63 37 44 73 52 28 33 
47 87 48 25 35 27 29 28 90 48 19 70 55 33 34 19 99 15 65 31 52 38 77 45 34 17 63 2 58 81 48 50 92 41 23 47 10 86 66 72 99 1 87 47 35 67 80 72 70 16 41 81 77 32 76 16 54 22 74 95 66 23 18 28 
73 9 12 44 79 55 11 58 64 13 97 4 27 67 25 65 86 46 84 19 91 70 33 43 98 100 34 22 73 56 5 51 85 53 5 100 39 1 1 28 60 97 55 91 39 50 7 86 45 50 17 94 68 86 31 50 37 41 71 39 93 73 87 7 
76 87 21 100 38 85 61 95 39 68 58 74 22 95 74 16 24 1 30 58 73 61 89 27 11 95 42 55 25 36 17 37 24 10 45 60 76 99 45 17 19 15 38 62 7 25 76 53 89 50 61 21 65 93 33 57 45 82 30 9 3 72 57 99 
57 51 39 83 32 25 81 74 68 18 73 15 74 35 19 58 63 68 99 72 14 9 84 48 6 23 17 5 54 71 68 3 44 40 85 81 73 42 85 73 6 34 93 17 86 48 72 49 19 6 25 72 98 97 10 40 69 90 41 72 20 49 11 92 
23 7 9 88 54 3 41 100 38 49 100 69 89 13 80 67 14 29 62 55 52 40 75 56 9 51 77 47 58 1 6 7 49 40 25 78 19 51 100 47 94 17 91 43 65 43 14 49 70 38 24 94 8 51 62 88 8 86 68 59 31 76 63 88 
72 83 58 18 78 29 77 68 10 39 12 13 25 79 31 52 77 91 30 69 11 1 47 86 31 7 90 91 99 37 39 22 75 67 1 44 75 6 21 65 41 85 88 43 21 3 11 13 89 36 78 3 41 22 70 50 21 64 60 89 12 51 61 69 
62 1 15 21 31 96 26 9 49 91 40 56 49 51 3 75 29 61 5 13 67 36 61 91 40 61 53 100 74 92 70 78 23 70 69 66 99 100 68 91 12 8 27 33 34 14 74 61 76 72 72 72 13 70 6 51 90 59 52 66 49 100 94 1 
4 26 61 78 29 49 23 85 1 12 96 53 77 3 85 85 16 13 23 69 74 87 13 70 50 33 7 9 11 60 9 13 6 15 76 55 49 13 1 23 77 63 73 39 43 42 100 28 60 71 76 79 44 1 73 30 96 11 30 99 68 56 51 9 
51 41 92 88 41 45 77 90 64 92 59 46 48 25 46 77 52 39 77 17 85 25 25 12 91 57 7 13 69 88 6 8 21 25 23 73 7 11 14 78 79 10 78 68 48 43 18 54 70 26 36 17 79 19 69 46 93 11 48 54 48 35 76 57 
21 51 74 7 55 63 22 52 27 2 4 22 73 15 25 100 81 85 59 13 10 40 30 14 58 78 6 66 15 79 5 31 56 80 19 61 55 17 18 29 30 52 98 73 69 38 72 63 97 33 49 83 34 82 78 83 84 81 75 1 53 98 39 15 
94 45 74 50 19 80 96 45 79 72 50 80 43 14 61 92 79 16 1 1 68 12 62 100 69 64 43 45 52 7 32 25 14 74 35 13 7 98 27 28 66 5 14 26 41 80 66 49 31 42 36 87 7 78 72 80 99 91 78 44 6 85 16 58 
97 48 51 97 6 66 25 48 34 30 48 40 33 87 68 92 41 79 94 100 38 1 88 83 65 78 53 84 10 85 92 45 13 50 42 70 67 7 35 43 90 8 9 24 1 7 29 57 57 88 61 43 10 30 66 60 65 35 98 78 56 88 32 28 
93 15 14 92 55 73 79 50 81 51 54 42 26 51 82 76 50 37 63 28 5 10 67 81 93 3 89 17 28 44 24 15 8 100 73 95 78 63 53 32 64 60 27 83 19 23 71 3 11 43 69 60 65 18 12 4 11 20 1 22 29 75 30 79 
62 99 37 82 68 55 69 71 79 71 87 79 45 69 71 17 36 86 85 49 74 64 77 35 79 9 82 25 79 53 97 46 75 39 9 43 81 62 2 3 54 92 10 16 79 4 53 85 69 72 68 54 62 82 100 61 11 73 69 75 38 97 86 80 
92 100 54 86 14 63 73 23 39 24 58 20 9 21 38 51 1 61 15 69 16 74 52 79 63 18 7 49 74 10 3 50 94 11 61 67 30 52 72 93 97 47 2 1 65 76 10 54 92 17 93 17 38 32 63 2 52 24 70 21 10 86 76 98 
96 79 64 10 93 36 25 38 92 40 54 60 36 75 29 48 42 19 10 22 18 64 98 74 97 79 77 30 71 16 46 38 34 18 98 47 49 82 78 76 1 96 83 62 35 14 91 48 39 41 27 24 29 65 80 53 24 97 23 21 1 63 97 89 
47 58 74 99 20 77 36 3 11 41 48 93 25 86 70 38 26 71 39 97 27 76 84 45 70 95 4 11 34 73 13 8 56 47 5 81 45 71 54 21 3 94 6 33 83 36 91 8 10 18 87 47 71 87 80 58 53 5 16 67 4 96 60 35 
16 84 73 67 9 95 73 38 34 65 32 5 36 28 5 38 15 48 78 57 78 40 18 53 38 64 40 52 64 98 62 89 13 16 35 67 61 23 67 2 67 53 26 61 62 89 1 57 74 89 29 2 5 76 59 86 77 61 43 11 93 41 14 79 
16 41 88 34 99 100 88 80 77 96 89 65 97 45 33 72 93 94 29 67 75 20 72 25 38 6 6 74 44 32 63 9 15 33 24 69 9 16 34 79 77 8 29 6 79 81 7 54 6 79 2 78 53 77 52 36 91 6 93 87 23 58 35 25 
91 59 94 57 79 11 54 13 92 81 13 4 52 71 17 57 11 88 73 88 31 97 86 60 2 33 60 5 65 71 36 6 11 43 77 48 54 1 51 35 74 56 22 74 5 8 72 47 51 90 83 10 42 3 19 43 11 60 28 49 72 70 71 66 
33 53 92 96 58 75 85 78 97 87 42 64 58 26 22 56 5 27 8 39 18 76 46 37 4 75 69 74 28 46 44 10 19 61 65 60 90 6 12 10 91 86 58 22 71 21 92 18 94 27 24 56 100 3 100 77 54 10 5 38 50 11 76 26 
41 49 74 80 21 90 48 35 58 28 23 10 56 22 46 91 16 10 80 46 38 37 98 68 91 11 52 31 60 27 38 11 88 1 58 49 38 73 61 77 89 58 75 30 20 91 86 9 11 3 13 46 9 8 36 75 67 55 37 46 78 69 5 92 
8 1 64 52 34 13 27 25 74 67 45 62 23 42 44 40 16 58 12 61 20 23 20 25 82 23 54 13 9 62 61 57 39 29 55 52 28 6 30 97 50 79 10 11 31 44 59 96 92 85 22 77 73 60 54 79 10 97 23 34 5 71 64 54 
81 24 37 57 18 96 79 45 37 4 74 69 72 100 87 97 62 18 21 45 96 3 11 3 67 58 87 66 82 20 36 95 10 60 18 52 93 5 83 66 18 35 64 62 27 99 93 35 64 98 41 31 57 71 84 88 78 26 7 18 23 67 18 90 
91 4 63 69 97 14 31 86 84 42 52 15 50 57 37 93 54 31 85 38 90 58 19 97 81 20 86 25 1 70 8 55 22 77 31 48 91 72 60 11 34 43 9 89 10 79 19 20 75 16 17 95 75 64 92 77 62 26 25 45 28 45 22 44 
82 93 67 13 14 24 31 1 44 8 46 71 4 27 13 13 20 55 87 44 12 13 45 52 96 87 45 40 49 28 66 53 10 21 91 42 67 12 48 9 74 27 55 74 100 49 47 33 5 62 32 27 6 13 92 98 67 2 84 8 7 4 21 91 
34 77 95 66 82 56 21 72 2 69 89 9 84 51 13 95 49 70 29 13 34 81 32 57 25 6 60 73 35 98 21 17 40 82 48 39 16 13 48 67 70 44 46 19 16 34 35 11 63 39 78 92 67 21 35 68 87 65 9 53 20 64 56 2 
60 78 18 59 81 38 83 16 96 98 2 100 91 42 62 81 65 68 7 33 73 91 42 53 50 94 38 32 9 89 19 2 10 96 3 38 66 74 35 97 49 32 78 39 1 64 88 5 90 48 71 38 68 27 99 32 74 96 93 43 61 71 29 10 
46 43 42 14 3 49 31 81 38 6 41 66 64 71 8 14 58 19 16 37 4 43 100 49 50 95 72 17 43 65 55 63 32 53 11 57 75 66 1 3 84 3 6 53 76 17 92 55 87 90 43 79 23 51 80 84 45 62 67 93 49 49 50 2 
-1 1 -1 1 1 -1 -1 1 1 1 -1 -1 -1 -1 1 1 1 -1 -1 -1 -1 1 1 1 1 -1 1 1 1 -1 -1 1 -1 -1 1 -1 1 1 -1 1 1 1 -1 -1 1 -1 1 1 -1 1 1 1 1 -1 1 1 1 1 1 1 -1 -1 -1 1 
1 1 -1 1 -1 1 -1 1 -1 -1 -1 1 1 1 -1 1 -1 1 -1 -1 -1 -1 1 1 1 1 1 -1 -1 1 1 1 1 -1 1 -1 1 1 1 -1 1 -1 -1 -1 -1 -1 -1 1 1 -1 -1 1 1 1 1 -1 1 1 1 -1 1 1 1 1 
-1 -1 -1 1 1 -1 1 -1 -1 1 1 -1 1 1 1 1 1 1 1 -1 1 1 1 -1 -1 -1 -1 1 1 1 1 1 1 1 1 1 1 1 1 1 -1 1 -1 -1 1 -1 -1 -1 -1 -1 1 -1 -1 -1 1 -1 1 1 -1 -1 1 1 1 -1 
1 1 1 -1 -1 1 -1 -1 1 1 -1 -1 1 1 1 1 -1 -1 -1 1 -1 -1 1 -1 -1 1 1 1 1 1 -1 1 -1 -1 1 -1 -1 -1 1 1 -1 1 1 -1 1 -1 1 -1 1 1 -1 -1 1 1 1 1 -1 1 -1 -1 -1 -1 1 -1 
1 -1 1 -1 -1 -1 -1 1 -1 1 1 -1 -1 1 1 -1 -1 -1 1 1 -1 1 1 1 1 -1 -1 1 1 1 -1 -1 1 1 1 1 1 1 1 -1 1 1 1 1 -1 -1 1 1 -1 -1 -1 1 -1 1 1 1 1 1 -1 1 -1 1 1 1 
-1 1 -1 1 -1 1 1 1 -1 1 1 1 1 -1 -1 -1 1 1 1 -1 -1 1 1 -1 1 1 -1 -1 -1 1 1 1 -1 -1 1 -1 -1 -1 1 1 1 1 1 1 -1 -1 -1 1 -1 -1 1 1 1 -1 1 -1 1 -1 -1 -1 1 1 -1 1 
-1 -1 1 -1 -1 1 -1 -1 1 1 -1 -1 -1 -1 1 1 1 -1 -1 -1 -1 -1 -1 1 1 1 1 -1 -1 -1 -1 1 1 -1 1 -1 -1 -1 -1 1 -1 1 -1 1 1 1 1 1 1 1 -1 1 -1 1 -1 1 1 1 1 -1 -1 1 1 -1 
1 1 -1 -1 1 1 -1 1 -1 1 1 1 1 1 1 -1 1 1 1 -1 1 1 1 1 -1 1 1 -1 -1 -1 1 1 1 1 1 -1 1 1 -1 -1 1 1 -1 -1 -1 -1 -1 1 -1 -1 -1 1 -1 -1 -1 -1 -1 1 -1 1 -1 1 1 -1 
1 -1 -1 1 -1 -1 1 -1 -1 -1 -1 -1 1 -1 1 -1 1 -1 1 -1 -1 -1 -1 1 1 -1 1 -1 -1 -1 1 1 1 -1 -1 1 -1 -1 -1 1 1 1 -1 1 -1 1 -1 -1 1 1 1 -1 1 -1 1 1 -1 1 1 -1 -1 -1 -1 -1 
1 -1 1 1 1 1 1 1 -1 1 -1 1 1 1 1 1 -1 -1 1 1 -1 -1 1 -1 1 -1 -1 1 1 1 1 -1 1 1 1 1 -1 -1 -1 1 -1 1 1 -1 1 -1 1 1 -1 1 1 1 -1 -1 1 1 -1 1 -1 -1 -1 -1 1 1 
-1 -1 1 -1 1 1 -1 1 -1 -1 1 1 1 1 1 1 -1 1 1 1 -1 -1 -1 -1 -1 -1 -1 1 -1 -1 -1 1 -1 1 1 1 1 1 1 1 -1 -1 -1 1 1 -1 -1 1 1 1 1 -1 1 -1 1 1 -1 1 1 -1 1 -1 -1 1 
-1 1 -1 -1 -1 1 -1 1 -1 1 1 -1 1 1 -1 -1 -1 -1 -1 -1 1 -1 -1 1 -1 -1 1 1 1 1 1 1 1 1 1 -1 -1 -1 1 -1 -1 1 -1 1 -1 1 -1 1 -1 -1 -1 -1 -1 1 1 1 -1 1 -1 -1 -1 1 -1 -1 
-1 1 1 1 -1 1 -1 1 1 1 1 1 -1 1 1 -1 1 -1 1 1 -1 1 1 1 1 1 1 1 -1 -1 -1 1 1 1 1 1 -1 1 -1 1 -1 -1 1 -1 -1 -1 1 -1 1 -1 -1 -1 1 1 1 -1 -1 1 -1 -1 -1 -1 -1 -1 
-1 1 1 1 1 -1 -1 1 -1 1 1 1 1 -1 1 1 1 1 -1 -1 -1 1 1 -1 -1 1 1 -1 -1 1 -1 -1 1 -1 -1 1 1 1 1 -1 -1 1 -1 -1 -1 1 1 -1 -1 1 1 -1 1 1 -1 1 1 -1 -1 1 1 1 -1 -1 
1 -1 1 1 1 -1 1 1 1 1 1 -1 1 1 1 1 1 -1 -1 1 -1 1 1 -1 -1 -1 -1 -1 -1 1 1 1 -1 -1 -1 -1 1 1 1 1 -1 1 1 1 -1 -1 -1 1 1 -1 -1 -1 -1 1 1 1 -1 1 -1 1 1 1 1 -1 
1 1 1 1 -1 -1 1 -1 -1 1 1 -1 -1 1 1 1 1 -1 -1 -1 -1 -1 1 1 1 1 -1 -1 -1 1 1 -1 -1 1 1 -1 1 1 -1 1 1 1 1 1 1 1 1 1 1 -1 1 -1 1 -1 -1 1 -1 -1 -1 1 1 1 -1 -1 
1 -1 1 -1 -1 1 1 1 1 -1 -1 -1 1 1 1 1 1 1 1 -1 1 1 -1 -1 -1 1 1 1 -1 -1 -1 1 1 -1 1 -1 -1 1 -1 1 -1 -1 1 1 1 -1 -1 -1 -1 -1 1 1 -1 1 -1 1 1 1 1 -1 -1 -1 -1 -1 
-1 1 1 -1 -1 1 -1 1 -1 -1 1 -1 -1 1 -1 -1 1 1 -1 -1 -1 -1 -1 -1 -1 1 1 -1 -1 -1 -1 1 1 -1 -1 -1 -1 -1 1 -1 1 -1 1 -1 1 -1 -1 1 1 1 1 -1 1 1 1 1 -1 -1 1 1 1 -1 1 1 
-1 -1 1 -1 1 1 -1 1 1 1 1 -1 1 -1 -1 -1 1 -1 -1 1 -1 -1 -1 1 -1 -1 -1 1 -1 1 -1 -1 -1 -1 1 -1 1 1 -1 1 -1 -1 -1 1 -1 -1 1 1 -1 -1 1 -1 -1 1 1 -1 1 1 -1 -1 1 1 1 1 
-1 -1 -1 1 1 -1 -1 -1 -1 1 1 -1 1 -1 1 -1 -1 -1 1 1 1 1 1 -1 -1 -1 1 1 -1 -1 -1 1 -1 1 1 1 1 1 -1 -1 -1 -1 -1 1 -1 -1 1 1 1 1 1 -1 -1 -1 1 -1 -1 1 -1 1 1 -1 -1 1 
-1 -1 1 -1 -1 -1 -1 1 -1 -1 -1 1 -1 -1 -1 -1 1 -1 -1 1 1 1 1 -1 -1 1 -1 1 1 -1 -1 1 1 1 1 1 -1 1 -1 1 -1 1 -1 -1 -1 -1 -1 1 1 1 -1 -1 1 -1 -1 1 1 -1 1 -1 -1 1 1 -1 
1 -1 1 -1 1 1 -1 1 -1 -1 -1 -1 1 1 1 -1 1 -1 -1 1 1 1 1 -1 1 1 -1 1 -1 -1 -1 -1 1 1 -1 -1 1 -1 -1 1 1 1 -1 1 1 -1 1 -1 -1 -1 -1 1 -1 -1 -1 -1 1 1 1 1 -1 -1 1 1 
1 1 1 1 1 1 -1 1 -1 1 -1 -1 1 1 1 1 -1 -1 -1 1 1 1 -1 1 1 -1 1 1 -1 1 -1 1 1 -1 1 1 -1 -1 -1 1 -1 1 -1 1 -1 1 -1 1 1 1 1 1 1 -1 -1 1 -1 1 1 -1 1 1 -1 -1 
1 1 -1 -1 1 -1 1 1 1 -1 -1 1 1 -1 -1 1 -1 -1 1 -1 -1 -1 1 1 -1 -1 -1 -1 1 1 1 -1 1 -1 -1 -1 -1 -1 -1 1 -1 1 1 -1 -1 -1 -1 1 -1 1 1 -1 -1 1 1 1 -1 -1 -1 -1 1 1 -1 -1 
1 1 -1 -1 1 1 1 -1 1 1 -1 -1 1 -1 -1 1 -1 -1 -1 -1 -1 1 1 -1 1 -1 1 1 1 -1 1 1 -1 -1 1 1 1 1 -1 -1 -1 1 -1 1 -1 1 -1 1 1 1 -1 -1 1 -1 1 1 1 1 1 -1 1 1 1 1 
-1 1 -1 1 -1 1 1 1 -1 -1 -1 -1 1 1 -1 1 1 1 -1 -1 1 1 -1 -1 -1 -1 1 -1 1 1 -1 -1 -1 1 -1 1 1 1 -1 1 -1 -1 -1 1 1 -1 -1 1 1 1 1 -1 1 -1 -1 1 1 1 -1 1 1 -1 1 1 
1 1 -1 1 -1 -1 1 1 1 -1 -1 1 1 1 -1 -1 1 1 -1 1 -1 -1 1 -1 1 1 1 -1 -1 -1 -1 1 -1 1 1 1 -1 1 1 -1 1 1 -1 1 1 1 1 1 -1 -1 1 -1 1 -1 -1 1 -1 1 -1 -1 1 -1 -1 1 
1 -1 1 1 1 -1 -1 -1 -1 1 1 1 1 -1 -1 -1 1 -1 1 1 1 1 1 -1 1 -1 -1 -1 1 1 -1 -1 -1 1 -1 1 1 1 -1 1 1 -1 1 1 -1 1 1 1 -1 -1 1 -1 1 -1 1 -1 -1 1 1 -1 -1 1 -1 -1 
1 -1 1 1 1 -1 -1 -1 -1 1 -1 1 -1 -1 -1 -1 -1 -1 -1 -1 1 -1 -1 1 1 1 -1 1 1 1 1 -1 -1 1 -1 -1 -1 1 -1 1 1 -1 -1 1 1 1 1 -1 1 1 1 1 -1 -1 -1 -1 1 -1 1 1 1 -1 1 1 
-1 1 1 1 1 1 -1 -1 -1 1 -1 1 -1 1 1 1 -1 -1 1 -1 -1 -1 1 1 -1 1 -1 1 1 1 -1 -1 1 1 -1 -1 -1 -1 1 1 -1 1 1 1 -1 1 1 1 1 1 1 1 -1 1 1 -1 1 1 -1 1 -1 1 1 1 
-1 1 1 -1 -1 1 -1 1 1 1 -1 1 -1 -1 1 1 -1 -1 -1 -1 -1 -1 -1 1 1 -1 -1 -1 1 -1 1 -1 -1 -1 1 1 -1 1 -1 1 -1 -1 1 1 1 -1 1 -1 1 1 -1 -1 -1 -1 -1 1 1 -1 1 -1 1 1 -1 -1 
1 1 1 1 -1 1 1 1 1 -1 1 1 1 -1 1 -1 1 1 -1 1 1 -1 1 -1 1 -1 1 -1 -1 -1 -1 1 -1 1 1 -1 1 -1 -1 -1 -1 -1 1 1 -1 1 1 1 1 -1 -1 1 1 -1 -1 -1 -1 1 1 1 -1 -1 -1 1 
-1 1 1 -1 1 -1 1 1 1 1 -1 1 1 1 -1 -1 1 1 -1 -1 1 1 1 1 -1 -1 -1 -1 -1 1 -1 -1 -1 1 1 1 -1 1 1 1 -1 -1 -1 1 1 -1 1 -1 -1 1 1 -1 1 -1 1 -1 1 -1 1 1 1 -1 -1 1 
-1 -1 1 -1 1 -1 -1 1 -1 1 1 1 1 -1 -1 1 -1 -1 -1 1 1 1 -1 -1 -1 1 1 1 1 1 -1 1 1 1 1 1 -1 1 -1 1 1 1 1 -1 1 -1 -1 1 1 -1 -1 -1 -1 -1 -1 1 1 1 -1 1 -1 1 1 1 
1 1 1 1 1 1 1 1 -1 1 1 1 1 -1 -1 1 1 -1 1 1 1 -1 1 -1 1 -1 1 -1 -1 -1 1 1 1 1 1 -1 1 1 -1 1 -1 1 1 1 -1 -1 1 1 1 1 -1 1 -1 1 1 1 1 -1 1 -1 -1 -1 1 1 
-1 -1 1 -1 1 -1 -1 -1 1 1 1 -1 1 1 -1 -1 -1 -1 -1 1 1 -1 1 -1 1 1 1 1 -1 -1 1 -1 1 1 -1 -1 -1 -1 1 -1 1 1 1 1 -1 -1 -1 1 -1 1 1 -1 1 1 1 -1 -1 1 1 -1 -1 -1 -1 1 
1 1 1 -1 1 -1 -1 1 -1 -1 1 -1 -1 1 1 1 -1 -1 1 1 -1 1 -1 -1 1 1 -1 1 -1 -1 -1 1 -1 -1 1 -1 -1 -1 1 -1 1 1 -1 -1 1 1 1 -1 1 1 1 1 1 -1 -1 1 -1 1 -1 1 -1 1 1 -1 
1 1 1 -1 1 -1 -1 1 -1 -1 1 -1 1 1 1 1 1 -1 1 1 1 -1 -1 -1 1 1 1 1 1 -1 1 -1 1 1 1 -1 -1 -1 1 -1 -1 -1 -1 1 -1 -1 -1 -1 -1 -1 1 1 1 1 1 1 -1 1 -1 1 -1 -1 1 -1 
-1 1 1 1 1 1 -1 -1 -1 -1 1 1 -1 1 1 -1 -1 1 -1 -1 -1 -1 -1 -1 -1 -1 1 -1 -1 1 -1 -1 1 -1 -1 1 1 1 1 1 -1 -1 -1 1 -1 -1 1 1 -1 -1 1 -1 -1 1 1 -1 1 -1 1 -1 -1 -1 -1 -1 
1 -1 1 1 -1 1 1 -1 1 1 1 -1 1 -1 1 1 1 -1 1 -1 1 1 1 1 -1 1 -1 1 1 1 1 -1 1 1 1 -1 -1 -1 1 1 -1 -1 -1 -1 -1 -1 -1 -1 1 -1 -1 1 1 1 -1 1 -1 1 -1 -1 -1 -1 1 -1 
1 1 -1 -1 1 1 -1 1 1 -1 -1 -1 -1 -1 -1 1 -1 1 -1 -1 -1 1 -1 -1 -1 -1 1 1 1 -1 -1 -1 -1 1 -1 1 1 -1 -1 -1 1 1 1 -1 -1 1 -1 -1 -1 -1 1 1 1 -1 1 -1 -1 1 -1 1 1 1 1 1 
1 -1 1 1 1 1 1 1 1 1 -1 1 -1 1 1 1 -1 -1 -1 -1 1 1 1 1 1 -1 1 -1 -1 1 -1 -1 -1 1 1 1 1 -1 -1 -1 1 1 1 -1 -1 -1 -1 -1 -1 1 1 1 -1 1 1 1 -1 1 -1 -1 -1 -1 -1 1 
-1 -1 -1 1 1 1 -1 -1 -1 1 -1 -1 1 -1 1 1 1 1 -1 -1 -1 -1 -1 1 -1 -1 -1 1 -1 1 1 1 -1 1 1 1 -1 -1 -1 -1 1 1 -1 -1 1 -1 1 1 -1 -1 1 1 -1 -1 1 -1 1 1 1 -1 1 1 -1 -1 
-1 -1 -1 -1 1 1 1 -1 1 -1 1 1 -1 -1 1 1 1 -1 1 1 -1 1 1 -1 1 1 1 1 1 1 1 1 1 -1 1 1 -1 1 1 -1 -1 -1 -1 -1 1 -1 1 -1 1 -1 -1 1 -1 -1 -1 -1 -1 1 1 1 1 1 1 1 
1 -1 1 1 -1 -1 1 -1 -1 1 1 -1 -1 -1 -1 1 1 1 -1 -1 -1 1 -1 -1 -1 1 1 -1 1 -1 1 -1 1 1 -1 -1 1 -1 -1 -1 -1 -1 1 1 1 -1 -1 -1 1 1 -1 1 1 1 -1 -1 -1 -1 1 -1 1 -1 -1 -1 
-1 -1 -1 -1 -1 -1 1 -1 1 -1 -1 1 -1 1 -1 1 -1 -1 -1 -1 -1 -1 1 -1 1 -1 1 1 1 1 -1 1 -1 -1 -1 -1 1 -1 -1 -1 1 -1 -1 -1 -1 -1 1 1 1 1 1 -1 1 -1 -1 1 1 1 1 -1 -1 -1 -1 1 
1 -1 -1 1 1 -1 1 -1 -1 1 -1 -1 1 1 -1 1 -1 -1 1 1 -1 1 -1 -1 -1 -1 1 1 1 1 1 1 1 -1 1 -1 1 -1 1 -1 -1 -1 1 1 -1 1 1 -1 -1 -1 1 -1 -1 1 1 1 -1 -1 -1 -1 1 -1 1 1 
1 1 -1 -1 1 1 1 1 -1 1 1 1 -1 -1 1 1 -1 1 1 1 1 -1 1 1 1 1 1 1 -1 1 -1 1 -1 1 1 1 -1 -1 1 -1 -1 -1 1 -1 -1 1 -1 1 -1 1 -1 -1 -1 1 -1 1 -1 -1 1 1 -1 -1 -1 1 
-1 1 -1 1 -1 -1 1 -1 1 -1 1 -1 1 -1 1 1 -1 1 -1 1 1 -1 1 -1 1 1 -1 -1 1 1 1 1 -1 1 1 -1 1 -1 -1 1 -1 -1 -1 1 1 1 -1 -1 1 1 1 -1 1 1 -1 1 1 1 -1 -1 1 1 1 -1 
1 -1 -1 1 -1 -1 1 -1 1 1 1 -1 -1 1 -1 -1 -1 1 -1 1 1 -1 1 1 1 1 -1 -1 1 1 1 -1 1 -1 1 1 1 -1 -1 -1 -1 1 -1 -1 1 1 -1 1 1 1 -1 -1 1 1 1 -1 1 1 -1 1 1 -1 -1 -1 
1 -1 1 -1 -1 1 -1 -1 1 1 1 -1 -1 1 -1 1 1 1 1 1 -1 -1 1 1 -1 1 1 1 1 1 -1 -1 1 -1 -1 1 1 1 1 -1 1 1 1 -1 -1 1 1 -1 1 -1 -1 -1 1 1 1 -1 -1 -1 -1 1 1 1 1 1 
1 1 -1 -1 1 1 1 1 -1 1 -1 -1 -1 -1 -1 -1 1 -1 -1 -1 -1 1 1 -1 -1 -1 -1 -1 1 1 -1 1 -1 -1 1 -1 1 1 -1 1 1 1 1 1 1 -1 -1 -1 -1 -1 -1 -1 1 -1 1 -1 -1 1 1 -1 -1 1 1 1 
1 1 -1 1 -1 1 -1 -1 1 -1 1 -1 1 1 -1 1 -1 1 -1 -1 1 -1 1 -1 1 1 1 1 -1 -1 -1 1 1 -1 -1 1 1 1 -1 1 1 -1 -1 -1 1 1 -1 -1 1 1 1 1 1 -1 -1 1 -1 1 -1 -1 1 -1 1 1 
-1 1 -1 1 1 -1 1 -1 -1 -1 -1 1 1 1 1 -1 1 1 1 -1 -1 -1 -1 1 -1 -1 -1 -1 -1 1 -1 -1 -1 -1 1 1 -1 1 1 1 -1 1 -1 -1 1 -1 1 1 1 1 1 -1 -1 -1 -1 1 -1 -1 1 -1 -1 1 -1 1 
1 1 1 1 1 1 -1 -1 1 1 1 1 1 -1 1 -1 -1 1 1 1 -1 -1 -1 1 1 -1 -1 1 -1 1 -1 -1 1 -1 1 1 -1 1 1 -1 1 1 1 -1 -1 -1 1 -1 -1 1 1 1 -1 -1 1 -1 -1 1 1 1 1 -1 -1 -1 
1 -1 -1 1 1 -1 1 -1 1 1 1 1 -1 1 1 1 1 1 -1 -1 1 -1 1 1 1 1 1 -1 -1 -1 1 -1 -1 1 1 -1 1 1 -1 1 -1 1 -1 -1 -1 1 1 1 1 -1 -1 -1 1 1 -1 1 -1 -1 -1 1 1 -1 -1 -1 
1 1 1 -1 1 1 1 -1 -1 -1 -1 -1 -1 1 -1 -1 1 -1 1 -1 1 1 -1 -1 1 1 -1 -1 1 1 1 -1 1 1 1 -1 -1 -1 1 -1 -1 -1 1 -1 -1 1 -1 -1 1 1 -1 -1 -1 -1 -1 -1 1 -1 1 1 -1 -1 -1 1 
1 1 1 1 1 -1 1 1 1 1 1 1 1 -1 1 -1 1 -1 1 1 -1 1 1 -1 1 1 1 1 -1 1 -1 1 -1 1 -1 1 1 1 -1 1 1 1 1 1 -1 1 -1 -1 1 1 -1 1 1 -1 1 -1 -1 1 1 1 -1 1 1 1 
1 1 -1 -1 -1 -1 1 -1 1 -1 1 -1 -1 -1 -1 -1 1 1 -1 -1 1 1 1 -1 1 -1 -1 1 1 -1 1 1 1 -1 1 1 -1 -1 1 -1 -1 -1 1 1 1 1 -1 1 -1 -1 -1 1 -1 1 1 -1 1 1 -1 -1 -1 -1 -1 1 
1 -1 -1 -1 1 -1 -1 1 -1 -1 -1 -1 -1 1 1 1 -1 1 -1 1 -1 1 -1 -1 -1 1 -1 -1 1 1 -1 1 1 1 -1 -1 1 1 -1 -1 1 -1 -1 1 -1 -1 -1 1 -1 1 1 -1 -1 -1 1 1 1 1 -1 1 -1 1 -1 1 
-1 1 1 -1 -1 1 -1 -1 -1 -1 1 -1 -1 1 1 1 -1 1 1 1 -1 -1 1 1 1 1 1 -1 1 -1 1 -1 1 -1 -1 -1 -1 -1 -1 -1 1 -1 1 1 1 -1 1 -1 1 1 1 -1 1 -1 1 1 -1 -1 -1 -1 -1 1 -1 -1 
-1 1 1 -1 1 1 1 1 -1 -1 -1 1 -1 1 1 1 -1 -1 1 -1 1 -1 1 1 1 -1 -1 1 -1 1 1 -1 -1 1 -1 -1 1 -1 -1 -1 1 -1 1 1 -1 -1 -1 -1 1 -1 1 1 -1 1 -1 -1 -1 1 -1 1 1 1 -1 -1 
-1 1 1 1 1 -1 1 1 -1 1 -1 -1 -1 -1 1 -1 -1 1 1 -1 1 1 -1 -1 1 1 -1 -1 1 1 -1 -1 -1 1 1 -1 1 1 -1 1 1 -1 -1 1 -1 -1 1 -1 1 -1 1 1 1 -1 -1 -1 -1 1 -1 -1 -1 -1 1 1 
1 1 -1 -1 1 1 -1 -1 -1 1 1 -1 -1 -1 -1 -1 -1 1 1 1 -1 1 -1 -1 1 1 1 -1 1 1 -1 1 1 1 1 1 -1 -1 -1 -1 1 1 -1 1 -1 1 1 1 -1 -1 1 1 1 1 -1 -1 1 1 1 1 -1 -1 1 -1 