32
83 13 35 86 90 33 13 84 38 38 84 70 15 48 5 44 88 67 93 67 5 21 28 68 46 4 3 10 9 27 62 6 
41 84 16 83 36 22 32 84 96 68 46 22 13 7 42 72 78 96 15 88 23 65 84 20 4 63 41 49 78 98 35 29 
59 57 26 5 14 40 86 27 22 13 20 70 95 74 94 19 64 97 84 29 38 71 23 67 92 31 93 43 49 49 28 64 
19 99 52 6 37 13 29 77 2 23 67 84 76 83 31 86 55 13 32 13 60 91 15 4 60 50 78 89 27 99 4 3 
17 21 32 51 38 83 70 83 8 42 90 16 11 27 21 12 26 67 46 41 61 43 37 59 1 74 7 4 34 38 51 5 
39 87 45 3 68 49 15 10 51 68 75 52 37 68 48 26 94 24 57 31 66 41 73 27 86 37 97 18 4 52 5 46 
9 82 72 79 13 95 22 81 85 30 84 52 47 23 39 34 41 91 50 56 95 69 19 96 69 79 50 75 83 37 67 55 
50 62 61 87 37 81 54 23 30 25 58 67 23 75 100 64 83 33 84 86 90 53 66 69 12 94 38 99 51 1 33 32 
47 93 68 18 86 62 43 8 36 85 43 41 39 88 70 70 46 89 95 55 99 33 36 81 41 41 59 100 55 58 74 28 
29 97 63 11 64 72 34 5 90 50 51 48 67 85 47 15 5 46 10 21 75 33 26 54 20 52 83 68 78 42 19 11 
70 81 31 96 87 22 44 67 27 32 74 25 96 84 5 5 57 14 99 17 3 33 86 90 85 40 12 26 100 79 27 80 
90 60 65 40 40 100 88 54 73 92 96 8 34 77 50 11 51 82 24 48 98 7 8 14 50 59 81 30 68 17 32 11 
97 46 6 1 78 9 36 48 46 96 30 4 86 94 72 41 41 32 14 48 19 1 44 79 36 60 18 92 52 31 98 57 
36 2 75 45 10 42 32 65 44 60 56 19 29 66 35 89 89 17 39 50 13 53 82 22 97 21 50 9 96 66 89 91 
52 65 81 29 91 61 99 88 74 38 52 59 5 30 24 87 72 53 9 8 41 21 54 6 63 94 24 70 85 24 88 71 
39 83 27 62 87 55 83 2 23 8 21 37 76 82 2 93 24 1 78 91 69 18 46 41 3 81 10 90 21 91 34 47 
32 35 99 44 49 11 33 93 27 98 16 8 66 52 2 8 58 86 57 86 9 96 67 57 44 2 60 13 11 7 64 89 
3 58 99 7 80 48 67 63 40 47 66 73 64 99 2 42 55 69 50 4 13 84 25 52 12 55 87 34 68 48 6 52 
95 78 63 21 53 51 47 12 23 37 72 52 16 33 28 25 65 73 68 14 51 55 85 80 95 5 34 96 83 77 39 76 
52 68 78 1 33 43 88 8 30 66 71 37 52 72 48 100 35 68 55 32 40 76 29 62 66 70 92 77 23 100 45 29 
100 80 65 98 40 39 81 16 45 30 27 41 59 50 59 69 48 3 83 25 71 26 67 3 96 14 46 45 57 86 64 1 
19 67 91 35 55 63 19 84 20 28 68 49 12 5 52 50 89 77 17 83 59 88 30 72 83 91 66 27 72 90 70 1 
50 67 48 61 47 50 24 95 31 36 5 31 41 70 97 90 78 78 35 62 89 74 8 62 82 86 55 78 81 68 3 82 
30 90 45 68 11 69 93 52 32 7 39 54 17 61 83 20 92 86 49 32 20 85 91 48 88 24 20 29 90 33 1 2 
95 34 79 73 41 8 95 79 31 80 92 38 56 2 96 4 76 25 63 51 37 73 19 20 89 8 44 59 55 23 63 48 
87 48 19 85 52 36 62 86 14 64 83 100 13 29 64 18 92 6 3 37 36 45 42 40 34 13 73 27 58 32 79 37 
37 66 80 69 100 21 7 40 97 13 79 69 69 78 45 26 11 77 47 24 14 67 45 49 86 11 20 23 98 98 77 34 
92 12 67 73 45 4 39 69 9 93 89 27 58 11 84 58 7 13 89 1 46 39 4 36 45 99 96 66 71 39 91 44 
30 24 23 50 81 43 96 43 19 76 7 46 3 68 56 52 22 86 70 66 89 95 30 82 25 45 18 6 36 42 60 75 
1 50 95 27 78 88 66 98 7 72 65 71 97 4 61 77 56 63 10 72 76 85 11 8 41 60 34 57 13 60 1 53 
98 92 78 34 98 60 9 18 57 97 15 53 54 35 34 65 89 65 13 87 66 32 19 20 55 60 94 59 85 58 28 61 
82 85 73 24 82 66 13 5 52 13 58 31 15 18 7 37 19 35 40 2 92 96 59 83 38 97 42 95 61 88 93 2 
-1 -1 1 -1 -1 1 -1 1 -1 1 1 1 1 -1 -1 -1 -1 1 1 1 -1 -1 -1 -1 1 1 -1 1 1 1 -1 1 
-1 1 1 -1 1 1 1 -1 1 -1 -1 1 -1 1 1 1 1 -1 -1 1 1 1 1 1 -1 -1 1 1 1 -1 -1 -1 
1 1 1 -1 1 -1 -1 1 1 -1 1 1 1 1 1 -1 -1 -1 1 1 1 1 1 -1 -1 1 -1 -1 1 1 -1 1 
-1 -1 -1 1 -1 -1 -1 -1 1 -1 1 -1 1 -1 -1 1 1 -1 -1 1 1 1 -1 -1 -1 -1 1 -1 1 1 1 1 
-1 1 1 -1 -1 -1 -1 1 1 1 -1 -1 -1 -1 1 1 -1 1 1 -1 1 -1 1 1 -1 1 1 -1 -1 1 -1 1 
1 1 -1 -1 -1 -1 -1 -1 -1 1 1 1 -1 1 1 1 -1 -1 1 1 -1 1 -1 1 -1 1 1 1 -1 1 1 1 
-1 1 -1 -1 -1 -1 -1 1 1 -1 1 -1 1 1 1 1 -1 1 1 1 -1 -1 -1 -1 -1 1 -1 1 1 -1 -1 1 
1 -1 1 -1 1 -1 1 -1 -1 1 -1 1 -1 1 1 1 1 -1 1 1 1 1 -1 1 -1 1 1 1 1 1 1 -1 
-1 1 1 1 1 -1 1 -1 -1 -1 1 -1 1 -1 1 1 -1 1 -1 -1 -1 -1 1 1 -1 -1 1 -1 1 1 1 -1 
1 -1 -1 -1 1 1 -1 1 -1 -1 1 1 1 -1 -1 -1 1 -1 1 -1 1 1 1 -1 1 1 -1 1 1 1 -1 -1 
1 -1 1 1 -1 1 1 -1 1 1 -1 -1 -1 -1 -1 -1 1 1 -1 -1 1 -1 -1 1 1 -1 -1 1 -1 1 1 1 
1 1 1 -1 -1 1 -1 1 -1 1 -1 -1 -1 1 -1 1 -1 -1 -1 -1 1 -1 1 -1 -1 1 -1 1 1 1 1 -1 
1 -1 1 1 -1 -1 1 -1 1 1 -1 -1 -1 1 1 1 -1 1 -1 1 -1 -1 1 1 -1 -1 -1 -1 1 1 -1 -1 
-1 1 1 -1 -1 1 1 1 -1 -1 -1 1 1 1 -1 1 -1 -1 1 -1 -1 -1 -1 1 -1 1 -1 1 -1 -1 -1 -1 
-1 1 1 -1 1 1 1 1 1 -1 -1 -1 1 -1 -1 -1 -1 -1 1 -1 -1 -1 -1 1 1 1 1 -1 -1 1 -1 -1 
-1 1 -1 1 1 1 1 1 1 -1 -1 1 1 1 -1 1 -1 -1 1 1 1 -1 1 -1 1 -1 1 1 1 -1 1 -1 
-1 1 -1 1 -1 -1 -1 1 -1 1 1 -1 -1 -1 -1 -1 -1 1 1 -1 -1 -1 1 -1 1 1 1 1 -1 1 1 -1 
1 -1 -1 -1 1 -1 1 -1 1 -1 1 -1 1 -1 -1 -1 1 1 1 1 -1 -1 1 1 1 1 -1 1 -1 1 -1 1 
1 -1 1 -1 1 1 1 1 -1 1 -1 -1 -1 1 1 1 1 1 -1 1 -1 -1 1 -1 1 -1 1 1 -1 -1 1 1 
1 1 1 1 -1 1 1 1 -1 -1 -1 -1 1 -1 -1 1 -1 1 1 1 1 1 1 -1 1 1 -1 -1 -1 -1 -1 -1 
-1 1 1 1 1 -1 -1 1 -1 1 1 1 -1 -1 -1 1 -1 -1 -1 1 1 -1 -1 1 -1 1 1 1 1 1 1 1 
-1 1 1 1 -1 1 -1 1 -1 1 -1 -1 -1 -1 -1 -1 -1 -1 -1 1 -1 -1 -1 1 -1 1 -1 1 1 -1 1 1 
-1 1 1 -1 1 -1 -1 -1 1 1 -1 1 1 -1 -1 1 1 1 1 1 -1 -1 -1 1 1 -1 1 -1 -1 -1 1 1 
-1 1 -1 -1 1 1 -1 1 1 -1 1 -1 1 1 1 -1 -1 1 -1 -1 1 1 1 -1 1 1 1 -1 1 1 1 1 
1 -1 -1 -1 -1 -1 -1 -1 -1 1 1 -1 -1 -1 1 1 1 1 1 1 -1 -1 1 1 -1 1 -1 1 1 -1 1 -1 
1 -1 1 -1 1 1 1 1 -1 1 -1 1 -1 1 1 -1 1 1 -1 1 1 1 -1 1 1 1 -1 -1 1 -1 1 -1 
-1 1 -1 1 1 1 -1 1 1 -1 -1 -1 -1 -1 1 1 1 -1 1 -1 1 -1 1 1 -1 -1 -1 -1 -1 1 1 1 
1 1 -1 -1 -1 1 1 1 -1 1 1 1 -1 1 -1 1 1 1 1 -1 1 1 -1 -1 1 -1 -1 -1 1 1 1 1 
1 1 1 1 -1 -1 1 1 1 1 -1 1 1 -1 -1 1 -1 -1 -1 -1 1 1 -1 1 1 1 -1 1 -1 1 1 -1 
1 -1 1 1 1 1 -1 1 1 1 1 1 1 -1 1 -1 1 1 -1 -1 1 -1 -1 1 -1 -1 1 1 1 1 -1 -1 
-1 -1 -1 1 -1 1 -1 1 1 -1 1 1 -1 -1 -1 1 1 -1 1 -1 1 1 1 1 1 1 1 1 1 -1 1 1 
1 -1 1 1 1 1 1 -1 -1 -1 1 -1 -1 -1 -1 -1 -1 1 1 -1 1 1 1 1 -1 -1 1 1 -1 -1 1 1 