64 -64 64 382 12620
15 74 81 46 67 92 40 18 31 40 86 51 38 18 62 92 54 59 14 27 26 80 58 55 73 16 50 39 59 66 88 91 35 75 4 39 73 82 14 33 76 71 33 39 95 10 60 87 42 68 70 1 27 6 73 4 60 13 31 64 79 29 37 51 
19 93 25 46 72 93 20 8 78 55 79 24 28 52 66 63 73 50 47 83 82 9 64 81 4 19 32 91 56 87 8 74 29 98 80 43 91 11 17 64 82 25 54 16 63 72 65 32 13 26 58 13 56 100 26 65 3 91 51 39 72 53 32 11 
79 95 13 40 24 78 15 61 84 95 94 44 46 59 19 19 57 39 73 61 28 37 18 80 95 87 24 33 11 28 95 14 34 97 57 55 29 19 70 70 54 93 83 33 4 9 76 52 94 11 97 98 36 76 88 45 37 88 45 59 97 58 77 76 
80 100 9 3 42 93 84 89 14 28 79 90 37 86 33 92 69 58 77 62 32 9 67 18 53 59 66 13 7 42 37 48 79 17 45 56 36 75 78 68 1 41 62 23 21 37 10 39 50 74 60 91 68 100 15 13 18 2 69 54 98 16 74 42 
17 38 68 9 80 17 4 94 17 53 61 76 36 68 9 19 71 86 1 60 3 80 29 56 99 54 88 71 66 77 44 95 33 10 59 19 37 98 75 97 86 30 51 20 70 60 64 76 84 81 68 50 35 96 91 100 75 83 75 83 79 67 41 38 
57 91 44 20 48 41 1 31 89 16 65 64 36 96 84 71 78 36 57 33 68 43 51 98 43 28 96 82 72 15 33 34 100 31 19 82 47 3 45 63 97 74 18 77 62 13 64 11 84 36 32 75 65 46 82 6 35 78 1 12 27 78 79 90 
69 84 42 89 50 97 19 18 71 6 32 74 80 68 74 40 73 83 75 21 36 49 31 83 90 88 2 88 61 80 55 77 55 98 83 28 24 10 57 79 85 8 52 57 43 91 28 15 26 99 87 17 98 9 16 42 34 48 90 97 97 76 2 93 
81 10 9 14 40 27 9 14 28 67 47 40 75 52 50 80 71 85 100 7 85 38 65 53 15 17 86 2 46 80 31 52 43 87 30 24 3 1 62 97 35 56 86 5 68 56 66 35 72 92 42 25 94 50 13 34 65 18 18 61 50 69 50 74 
35 67 62 16 12 31 38 93 33 12 50 7 30 90 80 9 33 28 71 55 8 1 20 13 97 90 18 73 71 13 14 74 38 17 62 87 69 85 99 99 96 57 72 7 23 79 46 41 95 68 54 79 62 23 31 61 9 62 95 82 15 7 86 30 
98 23 97 6 63 86 60 52 54 59 84 35 78 58 83 14 62 39 88 92 79 31 44 21 67 16 2 36 3 99 63 71 55 34 31 32 5 93 64 17 10 69 98 79 20 88 26 13 71 61 98 14 38 6 11 66 15 48 23 100 85 48 44 79 
69 15 93 78 70 34 70 36 11 8 67 48 26 64 41 9 33 41 96 83 95 70 37 40 21 71 10 55 18 45 53 49 54 60 64 28 43 5 91 71 59 58 32 99 54 74 92 49 94 52 25 51 76 16 35 74 81 82 80 6 5 69 39 34 
13 42 98 40 94 98 3 21 16 48 45 19 50 95 18 45 34 2 16 91 22 87 28 64 33 29 31 27 55 47 22 29 25 49 94 57 64 86 15 88 61 41 19 15 78 47 67 81 38 57 3 11 42 2 57 36 47 24 99 18 91 17 24 99 
42 63 88 99 54 71 9 49 34 46 53 40 99 80 74 94 1 41 62 76 10 49 52 14 87 60 88 42 3 98 60 85 77 60 73 5 16 72 89 16 21 59 73 5 44 69 8 2 22 77 55 5 72 36 79 80 46 3 85 78 67 14 74 26 
12 16 70 15 64 41 18 56 85 55 83 89 60 12 83 32 3 63 11 65 75 49 77 84 39 14 20 11 89 44 50 24 51 94 23 60 40 2 98 8 9 81 67 67 51 60 65 15 62 81 98 13 46 1 53 14 21 27 72 51 64 25 84 79 
52 52 2 30 55 51 54 74 62 90 53 51 65 77 56 75 34 24 58 63 14 100 86 62 90 55 42 5 1 13 25 100 45 62 10 80 30 39 40 99 24 95 24 68 19 82 72 66 81 81 35 98 35 31 71 54 96 58 95 51 3 95 75 81 
77 30 2 89 22 61 94 82 13 50 38 59 76 51 98 10 88 97 66 82 79 79 4 71 39 61 90 10 55 18 51 33 79 83 93 59 77 85 28 10 85 86 61 20 95 92 61 56 52 53 32 22 58 39 47 93 46 12 4 71 55 68 88 27 
64 7 36 96 39 47 45 23 12 28 37 24 63 29 24 40 42 47 69 2 12 73 62 36 96 20 97 55 16 80 25 99 98 18 35 44 33 34 41 6 50 42 49 19 48 4 82 92 2 60 48 69 61 91 22 61 68 46 44 59 33 92 40 26 
9 52 15 78 99 78 18 40 51 1 50 80 40 66 7 73 31 84 97 16 5 4 13 1 40 49 63 71 68 35 18 91 73 93 8 42 34 97 55 27 10 64 84 26 42 100 95 27 9 59 60 82 68 48 8 99 17 14 85 84 3 84 64 90 
14 30 60 55 35 66 36 47 17 41 100 86 12 7 27 72 52 55 47 4 43 87 98 78 79 94 34 4 31 39 16 13 38 57 25 90 43 80 61 90 59 29 7 85 96 18 32 12 46 1 48 77 23 18 64 77 33 27 57 19 76 90 93 89 
31 28 14 99 99 28 51 93 68 10 16 60 77 97 18 17 91 55 38 55 59 42 40 50 88 53 32 37 4 73 20 72 53 44 54 45 62 64 3 72 55 50 5 43 23 96 100 98 90 34 72 72 97 96 53 19 79 14 17 96 19 35 32 78 
5 43 92 67 90 8 38 100 60 87 46 39 50 11 37 74 11 62 74 24 2 81 1 27 71 77 33 66 9 31 79 1 93 80 8 76 45 23 93 31 11 58 70 80 78 100 36 5 86 74 51 7 51 62 89 89 7 100 82 27 5 25 26 55 
66 41 26 48 28 13 66 13 8 44 88 29 56 53 6 85 74 98 25 27 5 93 85 81 91 80 54 6 27 28 31 55 86 26 16 5 24 82 60 44 92 25 89 89 58 63 15 28 18 49 90 16 87 71 29 22 81 72 100 17 38 93 66 8 
79 20 59 8 51 40 86 9 30 88 63 90 4 10 47 26 87 61 11 44 75 3 88 34 35 67 98 11 7 45 76 92 34 26 54 43 49 63 81 9 30 55 8 35 80 40 38 60 1 23 9 91 20 76 68 29 44 8 78 82 95 92 1 28 
35 23 31 64 44 96 36 39 37 82 68 46 13 83 7 9 81 46 96 2 9 67 75 35 96 82 24 9 100 67 27 15 73 82 75 68 31 52 76 81 96 51 95 35 2 97 8 92 90 87 59 24 40 57 14 8 97 82 44 20 60 62 43 96 
21 18 97 69 1 8 23 13 55 8 48 81 63 39 71 51 53 82 89 95 19 68 6 63 2 95 42 81 60 57 48 16 18 24 63 95 34 54 62 54 49 28 58 48 43 4 26 70 14 5 95 15 47 70 97 29 35 56 71 2 74 95 2 100 
65 82 69 41 11 95 50 53 32 28 1 60 74 72 78 85 95 58 88 78 86 57 71 13 11 98 1 17 35 76 77 26 97 74 18 75 1 26 88 15 46 21 61 31 74 92 50 17 100 93 38 75 13 54 46 62 65 8 35 94 12 10 19 49 
30 45 90 83 14 92 47 93 89 9 93 83 35 91 47 26 95 63 22 48 32 50 83 60 24 92 17 50 89 3 53 40 89 71 58 63 66 46 38 79 74 57 89 3 32 100 1 12 27 91 40 41 46 85 94 39 100 67 73 78 5 96 67 80 
49 50 53 87 48 30 15 99 68 87 70 26 67 5 62 35 93 29 90 15 40 31 40 33 12 39 29 47 27 59 84 5 34 46 11 15 13 69 78 85 63 100 84 8 9 69 29 75 29 23 61 97 69 100 87 17 44 21 100 49 38 80 65 87 
92 76 84 14 100 100 71 90 12 19 75 81 100 100 60 28 55 69 45 19 6 64 28 56 21 100 44 26 72 76 11 91 15 18 32 20 31 5 7 40 71 95 25 27 24 9 92 59 58 55 94 68 13 94 62 14 20 38 47 79 50 62 74 97 
57 72 40 31 67 86 16 80 49 94 49 15 56 38 75 11 32 59 88 58 85 78 98 91 88 69 84 73 47 51 50 90 9 29 90 55 68 1 16 10 90 39 6 1 37 95 19 65 84 44 21 66 7 58 19 78 5 23 68 24 80 35 3 63 
49 47 18 77 38 5 76 67 73 73 5 64 33 49 54 58 46 16 55 9 5 99 80 16 86 67 44 90 14 21 33 16 51 56 91 33 21 93 11 85 34 88 76 34 41 66 62 86 84 59 23 7 86 57 63 18 21 2 29 4 16 97 83 62 
59 70 9 34 50 17 44 11 61 83 66 43 46 58 57 67 55 82 42 32 29 55 91 11 18 28 18 11 44 41 75 45 83 97 28 43 23 45 76 88 100 32 62 77 30 51 70 95 54 70 61 35 12 6 82 74 89 2 81 92 7 39 57 13 
98 58 97 40 35 43 64 66 27 89 98 59 6 27 19 20 29 89 73 93 77 2 44 65 70 36 16 29 90 10 12 92 19 67 4 50 91 2 94 7 32 26 96 82 79 48 48 46 47 48 58 51 44 49 97 33 62 17 15 17 19 13 94 16 
22 36 44 71 25 96 50 72 11 78 2 1 9 22 70 17 97 62 57 47 22 89 27 91 58 3 64 12 42 45 55 95 48 49 34 97 17 4 30 13 85 31 82 27 16 24 40 50 21 97 81 69 70 27 33 47 50 91 30 43 78 22 25 87 
13 86 20 98 73 100 32 53 14 39 54 25 64 97 46 47 48 3 87 11 53 93 38 45 76 96 74 85 29 52 93 7 47 23 31 54 55 83 12 53 45 71 87 96 64 59 26 92 95 39 61 77 89 92 81 39 23 39 61 8 11 8 8 13 
73 60 35 16 26 37 84 69 61 34 99 51 20 43 91 27 83 26 35 24 91 33 22 98 72 97 35 16 41 66 85 82 79 96 16 16 21 28 86 22 1 47 68 92 58 53 51 65 62 58 29 85 95 97 30 70 54 3 72 87 97 19 88 66 
88 34 57 25 35 47 9 4 76 18 36 58 86 70 99 22 95 83 98 95 36 11 42 20 15 34 36 31 24 23 65 61 75 66 60 69 28 88 48 5 87 8 28 54 61 72 17 99 48 99 31 83 12 96 57 95 56 2 37 100 95 20 46 82 
15 60 50 79 17 8 100 96 95 12 81 74 12 47 16 70 62 30 27 76 17 66 40 93 57 29 21 31 90 63 80 20 41 47 8 74 96 28 3 35 28 19 78 100 13 49 10 28 15 13 45 54 17 45 70 3 8 44 51 29 51 10 42 68 
3 96 94 65 16 63 4 21 96 14 3 96 59 64 72 59 6 37 55 22 67 52 3 18 4 84 69 67 72 27 38 1 55 84 8 25 26 8 87 26 50 87 69 36 2 5 2 42 31 91 5 94 93 53 52 54 53 27 73 64 31 44 51 3 
80 49 97 1 33 66 51 95 19 82 17 35 55 77 69 2 32 54 8 97 65 61 99 98 90 39 10 45 30 86 59 60 81 83 60 66 51 49 41 13 88 62 26 66 34 23 11 49 32 82 69 51 65 86 100 44 72 82 30 53 90 54 86 6 
99 14 41 45 97 95 38 26 35 89 83 3 76 18 53 24 62 6 72 23 98 17 67 87 16 26 57 24 74 76 92 81 49 23 26 60 73 31 44 96 6 31 50 50 17 19 99 92 28 58 19 72 35 25 47 66 12 77 26 62 37 59 85 29 
6 33 71 1 85 61 74 32 74 56 62 97 40 8 40 93 9 79 11 50 66 17 54 34 8 72 30 4 75 67 27 20 53 19 88 77 94 63 60 38 34 90 49 35 4 62 55 61 32 50 7 43 41 73 69 97 68 80 53 34 75 96 15 12 
49 11 73 76 81 97 46 36 43 56 69 1 61 61 12 22 25 33 58 50 87 2 19 47 89 76 65 19 47 28 31 10 2 94 49 29 6 48 46 21 92 50 91 73 73 53 61 89 43 59 49 7 24 95 62 53 35 79 66 18 62 50 41 76 
35 5 5 79 98 92 48 55 20 29 75 97 26 1 79 84 97 20 55 51 8 40 47 46 97 17 58 35 54 74 4 27 38 91 6 80 14 11 53 14 100 5 42 35 81 99 11 24 34 16 50 51 74 42 19 100 13 13 94 65 90 67 93 62 
65 78 90 54 57 68 67 14 20 43 54 91 5 16 40 79 8 25 5 29 67 100 89 70 28 19 26 87 27 49 21 94 67 8 17 21 75 46 79 86 24 91 82 28 70 57 41 77 4 45 59 17 29 27 24 29 34 2 72 19 20 57 17 49 
58 20 78 52 59 99 55 16 95 60 73 24 46 28 98 61 21 65 66 24 56 94 29 26 44 74 31 62 54 52 87 56 31 10 16 75 46 23 100 32 59 91 7 92 90 74 69 26 55 76 10 75 66 97 59 36 70 5 68 97 67 64 13 23 
97 21 25 42 39 93 28 47 54 74 55 24 17 74 12 31 16 67 29 41 11 11 42 58 87 56 58 77 10 5 9 73 87 30 95 85 14 98 61 42 47 69 57 51 51 50 99 97 10 55 72 25 36 69 4 85 11 83 1 8 15 92 10 2 
22 14 93 92 33 92 99 26 48 73 20 29 47 89 92 62 19 62 28 40 19 58 50 86 37 68 41 39 21 72 53 99 23 3 84 59 78 60 27 68 83 6 92 38 9 42 14 9 36 23 53 6 97 93 9 61 88 8 51 24 19 27 38 73 
24 75 99 15 12 90 8 9 49 82 47 23 85 65 71 18 92 52 47 57 14 86 49 97 11 1 25 37 25 45 13 72 7 51 13 17 71 41 100 15 65 58 30 69 100 79 33 36 45 93 67 59 83 13 21 30 31 67 41 65 72 96 63 88 
14 30 43 99 59 46 35 53 54 16 63 14 70 47 93 21 16 25 90 25 30 23 48 21 7 72 84 92 96 71 41 77 56 66 44 72 86 70 6 59 72 78 62 41 75 96 53 99 55 72 10 9 28 79 16 26 8 73 83 72 29 56 83 14 
92 17 93 60 38 28 60 64 98 62 57 53 18 57 62 38 56 39 27 94 22 18 18 28 66 69 20 59 91 47 4 55 1 59 45 44 44 56 89 56 33 84 73 67 65 48 26 47 17 35 95 58 15 42 8 91 5 39 38 61 83 10 21 96 
9 21 8 100 99 80 100 57 94 75 4 1 61 47 7 29 35 49 97 78 33 90 12 22 100 1 56 18 62 4 64 39 72 85 88 84 16 56 28 62 22 88 61 8 41 62 82 89 40 45 60 81 40 61 73 20 96 87 77 49 61 98 66 24 
10 51 12 78 72 12 27 25 62 93 37 43 7 82 68 100 56 47 6 39 13 59 11 14 74 57 89 22 43 30 73 91 29 12 18 77 94 25 41 2 61 48 29 98 35 20 6 66 92 84 25 50 56 53 84 99 53 76 95 40 30 2 7 90 
47 64 84 38 89 24 95 64 56 22 7 97 78 60 78 19 8 27 78 59 95 39 26 35 63 26 51 56 97 32 26 89 2 38 70 93 99 85 78 83 98 16 93 62 34 95 2 18 93 4 90 83 42 23 92 48 26 22 40 59 97 67 90 39 
21 28 94 53 52 60 24 9 70 2 93 5 28 23 30 85 15 56 21 95 86 84 23 28 31 34 28 91 6 85 46 26 35 44 56 19 12 87 61 66 66 80 78 25 86 17 61 4 55 90 55 25 94 61 11 86 68 72 92 22 44 68 78 76 
41 51 55 97 74 64 17 1 95 46 23 45 89 8 69 19 22 18 65 49 7 68 73 90 10 54 21 76 74 94 98 44 30 20 21 89 57 98 86 34 49 76 88 13 9 68 51 31 62 29 52 5 14 72 10 83 95 9 85 93 45 60 27 32 
14 79 87 93 85 43 100 35 37 58 1 47 78 92 98 59 80 65 88 8 78 6 10 84 86 54 12 71 13 43 42 95 39 31 27 19 57 70 95 46 63 34 65 67 2 25 91 13 76 86 45 100 48 26 44 25 28 18 23 74 50 44 80 35 
15 99 65 62 68 40 37 72 5 21 99 47 2 55 51 43 89 5 100 26 25 99 59 58 8 2 12 2 90 96 18 29 8 55 22 71 69 12 36 54 96 54 89 70 45 17 94 88 18 40 39 54 51 86 16 3 18 43 62 82 76 56 44 84 
37 78 16 86 11 85 13 94 50 16 36 75 26 1 55 59 9 31 48 66 71 87 81 43 46 68 41 20 36 52 13 82 69 45 50 35 30 64 67 5 98 18 55 87 21 54 82 26 65 13 45 75 99 17 40 16 95 65 72 30 25 28 30 50 
23 67 4 41 81 57 47 91 60 84 43 27 71 88 96 33 45 28 97 61 55 54 4 79 32 63 55 99 62 58 40 46 73 78 29 53 39 86 8 88 88 77 28 55 29 64 79 47 40 31 1 90 92 59 21 50 12 14 6 23 61 23 60 57 
16 83 13 60 26 30 96 13 19 24 35 94 59 84 19 89 78 33 87 50 55 1 98 5 88 19 67 100 52 28 87 28 77 17 68 22 25 31 95 56 67 37 6 6 97 71 71 100 39 93 68 31 77 78 71 2 100 25 23 24 50 94 63 44 
65 68 33 43 83 15 67 66 39 38 26 45 12 19 60 35 90 9 64 74 30 69 84 70 43 16 48 41 47 25 51 20 97 17 100 68 36 66 88 29 27 16 68 85 38 62 2 13 45 94 4 40 63 3 56 87 39 90 69 80 36 98 4 48 
100 5 14 8 23 91 11 47 66 92 3 98 100 53 94 89 44 79 28 2 15 28 81 46 30 91 27 47 4 3 58 78 65 98 34 96 20 87 46 9 63 70 61 22 55 57 53 12 19 26 20 24 72 15 25 24 25 48 44 3 32 10 80 57 
20 53 89 13 38 26 23 40 23 86 98 56 55 95 70 14 87 28 15 48 6 90 86 14 73 45 30 38 82 56 68 4 98 94 33 79 36 97 61 88 26 1 95 11 68 44 1 80 27 88 65 62 43 45 33 96 49 100 23 24 6 86 94 19 
-1 -1 1 1 -1 1 1 1 1 -1 -1 1 1 1 1 1 1 -1 1 1 -1 -1 1 -1 -1 1 1 -1 -1 -1 1 1 1 -1 -1 1 1 -1 1 1 1 1 -1 1 1 1 1 1 1 1 1 -1 -1 -1 -1 -1 1 1 -1 1 -1 -1 1 -1 
-1 -1 -1 1 1 -1 1 1 1 -1 1 1 1 1 -1 -1 1 -1 1 -1 1 1 1 -1 -1 1 1 -1 -1 1 1 1 1 -1 -1 -1 -1 -1 -1 -1 -1 1 1 -1 -1 -1 -1 1 -1 1 1 -1 1 1 1 1 1 1 -1 1 1 1 1 -1 
1 -1 1 1 -1 -1 1 1 1 -1 1 -1 1 1 -1 -1 1 -1 1 -1 -1 -1 -1 -1 -1 1 -1 -1 1 -1 -1 -1 -1 -1 -1 1 1 1 -1 -1 1 1 1 -1 1 1 -1 -1 1 -1 1 1 -1 -1 1 1 -1 -1 -1 -1 -1 1 -1 -1 
1 1 1 1 -1 -1 1 -1 1 1 1 1 1 1 -1 -1 1 1 -1 -1 -1 -1 1 -1 -1 -1 1 1 -1 1 -1 -1 1 -1 1 -1 -1 1 -1 -1 1 -1 1 -1 1 1 1 -1 1 1 1 1 -1 1 -1 1 1 1 -1 1 1 -1 -1 1 
-1 1 -1 -1 1 1 1 1 1 1 1 -1 1 1 1 1 1 -1 1 -1 -1 -1 -1 -1 -1 1 -1 -1 -1 -1 -1 1 -1 -1 -1 -1 1 -1 -1 1 1 1 1 -1 -1 1 1 -1 -1 -1 1 -1 -1 -1 -1 1 1 1 -1 -1 1 1 1 1 
1 -1 -1 -1 1 1 -1 1 -1 1 -1 1 -1 -1 1 1 -1 -1 1 1 -1 1 -1 1 -1 1 1 1 -1 -1 -1 -1 1 -1 1 -1 -1 1 -1 1 -1 -1 -1 -1 -1 -1 -1 -1 -1 -1 1 1 1 -1 1 1 1 1 1 1 -1 -1 1 -1 
1 1 1 1 1 -1 1 -1 -1 -1 1 -1 1 -1 1 -1 1 -1 -1 1 1 -1 -1 1 -1 1 1 1 1 -1 -1 -1 -1 1 -1 1 1 1 -1 1 1 1 1 1 -1 -1 -1 1 -1 -1 1 -1 -1 1 -1 -1 -1 -1 1 1 1 -1 -1 1 
1 1 1 -1 1 1 -1 -1 -1 -1 -1 1 -1 -1 1 -1 1 -1 1 -1 -1 -1 1 1 1 1 1 -1 1 1 -1 -1 -1 -1 1 1 -1 -1 -1 -1 1 1 1 1 1 -1 1 -1 1 -1 -1 1 1 -1 1 -1 -1 1 -1 1 -1 -1 1 -1 
1 1 1 1 1 -1 -1 -1 1 1 -1 -1 -1 -1 -1 -1 1 1 1 1 1 1 1 -1 1 -1 -1 1 -1 -1 -1 1 1 -1 -1 1 -1 1 -1 -1 1 1 -1 -1 -1 -1 1 1 -1 -1 -1 1 1 -1 -1 1 1 1 1 1 1 -1 1 -1 
-1 -1 -1 1 1 1 -1 -1 1 -1 -1 -1 1 -1 -1 -1 -1 1 -1 -1 -1 -1 1 1 1 -1 1 -1 1 -1 1 -1 1 -1 1 1 -1 -1 1 1 1 1 -1 -1 1 -1 1 -1 1 -1 -1 1 1 -1 -1 -1 -1 -1 -1 -1 1 1 -1 1 
-1 1 1 1 1 -1 1 -1 -1 -1 -1 1 1 1 1 -1 -1 1 1 -1 -1 -1 -1 -1 -1 1 -1 1 -1 1 -1 1 -1 1 1 -1 1 -1 1 1 1 1 1 -1 1 1 1 1 -1 1 -1 -1 -1 -1 -1 1 -1 -1 -1 -1 -1 -1 1 -1 
1 1 -1 1 -1 1 -1 1 -1 -1 1 1 1 -1 1 1 1 -1 1 -1 1 -1 -1 1 1 -1 -1 1 -1 1 -1 1 1 -1 1 1 1 -1 1 1 -1 1 -1 1 -1 1 -1 -1 1 -1 -1 1 1 -1 -1 -1 1 1 1 1 -1 -1 1 -1 
1 1 1 1 1 -1 1 -1 -1 1 1 1 1 -1 -1 1 1 1 -1 1 1 1 1 -1 1 -1 -1 1 -1 -1 -1 -1 -1 1 1 1 -1 -1 -1 -1 1 1 1 -1 -1 1 1 1 -1 1 -1 -1 1 -1 1 1 1 1 -1 1 1 -1 -1 -1 
1 1 1 1 1 -1 -1 -1 -1 -1 1 -1 -1 1 -1 1 1 1 1 1 1 -1 1 1 -1 1 -1 -1 -1 1 -1 1 -1 1 1 1 1 -1 1 1 -1 -1 -1 -1 -1 -1 -1 -1 1 -1 1 1 1 1 -1 1 -1 -1 -1 -1 -1 1 -1 -1 
1 -1 -1 -1 1 1 1 1 -1 -1 1 1 -1 -1 -1 1 1 -1 1 -1 -1 -1 1 -1 -1 1 -1 1 -1 1 -1 -1 1 -1 -1 1 1 -1 1 -1 1 1 -1 1 -1 -1 -1 1 -1 1 -1 1 1 -1 -1 -1 -1 -1 1 1 1 1 -1 -1 
1 -1 -1 -1 1 1 -1 -1 -1 -1 -1 1 1 1 1 -1 -1 1 1 1 -1 -1 -1 1 -1 1 -1 -1 -1 -1 -1 1 1 -1 -1 -1 -1 -1 -1 -1 1 1 -1 1 -1 1 -1 -1 -1 1 1 1 1 -1 1 -1 -1 1 -1 -1 -1 1 -1 1 
1 1 1 1 1 -1 1 1 1 -1 -1 1 1 1 1 -1 -1 1 1 1 -1 -1 1 1 -1 -1 1 -1 -1 1 -1 1 1 -1 -1 -1 1 1 1 1 1 -1 1 -1 -1 1 1 1 -1 -1 -1 -1 -1 -1 1 -1 -1 -1 1 1 -1 1 1 1 
-1 -1 -1 1 -1 -1 -1 -1 1 1 1 -1 1 1 -1 1 1 -1 -1 -1 1 1 1 -1 1 -1 -1 1 1 -1 1 1 -1 1 -1 -1 1 1 1 -1 -1 1 -1 -1 1 1 1 1 -1 1 -1 -1 -1 1 1 1 -1 -1 -1 -1 1 1 1 -1 
1 1 1 -1 1 1 -1 1 1 -1 1 1 -1 1 1 1 1 -1 -1 -1 1 -1 1 1 1 1 -1 -1 -1 -1 -1 1 -1 1 -1 1 -1 -1 1 1 -1 1 1 -1 1 -1 1 -1 1 -1 -1 1 -1 1 -1 1 1 1 1 1 1 -1 1 -1 
1 -1 -1 -1 -1 1 1 -1 1 -1 -1 -1 1 1 -1 1 1 -1 -1 1 -1 1 1 -1 1 -1 1 1 -1 1 1 -1 1 -1 -1 -1 -1 -1 1 1 1 -1 1 1 -1 -1 -1 -1 1 -1 -1 -1 1 1 -1 1 -1 -1 -1 -1 1 1 -1 1 
-1 1 -1 -1 -1 -1 1 -1 1 -1 -1 1 1 1 -1 -1 -1 1 1 -1 1 -1 -1 1 -1 1 -1 -1 -1 -1 1 -1 -1 1 1 -1 1 -1 -1 1 1 -1 1 -1 -1 -1 1 -1 -1 -1 -1 1 1 1 1 -1 1 1 -1 1 1 -1 1 1 
-1 1 -1 -1 -1 1 -1 -1 1 -1 -1 -1 1 -1 -1 -1 -1 1 -1 1 -1 -1 -1 -1 1 -1 1 1 -1 1 1 -1 1 1 1 1 -1 1 1 -1 1 1 -1 -1 1 -1 1 1 1 1 -1 -1 1 1 -1 -1 1 1 -1 -1 1 1 1 -1 
1 1 -1 1 -1 -1 -1 1 1 1 -1 -1 1 1 1 -1 1 1 1 1 -1 -1 -1 1 -1 -1 -1 -1 -1 -1 1 1 1 -1 -1 -1 -1 -1 1 1 -1 -1 1 -1 -1 1 -1 1 1 1 1 -1 1 -1 -1 -1 1 1 -1 -1 -1 1 1 -1 
-1 -1 -1 -1 -1 1 1 1 -1 1 -1 1 -1 1 -1 1 1 -1 1 -1 1 -1 1 1 -1 -1 1 1 -1 -1 -1 -1 1 1 1 1 1 -1 -1 -1 -1 -1 -1 -1 1 1 -1 1 -1 1 -1 -1 -1 1 -1 -1 -1 -1 1 -1 1 1 1 -1 
-1 -1 -1 -1 -1 -1 -1 1 1 1 -1 1 1 -1 -1 -1 -1 1 1 1 -1 1 -1 -1 1 -1 -1 1 -1 1 1 1 -1 1 -1 -1 -1 1 -1 1 -1 1 1 1 -1 1 1 -1 1 1 -1 1 1 -1 -1 -1 1 1 -1 -1 1 -1 1 -1 
1 1 1 -1 1 1 1 1 -1 -1 1 -1 -1 1 1 1 -1 -1 1 -1 1 -1 -1 -1 -1 -1 -1 -1 1 -1 1 -1 1 1 1 1 -1 1 1 -1 1 1 1 1 1 -1 1 -1 -1 -1 1 -1 1 -1 1 1 1 1 -1 1 1 1 1 -1 
1 1 -1 1 -1 1 1 1 -1 1 -1 -1 -1 -1 -1 -1 1 -1 -1 1 -1 1 -1 1 -1 -1 -1 1 -1 -1 -1 -1 -1 -1 -1 -1 -1 1 -1 1 1 -1 1 -1 -1 1 -1 -1 -1 1 1 1 1 1 -1 1 1 -1 1 1 1 1 1 -1 
-1 -1 -1 1 -1 1 1 -1 1 -1 1 1 1 -1 1 -1 -1 1 -1 1 -1 1 -1 1 1 -1 1 1 1 1 1 1 -1 1 -1 -1 -1 -1 -1 -1 1 1 -1 -1 1 1 -1 1 1 1 -1 -1 1 -1 -1 -1 -1 1 -1 -1 -1 1 1 -1 
-1 -1 1 -1 -1 -1 1 1 -1 1 -1 -1 -1 -1 -1 -1 -1 1 -1 -1 -1 -1 -1 -1 -1 1 -1 1 -1 -1 -1 1 -1 1 1 1 -1 1 1 1 -1 -1 -1 -1 1 1 -1 1 -1 1 1 -1 1 1 1 1 -1 -1 -1 1 -1 1 -1 1 
-1 1 -1 1 -1 -1 -1 1 -1 -1 1 1 -1 1 1 -1 1 -1 -1 1 -1 1 -1 -1 1 -1 -1 1 -1 1 -1 1 -1 -1 -1 1 1 -1 -1 1 1 1 1 1 1 1 -1 1 -1 -1 1 -1 -1 -1 -1 1 -1 -1 -1 1 -1 1 1 -1 
1 1 -1 -1 -1 -1 -1 -1 -1 1 -1 -1 -1 -1 -1 -1 -1 1 -1 1 1 1 1 -1 1 1 -1 1 -1 -1 1 1 -1 -1 1 1 1 -1 1 1 -1 -1 -1 -1 1 -1 -1 1 -1 1 -1 -1 1 1 1 -1 -1 1 -1 1 1 1 1 1 
1 1 -1 -1 1 -1 -1 -1 1 -1 1 1 -1 1 -1 1 1 1 1 -1 -1 -1 1 -1 1 -1 -1 1 1 1 1 -1 1 1 1 -1 1 1 1 -1 1 1 1 -1 -1 -1 1 1 -1 -1 1 1 -1 1 -1 -1 1 -1 -1 1 -1 1 -1 -1 
1 1 -1 1 -1 1 -1 -1 1 1 -1 1 -1 -1 1 1 1 -1 -1 1 -1 1 1 1 -1 1 -1 -1 -1 -1 -1 1 -1 -1 1 -1 1 1 1 1 -1 1 1 -1 1 -1 -1 -1 -1 1 -1 1 -1 1 1 1 -1 1 -1 -1 -1 1 -1 -1 
-1 -1 -1 -1 -1 -1 1 -1 -1 -1 1 -1 1 1 -1 -1 -1 1 1 -1 1 1 -1 1 1 1 -1 1 1 -1 -1 1 -1 -1 1 -1 1 1 1 1 1 1 -1 -1 1 -1 1 1 -1 -1 1 -1 -1 1 1 -1 -1 -1 -1 -1 -1 1 1 -1 
-1 -1 -1 1 -1 1 -1 1 -1 1 1 1 1 1 -1 -1 -1 -1 -1 -1 1 1 -1 1 -1 1 -1 -1 1 -1 1 1 1 1 1 1 1 -1 -1 1 1 -1 -1 -1 1 1 -1 -1 -1 -1 1 1 -1 -1 -1 -1 1 -1 1 -1 1 1 1 1 
1 -1 1 -1 -1 -1 1 1 1 1 -1 1 1 1 1 -1 -1 -1 1 -1 -1 1 -1 1 -1 1 -1 -1 1 1 1 -1 -1 -1 1 -1 -1 -1 1 -1 -1 1 1 1 -1 -1 1 -1 1 1 1 -1 -1 1 -1 1 -1 1 1 1 -1 1 -1 -1 
1 -1 1 -1 1 -1 1 -1 -1 -1 1 1 -1 1 1 -1 1 1 -1 -1 1 -1 -1 1 -1 -1 -1 -1 -1 1 1 1 1 1 1 -1 -1 -1 -1 -1 -1 -1 1 -1 -1 1 1 -1 -1 1 1 1 -1 1 -1 1 -1 -1 1 1 1 1 -1 -1 
-1 -1 1 1 -1 1 1 -1 1 -1 -1 -1 -1 -1 -1 -1 1 1 -1 -1 -1 1 -1 -1 1 1 1 -1 1 -1 -1 1 1 1 -1 -1 -1 1 1 -1 -1 1 1 -1 1 -1 1 1 1 -1 1 1 1 -1 1 -1 -1 -1 1 1 -1 1 -1 -1 
1 -1 -1 -1 -1 -1 -1 -1 -1 1 1 1 -1 1 1 -1 1 1 1 1 -1 1 1 -1 -1 1 -1 -1 1 -1 1 1 1 1 -1 1 -1 1 -1 1 1 -1 1 1 -1 1 -1 -1 -1 1 -1 1 -1 -1 1 1 -1 1 1 1 1 1 1 1 
1 -1 -1 -1 1 1 1 -1 -1 1 1 1 -1 1 -1 -1 1 -1 1 1 1 -1 1 -1 1 -1 1 -1 1 1 1 -1 1 1 1 -1 -1 -1 1 1 1 1 1 1 1 -1 1 1 1 1 -1 1 -1 1 -1 1 1 1 -1 1 -1 1 1 1 
1 -1 1 1 1 -1 1 1 1 1 1 -1 1 -1 1 1 1 -1 -1 1 1 1 -1 -1 -1 1 1 1 -1 1 -1 1 -1 1 1 -1 -1 -1 1 1 1 1 1 -1 -1 1 1 -1 -1 -1 1 1 -1 -1 1 1 -1 -1 -1 -1 1 1 1 -1 
1 1 1 -1 1 -1 1 1 1 1 1 1 1 -1 1 1 -1 1 1 -1 -1 1 -1 -1 1 1 -1 1 -1 1 -1 1 1 1 -1 1 -1 1 -1 1 1 -1 -1 1 -1 -1 1 1 -1 -1 -1 1 1 1 1 -1 1 1 1 1 -1 1 1 1 
-1 1 1 1 1 -1 1 1 -1 -1 1 -1 1 -1 -1 -1 1 -1 1 1 1 -1 1 -1 1 1 1 -1 -1 1 -1 1 1 -1 -1 1 1 1 1 1 1 -1 1 1 -1 -1 1 1 1 1 -1 -1 1 -1 -1 1 1 -1 1 1 -1 1 -1 1 
1 -1 -1 -1 -1 -1 1 1 -1 -1 -1 1 -1 -1 1 1 -1 -1 -1 1 -1 -1 -1 -1 1 1 -1 -1 -1 1 -1 -1 -1 -1 -1 1 -1 -1 1 1 -1 1 1 1 1 -1 -1 -1 1 1 -1 1 1 1 1 -1 1 -1 -1 -1 -1 1 1 -1 
1 -1 1 1 -1 -1 -1 1 -1 1 1 -1 -1 -1 -1 -1 -1 1 1 -1 -1 1 -1 1 -1 1 -1 1 1 1 1 -1 1 1 1 -1 -1 1 -1 1 -1 -1 -1 1 -1 1 1 -1 -1 1 -1 -1 -1 1 1 1 -1 -1 -1 -1 1 1 -1 1 
1 -1 1 1 1 -1 -1 -1 -1 -1 1 1 1 -1 -1 1 1 1 -1 -1 -1 -1 1 1 1 -1 1 1 1 1 -1 -1 -1 -1 1 -1 1 -1 1 -1 1 -1 -1 -1 1 1 -1 -1 -1 -1 -1 1 -1 -1 -1 1 -1 -1 -1 1 1 -1 1 -1 
1 -1 -1 1 1 -1 -1 1 1 1 1 -1 1 -1 -1 -1 1 1 1 -1 1 1 -1 -1 1 1 -1 -1 -1 -1 -1 1 -1 1 -1 1 1 1 -1 1 1 1 1 -1 1 -1 1 -1 -1 -1 1 1 -1 -1 1 -1 1 1 1 -1 -1 -1 1 -1 
1 1 -1 -1 -1 -1 1 -1 1 -1 1 -1 1 -1 1 -1 1 1 -1 -1 -1 1 1 1 -1 -1 -1 1 1 1 1 1 -1 1 -1 -1 -1 1 -1 1 -1 1 1 -1 -1 -1 -1 1 1 -1 -1 -1 1 -1 1 -1 -1 1 -1 1 1 -1 -1 1 
1 -1 1 1 -1 -1 -1 1 -1 1 -1 1 -1 1 -1 -1 -1 -1 1 1 -1 1 1 -1 1 -1 -1 1 -1 -1 -1 -1 -1 -1 -1 1 -1 1 -1 1 -1 -1 1 1 -1 -1 -1 1 -1 -1 1 1 -1 1 -1 1 -1 1 1 1 -1 1 -1 1 
1 1 -1 1 -1 -1 -1 -1 -1 -1 1 -1 1 -1 1 1 -1 1 -1 -1 -1 1 1 1 1 -1 1 1 1 -1 1 -1 1 -1 -1 1 1 -1 1 1 -1 -1 1 1 1 -1 -1 -1 -1 1 1 -1 -1 1 1 -1 -1 1 1 -1 1 1 -1 -1 
1 1 1 1 1 1 1 -1 -1 -1 -1 -1 -1 1 -1 1 -1 -1 -1 -1 -1 -1 1 -1 -1 1 1 -1 1 1 -1 1 -1 1 1 1 1 1 -1 -1 1 -1 -1 -1 -1 -1 1 -1 1 1 1 1 1 -1 -1 1 1 -1 -1 1 -1 -1 1 1 
-1 -1 1 1 -1 1 -1 1 1 1 -1 1 -1 1 1 1 -1 -1 1 -1 1 -1 -1 -1 1 -1 1 -1 -1 -1 -1 1 1 -1 1 -1 1 1 1 1 1 1 -1 1 -1 1 1 -1 1 -1 1 -1 1 -1 -1 1 1 -1 1 1 -1 -1 1 -1 
-1 1 -1 -1 -1 1 -1 1 1 1 -1 1 1 1 1 1 -1 -1 -1 1 1 1 1 -1 1 1 1 1 1 -1 1 -1 -1 -1 -1 -1 -1 1 -1 -1 -1 1 1 1 -1 -1 -1 1 -1 -1 1 1 -1 -1 1 1 -1 -1 -1 -1 -1 1 -1 1 
-1 1 -1 1 -1 -1 1 -1 -1 -1 -1 -1 -1 1 -1 -1 -1 1 1 1 1 1 -1 1 -1 -1 1 -1 1 -1 1 1 1 1 -1 1 1 -1 -1 1 -1 1 -1 1 1 -1 -1 -1 1 1 -1 -1 -1 1 1 -1 -1 1 1 -1 1 1 1 1 
-1 1 1 -1 -1 1 -1 1 -1 -1 -1 -1 1 -1 -1 1 1 1 -1 -1 1 -1 -1 -1 -1 1 -1 -1 1 -1 1 -1 1 1 -1 -1 -1 1 1 -1 1 1 -1 1 1 -1 1 1 -1 1 -1 -1 1 1 -1 -1 1 -1 1 -1 1 -1 -1 1 
-1 1 1 1 1 1 -1 -1 1 -1 1 -1 1 1 -1 -1 -1 1 1 1 -1 -1 -1 -1 -1 1 1 -1 1 1 -1 -1 1 -1 -1 1 1 -1 1 1 1 -1 1 -1 1 1 -1 -1 1 -1 1 1 1 -1 -1 -1 -1 -1 1 -1 -1 1 1 -1 
1 1 -1 1 1 1 -1 -1 1 -1 -1 1 1 -1 -1 -1 -1 -1 1 -1 1 1 1 -1 1 1 1 -1 -1 -1 -1 1 -1 -1 1 -1 -1 -1 -1 1 -1 1 1 1 -1 -1 1 -1 -1 -1 1 1 -1 -1 1 -1 1 -1 -1 1 -1 1 -1 -1 
1 1 -1 1 1 1 -1 1 1 -1 -1 1 1 -1 -1 1 -1 -1 1 -1 1 1 1 -1 1 1 -1 1 -1 -1 1 -1 1 -1 -1 1 -1 -1 1 1 -1 1 -1 -1 -1 -1 1 1 1 1 -1 -1 -1 1 -1 -1 -1 1 1 -1 1 1 1 1 
-1 -1 -1 -1 -1 1 1 -1 1 -1 -1 1 -1 -1 1 -1 1 -1 1 -1 -1 -1 -1 1 -1 -1 1 -1 -1 -1 -1 -1 -1 -1 1 1 1 1 1 -1 -1 1 1 -1 -1 -1 1 -1 1 1 -1 1 -1 1 1 1 -1 1 -1 -1 1 1 1 1 
1 1 -1 1 -1 1 1 1 1 -1 -1 1 1 -1 1 -1 1 -1 1 -1 1 -1 -1 -1 -1 1 1 -1 1 1 1 1 -1 -1 -1 1 1 1 1 1 -1 1 1 -1 -1 1 -1 1 1 -1 1 1 -1 -1 -1 -1 1 -1 -1 1 -1 -1 1 1 
-1 1 -1 1 1 -1 1 -1 1 1 -1 -1 1 -1 1 -1 -1 1 1 1 1 1 -1 1 1 1 1 -1 -1 -1 1 -1 -1 -1 1 -1 1 -1 1 -1 1 -1 -1 -1 1 1 -1 1 -1 1 -1 -1 -1 1 1 -1 -1 1 1 -1 -1 -1 1 1 
-1 1 1 -1 1 -1 -1 -1 -1 1 -1 -1 -1 1 1 1 1 1 -1 1 -1 1 1 1 -1 1 1 1 1 1 1 1 1 1 1 1 1 1 1 1 1 1 1 1 1 -1 -1 -1 1 1 -1 -1 1 1 -1 1 1 1 1 -1 -1 -1 -1 -1 
1 1 -1 -1 1 1 -1 1 1 -1 1 1 -1 -1 -1 -1 1 1 1 -1 1 1 1 1 1 1 1 1 -1 1 1 -1 -1 1 1 -1 -1 -1 1 1 1 1 -1 1 -1 1 1 -1 -1 -1 1 1 -1 1 -1 1 -1 1 1 1 1 -1 1 1 
-1 -1 -1 1 1 -1 1 -1 -1 1 -1 -1 -1 -1 -1 1 1 -1 -1 1 1 -1 -1 -1 -1 -1 -1 -1 1 -1 1 -1 -1 -1 1 -1 -1 -1 1 1 -1 1 1 -1 1 -1 -1 1 1 -1 1 -1 1 1 1 -1 -1 1 1 1 1 -1 1 1 